33857,Rubus idaeus,OpenDryPoor
33858,Rubus idaeus,OpenDryPoor
33859,Rubus idaeus,OpenDryPoor
33860,Rubus idaeus,OpenDryPoor
34453,Rubus idaeus,OpenDryPoor
34454,Rubus idaeus,OpenDryPoor
34455,Rubus idaeus,OpenDryPoor
34456,Rubus idaeus,OpenDryPoor
34457,Rubus idaeus,OpenDryPoor
34458,Rubus idaeus,OpenDryPoor
34459,Rubus idaeus,OpenDryPoor
35049,Rubus idaeus,OpenDryPoor
35050,Rubus idaeus,OpenDryPoor
35051,Rubus idaeus,OpenDryPoor
35052,Rubus idaeus,OpenDryPoor
35053,Rubus idaeus,OpenDryPoor
35054,Rubus idaeus,OpenDryPoor
35055,Rubus idaeus,OpenDryPoor
35056,Rubus idaeus,OpenDryPoor
35057,Rubus idaeus,OpenDryPoor
35058,Rubus idaeus,OpenDryPoor
35646,Rubus idaeus,OpenDryPoor
35647,Rubus idaeus,OpenDryPoor
35648,Rubus idaeus,OpenDryPoor
35649,Rubus idaeus,OpenDryPoor
35650,Rubus idaeus,OpenDryPoor
35651,Rubus idaeus,OpenDryPoor
35652,Rubus idaeus,OpenDryPoor
35653,Rubus idaeus,OpenDryPoor
35654,Rubus idaeus,OpenDryPoor
35655,Rubus idaeus,OpenDryPoor
35656,Rubus idaeus,OpenDryPoor
35657,Rubus idaeus,OpenDryPoor
36243,Rubus idaeus,OpenDryPoor
36244,Rubus idaeus,OpenDryPoor
36245,Rubus idaeus,OpenDryPoor
36246,Rubus idaeus,OpenDryPoor
36247,Rubus idaeus,OpenDryPoor
36248,Rubus idaeus,OpenDryPoor
36249,Rubus idaeus,OpenDryPoor
36250,Rubus idaeus,OpenDryPoor
36251,Rubus idaeus,OpenDryPoor
36252,Rubus idaeus,OpenDryPoor
36253,Rubus idaeus,OpenDryPoor
36254,Rubus idaeus,OpenDryPoor
36255,Rubus idaeus,OpenDryPoor
36256,Rubus idaeus,OpenDryPoor
36840,Rubus idaeus,OpenDryPoor
36841,Rubus idaeus,OpenDryPoor
36842,Rubus idaeus,OpenDryPoor
36843,Rubus idaeus,OpenDryPoor
36844,Rubus idaeus,OpenDryPoor
36845,Rubus idaeus,OpenDryPoor
36846,Rubus idaeus,OpenDryPoor
36847,Rubus idaeus,OpenDryPoor
36848,Rubus idaeus,OpenDryPoor
36849,Rubus idaeus,OpenDryPoor
36850,Rubus idaeus,OpenDryPoor
36851,Rubus idaeus,OpenDryPoor
36852,Rubus idaeus,OpenDryPoor
36853,Rubus idaeus,OpenDryPoor
36854,Rubus idaeus,OpenDryPoor
36855,Rubus idaeus,OpenDryPoor
37438,Rubus idaeus,OpenDryPoor
37439,Rubus idaeus,OpenDryPoor
37440,Rubus idaeus,OpenDryPoor
37441,Rubus idaeus,OpenDryPoor
37442,Rubus idaeus,OpenDryPoor
37443,Rubus idaeus,OpenDryPoor
37444,Rubus idaeus,OpenDryPoor
37445,Rubus idaeus,OpenDryPoor
37446,Rubus idaeus,OpenDryPoor
37447,Rubus idaeus,OpenDryPoor
37448,Rubus idaeus,OpenDryPoor
37449,Rubus idaeus,OpenDryPoor
37450,Rubus idaeus,OpenDryPoor
37451,Rubus idaeus,OpenDryPoor
37452,Rubus idaeus,OpenDryPoor
37453,Rubus idaeus,OpenDryPoor
37454,Rubus idaeus,OpenDryPoor
38035,Rubus idaeus,OpenDryPoor
38036,Rubus idaeus,OpenDryPoor
38037,Rubus idaeus,OpenDryPoor
38038,Rubus idaeus,OpenDryPoor
38039,Rubus idaeus,OpenDryPoor
38040,Rubus idaeus,OpenDryPoor
38041,Rubus idaeus,OpenDryPoor
38042,Rubus idaeus,OpenDryPoor
38043,Rubus idaeus,OpenDryPoor
38044,Rubus idaeus,OpenDryPoor
38045,Rubus idaeus,OpenDryPoor
38046,Rubus idaeus,OpenDryPoor
38047,Rubus idaeus,OpenDryPoor
38048,Rubus idaeus,OpenDryPoor
38049,Rubus idaeus,OpenDryPoor
38050,Rubus idaeus,OpenDryPoor
38051,Rubus idaeus,OpenDryPoor
38052,Rubus idaeus,OpenDryPoor
38053,Rubus idaeus,OpenDryPoor
38633,Rubus idaeus,OpenDryPoor
38634,Rubus idaeus,OpenDryPoor
38635,Rubus idaeus,OpenDryPoor
38636,Rubus idaeus,OpenDryPoor
38637,Rubus idaeus,OpenDryPoor
38638,Rubus idaeus,OpenDryPoor
38639,Rubus idaeus,OpenDryPoor
38640,Rubus idaeus,OpenDryPoor
38641,Rubus idaeus,OpenDryPoor
38642,Rubus idaeus,OpenDryPoor
38643,Rubus idaeus,OpenDryPoor
38644,Rubus idaeus,OpenDryPoor
38645,Rubus idaeus,OpenDryPoor
38646,Rubus idaeus,OpenDryPoor
38647,Rubus idaeus,OpenDryPoor
38648,Rubus idaeus,OpenDryPoor
38649,Rubus idaeus,OpenDryPoor
38650,Rubus idaeus,OpenDryPoor
38651,Rubus idaeus,OpenDryPoor
38652,Rubus idaeus,OpenDryPoor
39231,Rubus idaeus,OpenDryPoor
39232,Rubus idaeus,OpenDryPoor
39233,Rubus idaeus,OpenDryPoor
39234,Rubus idaeus,OpenDryPoor
39235,Rubus idaeus,OpenDryPoor
39236,Rubus idaeus,OpenDryPoor
39237,Rubus idaeus,OpenDryPoor
39238,Rubus idaeus,OpenDryPoor
39239,Rubus idaeus,OpenDryPoor
39240,Rubus idaeus,OpenDryPoor
39241,Rubus idaeus,OpenDryPoor
39242,Rubus idaeus,OpenDryPoor
39243,Rubus idaeus,OpenDryPoor
39244,Rubus idaeus,OpenDryPoor
39245,Rubus idaeus,OpenDryPoor
39246,Rubus idaeus,OpenDryPoor
39247,Rubus idaeus,OpenDryPoor
39248,Rubus idaeus,OpenDryPoor
39249,Rubus idaeus,OpenDryPoor
39250,Rubus idaeus,OpenDryPoor
39251,Rubus idaeus,OpenDryPoor
39828,Rubus idaeus,OpenDryPoor
39829,Rubus idaeus,OpenDryPoor
39830,Rubus idaeus,OpenDryPoor
39831,Rubus idaeus,OpenDryPoor
39832,Rubus idaeus,OpenDryPoor
39833,Rubus idaeus,OpenDryPoor
39834,Rubus idaeus,OpenDryPoor
39835,Rubus idaeus,OpenDryPoor
39836,Rubus idaeus,OpenDryPoor
39837,Rubus idaeus,OpenDryPoor
39838,Rubus idaeus,OpenDryPoor
39839,Rubus idaeus,OpenDryPoor
39840,Rubus idaeus,OpenDryPoor
39841,Rubus idaeus,OpenDryPoor
39842,Rubus idaeus,OpenDryPoor
39843,Rubus idaeus,OpenDryPoor
39844,Rubus idaeus,OpenDryPoor
39845,Rubus idaeus,OpenDryPoor
39846,Rubus idaeus,OpenDryPoor
39847,Rubus idaeus,OpenDryPoor
39848,Rubus idaeus,OpenDryPoor
39849,Rubus idaeus,OpenDryPoor
39850,Rubus idaeus,OpenDryPoor
40426,Rubus idaeus,OpenDryPoor
40427,Rubus idaeus,OpenDryPoor
40428,Rubus idaeus,OpenDryPoor
40429,Rubus idaeus,OpenDryPoor
40430,Rubus idaeus,OpenDryPoor
40431,Rubus idaeus,OpenDryPoor
40432,Rubus idaeus,OpenDryPoor
40433,Rubus idaeus,OpenDryPoor
40434,Rubus idaeus,OpenDryPoor
40435,Rubus idaeus,OpenDryPoor
40436,Rubus idaeus,OpenDryPoor
40437,Rubus idaeus,OpenDryPoor
40438,Rubus idaeus,OpenDryPoor
40439,Rubus idaeus,OpenDryPoor
40440,Rubus idaeus,OpenDryPoor
40441,Rubus idaeus,OpenDryPoor
40442,Rubus idaeus,OpenDryPoor
40443,Rubus idaeus,OpenDryPoor
40444,Rubus idaeus,OpenDryPoor
40445,Rubus idaeus,OpenDryPoor
40446,Rubus idaeus,OpenDryPoor
40447,Rubus idaeus,OpenDryPoor
40448,Rubus idaeus,OpenDryPoor
40449,Rubus idaeus,OpenDryPoor
41024,Rubus idaeus,OpenDryPoor
41025,Rubus idaeus,OpenDryPoor
41026,Rubus idaeus,OpenDryPoor
41027,Rubus idaeus,OpenDryPoor
41028,Rubus idaeus,OpenDryPoor
41029,Rubus idaeus,OpenDryPoor
41030,Rubus idaeus,OpenDryPoor
41031,Rubus idaeus,OpenDryPoor
41032,Rubus idaeus,OpenDryPoor
41033,Rubus idaeus,OpenDryPoor
41034,Rubus idaeus,OpenDryPoor
41035,Rubus idaeus,OpenDryPoor
41036,Rubus idaeus,OpenDryPoor
41037,Rubus idaeus,OpenDryPoor
41038,Rubus idaeus,OpenDryPoor
41039,Rubus idaeus,OpenDryPoor
41040,Rubus idaeus,OpenDryPoor
41041,Rubus idaeus,OpenDryPoor
41042,Rubus idaeus,OpenDryPoor
41043,Rubus idaeus,OpenDryPoor
41044,Rubus idaeus,OpenDryPoor
41045,Rubus idaeus,OpenDryPoor
41046,Rubus idaeus,OpenDryPoor
41047,Rubus idaeus,OpenDryPoor
41048,Rubus idaeus,OpenDryPoor
41622,Rubus idaeus,OpenDryPoor
41623,Rubus idaeus,OpenDryPoor
41624,Rubus idaeus,OpenDryPoor
41625,Rubus idaeus,OpenDryPoor
41626,Rubus idaeus,OpenDryPoor
41627,Rubus idaeus,OpenDryPoor
41628,Rubus idaeus,OpenDryPoor
41629,Rubus idaeus,OpenDryPoor
41630,Rubus idaeus,OpenDryPoor
41631,Rubus idaeus,OpenDryPoor
41632,Rubus idaeus,OpenDryPoor
41633,Rubus idaeus,OpenDryPoor
41634,Rubus idaeus,OpenDryPoor
41635,Rubus idaeus,OpenDryPoor
41636,Rubus idaeus,OpenDryPoor
41637,Rubus idaeus,OpenDryPoor
41638,Rubus idaeus,OpenDryPoor
41639,Rubus idaeus,OpenDryPoor
41640,Rubus idaeus,OpenDryPoor
41641,Rubus idaeus,OpenDryPoor
41642,Rubus idaeus,OpenDryPoor
41643,Rubus idaeus,OpenDryPoor
41644,Rubus idaeus,OpenDryPoor
41645,Rubus idaeus,OpenDryPoor
41646,Rubus idaeus,OpenDryPoor
41647,Rubus idaeus,OpenDryPoor
42220,Rubus idaeus,OpenDryPoor
42221,Rubus idaeus,OpenDryPoor
42222,Rubus idaeus,OpenDryPoor
42223,Rubus idaeus,OpenDryPoor
42224,Rubus idaeus,OpenDryPoor
42225,Rubus idaeus,OpenDryPoor
42226,Rubus idaeus,OpenDryPoor
42227,Rubus idaeus,OpenDryPoor
42228,Rubus idaeus,OpenDryPoor
42229,Rubus idaeus,OpenDryPoor
42230,Rubus idaeus,OpenDryPoor
42231,Rubus idaeus,OpenDryPoor
42232,Rubus idaeus,OpenDryPoor
42233,Rubus idaeus,OpenDryPoor
42234,Rubus idaeus,OpenDryPoor
42235,Rubus idaeus,OpenDryPoor
42236,Rubus idaeus,OpenDryPoor
42237,Rubus idaeus,OpenDryPoor
42238,Rubus idaeus,OpenDryPoor
42239,Rubus idaeus,OpenDryPoor
42240,Rubus idaeus,OpenDryPoor
42241,Rubus idaeus,OpenDryPoor
42242,Rubus idaeus,OpenDryPoor
42243,Rubus idaeus,OpenDryPoor
42244,Rubus idaeus,OpenDryPoor
42245,Rubus idaeus,OpenDryPoor
42246,Rubus idaeus,OpenDryPoor
42818,Rubus idaeus,OpenDryPoor
42819,Rubus idaeus,OpenDryPoor
42820,Rubus idaeus,OpenDryPoor
42821,Rubus idaeus,OpenDryPoor
42822,Rubus idaeus,OpenDryPoor
42823,Rubus idaeus,OpenDryPoor
42824,Rubus idaeus,OpenDryPoor
42825,Rubus idaeus,OpenDryPoor
42826,Rubus idaeus,OpenDryPoor
42827,Rubus idaeus,OpenDryPoor
42828,Rubus idaeus,OpenDryPoor
42829,Rubus idaeus,OpenDryPoor
42830,Rubus idaeus,OpenDryPoor
42831,Rubus idaeus,OpenDryPoor
42832,Rubus idaeus,OpenDryPoor
42833,Rubus idaeus,OpenDryPoor
42834,Rubus idaeus,OpenDryPoor
42835,Rubus idaeus,OpenDryPoor
42836,Rubus idaeus,OpenDryPoor
42837,Rubus idaeus,OpenDryPoor
42838,Rubus idaeus,OpenDryPoor
42839,Rubus idaeus,OpenDryPoor
42840,Rubus idaeus,OpenDryPoor
42841,Rubus idaeus,OpenDryPoor
42842,Rubus idaeus,OpenDryPoor
42843,Rubus idaeus,OpenDryPoor
42844,Rubus idaeus,OpenDryPoor
42845,Rubus idaeus,OpenDryPoor
43416,Rubus idaeus,OpenDryPoor
43417,Rubus idaeus,OpenDryPoor
43418,Rubus idaeus,OpenDryPoor
43419,Rubus idaeus,OpenDryPoor
43420,Rubus idaeus,OpenDryPoor
43421,Rubus idaeus,OpenDryPoor
43422,Rubus idaeus,OpenDryPoor
43423,Rubus idaeus,OpenDryPoor
43424,Rubus idaeus,OpenDryPoor
43425,Rubus idaeus,OpenDryPoor
43426,Rubus idaeus,OpenDryPoor
43427,Rubus idaeus,OpenDryPoor
43428,Rubus idaeus,OpenDryPoor
43429,Rubus idaeus,OpenDryPoor
43430,Rubus idaeus,OpenDryPoor
43431,Rubus idaeus,OpenDryPoor
43432,Rubus idaeus,OpenDryPoor
43433,Rubus idaeus,OpenDryPoor
43434,Rubus idaeus,OpenDryPoor
43435,Rubus idaeus,OpenDryPoor
43436,Rubus idaeus,OpenDryPoor
43437,Rubus idaeus,OpenDryPoor
43438,Rubus idaeus,OpenDryPoor
43439,Rubus idaeus,OpenDryPoor
43440,Rubus idaeus,OpenDryPoor
43441,Rubus idaeus,OpenDryPoor
43442,Rubus idaeus,OpenDryPoor
43443,Rubus idaeus,OpenDryPoor
43444,Rubus idaeus,OpenDryPoor
44015,Rubus idaeus,OpenDryPoor
44016,Rubus idaeus,OpenDryPoor
44017,Rubus idaeus,OpenDryPoor
44018,Rubus idaeus,OpenDryPoor
44019,Rubus idaeus,OpenDryPoor
44020,Rubus idaeus,OpenDryPoor
44021,Rubus idaeus,OpenDryPoor
44022,Rubus idaeus,OpenDryPoor
44023,Rubus idaeus,OpenDryPoor
44024,Rubus idaeus,OpenDryPoor
44025,Rubus idaeus,OpenDryPoor
44026,Rubus idaeus,OpenDryPoor
44027,Rubus idaeus,OpenDryPoor
44028,Rubus idaeus,OpenDryPoor
44029,Rubus idaeus,OpenDryPoor
44030,Rubus idaeus,OpenDryPoor
44031,Rubus idaeus,OpenDryPoor
44032,Rubus idaeus,OpenDryPoor
44033,Rubus idaeus,OpenDryPoor
44034,Rubus idaeus,OpenDryPoor
44035,Rubus idaeus,OpenDryPoor
44036,Rubus idaeus,OpenDryPoor
44037,Rubus idaeus,OpenDryPoor
44038,Rubus idaeus,OpenDryPoor
44039,Rubus idaeus,OpenDryPoor
44040,Rubus idaeus,OpenDryPoor
44041,Rubus idaeus,OpenDryPoor
44042,Rubus idaeus,OpenDryPoor
44043,Rubus idaeus,OpenDryPoor
44613,Rubus idaeus,OpenDryPoor
44614,Rubus idaeus,OpenDryPoor
44615,Rubus idaeus,OpenDryPoor
44616,Rubus idaeus,OpenDryPoor
44617,Rubus idaeus,OpenDryPoor
44618,Rubus idaeus,OpenDryPoor
44619,Rubus idaeus,OpenDryPoor
44620,Rubus idaeus,OpenDryPoor
44621,Rubus idaeus,OpenDryPoor
44622,Rubus idaeus,OpenDryPoor
44623,Rubus idaeus,OpenDryPoor
44624,Rubus idaeus,OpenDryPoor
44625,Rubus idaeus,OpenDryPoor
44626,Rubus idaeus,OpenDryPoor
44627,Rubus idaeus,OpenDryPoor
44628,Rubus idaeus,OpenDryPoor
44629,Rubus idaeus,OpenDryPoor
44630,Rubus idaeus,OpenDryPoor
44631,Rubus idaeus,OpenDryPoor
44632,Rubus idaeus,OpenDryPoor
44633,Rubus idaeus,OpenDryPoor
44634,Rubus idaeus,OpenDryPoor
44635,Rubus idaeus,OpenDryPoor
44636,Rubus idaeus,OpenDryPoor
44637,Rubus idaeus,OpenDryPoor
44638,Rubus idaeus,OpenDryPoor
44639,Rubus idaeus,OpenDryPoor
44640,Rubus idaeus,OpenDryPoor
44641,Rubus idaeus,OpenDryPoor
44642,Rubus idaeus,OpenDryPoor
45211,Rubus idaeus,OpenDryPoor
45212,Rubus idaeus,OpenDryPoor
45213,Rubus idaeus,OpenDryPoor
45214,Rubus idaeus,OpenDryPoor
45215,Rubus idaeus,OpenDryPoor
45216,Rubus idaeus,OpenDryPoor
45217,Rubus idaeus,OpenDryPoor
45218,Rubus idaeus,OpenDryPoor
45219,Rubus idaeus,OpenDryPoor
45220,Rubus idaeus,OpenDryPoor
45221,Rubus idaeus,OpenDryPoor
45222,Rubus idaeus,OpenDryPoor
45223,Rubus idaeus,OpenDryPoor
45224,Rubus idaeus,OpenDryPoor
45225,Rubus idaeus,OpenDryPoor
45226,Rubus idaeus,OpenDryPoor
45227,Rubus idaeus,OpenDryPoor
45228,Rubus idaeus,OpenDryPoor
45229,Rubus idaeus,OpenDryPoor
45230,Rubus idaeus,OpenDryPoor
45231,Rubus idaeus,OpenDryPoor
45232,Rubus idaeus,OpenDryPoor
45233,Rubus idaeus,OpenDryPoor
45234,Rubus idaeus,OpenDryPoor
45235,Rubus idaeus,OpenDryPoor
45236,Rubus idaeus,OpenDryPoor
45237,Rubus idaeus,OpenDryPoor
45238,Rubus idaeus,OpenDryPoor
45239,Rubus idaeus,OpenDryPoor
45240,Rubus idaeus,OpenDryPoor
45241,Rubus idaeus,OpenDryPoor
45809,Rubus idaeus,OpenDryPoor
45810,Rubus idaeus,OpenDryPoor
45811,Rubus idaeus,OpenDryPoor
45812,Rubus idaeus,OpenDryPoor
45813,Rubus idaeus,OpenDryPoor
45814,Rubus idaeus,OpenDryPoor
45815,Rubus idaeus,OpenDryPoor
45816,Rubus idaeus,OpenDryPoor
45817,Rubus idaeus,OpenDryPoor
45818,Rubus idaeus,OpenDryPoor
45819,Rubus idaeus,OpenDryPoor
45820,Rubus idaeus,OpenDryPoor
45821,Rubus idaeus,OpenDryPoor
45822,Rubus idaeus,OpenDryPoor
45823,Rubus idaeus,OpenDryPoor
45824,Rubus idaeus,OpenDryPoor
45825,Rubus idaeus,OpenDryPoor
45826,Rubus idaeus,OpenDryPoor
45827,Rubus idaeus,OpenDryPoor
45828,Rubus idaeus,OpenDryPoor
45829,Rubus idaeus,OpenDryPoor
45830,Rubus idaeus,OpenDryPoor
45831,Rubus idaeus,OpenDryPoor
45832,Rubus idaeus,OpenDryPoor
45833,Rubus idaeus,OpenDryPoor
45834,Rubus idaeus,OpenDryPoor
45835,Rubus idaeus,OpenDryPoor
45836,Rubus idaeus,OpenDryPoor
45837,Rubus idaeus,OpenDryPoor
45838,Rubus idaeus,OpenDryPoor
45839,Rubus idaeus,OpenDryPoor
45840,Rubus idaeus,OpenDryPoor
46408,Rubus idaeus,OpenDryPoor
46409,Rubus idaeus,OpenDryPoor
46410,Rubus idaeus,OpenDryPoor
46411,Rubus idaeus,OpenDryPoor
46412,Rubus idaeus,OpenDryPoor
46413,Rubus idaeus,OpenDryPoor
46414,Rubus idaeus,OpenDryPoor
46415,Rubus idaeus,OpenDryPoor
46416,Rubus idaeus,OpenDryPoor
46417,Rubus idaeus,OpenDryPoor
46418,Rubus idaeus,OpenDryPoor
46419,Rubus idaeus,OpenDryPoor
46420,Rubus idaeus,OpenDryPoor
46421,Rubus idaeus,OpenDryPoor
46422,Rubus idaeus,OpenDryPoor
46423,Rubus idaeus,OpenDryPoor
46424,Rubus idaeus,OpenDryPoor
46425,Rubus idaeus,OpenDryPoor
46426,Rubus idaeus,OpenDryPoor
46427,Rubus idaeus,OpenDryPoor
46428,Rubus idaeus,OpenDryPoor
46429,Rubus idaeus,OpenDryPoor
46430,Rubus idaeus,OpenDryPoor
46431,Rubus idaeus,OpenDryPoor
46432,Rubus idaeus,OpenDryPoor
46433,Rubus idaeus,OpenDryPoor
46434,Rubus idaeus,OpenDryPoor
46435,Rubus idaeus,OpenDryPoor
46436,Rubus idaeus,OpenDryPoor
46437,Rubus idaeus,OpenDryPoor
46438,Rubus idaeus,OpenDryPoor
46439,Rubus idaeus,OpenDryPoor
47006,Rubus idaeus,OpenDryPoor
47007,Rubus idaeus,OpenDryPoor
47008,Rubus idaeus,OpenDryPoor
47009,Rubus idaeus,OpenDryPoor
47010,Rubus idaeus,OpenDryPoor
47011,Rubus idaeus,OpenDryPoor
47012,Rubus idaeus,OpenDryPoor
47013,Rubus idaeus,OpenDryPoor
47014,Rubus idaeus,OpenDryPoor
47015,Rubus idaeus,OpenDryPoor
47016,Rubus idaeus,OpenDryPoor
47017,Rubus idaeus,OpenDryPoor
47018,Rubus idaeus,OpenDryPoor
47019,Rubus idaeus,OpenDryPoor
47020,Rubus idaeus,OpenDryPoor
47021,Rubus idaeus,OpenDryPoor
47022,Rubus idaeus,OpenDryPoor
47023,Rubus idaeus,OpenDryPoor
47024,Rubus idaeus,OpenDryPoor
47025,Rubus idaeus,OpenDryPoor
47026,Rubus idaeus,OpenDryPoor
47027,Rubus idaeus,OpenDryPoor
47028,Rubus idaeus,OpenDryPoor
47029,Rubus idaeus,OpenDryPoor
47030,Rubus idaeus,OpenDryPoor
47031,Rubus idaeus,OpenDryPoor
47032,Rubus idaeus,OpenDryPoor
47033,Rubus idaeus,OpenDryPoor
47034,Rubus idaeus,OpenDryPoor
47035,Rubus idaeus,OpenDryPoor
47036,Rubus idaeus,OpenDryPoor
47037,Rubus idaeus,OpenDryPoor
47038,Rubus idaeus,OpenDryPoor
47604,Rubus idaeus,OpenDryPoor
47605,Rubus idaeus,OpenDryPoor
47606,Rubus idaeus,OpenDryPoor
47607,Rubus idaeus,OpenDryPoor
47608,Rubus idaeus,OpenDryPoor
47609,Rubus idaeus,OpenDryPoor
47610,Rubus idaeus,OpenDryPoor
47611,Rubus idaeus,OpenDryPoor
47612,Rubus idaeus,OpenDryPoor
47613,Rubus idaeus,OpenDryPoor
47614,Rubus idaeus,OpenDryPoor
47615,Rubus idaeus,OpenDryPoor
47616,Rubus idaeus,OpenDryPoor
47617,Rubus idaeus,OpenDryPoor
47618,Rubus idaeus,OpenDryPoor
47619,Rubus idaeus,OpenDryPoor
47620,Rubus idaeus,OpenDryPoor
47621,Rubus idaeus,OpenDryPoor
47622,Rubus idaeus,OpenDryPoor
47623,Rubus idaeus,OpenDryPoor
47624,Rubus idaeus,OpenDryPoor
47625,Rubus idaeus,OpenDryPoor
47626,Rubus idaeus,OpenDryPoor
47627,Rubus idaeus,OpenDryPoor
47628,Rubus idaeus,OpenDryPoor
47629,Rubus idaeus,OpenDryPoor
47630,Rubus idaeus,OpenDryPoor
47631,Rubus idaeus,OpenDryPoor
47632,Rubus idaeus,OpenDryPoor
47633,Rubus idaeus,OpenDryPoor
47634,Rubus idaeus,OpenDryPoor
47635,Rubus idaeus,OpenDryPoor
47636,Rubus idaeus,OpenDryPoor
47637,Rubus idaeus,OpenDryPoor
48203,Rubus idaeus,OpenDryPoor
48204,Rubus idaeus,OpenDryPoor
48205,Rubus idaeus,OpenDryPoor
48206,Rubus idaeus,OpenDryPoor
48207,Rubus idaeus,OpenDryPoor
48208,Rubus idaeus,OpenDryPoor
48209,Rubus idaeus,OpenDryPoor
48210,Rubus idaeus,OpenDryPoor
48211,Rubus idaeus,OpenDryPoor
48212,Rubus idaeus,OpenDryPoor
48213,Rubus idaeus,OpenDryPoor
48214,Rubus idaeus,OpenDryPoor
48215,Rubus idaeus,OpenDryPoor
48216,Rubus idaeus,OpenDryPoor
48217,Rubus idaeus,OpenDryPoor
48218,Rubus idaeus,OpenDryPoor
48219,Rubus idaeus,OpenDryPoor
48220,Rubus idaeus,OpenDryPoor
48221,Rubus idaeus,OpenDryPoor
48222,Rubus idaeus,OpenDryPoor
48223,Rubus idaeus,OpenDryPoor
48224,Rubus idaeus,OpenDryPoor
48225,Rubus idaeus,OpenDryPoor
48226,Rubus idaeus,OpenDryPoor
48227,Rubus idaeus,OpenDryPoor
48228,Rubus idaeus,OpenDryPoor
48229,Rubus idaeus,OpenDryPoor
48230,Rubus idaeus,OpenDryPoor
48231,Rubus idaeus,OpenDryPoor
48232,Rubus idaeus,OpenDryPoor
48233,Rubus idaeus,OpenDryPoor
48234,Rubus idaeus,OpenDryPoor
48235,Rubus idaeus,OpenDryPoor
48236,Rubus idaeus,OpenDryPoor
48801,Rubus idaeus,OpenDryPoor
48802,Rubus idaeus,OpenDryPoor
48803,Rubus idaeus,OpenDryPoor
48804,Rubus idaeus,OpenDryPoor
48805,Rubus idaeus,OpenDryPoor
48806,Rubus idaeus,OpenDryPoor
48807,Rubus idaeus,OpenDryPoor
48808,Rubus idaeus,OpenDryPoor
48809,Rubus idaeus,OpenDryPoor
48810,Rubus idaeus,OpenDryPoor
48811,Rubus idaeus,OpenDryPoor
48812,Rubus idaeus,OpenDryPoor
48813,Rubus idaeus,OpenDryPoor
48814,Rubus idaeus,OpenDryPoor
48815,Rubus idaeus,OpenDryPoor
48816,Rubus idaeus,OpenDryPoor
48817,Rubus idaeus,OpenDryPoor
48818,Rubus idaeus,OpenDryPoor
48819,Rubus idaeus,OpenDryPoor
48820,Rubus idaeus,OpenDryPoor
48821,Rubus idaeus,OpenDryPoor
48822,Rubus idaeus,OpenDryPoor
48823,Rubus idaeus,OpenDryPoor
48824,Rubus idaeus,OpenDryPoor
48825,Rubus idaeus,OpenDryPoor
48826,Rubus idaeus,OpenDryPoor
48827,Rubus idaeus,OpenDryPoor
48828,Rubus idaeus,OpenDryPoor
48829,Rubus idaeus,OpenDryPoor
48830,Rubus idaeus,OpenDryPoor
48831,Rubus idaeus,OpenDryPoor
48832,Rubus idaeus,OpenDryPoor
48833,Rubus idaeus,OpenDryPoor
48834,Rubus idaeus,OpenDryPoor
48835,Rubus idaeus,OpenDryPoor
49400,Rubus idaeus,OpenDryPoor
49401,Rubus idaeus,OpenDryPoor
49402,Rubus idaeus,OpenDryPoor
49403,Rubus idaeus,OpenDryPoor
49404,Rubus idaeus,OpenDryPoor
49405,Rubus idaeus,OpenDryPoor
49406,Rubus idaeus,OpenDryPoor
49407,Rubus idaeus,OpenDryPoor
49408,Rubus idaeus,OpenDryPoor
49409,Rubus idaeus,OpenDryPoor
49410,Rubus idaeus,OpenDryPoor
49411,Rubus idaeus,OpenDryPoor
49412,Rubus idaeus,OpenDryPoor
49413,Rubus idaeus,OpenDryPoor
49414,Rubus idaeus,OpenDryPoor
49415,Rubus idaeus,OpenDryPoor
49416,Rubus idaeus,OpenDryPoor
49417,Rubus idaeus,OpenDryPoor
49418,Rubus idaeus,OpenDryPoor
49419,Rubus idaeus,OpenDryPoor
49420,Rubus idaeus,OpenDryPoor
49421,Rubus idaeus,OpenDryPoor
49422,Rubus idaeus,OpenDryPoor
49423,Rubus idaeus,OpenDryPoor
49424,Rubus idaeus,OpenDryPoor
49425,Rubus idaeus,OpenDryPoor
49426,Rubus idaeus,OpenDryPoor
49427,Rubus idaeus,OpenDryPoor
49428,Rubus idaeus,OpenDryPoor
49429,Rubus idaeus,OpenDryPoor
49430,Rubus idaeus,OpenDryPoor
49431,Rubus idaeus,OpenDryPoor
49432,Rubus idaeus,OpenDryPoor
49433,Rubus idaeus,OpenDryPoor
49434,Rubus idaeus,OpenDryPoor
49998,Rubus idaeus,OpenDryPoor
49999,Rubus idaeus,OpenDryPoor
50000,Rubus idaeus,OpenDryPoor
50001,Rubus idaeus,OpenDryPoor
50002,Rubus idaeus,OpenDryPoor
50003,Rubus idaeus,OpenDryPoor
50004,Rubus idaeus,OpenDryPoor
50005,Rubus idaeus,OpenDryPoor
50006,Rubus idaeus,OpenDryPoor
50007,Rubus idaeus,OpenDryPoor
50008,Rubus idaeus,OpenDryPoor
50009,Rubus idaeus,OpenDryPoor
50010,Rubus idaeus,OpenDryPoor
50011,Rubus idaeus,OpenDryPoor
50012,Rubus idaeus,OpenDryPoor
50013,Rubus idaeus,OpenDryPoor
50014,Rubus idaeus,OpenDryPoor
50015,Rubus idaeus,OpenDryPoor
50016,Rubus idaeus,OpenDryPoor
50017,Rubus idaeus,OpenDryPoor
50018,Rubus idaeus,OpenDryPoor
50019,Rubus idaeus,OpenDryPoor
50020,Rubus idaeus,OpenDryPoor
50021,Rubus idaeus,OpenDryPoor
50022,Rubus idaeus,OpenDryPoor
50023,Rubus idaeus,OpenDryPoor
50024,Rubus idaeus,OpenDryPoor
50025,Rubus idaeus,OpenDryPoor
50026,Rubus idaeus,OpenDryPoor
50027,Rubus idaeus,OpenDryPoor
50028,Rubus idaeus,OpenDryPoor
50029,Rubus idaeus,OpenDryPoor
50030,Rubus idaeus,OpenDryPoor
50031,Rubus idaeus,OpenDryPoor
50032,Rubus idaeus,OpenDryPoor
50033,Rubus idaeus,OpenDryPoor
50613,Rubus idaeus,OpenDryPoor
50614,Rubus idaeus,OpenDryPoor
50615,Rubus idaeus,OpenDryPoor
50616,Rubus idaeus,OpenDryPoor
50617,Rubus idaeus,OpenDryPoor
50618,Rubus idaeus,OpenDryPoor
50619,Rubus idaeus,OpenDryPoor
50620,Rubus idaeus,OpenDryPoor
50621,Rubus idaeus,OpenDryPoor
50622,Rubus idaeus,OpenDryPoor
50623,Rubus idaeus,OpenDryPoor
50624,Rubus idaeus,OpenDryPoor
50625,Rubus idaeus,OpenDryPoor
50626,Rubus idaeus,OpenDryPoor
50627,Rubus idaeus,OpenDryPoor
50628,Rubus idaeus,OpenDryPoor
50629,Rubus idaeus,OpenDryPoor
50630,Rubus idaeus,OpenDryPoor
50631,Rubus idaeus,OpenDryPoor
50632,Rubus idaeus,OpenDryPoor
50673,Rubus idaeus,OpenDryPoor
50674,Rubus idaeus,OpenDryPoor
50675,Rubus idaeus,OpenDryPoor
50676,Rubus idaeus,OpenDryPoor
50677,Rubus idaeus,OpenDryPoor
50678,Rubus idaeus,OpenDryPoor
50679,Rubus idaeus,OpenDryPoor
50680,Rubus idaeus,OpenDryPoor
50681,Rubus idaeus,OpenDryPoor
50682,Rubus idaeus,OpenDryPoor
50683,Rubus idaeus,OpenDryPoor
50684,Rubus idaeus,OpenDryPoor
50685,Rubus idaeus,OpenDryPoor
50686,Rubus idaeus,OpenDryPoor
50687,Rubus idaeus,OpenDryPoor
51212,Rubus idaeus,OpenDryPoor
51213,Rubus idaeus,OpenDryPoor
51214,Rubus idaeus,OpenDryPoor
51215,Rubus idaeus,OpenDryPoor
51216,Rubus idaeus,OpenDryPoor
51217,Rubus idaeus,OpenDryPoor
51218,Rubus idaeus,OpenDryPoor
51219,Rubus idaeus,OpenDryPoor
51220,Rubus idaeus,OpenDryPoor
51221,Rubus idaeus,OpenDryPoor
51222,Rubus idaeus,OpenDryPoor
51223,Rubus idaeus,OpenDryPoor
51224,Rubus idaeus,OpenDryPoor
51225,Rubus idaeus,OpenDryPoor
51226,Rubus idaeus,OpenDryPoor
51227,Rubus idaeus,OpenDryPoor
51228,Rubus idaeus,OpenDryPoor
51229,Rubus idaeus,OpenDryPoor
51230,Rubus idaeus,OpenDryPoor
51231,Rubus idaeus,OpenDryPoor
51272,Rubus idaeus,OpenDryPoor
51273,Rubus idaeus,OpenDryPoor
51274,Rubus idaeus,OpenDryPoor
51275,Rubus idaeus,OpenDryPoor
51276,Rubus idaeus,OpenDryPoor
51277,Rubus idaeus,OpenDryPoor
51278,Rubus idaeus,OpenDryPoor
51279,Rubus idaeus,OpenDryPoor
51280,Rubus idaeus,OpenDryPoor
51281,Rubus idaeus,OpenDryPoor
51282,Rubus idaeus,OpenDryPoor
51283,Rubus idaeus,OpenDryPoor
51284,Rubus idaeus,OpenDryPoor
51285,Rubus idaeus,OpenDryPoor
51286,Rubus idaeus,OpenDryPoor
51287,Rubus idaeus,OpenDryPoor
51811,Rubus idaeus,OpenDryPoor
51812,Rubus idaeus,OpenDryPoor
51813,Rubus idaeus,OpenDryPoor
51814,Rubus idaeus,OpenDryPoor
51815,Rubus idaeus,OpenDryPoor
51816,Rubus idaeus,OpenDryPoor
51817,Rubus idaeus,OpenDryPoor
51818,Rubus idaeus,OpenDryPoor
51819,Rubus idaeus,OpenDryPoor
51820,Rubus idaeus,OpenDryPoor
51821,Rubus idaeus,OpenDryPoor
51822,Rubus idaeus,OpenDryPoor
51823,Rubus idaeus,OpenDryPoor
51824,Rubus idaeus,OpenDryPoor
51825,Rubus idaeus,OpenDryPoor
51826,Rubus idaeus,OpenDryPoor
51827,Rubus idaeus,OpenDryPoor
51828,Rubus idaeus,OpenDryPoor
51829,Rubus idaeus,OpenDryPoor
51830,Rubus idaeus,OpenDryPoor
51871,Rubus idaeus,OpenDryPoor
51872,Rubus idaeus,OpenDryPoor
51873,Rubus idaeus,OpenDryPoor
51874,Rubus idaeus,OpenDryPoor
51875,Rubus idaeus,OpenDryPoor
51876,Rubus idaeus,OpenDryPoor
51877,Rubus idaeus,OpenDryPoor
51878,Rubus idaeus,OpenDryPoor
51879,Rubus idaeus,OpenDryPoor
51880,Rubus idaeus,OpenDryPoor
51881,Rubus idaeus,OpenDryPoor
51882,Rubus idaeus,OpenDryPoor
51883,Rubus idaeus,OpenDryPoor
51884,Rubus idaeus,OpenDryPoor
51885,Rubus idaeus,OpenDryPoor
51886,Rubus idaeus,OpenDryPoor
52410,Rubus idaeus,OpenDryPoor
52411,Rubus idaeus,OpenDryPoor
52412,Rubus idaeus,OpenDryPoor
52413,Rubus idaeus,OpenDryPoor
52414,Rubus idaeus,OpenDryPoor
52415,Rubus idaeus,OpenDryPoor
52416,Rubus idaeus,OpenDryPoor
52417,Rubus idaeus,OpenDryPoor
52418,Rubus idaeus,OpenDryPoor
52419,Rubus idaeus,OpenDryPoor
52420,Rubus idaeus,OpenDryPoor
52421,Rubus idaeus,OpenDryPoor
52422,Rubus idaeus,OpenDryPoor
52423,Rubus idaeus,OpenDryPoor
52424,Rubus idaeus,OpenDryPoor
52425,Rubus idaeus,OpenDryPoor
52426,Rubus idaeus,OpenDryPoor
52427,Rubus idaeus,OpenDryPoor
52428,Rubus idaeus,OpenDryPoor
52429,Rubus idaeus,OpenDryPoor
52470,Rubus idaeus,OpenDryPoor
52471,Rubus idaeus,OpenDryPoor
52472,Rubus idaeus,OpenDryPoor
52473,Rubus idaeus,OpenDryPoor
52474,Rubus idaeus,OpenDryPoor
52475,Rubus idaeus,OpenDryPoor
52476,Rubus idaeus,OpenDryPoor
52477,Rubus idaeus,OpenDryPoor
52478,Rubus idaeus,OpenDryPoor
52479,Rubus idaeus,OpenDryPoor
52480,Rubus idaeus,OpenDryPoor
52481,Rubus idaeus,OpenDryPoor
52482,Rubus idaeus,OpenDryPoor
52483,Rubus idaeus,OpenDryPoor
52484,Rubus idaeus,OpenDryPoor
52485,Rubus idaeus,OpenDryPoor
52486,Rubus idaeus,OpenDryPoor
53009,Rubus idaeus,OpenDryPoor
53010,Rubus idaeus,OpenDryPoor
53011,Rubus idaeus,OpenDryPoor
53012,Rubus idaeus,OpenDryPoor
53013,Rubus idaeus,OpenDryPoor
53014,Rubus idaeus,OpenDryPoor
53015,Rubus idaeus,OpenDryPoor
53016,Rubus idaeus,OpenDryPoor
53017,Rubus idaeus,OpenDryPoor
53018,Rubus idaeus,OpenDryPoor
53019,Rubus idaeus,OpenDryPoor
53020,Rubus idaeus,OpenDryPoor
53021,Rubus idaeus,OpenDryPoor
53022,Rubus idaeus,OpenDryPoor
53023,Rubus idaeus,OpenDryPoor
53024,Rubus idaeus,OpenDryPoor
53025,Rubus idaeus,OpenDryPoor
53026,Rubus idaeus,OpenDryPoor
53027,Rubus idaeus,OpenDryPoor
53028,Rubus idaeus,OpenDryPoor
53069,Rubus idaeus,OpenDryPoor
53070,Rubus idaeus,OpenDryPoor
53071,Rubus idaeus,OpenDryPoor
53072,Rubus idaeus,OpenDryPoor
53073,Rubus idaeus,OpenDryPoor
53074,Rubus idaeus,OpenDryPoor
53075,Rubus idaeus,OpenDryPoor
53076,Rubus idaeus,OpenDryPoor
53077,Rubus idaeus,OpenDryPoor
53078,Rubus idaeus,OpenDryPoor
53079,Rubus idaeus,OpenDryPoor
53080,Rubus idaeus,OpenDryPoor
53081,Rubus idaeus,OpenDryPoor
53082,Rubus idaeus,OpenDryPoor
53083,Rubus idaeus,OpenDryPoor
53084,Rubus idaeus,OpenDryPoor
53085,Rubus idaeus,OpenDryPoor
53608,Rubus idaeus,OpenDryPoor
53609,Rubus idaeus,OpenDryPoor
53610,Rubus idaeus,OpenDryPoor
53611,Rubus idaeus,OpenDryPoor
53612,Rubus idaeus,OpenDryPoor
53613,Rubus idaeus,OpenDryPoor
53614,Rubus idaeus,OpenDryPoor
53615,Rubus idaeus,OpenDryPoor
53616,Rubus idaeus,OpenDryPoor
53617,Rubus idaeus,OpenDryPoor
53618,Rubus idaeus,OpenDryPoor
53619,Rubus idaeus,OpenDryPoor
53620,Rubus idaeus,OpenDryPoor
53621,Rubus idaeus,OpenDryPoor
53622,Rubus idaeus,OpenDryPoor
53623,Rubus idaeus,OpenDryPoor
53624,Rubus idaeus,OpenDryPoor
53625,Rubus idaeus,OpenDryPoor
53626,Rubus idaeus,OpenDryPoor
53627,Rubus idaeus,OpenDryPoor
53668,Rubus idaeus,OpenDryPoor
53669,Rubus idaeus,OpenDryPoor
53670,Rubus idaeus,OpenDryPoor
53671,Rubus idaeus,OpenDryPoor
53672,Rubus idaeus,OpenDryPoor
53673,Rubus idaeus,OpenDryPoor
53674,Rubus idaeus,OpenDryPoor
53675,Rubus idaeus,OpenDryPoor
53676,Rubus idaeus,OpenDryPoor
53677,Rubus idaeus,OpenDryPoor
53678,Rubus idaeus,OpenDryPoor
53679,Rubus idaeus,OpenDryPoor
53680,Rubus idaeus,OpenDryPoor
53681,Rubus idaeus,OpenDryPoor
53682,Rubus idaeus,OpenDryPoor
53683,Rubus idaeus,OpenDryPoor
53684,Rubus idaeus,OpenDryPoor
54207,Rubus idaeus,OpenDryPoor
54208,Rubus idaeus,OpenDryPoor
54209,Rubus idaeus,OpenDryPoor
54210,Rubus idaeus,OpenDryPoor
54211,Rubus idaeus,OpenDryPoor
54212,Rubus idaeus,OpenDryPoor
54213,Rubus idaeus,OpenDryPoor
54214,Rubus idaeus,OpenDryPoor
54215,Rubus idaeus,OpenDryPoor
54216,Rubus idaeus,OpenDryPoor
54217,Rubus idaeus,OpenDryPoor
54218,Rubus idaeus,OpenDryPoor
54219,Rubus idaeus,OpenDryPoor
54220,Rubus idaeus,OpenDryPoor
54221,Rubus idaeus,OpenDryPoor
54222,Rubus idaeus,OpenDryPoor
54223,Rubus idaeus,OpenDryPoor
54224,Rubus idaeus,OpenDryPoor
54225,Rubus idaeus,OpenDryPoor
54226,Rubus idaeus,OpenDryPoor
54267,Rubus idaeus,OpenDryPoor
54268,Rubus idaeus,OpenDryPoor
54269,Rubus idaeus,OpenDryPoor
54270,Rubus idaeus,OpenDryPoor
54271,Rubus idaeus,OpenDryPoor
54272,Rubus idaeus,OpenDryPoor
54273,Rubus idaeus,OpenDryPoor
54274,Rubus idaeus,OpenDryPoor
54275,Rubus idaeus,OpenDryPoor
54276,Rubus idaeus,OpenDryPoor
54277,Rubus idaeus,OpenDryPoor
54278,Rubus idaeus,OpenDryPoor
54279,Rubus idaeus,OpenDryPoor
54280,Rubus idaeus,OpenDryPoor
54281,Rubus idaeus,OpenDryPoor
54282,Rubus idaeus,OpenDryPoor
54283,Rubus idaeus,OpenDryPoor
54284,Rubus idaeus,OpenDryPoor
54806,Rubus idaeus,OpenDryPoor
54807,Rubus idaeus,OpenDryPoor
54808,Rubus idaeus,OpenDryPoor
54809,Rubus idaeus,OpenDryPoor
54810,Rubus idaeus,OpenDryPoor
54811,Rubus idaeus,OpenDryPoor
54812,Rubus idaeus,OpenDryPoor
54813,Rubus idaeus,OpenDryPoor
54814,Rubus idaeus,OpenDryPoor
54815,Rubus idaeus,OpenDryPoor
54816,Rubus idaeus,OpenDryPoor
54817,Rubus idaeus,OpenDryPoor
54818,Rubus idaeus,OpenDryPoor
54819,Rubus idaeus,OpenDryPoor
54820,Rubus idaeus,OpenDryPoor
54821,Rubus idaeus,OpenDryPoor
54822,Rubus idaeus,OpenDryPoor
54823,Rubus idaeus,OpenDryPoor
54824,Rubus idaeus,OpenDryPoor
54825,Rubus idaeus,OpenDryPoor
54866,Rubus idaeus,OpenDryPoor
54867,Rubus idaeus,OpenDryPoor
54868,Rubus idaeus,OpenDryPoor
54869,Rubus idaeus,OpenDryPoor
54870,Rubus idaeus,OpenDryPoor
54871,Rubus idaeus,OpenDryPoor
54872,Rubus idaeus,OpenDryPoor
54873,Rubus idaeus,OpenDryPoor
54874,Rubus idaeus,OpenDryPoor
54875,Rubus idaeus,OpenDryPoor
54876,Rubus idaeus,OpenDryPoor
54877,Rubus idaeus,OpenDryPoor
54878,Rubus idaeus,OpenDryPoor
54879,Rubus idaeus,OpenDryPoor
54880,Rubus idaeus,OpenDryPoor
54881,Rubus idaeus,OpenDryPoor
54882,Rubus idaeus,OpenDryPoor
54883,Rubus idaeus,OpenDryPoor
55405,Rubus idaeus,OpenDryPoor
55406,Rubus idaeus,OpenDryPoor
55407,Rubus idaeus,OpenDryPoor
55408,Rubus idaeus,OpenDryPoor
55409,Rubus idaeus,OpenDryPoor
55410,Rubus idaeus,OpenDryPoor
55411,Rubus idaeus,OpenDryPoor
55412,Rubus idaeus,OpenDryPoor
55413,Rubus idaeus,OpenDryPoor
55414,Rubus idaeus,OpenDryPoor
55415,Rubus idaeus,OpenDryPoor
55416,Rubus idaeus,OpenDryPoor
55417,Rubus idaeus,OpenDryPoor
55418,Rubus idaeus,OpenDryPoor
55419,Rubus idaeus,OpenDryPoor
55420,Rubus idaeus,OpenDryPoor
55421,Rubus idaeus,OpenDryPoor
55422,Rubus idaeus,OpenDryPoor
55423,Rubus idaeus,OpenDryPoor
55424,Rubus idaeus,OpenDryPoor
55465,Rubus idaeus,OpenDryPoor
55466,Rubus idaeus,OpenDryPoor
55467,Rubus idaeus,OpenDryPoor
55468,Rubus idaeus,OpenDryPoor
55469,Rubus idaeus,OpenDryPoor
55470,Rubus idaeus,OpenDryPoor
55471,Rubus idaeus,OpenDryPoor
55472,Rubus idaeus,OpenDryPoor
55473,Rubus idaeus,OpenDryPoor
55474,Rubus idaeus,OpenDryPoor
55475,Rubus idaeus,OpenDryPoor
55476,Rubus idaeus,OpenDryPoor
55477,Rubus idaeus,OpenDryPoor
55478,Rubus idaeus,OpenDryPoor
55479,Rubus idaeus,OpenDryPoor
55480,Rubus idaeus,OpenDryPoor
55481,Rubus idaeus,OpenDryPoor
55482,Rubus idaeus,OpenDryPoor
56004,Rubus idaeus,OpenDryPoor
56005,Rubus idaeus,OpenDryPoor
56006,Rubus idaeus,OpenDryPoor
56007,Rubus idaeus,OpenDryPoor
56008,Rubus idaeus,OpenDryPoor
56009,Rubus idaeus,OpenDryPoor
56010,Rubus idaeus,OpenDryPoor
56011,Rubus idaeus,OpenDryPoor
56012,Rubus idaeus,OpenDryPoor
56013,Rubus idaeus,OpenDryPoor
56014,Rubus idaeus,OpenDryPoor
56015,Rubus idaeus,OpenDryPoor
56016,Rubus idaeus,OpenDryPoor
56017,Rubus idaeus,OpenDryPoor
56018,Rubus idaeus,OpenDryPoor
56019,Rubus idaeus,OpenDryPoor
56020,Rubus idaeus,OpenDryPoor
56021,Rubus idaeus,OpenDryPoor
56022,Rubus idaeus,OpenDryPoor
56023,Rubus idaeus,OpenDryPoor
56064,Rubus idaeus,OpenDryPoor
56065,Rubus idaeus,OpenDryPoor
56066,Rubus idaeus,OpenDryPoor
56067,Rubus idaeus,OpenDryPoor
56068,Rubus idaeus,OpenDryPoor
56069,Rubus idaeus,OpenDryPoor
56070,Rubus idaeus,OpenDryPoor
56071,Rubus idaeus,OpenDryPoor
56072,Rubus idaeus,OpenDryPoor
56073,Rubus idaeus,OpenDryPoor
56074,Rubus idaeus,OpenDryPoor
56075,Rubus idaeus,OpenDryPoor
56076,Rubus idaeus,OpenDryPoor
56077,Rubus idaeus,OpenDryPoor
56078,Rubus idaeus,OpenDryPoor
56079,Rubus idaeus,OpenDryPoor
56080,Rubus idaeus,OpenDryPoor
56081,Rubus idaeus,OpenDryPoor
56603,Rubus idaeus,OpenDryPoor
56604,Rubus idaeus,OpenDryPoor
56605,Rubus idaeus,OpenDryPoor
56606,Rubus idaeus,OpenDryPoor
56607,Rubus idaeus,OpenDryPoor
56608,Rubus idaeus,OpenDryPoor
56609,Rubus idaeus,OpenDryPoor
56610,Rubus idaeus,OpenDryPoor
56611,Rubus idaeus,OpenDryPoor
56612,Rubus idaeus,OpenDryPoor
56613,Rubus idaeus,OpenDryPoor
56614,Rubus idaeus,OpenDryPoor
56615,Rubus idaeus,OpenDryPoor
56616,Rubus idaeus,OpenDryPoor
56617,Rubus idaeus,OpenDryPoor
56618,Rubus idaeus,OpenDryPoor
56619,Rubus idaeus,OpenDryPoor
56620,Rubus idaeus,OpenDryPoor
56621,Rubus idaeus,OpenDryPoor
56622,Rubus idaeus,OpenDryPoor
56663,Rubus idaeus,OpenDryPoor
56664,Rubus idaeus,OpenDryPoor
56665,Rubus idaeus,OpenDryPoor
56666,Rubus idaeus,OpenDryPoor
56667,Rubus idaeus,OpenDryPoor
56668,Rubus idaeus,OpenDryPoor
56669,Rubus idaeus,OpenDryPoor
56670,Rubus idaeus,OpenDryPoor
56671,Rubus idaeus,OpenDryPoor
56672,Rubus idaeus,OpenDryPoor
56673,Rubus idaeus,OpenDryPoor
56674,Rubus idaeus,OpenDryPoor
56675,Rubus idaeus,OpenDryPoor
56676,Rubus idaeus,OpenDryPoor
56677,Rubus idaeus,OpenDryPoor
56678,Rubus idaeus,OpenDryPoor
56679,Rubus idaeus,OpenDryPoor
56680,Rubus idaeus,OpenDryPoor
57202,Rubus idaeus,OpenDryPoor
57203,Rubus idaeus,OpenDryPoor
57204,Rubus idaeus,OpenDryPoor
57205,Rubus idaeus,OpenDryPoor
57206,Rubus idaeus,OpenDryPoor
57207,Rubus idaeus,OpenDryPoor
57208,Rubus idaeus,OpenDryPoor
57209,Rubus idaeus,OpenDryPoor
57210,Rubus idaeus,OpenDryPoor
57211,Rubus idaeus,OpenDryPoor
57212,Rubus idaeus,OpenDryPoor
57213,Rubus idaeus,OpenDryPoor
57214,Rubus idaeus,OpenDryPoor
57215,Rubus idaeus,OpenDryPoor
57216,Rubus idaeus,OpenDryPoor
57217,Rubus idaeus,OpenDryPoor
57218,Rubus idaeus,OpenDryPoor
57219,Rubus idaeus,OpenDryPoor
57220,Rubus idaeus,OpenDryPoor
57221,Rubus idaeus,OpenDryPoor
57262,Rubus idaeus,OpenDryPoor
57263,Rubus idaeus,OpenDryPoor
57264,Rubus idaeus,OpenDryPoor
57265,Rubus idaeus,OpenDryPoor
57266,Rubus idaeus,OpenDryPoor
57267,Rubus idaeus,OpenDryPoor
57268,Rubus idaeus,OpenDryPoor
57269,Rubus idaeus,OpenDryPoor
57270,Rubus idaeus,OpenDryPoor
57271,Rubus idaeus,OpenDryPoor
57272,Rubus idaeus,OpenDryPoor
57273,Rubus idaeus,OpenDryPoor
57274,Rubus idaeus,OpenDryPoor
57275,Rubus idaeus,OpenDryPoor
57276,Rubus idaeus,OpenDryPoor
57277,Rubus idaeus,OpenDryPoor
57278,Rubus idaeus,OpenDryPoor
57279,Rubus idaeus,OpenDryPoor
57280,Rubus idaeus,OpenDryPoor
57801,Rubus idaeus,OpenDryPoor
57802,Rubus idaeus,OpenDryPoor
57803,Rubus idaeus,OpenDryPoor
57804,Rubus idaeus,OpenDryPoor
57805,Rubus idaeus,OpenDryPoor
57806,Rubus idaeus,OpenDryPoor
57807,Rubus idaeus,OpenDryPoor
57808,Rubus idaeus,OpenDryPoor
57809,Rubus idaeus,OpenDryPoor
57810,Rubus idaeus,OpenDryPoor
57811,Rubus idaeus,OpenDryPoor
57812,Rubus idaeus,OpenDryPoor
57813,Rubus idaeus,OpenDryPoor
57814,Rubus idaeus,OpenDryPoor
57815,Rubus idaeus,OpenDryPoor
57816,Rubus idaeus,OpenDryPoor
57817,Rubus idaeus,OpenDryPoor
57818,Rubus idaeus,OpenDryPoor
57819,Rubus idaeus,OpenDryPoor
57820,Rubus idaeus,OpenDryPoor
57861,Rubus idaeus,OpenDryPoor
57862,Rubus idaeus,OpenDryPoor
57863,Rubus idaeus,OpenDryPoor
57864,Rubus idaeus,OpenDryPoor
57865,Rubus idaeus,OpenDryPoor
57866,Rubus idaeus,OpenDryPoor
57867,Rubus idaeus,OpenDryPoor
57868,Rubus idaeus,OpenDryPoor
57869,Rubus idaeus,OpenDryPoor
57870,Rubus idaeus,OpenDryPoor
57871,Rubus idaeus,OpenDryPoor
57872,Rubus idaeus,OpenDryPoor
57873,Rubus idaeus,OpenDryPoor
57874,Rubus idaeus,OpenDryPoor
57875,Rubus idaeus,OpenDryPoor
57876,Rubus idaeus,OpenDryPoor
57877,Rubus idaeus,OpenDryPoor
57878,Rubus idaeus,OpenDryPoor
57879,Rubus idaeus,OpenDryPoor
58400,Rubus idaeus,OpenDryPoor
58401,Rubus idaeus,OpenDryPoor
58402,Rubus idaeus,OpenDryPoor
58403,Rubus idaeus,OpenDryPoor
58404,Rubus idaeus,OpenDryPoor
58405,Rubus idaeus,OpenDryPoor
58406,Rubus idaeus,OpenDryPoor
58407,Rubus idaeus,OpenDryPoor
58408,Rubus idaeus,OpenDryPoor
58409,Rubus idaeus,OpenDryPoor
58410,Rubus idaeus,OpenDryPoor
58411,Rubus idaeus,OpenDryPoor
58412,Rubus idaeus,OpenDryPoor
58413,Rubus idaeus,OpenDryPoor
58414,Rubus idaeus,OpenDryPoor
58415,Rubus idaeus,OpenDryPoor
58416,Rubus idaeus,OpenDryPoor
58417,Rubus idaeus,OpenDryPoor
58418,Rubus idaeus,OpenDryPoor
58419,Rubus idaeus,OpenDryPoor
58460,Rubus idaeus,OpenDryPoor
58461,Rubus idaeus,OpenDryPoor
58462,Rubus idaeus,OpenDryPoor
58463,Rubus idaeus,OpenDryPoor
58464,Rubus idaeus,OpenDryPoor
58465,Rubus idaeus,OpenDryPoor
58466,Rubus idaeus,OpenDryPoor
58467,Rubus idaeus,OpenDryPoor
58468,Rubus idaeus,OpenDryPoor
58469,Rubus idaeus,OpenDryPoor
58470,Rubus idaeus,OpenDryPoor
58471,Rubus idaeus,OpenDryPoor
58472,Rubus idaeus,OpenDryPoor
58473,Rubus idaeus,OpenDryPoor
58474,Rubus idaeus,OpenDryPoor
58475,Rubus idaeus,OpenDryPoor
58476,Rubus idaeus,OpenDryPoor
58477,Rubus idaeus,OpenDryPoor
58478,Rubus idaeus,OpenDryPoor
58999,Rubus idaeus,OpenDryPoor
59000,Rubus idaeus,OpenDryPoor
59001,Rubus idaeus,OpenDryPoor
59002,Rubus idaeus,OpenDryPoor
59003,Rubus idaeus,OpenDryPoor
59004,Rubus idaeus,OpenDryPoor
59005,Rubus idaeus,OpenDryPoor
59006,Rubus idaeus,OpenDryPoor
59007,Rubus idaeus,OpenDryPoor
59008,Rubus idaeus,OpenDryPoor
59009,Rubus idaeus,OpenDryPoor
59010,Rubus idaeus,OpenDryPoor
59011,Rubus idaeus,OpenDryPoor
59012,Rubus idaeus,OpenDryPoor
59013,Rubus idaeus,OpenDryPoor
59014,Rubus idaeus,OpenDryPoor
59015,Rubus idaeus,OpenDryPoor
59016,Rubus idaeus,OpenDryPoor
59017,Rubus idaeus,OpenDryPoor
59018,Rubus idaeus,OpenDryPoor
59059,Rubus idaeus,OpenDryPoor
59060,Rubus idaeus,OpenDryPoor
59061,Rubus idaeus,OpenDryPoor
59062,Rubus idaeus,OpenDryPoor
59063,Rubus idaeus,OpenDryPoor
59064,Rubus idaeus,OpenDryPoor
59065,Rubus idaeus,OpenDryPoor
59066,Rubus idaeus,OpenDryPoor
59067,Rubus idaeus,OpenDryPoor
59068,Rubus idaeus,OpenDryPoor
59069,Rubus idaeus,OpenDryPoor
59070,Rubus idaeus,OpenDryPoor
59071,Rubus idaeus,OpenDryPoor
59072,Rubus idaeus,OpenDryPoor
59073,Rubus idaeus,OpenDryPoor
59074,Rubus idaeus,OpenDryPoor
59075,Rubus idaeus,OpenDryPoor
59076,Rubus idaeus,OpenDryPoor
59077,Rubus idaeus,OpenDryPoor
59598,Rubus idaeus,OpenDryPoor
59599,Rubus idaeus,OpenDryPoor
59600,Rubus idaeus,OpenDryPoor
59601,Rubus idaeus,OpenDryPoor
59602,Rubus idaeus,OpenDryPoor
59603,Rubus idaeus,OpenDryPoor
59604,Rubus idaeus,OpenDryPoor
59605,Rubus idaeus,OpenDryPoor
59606,Rubus idaeus,OpenDryPoor
59607,Rubus idaeus,OpenDryPoor
59608,Rubus idaeus,OpenDryPoor
59609,Rubus idaeus,OpenDryPoor
59610,Rubus idaeus,OpenDryPoor
59611,Rubus idaeus,OpenDryPoor
59612,Rubus idaeus,OpenDryPoor
59613,Rubus idaeus,OpenDryPoor
59614,Rubus idaeus,OpenDryPoor
59615,Rubus idaeus,OpenDryPoor
59616,Rubus idaeus,OpenDryPoor
59617,Rubus idaeus,OpenDryPoor
59658,Rubus idaeus,OpenDryPoor
59659,Rubus idaeus,OpenDryPoor
59660,Rubus idaeus,OpenDryPoor
59661,Rubus idaeus,OpenDryPoor
59662,Rubus idaeus,OpenDryPoor
59663,Rubus idaeus,OpenDryPoor
59664,Rubus idaeus,OpenDryPoor
59665,Rubus idaeus,OpenDryPoor
59666,Rubus idaeus,OpenDryPoor
59667,Rubus idaeus,OpenDryPoor
59668,Rubus idaeus,OpenDryPoor
59669,Rubus idaeus,OpenDryPoor
59670,Rubus idaeus,OpenDryPoor
59671,Rubus idaeus,OpenDryPoor
59672,Rubus idaeus,OpenDryPoor
59673,Rubus idaeus,OpenDryPoor
59674,Rubus idaeus,OpenDryPoor
59675,Rubus idaeus,OpenDryPoor
59676,Rubus idaeus,OpenDryPoor
60197,Rubus idaeus,OpenDryPoor
60198,Rubus idaeus,OpenDryPoor
60199,Rubus idaeus,OpenDryPoor
60200,Rubus idaeus,OpenDryPoor
60201,Rubus idaeus,OpenDryPoor
60202,Rubus idaeus,OpenDryPoor
60203,Rubus idaeus,OpenDryPoor
60204,Rubus idaeus,OpenDryPoor
60205,Rubus idaeus,OpenDryPoor
60206,Rubus idaeus,OpenDryPoor
60207,Rubus idaeus,OpenDryPoor
60208,Rubus idaeus,OpenDryPoor
60209,Rubus idaeus,OpenDryPoor
60210,Rubus idaeus,OpenDryPoor
60211,Rubus idaeus,OpenDryPoor
60212,Rubus idaeus,OpenDryPoor
60213,Rubus idaeus,OpenDryPoor
60214,Rubus idaeus,OpenDryPoor
60215,Rubus idaeus,OpenDryPoor
60216,Rubus idaeus,OpenDryPoor
60257,Rubus idaeus,OpenDryPoor
60258,Rubus idaeus,OpenDryPoor
60259,Rubus idaeus,OpenDryPoor
60260,Rubus idaeus,OpenDryPoor
60261,Rubus idaeus,OpenDryPoor
60262,Rubus idaeus,OpenDryPoor
60263,Rubus idaeus,OpenDryPoor
60264,Rubus idaeus,OpenDryPoor
60265,Rubus idaeus,OpenDryPoor
60266,Rubus idaeus,OpenDryPoor
60267,Rubus idaeus,OpenDryPoor
60268,Rubus idaeus,OpenDryPoor
60269,Rubus idaeus,OpenDryPoor
60270,Rubus idaeus,OpenDryPoor
60271,Rubus idaeus,OpenDryPoor
60272,Rubus idaeus,OpenDryPoor
60273,Rubus idaeus,OpenDryPoor
60274,Rubus idaeus,OpenDryPoor
60275,Rubus idaeus,OpenDryPoor
60796,Rubus idaeus,OpenDryPoor
60797,Rubus idaeus,OpenDryPoor
60798,Rubus idaeus,OpenDryPoor
60799,Rubus idaeus,OpenDryPoor
60800,Rubus idaeus,OpenDryPoor
60801,Rubus idaeus,OpenDryPoor
60802,Rubus idaeus,OpenDryPoor
60803,Rubus idaeus,OpenDryPoor
60804,Rubus idaeus,OpenDryPoor
60805,Rubus idaeus,OpenDryPoor
60806,Rubus idaeus,OpenDryPoor
60807,Rubus idaeus,OpenDryPoor
60808,Rubus idaeus,OpenDryPoor
60809,Rubus idaeus,OpenDryPoor
60810,Rubus idaeus,OpenDryPoor
60811,Rubus idaeus,OpenDryPoor
60812,Rubus idaeus,OpenDryPoor
60813,Rubus idaeus,OpenDryPoor
60814,Rubus idaeus,OpenDryPoor
60815,Rubus idaeus,OpenDryPoor
60856,Rubus idaeus,OpenDryPoor
60857,Rubus idaeus,OpenDryPoor
60858,Rubus idaeus,OpenDryPoor
60859,Rubus idaeus,OpenDryPoor
60860,Rubus idaeus,OpenDryPoor
60861,Rubus idaeus,OpenDryPoor
60862,Rubus idaeus,OpenDryPoor
60863,Rubus idaeus,OpenDryPoor
60864,Rubus idaeus,OpenDryPoor
60865,Rubus idaeus,OpenDryPoor
60866,Rubus idaeus,OpenDryPoor
60867,Rubus idaeus,OpenDryPoor
60868,Rubus idaeus,OpenDryPoor
60869,Rubus idaeus,OpenDryPoor
60870,Rubus idaeus,OpenDryPoor
60871,Rubus idaeus,OpenDryPoor
60872,Rubus idaeus,OpenDryPoor
60873,Rubus idaeus,OpenDryPoor
60874,Rubus idaeus,OpenDryPoor
61395,Rubus idaeus,OpenDryPoor
61396,Rubus idaeus,OpenDryPoor
61397,Rubus idaeus,OpenDryPoor
61398,Rubus idaeus,OpenDryPoor
61399,Rubus idaeus,OpenDryPoor
61400,Rubus idaeus,OpenDryPoor
61401,Rubus idaeus,OpenDryPoor
61402,Rubus idaeus,OpenDryPoor
61403,Rubus idaeus,OpenDryPoor
61404,Rubus idaeus,OpenDryPoor
61405,Rubus idaeus,OpenDryPoor
61406,Rubus idaeus,OpenDryPoor
61407,Rubus idaeus,OpenDryPoor
61408,Rubus idaeus,OpenDryPoor
61409,Rubus idaeus,OpenDryPoor
61410,Rubus idaeus,OpenDryPoor
61411,Rubus idaeus,OpenDryPoor
61412,Rubus idaeus,OpenDryPoor
61413,Rubus idaeus,OpenDryPoor
61414,Rubus idaeus,OpenDryPoor
61455,Rubus idaeus,OpenDryPoor
61456,Rubus idaeus,OpenDryPoor
61457,Rubus idaeus,OpenDryPoor
61458,Rubus idaeus,OpenDryPoor
61459,Rubus idaeus,OpenDryPoor
61460,Rubus idaeus,OpenDryPoor
61461,Rubus idaeus,OpenDryPoor
61462,Rubus idaeus,OpenDryPoor
61463,Rubus idaeus,OpenDryPoor
61464,Rubus idaeus,OpenDryPoor
61465,Rubus idaeus,OpenDryPoor
61466,Rubus idaeus,OpenDryPoor
61467,Rubus idaeus,OpenDryPoor
61468,Rubus idaeus,OpenDryPoor
61469,Rubus idaeus,OpenDryPoor
61470,Rubus idaeus,OpenDryPoor
61471,Rubus idaeus,OpenDryPoor
61472,Rubus idaeus,OpenDryPoor
61473,Rubus idaeus,OpenDryPoor
61994,Rubus idaeus,OpenDryPoor
61995,Rubus idaeus,OpenDryPoor
61996,Rubus idaeus,OpenDryPoor
61997,Rubus idaeus,OpenDryPoor
61998,Rubus idaeus,OpenDryPoor
61999,Rubus idaeus,OpenDryPoor
62000,Rubus idaeus,OpenDryPoor
62001,Rubus idaeus,OpenDryPoor
62002,Rubus idaeus,OpenDryPoor
62003,Rubus idaeus,OpenDryPoor
62004,Rubus idaeus,OpenDryPoor
62005,Rubus idaeus,OpenDryPoor
62006,Rubus idaeus,OpenDryPoor
62007,Rubus idaeus,OpenDryPoor
62008,Rubus idaeus,OpenDryPoor
62009,Rubus idaeus,OpenDryPoor
62010,Rubus idaeus,OpenDryPoor
62011,Rubus idaeus,OpenDryPoor
62012,Rubus idaeus,OpenDryPoor
62013,Rubus idaeus,OpenDryPoor
62054,Rubus idaeus,OpenDryPoor
62055,Rubus idaeus,OpenDryPoor
62056,Rubus idaeus,OpenDryPoor
62057,Rubus idaeus,OpenDryPoor
62058,Rubus idaeus,OpenDryPoor
62059,Rubus idaeus,OpenDryPoor
62060,Rubus idaeus,OpenDryPoor
62061,Rubus idaeus,OpenDryPoor
62062,Rubus idaeus,OpenDryPoor
62063,Rubus idaeus,OpenDryPoor
62064,Rubus idaeus,OpenDryPoor
62065,Rubus idaeus,OpenDryPoor
62066,Rubus idaeus,OpenDryPoor
62067,Rubus idaeus,OpenDryPoor
62068,Rubus idaeus,OpenDryPoor
62069,Rubus idaeus,OpenDryPoor
62070,Rubus idaeus,OpenDryPoor
62071,Rubus idaeus,OpenDryPoor
62072,Rubus idaeus,OpenDryPoor
62073,Rubus idaeus,OpenDryPoor
62593,Rubus idaeus,OpenDryPoor
62594,Rubus idaeus,OpenDryPoor
62595,Rubus idaeus,OpenDryPoor
62596,Rubus idaeus,OpenDryPoor
62597,Rubus idaeus,OpenDryPoor
62598,Rubus idaeus,OpenDryPoor
62599,Rubus idaeus,OpenDryPoor
62600,Rubus idaeus,OpenDryPoor
62601,Rubus idaeus,OpenDryPoor
62602,Rubus idaeus,OpenDryPoor
62603,Rubus idaeus,OpenDryPoor
62604,Rubus idaeus,OpenDryPoor
62605,Rubus idaeus,OpenDryPoor
62606,Rubus idaeus,OpenDryPoor
62607,Rubus idaeus,OpenDryPoor
62608,Rubus idaeus,OpenDryPoor
62609,Rubus idaeus,OpenDryPoor
62610,Rubus idaeus,OpenDryPoor
62611,Rubus idaeus,OpenDryPoor
62612,Rubus idaeus,OpenDryPoor
63192,Rubus idaeus,OpenDryPoor
63193,Rubus idaeus,OpenDryPoor
63194,Rubus idaeus,OpenDryPoor
63195,Rubus idaeus,OpenDryPoor
63196,Rubus idaeus,OpenDryPoor
63197,Rubus idaeus,OpenDryPoor
63198,Rubus idaeus,OpenDryPoor
63199,Rubus idaeus,OpenDryPoor
63200,Rubus idaeus,OpenDryPoor
63201,Rubus idaeus,OpenDryPoor
63202,Rubus idaeus,OpenDryPoor
63203,Rubus idaeus,OpenDryPoor
63204,Rubus idaeus,OpenDryPoor
63205,Rubus idaeus,OpenDryPoor
63206,Rubus idaeus,OpenDryPoor
63207,Rubus idaeus,OpenDryPoor
63208,Rubus idaeus,OpenDryPoor
63209,Rubus idaeus,OpenDryPoor
63210,Rubus idaeus,OpenDryPoor
63211,Rubus idaeus,OpenDryPoor
63791,Rubus idaeus,OpenDryPoor
63792,Rubus idaeus,OpenDryPoor
63793,Rubus idaeus,OpenDryPoor
63794,Rubus idaeus,OpenDryPoor
63795,Rubus idaeus,OpenDryPoor
63796,Rubus idaeus,OpenDryPoor
63797,Rubus idaeus,OpenDryPoor
63798,Rubus idaeus,OpenDryPoor
63799,Rubus idaeus,OpenDryPoor
63800,Rubus idaeus,OpenDryPoor
63801,Rubus idaeus,OpenDryPoor
63802,Rubus idaeus,OpenDryPoor
63803,Rubus idaeus,OpenDryPoor
63804,Rubus idaeus,OpenDryPoor
63805,Rubus idaeus,OpenDryPoor
63806,Rubus idaeus,OpenDryPoor
63807,Rubus idaeus,OpenDryPoor
63808,Rubus idaeus,OpenDryPoor
63809,Rubus idaeus,OpenDryPoor
63810,Rubus idaeus,OpenDryPoor
64390,Rubus idaeus,OpenDryPoor
64391,Rubus idaeus,OpenDryPoor
64392,Rubus idaeus,OpenDryPoor
64393,Rubus idaeus,OpenDryPoor
64394,Rubus idaeus,OpenDryPoor
64395,Rubus idaeus,OpenDryPoor
64396,Rubus idaeus,OpenDryPoor
64397,Rubus idaeus,OpenDryPoor
64398,Rubus idaeus,OpenDryPoor
64399,Rubus idaeus,OpenDryPoor
64400,Rubus idaeus,OpenDryPoor
64401,Rubus idaeus,OpenDryPoor
64402,Rubus idaeus,OpenDryPoor
64403,Rubus idaeus,OpenDryPoor
64404,Rubus idaeus,OpenDryPoor
64405,Rubus idaeus,OpenDryPoor
64406,Rubus idaeus,OpenDryPoor
64407,Rubus idaeus,OpenDryPoor
64408,Rubus idaeus,OpenDryPoor
64409,Rubus idaeus,OpenDryPoor
64989,Rubus idaeus,OpenDryPoor
64990,Rubus idaeus,OpenDryPoor
64991,Rubus idaeus,OpenDryPoor
64992,Rubus idaeus,OpenDryPoor
64993,Rubus idaeus,OpenDryPoor
64994,Rubus idaeus,OpenDryPoor
64995,Rubus idaeus,OpenDryPoor
64996,Rubus idaeus,OpenDryPoor
64997,Rubus idaeus,OpenDryPoor
64998,Rubus idaeus,OpenDryPoor
64999,Rubus idaeus,OpenDryPoor
65000,Rubus idaeus,OpenDryPoor
65001,Rubus idaeus,OpenDryPoor
65002,Rubus idaeus,OpenDryPoor
65003,Rubus idaeus,OpenDryPoor
65004,Rubus idaeus,OpenDryPoor
65005,Rubus idaeus,OpenDryPoor
65006,Rubus idaeus,OpenDryPoor
65007,Rubus idaeus,OpenDryPoor
65008,Rubus idaeus,OpenDryPoor
65588,Rubus idaeus,OpenDryPoor
65589,Rubus idaeus,OpenDryPoor
65590,Rubus idaeus,OpenDryPoor
65591,Rubus idaeus,OpenDryPoor
65592,Rubus idaeus,OpenDryPoor
65593,Rubus idaeus,OpenDryPoor
65594,Rubus idaeus,OpenDryPoor
65595,Rubus idaeus,OpenDryPoor
65596,Rubus idaeus,OpenDryPoor
65597,Rubus idaeus,OpenDryPoor
65598,Rubus idaeus,OpenDryPoor
65599,Rubus idaeus,OpenDryPoor
65600,Rubus idaeus,OpenDryPoor
65601,Rubus idaeus,OpenDryPoor
65602,Rubus idaeus,OpenDryPoor
65603,Rubus idaeus,OpenDryPoor
65604,Rubus idaeus,OpenDryPoor
65605,Rubus idaeus,OpenDryPoor
65606,Rubus idaeus,OpenDryPoor
65607,Rubus idaeus,OpenDryPoor
66187,Rubus idaeus,OpenDryPoor
66188,Rubus idaeus,OpenDryPoor
66189,Rubus idaeus,OpenDryPoor
66190,Rubus idaeus,OpenDryPoor
66191,Rubus idaeus,OpenDryPoor
66192,Rubus idaeus,OpenDryPoor
66193,Rubus idaeus,OpenDryPoor
66194,Rubus idaeus,OpenDryPoor
66195,Rubus idaeus,OpenDryPoor
66196,Rubus idaeus,OpenDryPoor
66197,Rubus idaeus,OpenDryPoor
66198,Rubus idaeus,OpenDryPoor
66199,Rubus idaeus,OpenDryPoor
66200,Rubus idaeus,OpenDryPoor
66201,Rubus idaeus,OpenDryPoor
66202,Rubus idaeus,OpenDryPoor
66203,Rubus idaeus,OpenDryPoor
66204,Rubus idaeus,OpenDryPoor
66205,Rubus idaeus,OpenDryPoor
66206,Rubus idaeus,OpenDryPoor
66786,Rubus idaeus,OpenDryPoor
66787,Rubus idaeus,OpenDryPoor
66788,Rubus idaeus,OpenDryPoor
66789,Rubus idaeus,OpenDryPoor
66790,Rubus idaeus,OpenDryPoor
66791,Rubus idaeus,OpenDryPoor
66792,Rubus idaeus,OpenDryPoor
66793,Rubus idaeus,OpenDryPoor
66794,Rubus idaeus,OpenDryPoor
66795,Rubus idaeus,OpenDryPoor
66796,Rubus idaeus,OpenDryPoor
66797,Rubus idaeus,OpenDryPoor
66798,Rubus idaeus,OpenDryPoor
66799,Rubus idaeus,OpenDryPoor
66800,Rubus idaeus,OpenDryPoor
66801,Rubus idaeus,OpenDryPoor
66802,Rubus idaeus,OpenDryPoor
66803,Rubus idaeus,OpenDryPoor
66804,Rubus idaeus,OpenDryPoor
66805,Rubus idaeus,OpenDryPoor
67385,Rubus idaeus,OpenDryPoor
67386,Rubus idaeus,OpenDryPoor
67387,Rubus idaeus,OpenDryPoor
67388,Rubus idaeus,OpenDryPoor
67389,Rubus idaeus,OpenDryPoor
67390,Rubus idaeus,OpenDryPoor
67391,Rubus idaeus,OpenDryPoor
67392,Rubus idaeus,OpenDryPoor
67393,Rubus idaeus,OpenDryPoor
67394,Rubus idaeus,OpenDryPoor
67395,Rubus idaeus,OpenDryPoor
67396,Rubus idaeus,OpenDryPoor
67397,Rubus idaeus,OpenDryPoor
67398,Rubus idaeus,OpenDryPoor
67399,Rubus idaeus,OpenDryPoor
67400,Rubus idaeus,OpenDryPoor
67401,Rubus idaeus,OpenDryPoor
67402,Rubus idaeus,OpenDryPoor
67403,Rubus idaeus,OpenDryPoor
67404,Rubus idaeus,OpenDryPoor
67984,Rubus idaeus,OpenDryPoor
67985,Rubus idaeus,OpenDryPoor
67986,Rubus idaeus,OpenDryPoor
67987,Rubus idaeus,OpenDryPoor
67988,Rubus idaeus,OpenDryPoor
67989,Rubus idaeus,OpenDryPoor
67990,Rubus idaeus,OpenDryPoor
67991,Rubus idaeus,OpenDryPoor
67992,Rubus idaeus,OpenDryPoor
67993,Rubus idaeus,OpenDryPoor
67994,Rubus idaeus,OpenDryPoor
67995,Rubus idaeus,OpenDryPoor
67996,Rubus idaeus,OpenDryPoor
67997,Rubus idaeus,OpenDryPoor
67998,Rubus idaeus,OpenDryPoor
67999,Rubus idaeus,OpenDryPoor
68000,Rubus idaeus,OpenDryPoor
68001,Rubus idaeus,OpenDryPoor
68002,Rubus idaeus,OpenDryPoor
68003,Rubus idaeus,OpenDryPoor
68583,Rubus idaeus,OpenDryPoor
68584,Rubus idaeus,OpenDryPoor
68585,Rubus idaeus,OpenDryPoor
68586,Rubus idaeus,OpenDryPoor
68587,Rubus idaeus,OpenDryPoor
68588,Rubus idaeus,OpenDryPoor
68589,Rubus idaeus,OpenDryPoor
68590,Rubus idaeus,OpenDryPoor
68591,Rubus idaeus,OpenDryPoor
68592,Rubus idaeus,OpenDryPoor
68593,Rubus idaeus,OpenDryPoor
68594,Rubus idaeus,OpenDryPoor
68595,Rubus idaeus,OpenDryPoor
68596,Rubus idaeus,OpenDryPoor
68597,Rubus idaeus,OpenDryPoor
68598,Rubus idaeus,OpenDryPoor
68599,Rubus idaeus,OpenDryPoor
68600,Rubus idaeus,OpenDryPoor
68601,Rubus idaeus,OpenDryPoor
68602,Rubus idaeus,OpenDryPoor
69182,Rubus idaeus,OpenDryPoor
69183,Rubus idaeus,OpenDryPoor
69184,Rubus idaeus,OpenDryPoor
69185,Rubus idaeus,OpenDryPoor
69186,Rubus idaeus,OpenDryPoor
69187,Rubus idaeus,OpenDryPoor
69188,Rubus idaeus,OpenDryPoor
69189,Rubus idaeus,OpenDryPoor
69190,Rubus idaeus,OpenDryPoor
69191,Rubus idaeus,OpenDryPoor
69192,Rubus idaeus,OpenDryPoor
69193,Rubus idaeus,OpenDryPoor
69194,Rubus idaeus,OpenDryPoor
69195,Rubus idaeus,OpenDryPoor
69196,Rubus idaeus,OpenDryPoor
69197,Rubus idaeus,OpenDryPoor
69198,Rubus idaeus,OpenDryPoor
69199,Rubus idaeus,OpenDryPoor
69200,Rubus idaeus,OpenDryPoor
69201,Rubus idaeus,OpenDryPoor
69781,Rubus idaeus,OpenDryPoor
69782,Rubus idaeus,OpenDryPoor
69783,Rubus idaeus,OpenDryPoor
69784,Rubus idaeus,OpenDryPoor
69785,Rubus idaeus,OpenDryPoor
69786,Rubus idaeus,OpenDryPoor
69787,Rubus idaeus,OpenDryPoor
69788,Rubus idaeus,OpenDryPoor
69789,Rubus idaeus,OpenDryPoor
69790,Rubus idaeus,OpenDryPoor
69791,Rubus idaeus,OpenDryPoor
69792,Rubus idaeus,OpenDryPoor
69793,Rubus idaeus,OpenDryPoor
69794,Rubus idaeus,OpenDryPoor
69795,Rubus idaeus,OpenDryPoor
69796,Rubus idaeus,OpenDryPoor
69797,Rubus idaeus,OpenDryPoor
69798,Rubus idaeus,OpenDryPoor
69799,Rubus idaeus,OpenDryPoor
69800,Rubus idaeus,OpenDryPoor
70380,Rubus idaeus,OpenDryPoor
70381,Rubus idaeus,OpenDryPoor
70382,Rubus idaeus,OpenDryPoor
70383,Rubus idaeus,OpenDryPoor
70384,Rubus idaeus,OpenDryPoor
70385,Rubus idaeus,OpenDryPoor
70386,Rubus idaeus,OpenDryPoor
70387,Rubus idaeus,OpenDryPoor
70388,Rubus idaeus,OpenDryPoor
70389,Rubus idaeus,OpenDryPoor
70390,Rubus idaeus,OpenDryPoor
70391,Rubus idaeus,OpenDryPoor
70392,Rubus idaeus,OpenDryPoor
70393,Rubus idaeus,OpenDryPoor
70394,Rubus idaeus,OpenDryPoor
70395,Rubus idaeus,OpenDryPoor
70396,Rubus idaeus,OpenDryPoor
70397,Rubus idaeus,OpenDryPoor
70398,Rubus idaeus,OpenDryPoor
70399,Rubus idaeus,OpenDryPoor
70979,Rubus idaeus,OpenDryPoor
70980,Rubus idaeus,OpenDryPoor
70981,Rubus idaeus,OpenDryPoor
70982,Rubus idaeus,OpenDryPoor
70983,Rubus idaeus,OpenDryPoor
70984,Rubus idaeus,OpenDryPoor
70985,Rubus idaeus,OpenDryPoor
70986,Rubus idaeus,OpenDryPoor
70987,Rubus idaeus,OpenDryPoor
70988,Rubus idaeus,OpenDryPoor
70989,Rubus idaeus,OpenDryPoor
70990,Rubus idaeus,OpenDryPoor
70991,Rubus idaeus,OpenDryPoor
70992,Rubus idaeus,OpenDryPoor
70993,Rubus idaeus,OpenDryPoor
70994,Rubus idaeus,OpenDryPoor
70995,Rubus idaeus,OpenDryPoor
70996,Rubus idaeus,OpenDryPoor
70997,Rubus idaeus,OpenDryPoor
70998,Rubus idaeus,OpenDryPoor
71578,Rubus idaeus,OpenDryPoor
71579,Rubus idaeus,OpenDryPoor
71580,Rubus idaeus,OpenDryPoor
71581,Rubus idaeus,OpenDryPoor
71582,Rubus idaeus,OpenDryPoor
71583,Rubus idaeus,OpenDryPoor
71584,Rubus idaeus,OpenDryPoor
71585,Rubus idaeus,OpenDryPoor
71586,Rubus idaeus,OpenDryPoor
71587,Rubus idaeus,OpenDryPoor
71588,Rubus idaeus,OpenDryPoor
71589,Rubus idaeus,OpenDryPoor
71590,Rubus idaeus,OpenDryPoor
71591,Rubus idaeus,OpenDryPoor
71592,Rubus idaeus,OpenDryPoor
71593,Rubus idaeus,OpenDryPoor
71594,Rubus idaeus,OpenDryPoor
71595,Rubus idaeus,OpenDryPoor
71596,Rubus idaeus,OpenDryPoor
71597,Rubus idaeus,OpenDryPoor
72177,Rubus idaeus,OpenDryPoor
72178,Rubus idaeus,OpenDryPoor
72179,Rubus idaeus,OpenDryPoor
72180,Rubus idaeus,OpenDryPoor
72181,Rubus idaeus,OpenDryPoor
72182,Rubus idaeus,OpenDryPoor
72183,Rubus idaeus,OpenDryPoor
72184,Rubus idaeus,OpenDryPoor
72185,Rubus idaeus,OpenDryPoor
72186,Rubus idaeus,OpenDryPoor
72187,Rubus idaeus,OpenDryPoor
72188,Rubus idaeus,OpenDryPoor
72189,Rubus idaeus,OpenDryPoor
72190,Rubus idaeus,OpenDryPoor
72191,Rubus idaeus,OpenDryPoor
72192,Rubus idaeus,OpenDryPoor
72193,Rubus idaeus,OpenDryPoor
72194,Rubus idaeus,OpenDryPoor
72195,Rubus idaeus,OpenDryPoor
72196,Rubus idaeus,OpenDryPoor
72776,Rubus idaeus,OpenDryPoor
72777,Rubus idaeus,OpenDryPoor
72778,Rubus idaeus,OpenDryPoor
72779,Rubus idaeus,OpenDryPoor
72780,Rubus idaeus,OpenDryPoor
72781,Rubus idaeus,OpenDryPoor
72782,Rubus idaeus,OpenDryPoor
72783,Rubus idaeus,OpenDryPoor
72784,Rubus idaeus,OpenDryPoor
72785,Rubus idaeus,OpenDryPoor
72786,Rubus idaeus,OpenDryPoor
72787,Rubus idaeus,OpenDryPoor
72788,Rubus idaeus,OpenDryPoor
72789,Rubus idaeus,OpenDryPoor
72790,Rubus idaeus,OpenDryPoor
72791,Rubus idaeus,OpenDryPoor
72792,Rubus idaeus,OpenDryPoor
72793,Rubus idaeus,OpenDryPoor
72794,Rubus idaeus,OpenDryPoor
72795,Rubus idaeus,OpenDryPoor
73375,Rubus idaeus,OpenDryPoor
73376,Rubus idaeus,OpenDryPoor
73377,Rubus idaeus,OpenDryPoor
73378,Rubus idaeus,OpenDryPoor
73379,Rubus idaeus,OpenDryPoor
73380,Rubus idaeus,OpenDryPoor
73381,Rubus idaeus,OpenDryPoor
73382,Rubus idaeus,OpenDryPoor
73383,Rubus idaeus,OpenDryPoor
73384,Rubus idaeus,OpenDryPoor
73385,Rubus idaeus,OpenDryPoor
73386,Rubus idaeus,OpenDryPoor
73387,Rubus idaeus,OpenDryPoor
73388,Rubus idaeus,OpenDryPoor
73389,Rubus idaeus,OpenDryPoor
73390,Rubus idaeus,OpenDryPoor
73391,Rubus idaeus,OpenDryPoor
73392,Rubus idaeus,OpenDryPoor
73393,Rubus idaeus,OpenDryPoor
73394,Rubus idaeus,OpenDryPoor
73974,Rubus idaeus,OpenDryPoor
73975,Rubus idaeus,OpenDryPoor
73976,Rubus idaeus,OpenDryPoor
73977,Rubus idaeus,OpenDryPoor
73978,Rubus idaeus,OpenDryPoor
73979,Rubus idaeus,OpenDryPoor
73980,Rubus idaeus,OpenDryPoor
73981,Rubus idaeus,OpenDryPoor
73982,Rubus idaeus,OpenDryPoor
73983,Rubus idaeus,OpenDryPoor
73984,Rubus idaeus,OpenDryPoor
73985,Rubus idaeus,OpenDryPoor
73986,Rubus idaeus,OpenDryPoor
73987,Rubus idaeus,OpenDryPoor
73988,Rubus idaeus,OpenDryPoor
73989,Rubus idaeus,OpenDryPoor
73990,Rubus idaeus,OpenDryPoor
73991,Rubus idaeus,OpenDryPoor
73992,Rubus idaeus,OpenDryPoor
73993,Rubus idaeus,OpenDryPoor
74593,Rubus idaeus,OpenDryPoor
74594,Rubus idaeus,OpenDryPoor
74595,Rubus idaeus,OpenDryPoor
74596,Rubus idaeus,OpenDryPoor
74597,Rubus idaeus,OpenDryPoor
74598,Rubus idaeus,OpenDryPoor
74599,Rubus idaeus,OpenDryPoor
74600,Rubus idaeus,OpenDryPoor
74601,Rubus idaeus,OpenDryPoor
74602,Rubus idaeus,OpenDryPoor
74603,Rubus idaeus,OpenDryPoor
74604,Rubus idaeus,OpenDryPoor
74605,Rubus idaeus,OpenDryPoor
74606,Rubus idaeus,OpenDryPoor
74607,Rubus idaeus,OpenDryPoor
74608,Rubus idaeus,OpenDryPoor
74609,Rubus idaeus,OpenDryPoor
74610,Rubus idaeus,OpenDryPoor
74611,Rubus idaeus,OpenDryPoor
74612,Rubus idaeus,OpenDryPoor
75192,Rubus idaeus,OpenDryPoor
75193,Rubus idaeus,OpenDryPoor
75194,Rubus idaeus,OpenDryPoor
75195,Rubus idaeus,OpenDryPoor
75196,Rubus idaeus,OpenDryPoor
75197,Rubus idaeus,OpenDryPoor
75198,Rubus idaeus,OpenDryPoor
75199,Rubus idaeus,OpenDryPoor
75200,Rubus idaeus,OpenDryPoor
75201,Rubus idaeus,OpenDryPoor
75202,Rubus idaeus,OpenDryPoor
75203,Rubus idaeus,OpenDryPoor
75204,Rubus idaeus,OpenDryPoor
75205,Rubus idaeus,OpenDryPoor
75206,Rubus idaeus,OpenDryPoor
75207,Rubus idaeus,OpenDryPoor
75208,Rubus idaeus,OpenDryPoor
75209,Rubus idaeus,OpenDryPoor
75210,Rubus idaeus,OpenDryPoor
75211,Rubus idaeus,OpenDryPoor
75791,Rubus idaeus,OpenDryPoor
75792,Rubus idaeus,OpenDryPoor
75793,Rubus idaeus,OpenDryPoor
75794,Rubus idaeus,OpenDryPoor
75795,Rubus idaeus,OpenDryPoor
75796,Rubus idaeus,OpenDryPoor
75797,Rubus idaeus,OpenDryPoor
75798,Rubus idaeus,OpenDryPoor
75799,Rubus idaeus,OpenDryPoor
75800,Rubus idaeus,OpenDryPoor
75801,Rubus idaeus,OpenDryPoor
75802,Rubus idaeus,OpenDryPoor
75803,Rubus idaeus,OpenDryPoor
75804,Rubus idaeus,OpenDryPoor
75805,Rubus idaeus,OpenDryPoor
75806,Rubus idaeus,OpenDryPoor
75807,Rubus idaeus,OpenDryPoor
75808,Rubus idaeus,OpenDryPoor
75809,Rubus idaeus,OpenDryPoor
75810,Rubus idaeus,OpenDryPoor
76390,Rubus idaeus,OpenDryPoor
76391,Rubus idaeus,OpenDryPoor
76392,Rubus idaeus,OpenDryPoor
76393,Rubus idaeus,OpenDryPoor
76394,Rubus idaeus,OpenDryPoor
76395,Rubus idaeus,OpenDryPoor
76396,Rubus idaeus,OpenDryPoor
76397,Rubus idaeus,OpenDryPoor
76398,Rubus idaeus,OpenDryPoor
76399,Rubus idaeus,OpenDryPoor
76400,Rubus idaeus,OpenDryPoor
76401,Rubus idaeus,OpenDryPoor
76402,Rubus idaeus,OpenDryPoor
76403,Rubus idaeus,OpenDryPoor
76404,Rubus idaeus,OpenDryPoor
76405,Rubus idaeus,OpenDryPoor
76406,Rubus idaeus,OpenDryPoor
76407,Rubus idaeus,OpenDryPoor
76408,Rubus idaeus,OpenDryPoor
76409,Rubus idaeus,OpenDryPoor
76989,Rubus idaeus,OpenDryPoor
76990,Rubus idaeus,OpenDryPoor
76991,Rubus idaeus,OpenDryPoor
76992,Rubus idaeus,OpenDryPoor
76993,Rubus idaeus,OpenDryPoor
76994,Rubus idaeus,OpenDryPoor
76995,Rubus idaeus,OpenDryPoor
76996,Rubus idaeus,OpenDryPoor
76997,Rubus idaeus,OpenDryPoor
76998,Rubus idaeus,OpenDryPoor
76999,Rubus idaeus,OpenDryPoor
77000,Rubus idaeus,OpenDryPoor
77001,Rubus idaeus,OpenDryPoor
77002,Rubus idaeus,OpenDryPoor
77003,Rubus idaeus,OpenDryPoor
77004,Rubus idaeus,OpenDryPoor
77005,Rubus idaeus,OpenDryPoor
77006,Rubus idaeus,OpenDryPoor
77007,Rubus idaeus,OpenDryPoor
77008,Rubus idaeus,OpenDryPoor
77588,Rubus idaeus,OpenDryPoor
77589,Rubus idaeus,OpenDryPoor
77590,Rubus idaeus,OpenDryPoor
77591,Rubus idaeus,OpenDryPoor
77592,Rubus idaeus,OpenDryPoor
77593,Rubus idaeus,OpenDryPoor
77594,Rubus idaeus,OpenDryPoor
77595,Rubus idaeus,OpenDryPoor
77596,Rubus idaeus,OpenDryPoor
77597,Rubus idaeus,OpenDryPoor
77598,Rubus idaeus,OpenDryPoor
77599,Rubus idaeus,OpenDryPoor
77600,Rubus idaeus,OpenDryPoor
77601,Rubus idaeus,OpenDryPoor
77602,Rubus idaeus,OpenDryPoor
77603,Rubus idaeus,OpenDryPoor
77604,Rubus idaeus,OpenDryPoor
77605,Rubus idaeus,OpenDryPoor
77606,Rubus idaeus,OpenDryPoor
77607,Rubus idaeus,OpenDryPoor
78187,Rubus idaeus,OpenDryPoor
78188,Rubus idaeus,OpenDryPoor
78189,Rubus idaeus,OpenDryPoor
78190,Rubus idaeus,OpenDryPoor
78191,Rubus idaeus,OpenDryPoor
78192,Rubus idaeus,OpenDryPoor
78193,Rubus idaeus,OpenDryPoor
78194,Rubus idaeus,OpenDryPoor
78195,Rubus idaeus,OpenDryPoor
78196,Rubus idaeus,OpenDryPoor
78197,Rubus idaeus,OpenDryPoor
78198,Rubus idaeus,OpenDryPoor
78199,Rubus idaeus,OpenDryPoor
78200,Rubus idaeus,OpenDryPoor
78201,Rubus idaeus,OpenDryPoor
78202,Rubus idaeus,OpenDryPoor
78203,Rubus idaeus,OpenDryPoor
78204,Rubus idaeus,OpenDryPoor
78205,Rubus idaeus,OpenDryPoor
78206,Rubus idaeus,OpenDryPoor
78786,Rubus idaeus,OpenDryPoor
78787,Rubus idaeus,OpenDryPoor
78788,Rubus idaeus,OpenDryPoor
78789,Rubus idaeus,OpenDryPoor
78790,Rubus idaeus,OpenDryPoor
78791,Rubus idaeus,OpenDryPoor
78792,Rubus idaeus,OpenDryPoor
78793,Rubus idaeus,OpenDryPoor
78794,Rubus idaeus,OpenDryPoor
78795,Rubus idaeus,OpenDryPoor
78796,Rubus idaeus,OpenDryPoor
78797,Rubus idaeus,OpenDryPoor
78798,Rubus idaeus,OpenDryPoor
78799,Rubus idaeus,OpenDryPoor
78800,Rubus idaeus,OpenDryPoor
78801,Rubus idaeus,OpenDryPoor
78802,Rubus idaeus,OpenDryPoor
78803,Rubus idaeus,OpenDryPoor
78804,Rubus idaeus,OpenDryPoor
78805,Rubus idaeus,OpenDryPoor
79385,Rubus idaeus,OpenDryPoor
79386,Rubus idaeus,OpenDryPoor
79387,Rubus idaeus,OpenDryPoor
79388,Rubus idaeus,OpenDryPoor
79389,Rubus idaeus,OpenDryPoor
79390,Rubus idaeus,OpenDryPoor
79391,Rubus idaeus,OpenDryPoor
79392,Rubus idaeus,OpenDryPoor
79393,Rubus idaeus,OpenDryPoor
79394,Rubus idaeus,OpenDryPoor
79395,Rubus idaeus,OpenDryPoor
79396,Rubus idaeus,OpenDryPoor
79397,Rubus idaeus,OpenDryPoor
79398,Rubus idaeus,OpenDryPoor
79399,Rubus idaeus,OpenDryPoor
79400,Rubus idaeus,OpenDryPoor
79401,Rubus idaeus,OpenDryPoor
79402,Rubus idaeus,OpenDryPoor
79403,Rubus idaeus,OpenDryPoor
79404,Rubus idaeus,OpenDryPoor
79984,Rubus idaeus,OpenDryPoor
79985,Rubus idaeus,OpenDryPoor
79986,Rubus idaeus,OpenDryPoor
79987,Rubus idaeus,OpenDryPoor
79988,Rubus idaeus,OpenDryPoor
79989,Rubus idaeus,OpenDryPoor
79990,Rubus idaeus,OpenDryPoor
79991,Rubus idaeus,OpenDryPoor
79992,Rubus idaeus,OpenDryPoor
79993,Rubus idaeus,OpenDryPoor
79994,Rubus idaeus,OpenDryPoor
79995,Rubus idaeus,OpenDryPoor
79996,Rubus idaeus,OpenDryPoor
79997,Rubus idaeus,OpenDryPoor
79998,Rubus idaeus,OpenDryPoor
79999,Rubus idaeus,OpenDryPoor
80000,Rubus idaeus,OpenDryPoor
80001,Rubus idaeus,OpenDryPoor
80002,Rubus idaeus,OpenDryPoor
80003,Rubus idaeus,OpenDryPoor
80583,Rubus idaeus,OpenDryPoor
80584,Rubus idaeus,OpenDryPoor
80585,Rubus idaeus,OpenDryPoor
80586,Rubus idaeus,OpenDryPoor
80587,Rubus idaeus,OpenDryPoor
80588,Rubus idaeus,OpenDryPoor
80589,Rubus idaeus,OpenDryPoor
80590,Rubus idaeus,OpenDryPoor
80591,Rubus idaeus,OpenDryPoor
80592,Rubus idaeus,OpenDryPoor
80593,Rubus idaeus,OpenDryPoor
80594,Rubus idaeus,OpenDryPoor
80595,Rubus idaeus,OpenDryPoor
80596,Rubus idaeus,OpenDryPoor
80597,Rubus idaeus,OpenDryPoor
80598,Rubus idaeus,OpenDryPoor
80599,Rubus idaeus,OpenDryPoor
80600,Rubus idaeus,OpenDryPoor
80601,Rubus idaeus,OpenDryPoor
80602,Rubus idaeus,OpenDryPoor
81182,Rubus idaeus,OpenDryPoor
81183,Rubus idaeus,OpenDryPoor
81184,Rubus idaeus,OpenDryPoor
81185,Rubus idaeus,OpenDryPoor
81186,Rubus idaeus,OpenDryPoor
81187,Rubus idaeus,OpenDryPoor
81188,Rubus idaeus,OpenDryPoor
81189,Rubus idaeus,OpenDryPoor
81190,Rubus idaeus,OpenDryPoor
81191,Rubus idaeus,OpenDryPoor
81192,Rubus idaeus,OpenDryPoor
81193,Rubus idaeus,OpenDryPoor
81194,Rubus idaeus,OpenDryPoor
81195,Rubus idaeus,OpenDryPoor
81196,Rubus idaeus,OpenDryPoor
81197,Rubus idaeus,OpenDryPoor
81198,Rubus idaeus,OpenDryPoor
81199,Rubus idaeus,OpenDryPoor
81200,Rubus idaeus,OpenDryPoor
81201,Rubus idaeus,OpenDryPoor
81781,Rubus idaeus,OpenDryPoor
81782,Rubus idaeus,OpenDryPoor
81783,Rubus idaeus,OpenDryPoor
81784,Rubus idaeus,OpenDryPoor
81785,Rubus idaeus,OpenDryPoor
81786,Rubus idaeus,OpenDryPoor
81787,Rubus idaeus,OpenDryPoor
81788,Rubus idaeus,OpenDryPoor
81789,Rubus idaeus,OpenDryPoor
81790,Rubus idaeus,OpenDryPoor
81791,Rubus idaeus,OpenDryPoor
81792,Rubus idaeus,OpenDryPoor
81793,Rubus idaeus,OpenDryPoor
81794,Rubus idaeus,OpenDryPoor
81795,Rubus idaeus,OpenDryPoor
81796,Rubus idaeus,OpenDryPoor
81797,Rubus idaeus,OpenDryPoor
81798,Rubus idaeus,OpenDryPoor
81799,Rubus idaeus,OpenDryPoor
81800,Rubus idaeus,OpenDryPoor
82380,Rubus idaeus,OpenDryPoor
82381,Rubus idaeus,OpenDryPoor
82382,Rubus idaeus,OpenDryPoor
82383,Rubus idaeus,OpenDryPoor
82384,Rubus idaeus,OpenDryPoor
82385,Rubus idaeus,OpenDryPoor
82386,Rubus idaeus,OpenDryPoor
82387,Rubus idaeus,OpenDryPoor
82388,Rubus idaeus,OpenDryPoor
82389,Rubus idaeus,OpenDryPoor
82390,Rubus idaeus,OpenDryPoor
82391,Rubus idaeus,OpenDryPoor
82392,Rubus idaeus,OpenDryPoor
82393,Rubus idaeus,OpenDryPoor
82394,Rubus idaeus,OpenDryPoor
82395,Rubus idaeus,OpenDryPoor
82396,Rubus idaeus,OpenDryPoor
82397,Rubus idaeus,OpenDryPoor
82398,Rubus idaeus,OpenDryPoor
82399,Rubus idaeus,OpenDryPoor
82979,Rubus idaeus,OpenDryPoor
82980,Rubus idaeus,OpenDryPoor
82981,Rubus idaeus,OpenDryPoor
82982,Rubus idaeus,OpenDryPoor
82983,Rubus idaeus,OpenDryPoor
82984,Rubus idaeus,OpenDryPoor
82985,Rubus idaeus,OpenDryPoor
82986,Rubus idaeus,OpenDryPoor
82987,Rubus idaeus,OpenDryPoor
82988,Rubus idaeus,OpenDryPoor
82989,Rubus idaeus,OpenDryPoor
82990,Rubus idaeus,OpenDryPoor
82991,Rubus idaeus,OpenDryPoor
82992,Rubus idaeus,OpenDryPoor
82993,Rubus idaeus,OpenDryPoor
82994,Rubus idaeus,OpenDryPoor
82995,Rubus idaeus,OpenDryPoor
82996,Rubus idaeus,OpenDryPoor
82997,Rubus idaeus,OpenDryPoor
82998,Rubus idaeus,OpenDryPoor
83578,Rubus idaeus,OpenDryPoor
83579,Rubus idaeus,OpenDryPoor
83580,Rubus idaeus,OpenDryPoor
83581,Rubus idaeus,OpenDryPoor
83582,Rubus idaeus,OpenDryPoor
83583,Rubus idaeus,OpenDryPoor
83584,Rubus idaeus,OpenDryPoor
83585,Rubus idaeus,OpenDryPoor
83586,Rubus idaeus,OpenDryPoor
83587,Rubus idaeus,OpenDryPoor
83588,Rubus idaeus,OpenDryPoor
83589,Rubus idaeus,OpenDryPoor
83590,Rubus idaeus,OpenDryPoor
83591,Rubus idaeus,OpenDryPoor
83592,Rubus idaeus,OpenDryPoor
83593,Rubus idaeus,OpenDryPoor
83594,Rubus idaeus,OpenDryPoor
83595,Rubus idaeus,OpenDryPoor
83596,Rubus idaeus,OpenDryPoor
83597,Rubus idaeus,OpenDryPoor
84177,Rubus idaeus,OpenDryPoor
84178,Rubus idaeus,OpenDryPoor
84179,Rubus idaeus,OpenDryPoor
84180,Rubus idaeus,OpenDryPoor
84181,Rubus idaeus,OpenDryPoor
84182,Rubus idaeus,OpenDryPoor
84183,Rubus idaeus,OpenDryPoor
84184,Rubus idaeus,OpenDryPoor
84185,Rubus idaeus,OpenDryPoor
84186,Rubus idaeus,OpenDryPoor
84187,Rubus idaeus,OpenDryPoor
84188,Rubus idaeus,OpenDryPoor
84189,Rubus idaeus,OpenDryPoor
84190,Rubus idaeus,OpenDryPoor
84191,Rubus idaeus,OpenDryPoor
84192,Rubus idaeus,OpenDryPoor
84193,Rubus idaeus,OpenDryPoor
84194,Rubus idaeus,OpenDryPoor
84195,Rubus idaeus,OpenDryPoor
84196,Rubus idaeus,OpenDryPoor
84776,Rubus idaeus,OpenDryPoor
84777,Rubus idaeus,OpenDryPoor
84778,Rubus idaeus,OpenDryPoor
84779,Rubus idaeus,OpenDryPoor
84780,Rubus idaeus,OpenDryPoor
84781,Rubus idaeus,OpenDryPoor
84782,Rubus idaeus,OpenDryPoor
84783,Rubus idaeus,OpenDryPoor
84784,Rubus idaeus,OpenDryPoor
84785,Rubus idaeus,OpenDryPoor
84786,Rubus idaeus,OpenDryPoor
84787,Rubus idaeus,OpenDryPoor
84788,Rubus idaeus,OpenDryPoor
84789,Rubus idaeus,OpenDryPoor
84790,Rubus idaeus,OpenDryPoor
84791,Rubus idaeus,OpenDryPoor
84792,Rubus idaeus,OpenDryPoor
84793,Rubus idaeus,OpenDryPoor
84794,Rubus idaeus,OpenDryPoor
84795,Rubus idaeus,OpenDryPoor
85375,Rubus idaeus,OpenDryPoor
85376,Rubus idaeus,OpenDryPoor
85377,Rubus idaeus,OpenDryPoor
85378,Rubus idaeus,OpenDryPoor
85379,Rubus idaeus,OpenDryPoor
85380,Rubus idaeus,OpenDryPoor
85381,Rubus idaeus,OpenDryPoor
85382,Rubus idaeus,OpenDryPoor
85383,Rubus idaeus,OpenDryPoor
85384,Rubus idaeus,OpenDryPoor
85385,Rubus idaeus,OpenDryPoor
85386,Rubus idaeus,OpenDryPoor
85387,Rubus idaeus,OpenDryPoor
85388,Rubus idaeus,OpenDryPoor
85389,Rubus idaeus,OpenDryPoor
85390,Rubus idaeus,OpenDryPoor
85391,Rubus idaeus,OpenDryPoor
85392,Rubus idaeus,OpenDryPoor
85393,Rubus idaeus,OpenDryPoor
85394,Rubus idaeus,OpenDryPoor
85974,Rubus idaeus,OpenDryPoor
85975,Rubus idaeus,OpenDryPoor
85976,Rubus idaeus,OpenDryPoor
85977,Rubus idaeus,OpenDryPoor
85978,Rubus idaeus,OpenDryPoor
85979,Rubus idaeus,OpenDryPoor
85980,Rubus idaeus,OpenDryPoor
85981,Rubus idaeus,OpenDryPoor
85982,Rubus idaeus,OpenDryPoor
85983,Rubus idaeus,OpenDryPoor
85984,Rubus idaeus,OpenDryPoor
85985,Rubus idaeus,OpenDryPoor
85986,Rubus idaeus,OpenDryPoor
85987,Rubus idaeus,OpenDryPoor
85988,Rubus idaeus,OpenDryPoor
85989,Rubus idaeus,OpenDryPoor
85990,Rubus idaeus,OpenDryPoor
85991,Rubus idaeus,OpenDryPoor
85992,Rubus idaeus,OpenDryPoor
85993,Rubus idaeus,OpenDryPoor
86553,Rubus idaeus,OpenDryPoor
86554,Rubus idaeus,OpenDryPoor
86555,Rubus idaeus,OpenDryPoor
86556,Rubus idaeus,OpenDryPoor
86557,Rubus idaeus,OpenDryPoor
86558,Rubus idaeus,OpenDryPoor
86559,Rubus idaeus,OpenDryPoor
86560,Rubus idaeus,OpenDryPoor
86561,Rubus idaeus,OpenDryPoor
86562,Rubus idaeus,OpenDryPoor
86563,Rubus idaeus,OpenDryPoor
86564,Rubus idaeus,OpenDryPoor
86565,Rubus idaeus,OpenDryPoor
86566,Rubus idaeus,OpenDryPoor
86567,Rubus idaeus,OpenDryPoor
86568,Rubus idaeus,OpenDryPoor
86569,Rubus idaeus,OpenDryPoor
86570,Rubus idaeus,OpenDryPoor
86571,Rubus idaeus,OpenDryPoor
86572,Rubus idaeus,OpenDryPoor
86573,Rubus idaeus,OpenDryPoor
86574,Rubus idaeus,OpenDryPoor
86575,Rubus idaeus,OpenDryPoor
86576,Rubus idaeus,OpenDryPoor
86577,Rubus idaeus,OpenDryPoor
86578,Rubus idaeus,OpenDryPoor
86579,Rubus idaeus,OpenDryPoor
86580,Rubus idaeus,OpenDryPoor
86581,Rubus idaeus,OpenDryPoor
86582,Rubus idaeus,OpenDryPoor
86583,Rubus idaeus,OpenDryPoor
86584,Rubus idaeus,OpenDryPoor
86585,Rubus idaeus,OpenDryPoor
86586,Rubus idaeus,OpenDryPoor
86587,Rubus idaeus,OpenDryPoor
86588,Rubus idaeus,OpenDryPoor
86589,Rubus idaeus,OpenDryPoor
86590,Rubus idaeus,OpenDryPoor
86591,Rubus idaeus,OpenDryPoor
86592,Rubus idaeus,OpenDryPoor
86593,Rubus idaeus,OpenDryPoor
86594,Rubus idaeus,OpenDryPoor
86595,Rubus idaeus,OpenDryPoor
86596,Rubus idaeus,OpenDryPoor
86597,Rubus idaeus,OpenDryPoor
86598,Rubus idaeus,OpenDryPoor
86599,Rubus idaeus,OpenDryPoor
86600,Rubus idaeus,OpenDryPoor
86601,Rubus idaeus,OpenDryPoor
86602,Rubus idaeus,OpenDryPoor
86603,Rubus idaeus,OpenDryPoor
86604,Rubus idaeus,OpenDryPoor
86605,Rubus idaeus,OpenDryPoor
86606,Rubus idaeus,OpenDryPoor
86607,Rubus idaeus,OpenDryPoor
86608,Rubus idaeus,OpenDryPoor
86609,Rubus idaeus,OpenDryPoor
86610,Rubus idaeus,OpenDryPoor
86611,Rubus idaeus,OpenDryPoor
86612,Rubus idaeus,OpenDryPoor
87153,Rubus idaeus,OpenDryPoor
87154,Rubus idaeus,OpenDryPoor
87155,Rubus idaeus,OpenDryPoor
87156,Rubus idaeus,OpenDryPoor
87157,Rubus idaeus,OpenDryPoor
87158,Rubus idaeus,OpenDryPoor
87159,Rubus idaeus,OpenDryPoor
87160,Rubus idaeus,OpenDryPoor
87161,Rubus idaeus,OpenDryPoor
87162,Rubus idaeus,OpenDryPoor
87163,Rubus idaeus,OpenDryPoor
87164,Rubus idaeus,OpenDryPoor
87165,Rubus idaeus,OpenDryPoor
87166,Rubus idaeus,OpenDryPoor
87167,Rubus idaeus,OpenDryPoor
87168,Rubus idaeus,OpenDryPoor
87169,Rubus idaeus,OpenDryPoor
87170,Rubus idaeus,OpenDryPoor
87171,Rubus idaeus,OpenDryPoor
87172,Rubus idaeus,OpenDryPoor
87173,Rubus idaeus,OpenDryPoor
87174,Rubus idaeus,OpenDryPoor
87175,Rubus idaeus,OpenDryPoor
87176,Rubus idaeus,OpenDryPoor
87177,Rubus idaeus,OpenDryPoor
87178,Rubus idaeus,OpenDryPoor
87179,Rubus idaeus,OpenDryPoor
87180,Rubus idaeus,OpenDryPoor
87181,Rubus idaeus,OpenDryPoor
87182,Rubus idaeus,OpenDryPoor
87183,Rubus idaeus,OpenDryPoor
87184,Rubus idaeus,OpenDryPoor
87185,Rubus idaeus,OpenDryPoor
87186,Rubus idaeus,OpenDryPoor
87187,Rubus idaeus,OpenDryPoor
87188,Rubus idaeus,OpenDryPoor
87189,Rubus idaeus,OpenDryPoor
87190,Rubus idaeus,OpenDryPoor
87191,Rubus idaeus,OpenDryPoor
87192,Rubus idaeus,OpenDryPoor
87193,Rubus idaeus,OpenDryPoor
87194,Rubus idaeus,OpenDryPoor
87195,Rubus idaeus,OpenDryPoor
87196,Rubus idaeus,OpenDryPoor
87197,Rubus idaeus,OpenDryPoor
87198,Rubus idaeus,OpenDryPoor
87199,Rubus idaeus,OpenDryPoor
87200,Rubus idaeus,OpenDryPoor
87201,Rubus idaeus,OpenDryPoor
87202,Rubus idaeus,OpenDryPoor
87203,Rubus idaeus,OpenDryPoor
87204,Rubus idaeus,OpenDryPoor
87205,Rubus idaeus,OpenDryPoor
87206,Rubus idaeus,OpenDryPoor
87207,Rubus idaeus,OpenDryPoor
87208,Rubus idaeus,OpenDryPoor
87209,Rubus idaeus,OpenDryPoor
87754,Rubus idaeus,OpenDryPoor
87755,Rubus idaeus,OpenDryPoor
87756,Rubus idaeus,OpenDryPoor
87757,Rubus idaeus,OpenDryPoor
87758,Rubus idaeus,OpenDryPoor
87759,Rubus idaeus,OpenDryPoor
87760,Rubus idaeus,OpenDryPoor
87761,Rubus idaeus,OpenDryPoor
87762,Rubus idaeus,OpenDryPoor
87763,Rubus idaeus,OpenDryPoor
87764,Rubus idaeus,OpenDryPoor
87765,Rubus idaeus,OpenDryPoor
87766,Rubus idaeus,OpenDryPoor
87767,Rubus idaeus,OpenDryPoor
87768,Rubus idaeus,OpenDryPoor
87769,Rubus idaeus,OpenDryPoor
87770,Rubus idaeus,OpenDryPoor
87771,Rubus idaeus,OpenDryPoor
87772,Rubus idaeus,OpenDryPoor
87773,Rubus idaeus,OpenDryPoor
87774,Rubus idaeus,OpenDryPoor
87775,Rubus idaeus,OpenDryPoor
87776,Rubus idaeus,OpenDryPoor
87777,Rubus idaeus,OpenDryPoor
87778,Rubus idaeus,OpenDryPoor
87779,Rubus idaeus,OpenDryPoor
87780,Rubus idaeus,OpenDryPoor
87781,Rubus idaeus,OpenDryPoor
87782,Rubus idaeus,OpenDryPoor
87783,Rubus idaeus,OpenDryPoor
87784,Rubus idaeus,OpenDryPoor
87785,Rubus idaeus,OpenDryPoor
87786,Rubus idaeus,OpenDryPoor
87787,Rubus idaeus,OpenDryPoor
87788,Rubus idaeus,OpenDryPoor
87789,Rubus idaeus,OpenDryPoor
87790,Rubus idaeus,OpenDryPoor
87791,Rubus idaeus,OpenDryPoor
87792,Rubus idaeus,OpenDryPoor
87793,Rubus idaeus,OpenDryPoor
87794,Rubus idaeus,OpenDryPoor
87795,Rubus idaeus,OpenDryPoor
87796,Rubus idaeus,OpenDryPoor
87797,Rubus idaeus,OpenDryPoor
87798,Rubus idaeus,OpenDryPoor
87799,Rubus idaeus,OpenDryPoor
87800,Rubus idaeus,OpenDryPoor
87801,Rubus idaeus,OpenDryPoor
87802,Rubus idaeus,OpenDryPoor
87803,Rubus idaeus,OpenDryPoor
87804,Rubus idaeus,OpenDryPoor
87805,Rubus idaeus,OpenDryPoor
87806,Rubus idaeus,OpenDryPoor
88354,Rubus idaeus,OpenDryPoor
88355,Rubus idaeus,OpenDryPoor
88356,Rubus idaeus,OpenDryPoor
88357,Rubus idaeus,OpenDryPoor
88358,Rubus idaeus,OpenDryPoor
88359,Rubus idaeus,OpenDryPoor
88360,Rubus idaeus,OpenDryPoor
88361,Rubus idaeus,OpenDryPoor
88362,Rubus idaeus,OpenDryPoor
88363,Rubus idaeus,OpenDryPoor
88364,Rubus idaeus,OpenDryPoor
88365,Rubus idaeus,OpenDryPoor
88366,Rubus idaeus,OpenDryPoor
88367,Rubus idaeus,OpenDryPoor
88368,Rubus idaeus,OpenDryPoor
88369,Rubus idaeus,OpenDryPoor
88370,Rubus idaeus,OpenDryPoor
88371,Rubus idaeus,OpenDryPoor
88372,Rubus idaeus,OpenDryPoor
88373,Rubus idaeus,OpenDryPoor
88374,Rubus idaeus,OpenDryPoor
88375,Rubus idaeus,OpenDryPoor
88376,Rubus idaeus,OpenDryPoor
88377,Rubus idaeus,OpenDryPoor
88378,Rubus idaeus,OpenDryPoor
88379,Rubus idaeus,OpenDryPoor
88380,Rubus idaeus,OpenDryPoor
88381,Rubus idaeus,OpenDryPoor
88382,Rubus idaeus,OpenDryPoor
88383,Rubus idaeus,OpenDryPoor
88384,Rubus idaeus,OpenDryPoor
88385,Rubus idaeus,OpenDryPoor
88386,Rubus idaeus,OpenDryPoor
88387,Rubus idaeus,OpenDryPoor
88388,Rubus idaeus,OpenDryPoor
88389,Rubus idaeus,OpenDryPoor
88390,Rubus idaeus,OpenDryPoor
88391,Rubus idaeus,OpenDryPoor
88392,Rubus idaeus,OpenDryPoor
88393,Rubus idaeus,OpenDryPoor
88394,Rubus idaeus,OpenDryPoor
88395,Rubus idaeus,OpenDryPoor
88396,Rubus idaeus,OpenDryPoor
88397,Rubus idaeus,OpenDryPoor
88398,Rubus idaeus,OpenDryPoor
88399,Rubus idaeus,OpenDryPoor
88400,Rubus idaeus,OpenDryPoor
88401,Rubus idaeus,OpenDryPoor
88402,Rubus idaeus,OpenDryPoor
88403,Rubus idaeus,OpenDryPoor
88404,Rubus idaeus,OpenDryPoor
88955,Rubus idaeus,OpenDryPoor
88956,Rubus idaeus,OpenDryPoor
88957,Rubus idaeus,OpenDryPoor
88958,Rubus idaeus,OpenDryPoor
88959,Rubus idaeus,OpenDryPoor
88960,Rubus idaeus,OpenDryPoor
88961,Rubus idaeus,OpenDryPoor
88962,Rubus idaeus,OpenDryPoor
88963,Rubus idaeus,OpenDryPoor
88964,Rubus idaeus,OpenDryPoor
88965,Rubus idaeus,OpenDryPoor
88966,Rubus idaeus,OpenDryPoor
88967,Rubus idaeus,OpenDryPoor
88968,Rubus idaeus,OpenDryPoor
88969,Rubus idaeus,OpenDryPoor
88970,Rubus idaeus,OpenDryPoor
88971,Rubus idaeus,OpenDryPoor
88972,Rubus idaeus,OpenDryPoor
88973,Rubus idaeus,OpenDryPoor
88974,Rubus idaeus,OpenDryPoor
88975,Rubus idaeus,OpenDryPoor
88976,Rubus idaeus,OpenDryPoor
88977,Rubus idaeus,OpenDryPoor
88978,Rubus idaeus,OpenDryPoor
88979,Rubus idaeus,OpenDryPoor
88980,Rubus idaeus,OpenDryPoor
88981,Rubus idaeus,OpenDryPoor
88982,Rubus idaeus,OpenDryPoor
88983,Rubus idaeus,OpenDryPoor
88984,Rubus idaeus,OpenDryPoor
88985,Rubus idaeus,OpenDryPoor
88986,Rubus idaeus,OpenDryPoor
88987,Rubus idaeus,OpenDryPoor
88988,Rubus idaeus,OpenDryPoor
88989,Rubus idaeus,OpenDryPoor
88990,Rubus idaeus,OpenDryPoor
88991,Rubus idaeus,OpenDryPoor
88992,Rubus idaeus,OpenDryPoor
88993,Rubus idaeus,OpenDryPoor
88994,Rubus idaeus,OpenDryPoor
88995,Rubus idaeus,OpenDryPoor
88996,Rubus idaeus,OpenDryPoor
88997,Rubus idaeus,OpenDryPoor
88998,Rubus idaeus,OpenDryPoor
88999,Rubus idaeus,OpenDryPoor
89000,Rubus idaeus,OpenDryPoor
89001,Rubus idaeus,OpenDryPoor
89556,Rubus idaeus,OpenDryPoor
89557,Rubus idaeus,OpenDryPoor
89558,Rubus idaeus,OpenDryPoor
89559,Rubus idaeus,OpenDryPoor
89560,Rubus idaeus,OpenDryPoor
89561,Rubus idaeus,OpenDryPoor
89562,Rubus idaeus,OpenDryPoor
89563,Rubus idaeus,OpenDryPoor
89564,Rubus idaeus,OpenDryPoor
89565,Rubus idaeus,OpenDryPoor
89566,Rubus idaeus,OpenDryPoor
89567,Rubus idaeus,OpenDryPoor
89568,Rubus idaeus,OpenDryPoor
89569,Rubus idaeus,OpenDryPoor
89570,Rubus idaeus,OpenDryPoor
89571,Rubus idaeus,OpenDryPoor
89572,Rubus idaeus,OpenDryPoor
89573,Rubus idaeus,OpenDryPoor
89574,Rubus idaeus,OpenDryPoor
89575,Rubus idaeus,OpenDryPoor
89576,Rubus idaeus,OpenDryPoor
89577,Rubus idaeus,OpenDryPoor
89578,Rubus idaeus,OpenDryPoor
89579,Rubus idaeus,OpenDryPoor
89580,Rubus idaeus,OpenDryPoor
89581,Rubus idaeus,OpenDryPoor
89582,Rubus idaeus,OpenDryPoor
89583,Rubus idaeus,OpenDryPoor
89584,Rubus idaeus,OpenDryPoor
89585,Rubus idaeus,OpenDryPoor
89586,Rubus idaeus,OpenDryPoor
89587,Rubus idaeus,OpenDryPoor
89588,Rubus idaeus,OpenDryPoor
89589,Rubus idaeus,OpenDryPoor
89590,Rubus idaeus,OpenDryPoor
89591,Rubus idaeus,OpenDryPoor
89592,Rubus idaeus,OpenDryPoor
89593,Rubus idaeus,OpenDryPoor
89594,Rubus idaeus,OpenDryPoor
89595,Rubus idaeus,OpenDryPoor
89596,Rubus idaeus,OpenDryPoor
89597,Rubus idaeus,OpenDryPoor
89598,Rubus idaeus,OpenDryPoor
90157,Rubus idaeus,OpenDryPoor
90158,Rubus idaeus,OpenDryPoor
90159,Rubus idaeus,OpenDryPoor
90160,Rubus idaeus,OpenDryPoor
90161,Rubus idaeus,OpenDryPoor
90162,Rubus idaeus,OpenDryPoor
90163,Rubus idaeus,OpenDryPoor
90164,Rubus idaeus,OpenDryPoor
90165,Rubus idaeus,OpenDryPoor
90166,Rubus idaeus,OpenDryPoor
90167,Rubus idaeus,OpenDryPoor
90168,Rubus idaeus,OpenDryPoor
90169,Rubus idaeus,OpenDryPoor
90170,Rubus idaeus,OpenDryPoor
90171,Rubus idaeus,OpenDryPoor
90172,Rubus idaeus,OpenDryPoor
90173,Rubus idaeus,OpenDryPoor
90174,Rubus idaeus,OpenDryPoor
90175,Rubus idaeus,OpenDryPoor
90176,Rubus idaeus,OpenDryPoor
90177,Rubus idaeus,OpenDryPoor
90178,Rubus idaeus,OpenDryPoor
90179,Rubus idaeus,OpenDryPoor
90180,Rubus idaeus,OpenDryPoor
90181,Rubus idaeus,OpenDryPoor
90182,Rubus idaeus,OpenDryPoor
90183,Rubus idaeus,OpenDryPoor
90184,Rubus idaeus,OpenDryPoor
90185,Rubus idaeus,OpenDryPoor
90186,Rubus idaeus,OpenDryPoor
90187,Rubus idaeus,OpenDryPoor
90188,Rubus idaeus,OpenDryPoor
90189,Rubus idaeus,OpenDryPoor
90190,Rubus idaeus,OpenDryPoor
90191,Rubus idaeus,OpenDryPoor
90192,Rubus idaeus,OpenDryPoor
90193,Rubus idaeus,OpenDryPoor
90194,Rubus idaeus,OpenDryPoor
90195,Rubus idaeus,OpenDryPoor
90759,Rubus idaeus,OpenDryPoor
90760,Rubus idaeus,OpenDryPoor
90761,Rubus idaeus,OpenDryPoor
90762,Rubus idaeus,OpenDryPoor
90763,Rubus idaeus,OpenDryPoor
90764,Rubus idaeus,OpenDryPoor
90765,Rubus idaeus,OpenDryPoor
90766,Rubus idaeus,OpenDryPoor
90767,Rubus idaeus,OpenDryPoor
90768,Rubus idaeus,OpenDryPoor
90769,Rubus idaeus,OpenDryPoor
90770,Rubus idaeus,OpenDryPoor
90771,Rubus idaeus,OpenDryPoor
90772,Rubus idaeus,OpenDryPoor
90773,Rubus idaeus,OpenDryPoor
90774,Rubus idaeus,OpenDryPoor
90775,Rubus idaeus,OpenDryPoor
90776,Rubus idaeus,OpenDryPoor
90777,Rubus idaeus,OpenDryPoor
90778,Rubus idaeus,OpenDryPoor
90779,Rubus idaeus,OpenDryPoor
90780,Rubus idaeus,OpenDryPoor
90781,Rubus idaeus,OpenDryPoor
90782,Rubus idaeus,OpenDryPoor
90783,Rubus idaeus,OpenDryPoor
90784,Rubus idaeus,OpenDryPoor
90785,Rubus idaeus,OpenDryPoor
90786,Rubus idaeus,OpenDryPoor
90787,Rubus idaeus,OpenDryPoor
90788,Rubus idaeus,OpenDryPoor
90789,Rubus idaeus,OpenDryPoor
90790,Rubus idaeus,OpenDryPoor
90791,Rubus idaeus,OpenDryPoor
91361,Rubus idaeus,OpenDryPoor
91362,Rubus idaeus,OpenDryPoor
91363,Rubus idaeus,OpenDryPoor
91364,Rubus idaeus,OpenDryPoor
91365,Rubus idaeus,OpenDryPoor
91366,Rubus idaeus,OpenDryPoor
91367,Rubus idaeus,OpenDryPoor
91368,Rubus idaeus,OpenDryPoor
91369,Rubus idaeus,OpenDryPoor
91370,Rubus idaeus,OpenDryPoor
91371,Rubus idaeus,OpenDryPoor
91372,Rubus idaeus,OpenDryPoor
91373,Rubus idaeus,OpenDryPoor
91374,Rubus idaeus,OpenDryPoor
91375,Rubus idaeus,OpenDryPoor
91376,Rubus idaeus,OpenDryPoor
91377,Rubus idaeus,OpenDryPoor
91378,Rubus idaeus,OpenDryPoor
91379,Rubus idaeus,OpenDryPoor
91380,Rubus idaeus,OpenDryPoor
91381,Rubus idaeus,OpenDryPoor
91382,Rubus idaeus,OpenDryPoor
91383,Rubus idaeus,OpenDryPoor
91384,Rubus idaeus,OpenDryPoor
91385,Rubus idaeus,OpenDryPoor
91386,Rubus idaeus,OpenDryPoor
91387,Rubus idaeus,OpenDryPoor
91964,Rubus idaeus,OpenDryPoor
91965,Rubus idaeus,OpenDryPoor
91966,Rubus idaeus,OpenDryPoor
91967,Rubus idaeus,OpenDryPoor
91968,Rubus idaeus,OpenDryPoor
91969,Rubus idaeus,OpenDryPoor
91970,Rubus idaeus,OpenDryPoor
91971,Rubus idaeus,OpenDryPoor
91972,Rubus idaeus,OpenDryPoor
91973,Rubus idaeus,OpenDryPoor
91974,Rubus idaeus,OpenDryPoor
91975,Rubus idaeus,OpenDryPoor
91976,Rubus idaeus,OpenDryPoor
91977,Rubus idaeus,OpenDryPoor
91978,Rubus idaeus,OpenDryPoor
91979,Rubus idaeus,OpenDryPoor
91980,Rubus idaeus,OpenDryPoor
91981,Rubus idaeus,OpenDryPoor
91982,Rubus idaeus,OpenDryPoor
182453,Rubus idaeus,OpenDryPoor
182454,Rubus idaeus,OpenDryPoor
182455,Rubus idaeus,OpenDryPoor
182456,Rubus idaeus,OpenDryPoor
182457,Rubus idaeus,OpenDryPoor
182458,Rubus idaeus,OpenDryPoor
182459,Rubus idaeus,OpenDryPoor
182460,Rubus idaeus,OpenDryPoor
182461,Rubus idaeus,OpenDryPoor
183052,Rubus idaeus,OpenDryPoor
183053,Rubus idaeus,OpenDryPoor
183054,Rubus idaeus,OpenDryPoor
183055,Rubus idaeus,OpenDryPoor
183056,Rubus idaeus,OpenDryPoor
183057,Rubus idaeus,OpenDryPoor
183058,Rubus idaeus,OpenDryPoor
183059,Rubus idaeus,OpenDryPoor
183060,Rubus idaeus,OpenDryPoor
183651,Rubus idaeus,OpenDryPoor
183652,Rubus idaeus,OpenDryPoor
183653,Rubus idaeus,OpenDryPoor
183654,Rubus idaeus,OpenDryPoor
183655,Rubus idaeus,OpenDryPoor
183656,Rubus idaeus,OpenDryPoor
183657,Rubus idaeus,OpenDryPoor
183658,Rubus idaeus,OpenDryPoor
183659,Rubus idaeus,OpenDryPoor
184250,Rubus idaeus,OpenDryPoor
184251,Rubus idaeus,OpenDryPoor
184252,Rubus idaeus,OpenDryPoor
184253,Rubus idaeus,OpenDryPoor
184254,Rubus idaeus,OpenDryPoor
184255,Rubus idaeus,OpenDryPoor
184256,Rubus idaeus,OpenDryPoor
184257,Rubus idaeus,OpenDryPoor
184258,Rubus idaeus,OpenDryPoor
184849,Rubus idaeus,OpenDryPoor
184850,Rubus idaeus,OpenDryPoor
184851,Rubus idaeus,OpenDryPoor
184852,Rubus idaeus,OpenDryPoor
184853,Rubus idaeus,OpenDryPoor
184854,Rubus idaeus,OpenDryPoor
184855,Rubus idaeus,OpenDryPoor
184856,Rubus idaeus,OpenDryPoor
184857,Rubus idaeus,OpenDryPoor
185448,Rubus idaeus,OpenDryPoor
185449,Rubus idaeus,OpenDryPoor
185450,Rubus idaeus,OpenDryPoor
185451,Rubus idaeus,OpenDryPoor
185452,Rubus idaeus,OpenDryPoor
185453,Rubus idaeus,OpenDryPoor
185454,Rubus idaeus,OpenDryPoor
185455,Rubus idaeus,OpenDryPoor
185456,Rubus idaeus,OpenDryPoor
186047,Rubus idaeus,OpenDryPoor
186048,Rubus idaeus,OpenDryPoor
186049,Rubus idaeus,OpenDryPoor
186050,Rubus idaeus,OpenDryPoor
186051,Rubus idaeus,OpenDryPoor
186052,Rubus idaeus,OpenDryPoor
186053,Rubus idaeus,OpenDryPoor
186054,Rubus idaeus,OpenDryPoor
186055,Rubus idaeus,OpenDryPoor
186646,Rubus idaeus,OpenDryPoor
186647,Rubus idaeus,OpenDryPoor
186648,Rubus idaeus,OpenDryPoor
186649,Rubus idaeus,OpenDryPoor
186650,Rubus idaeus,OpenDryPoor
186651,Rubus idaeus,OpenDryPoor
186652,Rubus idaeus,OpenDryPoor
186653,Rubus idaeus,OpenDryPoor
186654,Rubus idaeus,OpenDryPoor
187245,Rubus idaeus,OpenDryPoor
187246,Rubus idaeus,OpenDryPoor
187247,Rubus idaeus,OpenDryPoor
187248,Rubus idaeus,OpenDryPoor
187249,Rubus idaeus,OpenDryPoor
187250,Rubus idaeus,OpenDryPoor
187251,Rubus idaeus,OpenDryPoor
187252,Rubus idaeus,OpenDryPoor
187253,Rubus idaeus,OpenDryPoor
187844,Rubus idaeus,OpenDryPoor
187845,Rubus idaeus,OpenDryPoor
187846,Rubus idaeus,OpenDryPoor
187847,Rubus idaeus,OpenDryPoor
187848,Rubus idaeus,OpenDryPoor
187849,Rubus idaeus,OpenDryPoor
187850,Rubus idaeus,OpenDryPoor
187851,Rubus idaeus,OpenDryPoor
187852,Rubus idaeus,OpenDryPoor
188443,Rubus idaeus,OpenDryPoor
188444,Rubus idaeus,OpenDryPoor
188445,Rubus idaeus,OpenDryPoor
188446,Rubus idaeus,OpenDryPoor
188447,Rubus idaeus,OpenDryPoor
188448,Rubus idaeus,OpenDryPoor
188449,Rubus idaeus,OpenDryPoor
188450,Rubus idaeus,OpenDryPoor
188451,Rubus idaeus,OpenDryPoor
189042,Rubus idaeus,OpenDryPoor
189043,Rubus idaeus,OpenDryPoor
189044,Rubus idaeus,OpenDryPoor
189045,Rubus idaeus,OpenDryPoor
189046,Rubus idaeus,OpenDryPoor
189047,Rubus idaeus,OpenDryPoor
189048,Rubus idaeus,OpenDryPoor
189049,Rubus idaeus,OpenDryPoor
189050,Rubus idaeus,OpenDryPoor
189641,Rubus idaeus,OpenDryPoor
189642,Rubus idaeus,OpenDryPoor
189643,Rubus idaeus,OpenDryPoor
189644,Rubus idaeus,OpenDryPoor
189645,Rubus idaeus,OpenDryPoor
189646,Rubus idaeus,OpenDryPoor
189647,Rubus idaeus,OpenDryPoor
189648,Rubus idaeus,OpenDryPoor
189649,Rubus idaeus,OpenDryPoor
190240,Rubus idaeus,OpenDryPoor
190241,Rubus idaeus,OpenDryPoor
190242,Rubus idaeus,OpenDryPoor
190243,Rubus idaeus,OpenDryPoor
190244,Rubus idaeus,OpenDryPoor
190245,Rubus idaeus,OpenDryPoor
190246,Rubus idaeus,OpenDryPoor
190247,Rubus idaeus,OpenDryPoor
190248,Rubus idaeus,OpenDryPoor
190839,Rubus idaeus,OpenDryPoor
190840,Rubus idaeus,OpenDryPoor
190841,Rubus idaeus,OpenDryPoor
190842,Rubus idaeus,OpenDryPoor
190843,Rubus idaeus,OpenDryPoor
190844,Rubus idaeus,OpenDryPoor
190845,Rubus idaeus,OpenDryPoor
190846,Rubus idaeus,OpenDryPoor
190847,Rubus idaeus,OpenDryPoor
191438,Rubus idaeus,OpenDryPoor
191439,Rubus idaeus,OpenDryPoor
191440,Rubus idaeus,OpenDryPoor
191441,Rubus idaeus,OpenDryPoor
191442,Rubus idaeus,OpenDryPoor
191443,Rubus idaeus,OpenDryPoor
191444,Rubus idaeus,OpenDryPoor
191445,Rubus idaeus,OpenDryPoor
191446,Rubus idaeus,OpenDryPoor
192037,Rubus idaeus,OpenDryPoor
192038,Rubus idaeus,OpenDryPoor
192039,Rubus idaeus,OpenDryPoor
192040,Rubus idaeus,OpenDryPoor
192041,Rubus idaeus,OpenDryPoor
192042,Rubus idaeus,OpenDryPoor
192043,Rubus idaeus,OpenDryPoor
192044,Rubus idaeus,OpenDryPoor
192045,Rubus idaeus,OpenDryPoor
192636,Rubus idaeus,OpenDryPoor
192637,Rubus idaeus,OpenDryPoor
192638,Rubus idaeus,OpenDryPoor
192639,Rubus idaeus,OpenDryPoor
192640,Rubus idaeus,OpenDryPoor
192641,Rubus idaeus,OpenDryPoor
192642,Rubus idaeus,OpenDryPoor
192643,Rubus idaeus,OpenDryPoor
193235,Rubus idaeus,OpenDryPoor
193236,Rubus idaeus,OpenDryPoor
193237,Rubus idaeus,OpenDryPoor
193238,Rubus idaeus,OpenDryPoor
193239,Rubus idaeus,OpenDryPoor
193240,Rubus idaeus,OpenDryPoor
193241,Rubus idaeus,OpenDryPoor
193242,Rubus idaeus,OpenDryPoor
193834,Rubus idaeus,OpenDryPoor
193835,Rubus idaeus,OpenDryPoor
193836,Rubus idaeus,OpenDryPoor
193837,Rubus idaeus,OpenDryPoor
193838,Rubus idaeus,OpenDryPoor
193839,Rubus idaeus,OpenDryPoor
193840,Rubus idaeus,OpenDryPoor
193841,Rubus idaeus,OpenDryPoor
107548,Rubus idaeus,OpenDryPoor
107549,Rubus idaeus,OpenDryPoor
107550,Rubus idaeus,OpenDryPoor
107551,Rubus idaeus,OpenDryPoor
107552,Rubus idaeus,OpenDryPoor
107553,Rubus idaeus,OpenDryPoor
107554,Rubus idaeus,OpenDryPoor
107555,Rubus idaeus,OpenDryPoor
107556,Rubus idaeus,OpenDryPoor
107557,Rubus idaeus,OpenDryPoor
107558,Rubus idaeus,OpenDryPoor
107559,Rubus idaeus,OpenDryPoor
108142,Rubus idaeus,OpenDryPoor
108143,Rubus idaeus,OpenDryPoor
108144,Rubus idaeus,OpenDryPoor
108145,Rubus idaeus,OpenDryPoor
108146,Rubus idaeus,OpenDryPoor
108147,Rubus idaeus,OpenDryPoor
108148,Rubus idaeus,OpenDryPoor
108149,Rubus idaeus,OpenDryPoor
108150,Rubus idaeus,OpenDryPoor
108151,Rubus idaeus,OpenDryPoor
108152,Rubus idaeus,OpenDryPoor
108153,Rubus idaeus,OpenDryPoor
108154,Rubus idaeus,OpenDryPoor
108155,Rubus idaeus,OpenDryPoor
108156,Rubus idaeus,OpenDryPoor
108157,Rubus idaeus,OpenDryPoor
108158,Rubus idaeus,OpenDryPoor
108159,Rubus idaeus,OpenDryPoor
108160,Rubus idaeus,OpenDryPoor
108161,Rubus idaeus,OpenDryPoor
108162,Rubus idaeus,OpenDryPoor
108163,Rubus idaeus,OpenDryPoor
108737,Rubus idaeus,OpenDryPoor
108738,Rubus idaeus,OpenDryPoor
108739,Rubus idaeus,OpenDryPoor
108740,Rubus idaeus,OpenDryPoor
108741,Rubus idaeus,OpenDryPoor
108742,Rubus idaeus,OpenDryPoor
108743,Rubus idaeus,OpenDryPoor
108744,Rubus idaeus,OpenDryPoor
108745,Rubus idaeus,OpenDryPoor
108746,Rubus idaeus,OpenDryPoor
108747,Rubus idaeus,OpenDryPoor
108748,Rubus idaeus,OpenDryPoor
108749,Rubus idaeus,OpenDryPoor
108750,Rubus idaeus,OpenDryPoor
108751,Rubus idaeus,OpenDryPoor
108752,Rubus idaeus,OpenDryPoor
108753,Rubus idaeus,OpenDryPoor
108754,Rubus idaeus,OpenDryPoor
108755,Rubus idaeus,OpenDryPoor
108756,Rubus idaeus,OpenDryPoor
108757,Rubus idaeus,OpenDryPoor
108758,Rubus idaeus,OpenDryPoor
108759,Rubus idaeus,OpenDryPoor
108760,Rubus idaeus,OpenDryPoor
108761,Rubus idaeus,OpenDryPoor
108762,Rubus idaeus,OpenDryPoor
108763,Rubus idaeus,OpenDryPoor
108764,Rubus idaeus,OpenDryPoor
108765,Rubus idaeus,OpenDryPoor
108766,Rubus idaeus,OpenDryPoor
108767,Rubus idaeus,OpenDryPoor
109335,Rubus idaeus,OpenDryPoor
109336,Rubus idaeus,OpenDryPoor
109337,Rubus idaeus,OpenDryPoor
109338,Rubus idaeus,OpenDryPoor
109339,Rubus idaeus,OpenDryPoor
109340,Rubus idaeus,OpenDryPoor
109341,Rubus idaeus,OpenDryPoor
109342,Rubus idaeus,OpenDryPoor
109343,Rubus idaeus,OpenDryPoor
109344,Rubus idaeus,OpenDryPoor
109345,Rubus idaeus,OpenDryPoor
109346,Rubus idaeus,OpenDryPoor
109347,Rubus idaeus,OpenDryPoor
109348,Rubus idaeus,OpenDryPoor
109349,Rubus idaeus,OpenDryPoor
109350,Rubus idaeus,OpenDryPoor
109351,Rubus idaeus,OpenDryPoor
109352,Rubus idaeus,OpenDryPoor
109353,Rubus idaeus,OpenDryPoor
109354,Rubus idaeus,OpenDryPoor
109355,Rubus idaeus,OpenDryPoor
109356,Rubus idaeus,OpenDryPoor
109357,Rubus idaeus,OpenDryPoor
109358,Rubus idaeus,OpenDryPoor
109359,Rubus idaeus,OpenDryPoor
109360,Rubus idaeus,OpenDryPoor
109361,Rubus idaeus,OpenDryPoor
109362,Rubus idaeus,OpenDryPoor
109363,Rubus idaeus,OpenDryPoor
109364,Rubus idaeus,OpenDryPoor
109365,Rubus idaeus,OpenDryPoor
109366,Rubus idaeus,OpenDryPoor
109367,Rubus idaeus,OpenDryPoor
109368,Rubus idaeus,OpenDryPoor
109934,Rubus idaeus,OpenDryPoor
109935,Rubus idaeus,OpenDryPoor
109936,Rubus idaeus,OpenDryPoor
109937,Rubus idaeus,OpenDryPoor
109938,Rubus idaeus,OpenDryPoor
109939,Rubus idaeus,OpenDryPoor
109940,Rubus idaeus,OpenDryPoor
109941,Rubus idaeus,OpenDryPoor
109942,Rubus idaeus,OpenDryPoor
109943,Rubus idaeus,OpenDryPoor
109944,Rubus idaeus,OpenDryPoor
109945,Rubus idaeus,OpenDryPoor
109946,Rubus idaeus,OpenDryPoor
109947,Rubus idaeus,OpenDryPoor
109948,Rubus idaeus,OpenDryPoor
109949,Rubus idaeus,OpenDryPoor
109950,Rubus idaeus,OpenDryPoor
109951,Rubus idaeus,OpenDryPoor
109952,Rubus idaeus,OpenDryPoor
109953,Rubus idaeus,OpenDryPoor
109954,Rubus idaeus,OpenDryPoor
109955,Rubus idaeus,OpenDryPoor
109956,Rubus idaeus,OpenDryPoor
109957,Rubus idaeus,OpenDryPoor
109958,Rubus idaeus,OpenDryPoor
109959,Rubus idaeus,OpenDryPoor
109960,Rubus idaeus,OpenDryPoor
109961,Rubus idaeus,OpenDryPoor
109962,Rubus idaeus,OpenDryPoor
109963,Rubus idaeus,OpenDryPoor
109964,Rubus idaeus,OpenDryPoor
109965,Rubus idaeus,OpenDryPoor
109966,Rubus idaeus,OpenDryPoor
109967,Rubus idaeus,OpenDryPoor
109968,Rubus idaeus,OpenDryPoor
109969,Rubus idaeus,OpenDryPoor
188443,Rubus idaeus,OpenDryPoor
188444,Rubus idaeus,OpenDryPoor
188445,Rubus idaeus,OpenDryPoor
188446,Rubus idaeus,OpenDryPoor
189042,Rubus idaeus,OpenDryPoor
189043,Rubus idaeus,OpenDryPoor
189044,Rubus idaeus,OpenDryPoor
189045,Rubus idaeus,OpenDryPoor
189046,Rubus idaeus,OpenDryPoor
189047,Rubus idaeus,OpenDryPoor
189048,Rubus idaeus,OpenDryPoor
189049,Rubus idaeus,OpenDryPoor
189641,Rubus idaeus,OpenDryPoor
189642,Rubus idaeus,OpenDryPoor
189643,Rubus idaeus,OpenDryPoor
189644,Rubus idaeus,OpenDryPoor
189645,Rubus idaeus,OpenDryPoor
189646,Rubus idaeus,OpenDryPoor
189647,Rubus idaeus,OpenDryPoor
189648,Rubus idaeus,OpenDryPoor
189649,Rubus idaeus,OpenDryPoor
189650,Rubus idaeus,OpenDryPoor
189651,Rubus idaeus,OpenDryPoor
189652,Rubus idaeus,OpenDryPoor
190240,Rubus idaeus,OpenDryPoor
190241,Rubus idaeus,OpenDryPoor
190242,Rubus idaeus,OpenDryPoor
190243,Rubus idaeus,OpenDryPoor
190244,Rubus idaeus,OpenDryPoor
190245,Rubus idaeus,OpenDryPoor
190246,Rubus idaeus,OpenDryPoor
190247,Rubus idaeus,OpenDryPoor
190248,Rubus idaeus,OpenDryPoor
190249,Rubus idaeus,OpenDryPoor
190250,Rubus idaeus,OpenDryPoor
190251,Rubus idaeus,OpenDryPoor
190252,Rubus idaeus,OpenDryPoor
190253,Rubus idaeus,OpenDryPoor
190839,Rubus idaeus,OpenDryPoor
190840,Rubus idaeus,OpenDryPoor
190841,Rubus idaeus,OpenDryPoor
190842,Rubus idaeus,OpenDryPoor
190843,Rubus idaeus,OpenDryPoor
190844,Rubus idaeus,OpenDryPoor
190845,Rubus idaeus,OpenDryPoor
190846,Rubus idaeus,OpenDryPoor
190847,Rubus idaeus,OpenDryPoor
190848,Rubus idaeus,OpenDryPoor
190849,Rubus idaeus,OpenDryPoor
190850,Rubus idaeus,OpenDryPoor
190851,Rubus idaeus,OpenDryPoor
190852,Rubus idaeus,OpenDryPoor
190853,Rubus idaeus,OpenDryPoor
190854,Rubus idaeus,OpenDryPoor
191438,Rubus idaeus,OpenDryPoor
191439,Rubus idaeus,OpenDryPoor
191440,Rubus idaeus,OpenDryPoor
191441,Rubus idaeus,OpenDryPoor
191442,Rubus idaeus,OpenDryPoor
191443,Rubus idaeus,OpenDryPoor
191444,Rubus idaeus,OpenDryPoor
191445,Rubus idaeus,OpenDryPoor
191446,Rubus idaeus,OpenDryPoor
191447,Rubus idaeus,OpenDryPoor
191448,Rubus idaeus,OpenDryPoor
191449,Rubus idaeus,OpenDryPoor
191450,Rubus idaeus,OpenDryPoor
191451,Rubus idaeus,OpenDryPoor
191452,Rubus idaeus,OpenDryPoor
191453,Rubus idaeus,OpenDryPoor
191454,Rubus idaeus,OpenDryPoor
191455,Rubus idaeus,OpenDryPoor
192037,Rubus idaeus,OpenDryPoor
192038,Rubus idaeus,OpenDryPoor
192039,Rubus idaeus,OpenDryPoor
192040,Rubus idaeus,OpenDryPoor
192041,Rubus idaeus,OpenDryPoor
192042,Rubus idaeus,OpenDryPoor
192043,Rubus idaeus,OpenDryPoor
192044,Rubus idaeus,OpenDryPoor
192045,Rubus idaeus,OpenDryPoor
192046,Rubus idaeus,OpenDryPoor
192047,Rubus idaeus,OpenDryPoor
192048,Rubus idaeus,OpenDryPoor
192049,Rubus idaeus,OpenDryPoor
192050,Rubus idaeus,OpenDryPoor
192051,Rubus idaeus,OpenDryPoor
192052,Rubus idaeus,OpenDryPoor
192053,Rubus idaeus,OpenDryPoor
192054,Rubus idaeus,OpenDryPoor
192055,Rubus idaeus,OpenDryPoor
192056,Rubus idaeus,OpenDryPoor
192636,Rubus idaeus,OpenDryPoor
192637,Rubus idaeus,OpenDryPoor
192638,Rubus idaeus,OpenDryPoor
192639,Rubus idaeus,OpenDryPoor
192640,Rubus idaeus,OpenDryPoor
192641,Rubus idaeus,OpenDryPoor
192642,Rubus idaeus,OpenDryPoor
192643,Rubus idaeus,OpenDryPoor
192644,Rubus idaeus,OpenDryPoor
192645,Rubus idaeus,OpenDryPoor
192646,Rubus idaeus,OpenDryPoor
192647,Rubus idaeus,OpenDryPoor
192648,Rubus idaeus,OpenDryPoor
192649,Rubus idaeus,OpenDryPoor
192650,Rubus idaeus,OpenDryPoor
192651,Rubus idaeus,OpenDryPoor
192652,Rubus idaeus,OpenDryPoor
192653,Rubus idaeus,OpenDryPoor
192654,Rubus idaeus,OpenDryPoor
192655,Rubus idaeus,OpenDryPoor
193235,Rubus idaeus,OpenDryPoor
193236,Rubus idaeus,OpenDryPoor
193237,Rubus idaeus,OpenDryPoor
193238,Rubus idaeus,OpenDryPoor
193239,Rubus idaeus,OpenDryPoor
193240,Rubus idaeus,OpenDryPoor
193241,Rubus idaeus,OpenDryPoor
193242,Rubus idaeus,OpenDryPoor
193243,Rubus idaeus,OpenDryPoor
193244,Rubus idaeus,OpenDryPoor
193245,Rubus idaeus,OpenDryPoor
193246,Rubus idaeus,OpenDryPoor
193247,Rubus idaeus,OpenDryPoor
193248,Rubus idaeus,OpenDryPoor
193249,Rubus idaeus,OpenDryPoor
193250,Rubus idaeus,OpenDryPoor
193251,Rubus idaeus,OpenDryPoor
193252,Rubus idaeus,OpenDryPoor
193253,Rubus idaeus,OpenDryPoor
193254,Rubus idaeus,OpenDryPoor
193834,Rubus idaeus,OpenDryPoor
193835,Rubus idaeus,OpenDryPoor
193836,Rubus idaeus,OpenDryPoor
193837,Rubus idaeus,OpenDryPoor
193838,Rubus idaeus,OpenDryPoor
193839,Rubus idaeus,OpenDryPoor
193840,Rubus idaeus,OpenDryPoor
193841,Rubus idaeus,OpenDryPoor
193842,Rubus idaeus,OpenDryPoor
193843,Rubus idaeus,OpenDryPoor
193844,Rubus idaeus,OpenDryPoor
193845,Rubus idaeus,OpenDryPoor
193846,Rubus idaeus,OpenDryPoor
193847,Rubus idaeus,OpenDryPoor
193848,Rubus idaeus,OpenDryPoor
193849,Rubus idaeus,OpenDryPoor
193850,Rubus idaeus,OpenDryPoor
193851,Rubus idaeus,OpenDryPoor
193852,Rubus idaeus,OpenDryPoor
193853,Rubus idaeus,OpenDryPoor
182453,Rubus idaeus,OpenDryPoor
182454,Rubus idaeus,OpenDryPoor
182455,Rubus idaeus,OpenDryPoor
182456,Rubus idaeus,OpenDryPoor
182457,Rubus idaeus,OpenDryPoor
182458,Rubus idaeus,OpenDryPoor
182459,Rubus idaeus,OpenDryPoor
182460,Rubus idaeus,OpenDryPoor
182461,Rubus idaeus,OpenDryPoor
182462,Rubus idaeus,OpenDryPoor
182463,Rubus idaeus,OpenDryPoor
182464,Rubus idaeus,OpenDryPoor
182465,Rubus idaeus,OpenDryPoor
182466,Rubus idaeus,OpenDryPoor
182467,Rubus idaeus,OpenDryPoor
182468,Rubus idaeus,OpenDryPoor
182469,Rubus idaeus,OpenDryPoor
182470,Rubus idaeus,OpenDryPoor
182471,Rubus idaeus,OpenDryPoor
182472,Rubus idaeus,OpenDryPoor
183052,Rubus idaeus,OpenDryPoor
183053,Rubus idaeus,OpenDryPoor
183054,Rubus idaeus,OpenDryPoor
183055,Rubus idaeus,OpenDryPoor
183056,Rubus idaeus,OpenDryPoor
183057,Rubus idaeus,OpenDryPoor
183058,Rubus idaeus,OpenDryPoor
183059,Rubus idaeus,OpenDryPoor
183060,Rubus idaeus,OpenDryPoor
183061,Rubus idaeus,OpenDryPoor
183062,Rubus idaeus,OpenDryPoor
183063,Rubus idaeus,OpenDryPoor
183064,Rubus idaeus,OpenDryPoor
183065,Rubus idaeus,OpenDryPoor
183066,Rubus idaeus,OpenDryPoor
183067,Rubus idaeus,OpenDryPoor
183068,Rubus idaeus,OpenDryPoor
183069,Rubus idaeus,OpenDryPoor
183070,Rubus idaeus,OpenDryPoor
183071,Rubus idaeus,OpenDryPoor
183651,Rubus idaeus,OpenDryPoor
183652,Rubus idaeus,OpenDryPoor
183653,Rubus idaeus,OpenDryPoor
183654,Rubus idaeus,OpenDryPoor
183655,Rubus idaeus,OpenDryPoor
183656,Rubus idaeus,OpenDryPoor
183657,Rubus idaeus,OpenDryPoor
183658,Rubus idaeus,OpenDryPoor
183659,Rubus idaeus,OpenDryPoor
183660,Rubus idaeus,OpenDryPoor
183661,Rubus idaeus,OpenDryPoor
183662,Rubus idaeus,OpenDryPoor
183663,Rubus idaeus,OpenDryPoor
183664,Rubus idaeus,OpenDryPoor
183665,Rubus idaeus,OpenDryPoor
183666,Rubus idaeus,OpenDryPoor
183667,Rubus idaeus,OpenDryPoor
183668,Rubus idaeus,OpenDryPoor
183669,Rubus idaeus,OpenDryPoor
183670,Rubus idaeus,OpenDryPoor
184250,Rubus idaeus,OpenDryPoor
184251,Rubus idaeus,OpenDryPoor
184252,Rubus idaeus,OpenDryPoor
184253,Rubus idaeus,OpenDryPoor
184254,Rubus idaeus,OpenDryPoor
184255,Rubus idaeus,OpenDryPoor
184256,Rubus idaeus,OpenDryPoor
184257,Rubus idaeus,OpenDryPoor
184258,Rubus idaeus,OpenDryPoor
184259,Rubus idaeus,OpenDryPoor
184260,Rubus idaeus,OpenDryPoor
184261,Rubus idaeus,OpenDryPoor
184262,Rubus idaeus,OpenDryPoor
184263,Rubus idaeus,OpenDryPoor
184264,Rubus idaeus,OpenDryPoor
184265,Rubus idaeus,OpenDryPoor
184266,Rubus idaeus,OpenDryPoor
184267,Rubus idaeus,OpenDryPoor
184268,Rubus idaeus,OpenDryPoor
184269,Rubus idaeus,OpenDryPoor
184849,Rubus idaeus,OpenDryPoor
184850,Rubus idaeus,OpenDryPoor
184851,Rubus idaeus,OpenDryPoor
184852,Rubus idaeus,OpenDryPoor
184853,Rubus idaeus,OpenDryPoor
184854,Rubus idaeus,OpenDryPoor
184855,Rubus idaeus,OpenDryPoor
184856,Rubus idaeus,OpenDryPoor
184857,Rubus idaeus,OpenDryPoor
184858,Rubus idaeus,OpenDryPoor
184859,Rubus idaeus,OpenDryPoor
184860,Rubus idaeus,OpenDryPoor
184861,Rubus idaeus,OpenDryPoor
184862,Rubus idaeus,OpenDryPoor
184863,Rubus idaeus,OpenDryPoor
184864,Rubus idaeus,OpenDryPoor
184865,Rubus idaeus,OpenDryPoor
184866,Rubus idaeus,OpenDryPoor
184867,Rubus idaeus,OpenDryPoor
184868,Rubus idaeus,OpenDryPoor
185448,Rubus idaeus,OpenDryPoor
185449,Rubus idaeus,OpenDryPoor
185450,Rubus idaeus,OpenDryPoor
185451,Rubus idaeus,OpenDryPoor
185452,Rubus idaeus,OpenDryPoor
185453,Rubus idaeus,OpenDryPoor
185454,Rubus idaeus,OpenDryPoor
185455,Rubus idaeus,OpenDryPoor
185456,Rubus idaeus,OpenDryPoor
185457,Rubus idaeus,OpenDryPoor
185458,Rubus idaeus,OpenDryPoor
185459,Rubus idaeus,OpenDryPoor
185460,Rubus idaeus,OpenDryPoor
185461,Rubus idaeus,OpenDryPoor
185462,Rubus idaeus,OpenDryPoor
185463,Rubus idaeus,OpenDryPoor
185464,Rubus idaeus,OpenDryPoor
185465,Rubus idaeus,OpenDryPoor
185466,Rubus idaeus,OpenDryPoor
185467,Rubus idaeus,OpenDryPoor
186047,Rubus idaeus,OpenDryPoor
186048,Rubus idaeus,OpenDryPoor
186049,Rubus idaeus,OpenDryPoor
186050,Rubus idaeus,OpenDryPoor
186051,Rubus idaeus,OpenDryPoor
186052,Rubus idaeus,OpenDryPoor
186053,Rubus idaeus,OpenDryPoor
186054,Rubus idaeus,OpenDryPoor
186055,Rubus idaeus,OpenDryPoor
186056,Rubus idaeus,OpenDryPoor
186057,Rubus idaeus,OpenDryPoor
186058,Rubus idaeus,OpenDryPoor
186059,Rubus idaeus,OpenDryPoor
186060,Rubus idaeus,OpenDryPoor
186061,Rubus idaeus,OpenDryPoor
186062,Rubus idaeus,OpenDryPoor
186063,Rubus idaeus,OpenDryPoor
186064,Rubus idaeus,OpenDryPoor
186065,Rubus idaeus,OpenDryPoor
186066,Rubus idaeus,OpenDryPoor
186646,Rubus idaeus,OpenDryPoor
186647,Rubus idaeus,OpenDryPoor
186648,Rubus idaeus,OpenDryPoor
186649,Rubus idaeus,OpenDryPoor
186650,Rubus idaeus,OpenDryPoor
186651,Rubus idaeus,OpenDryPoor
186652,Rubus idaeus,OpenDryPoor
186653,Rubus idaeus,OpenDryPoor
186654,Rubus idaeus,OpenDryPoor
186655,Rubus idaeus,OpenDryPoor
186656,Rubus idaeus,OpenDryPoor
186657,Rubus idaeus,OpenDryPoor
186658,Rubus idaeus,OpenDryPoor
186659,Rubus idaeus,OpenDryPoor
186660,Rubus idaeus,OpenDryPoor
186661,Rubus idaeus,OpenDryPoor
186662,Rubus idaeus,OpenDryPoor
186663,Rubus idaeus,OpenDryPoor
186664,Rubus idaeus,OpenDryPoor
186665,Rubus idaeus,OpenDryPoor
187245,Rubus idaeus,OpenDryPoor
187246,Rubus idaeus,OpenDryPoor
187247,Rubus idaeus,OpenDryPoor
187248,Rubus idaeus,OpenDryPoor
187249,Rubus idaeus,OpenDryPoor
187250,Rubus idaeus,OpenDryPoor
187251,Rubus idaeus,OpenDryPoor
187252,Rubus idaeus,OpenDryPoor
187253,Rubus idaeus,OpenDryPoor
187254,Rubus idaeus,OpenDryPoor
187255,Rubus idaeus,OpenDryPoor
187256,Rubus idaeus,OpenDryPoor
187257,Rubus idaeus,OpenDryPoor
187258,Rubus idaeus,OpenDryPoor
187259,Rubus idaeus,OpenDryPoor
187260,Rubus idaeus,OpenDryPoor
187261,Rubus idaeus,OpenDryPoor
187262,Rubus idaeus,OpenDryPoor
187263,Rubus idaeus,OpenDryPoor
187264,Rubus idaeus,OpenDryPoor
187844,Rubus idaeus,OpenDryPoor
187845,Rubus idaeus,OpenDryPoor
187846,Rubus idaeus,OpenDryPoor
187847,Rubus idaeus,OpenDryPoor
187848,Rubus idaeus,OpenDryPoor
187849,Rubus idaeus,OpenDryPoor
187850,Rubus idaeus,OpenDryPoor
187851,Rubus idaeus,OpenDryPoor
187852,Rubus idaeus,OpenDryPoor
187853,Rubus idaeus,OpenDryPoor
187854,Rubus idaeus,OpenDryPoor
187855,Rubus idaeus,OpenDryPoor
187856,Rubus idaeus,OpenDryPoor
187857,Rubus idaeus,OpenDryPoor
187858,Rubus idaeus,OpenDryPoor
187859,Rubus idaeus,OpenDryPoor
187860,Rubus idaeus,OpenDryPoor
187861,Rubus idaeus,OpenDryPoor
187862,Rubus idaeus,OpenDryPoor
187863,Rubus idaeus,OpenDryPoor
188443,Rubus idaeus,OpenDryPoor
188444,Rubus idaeus,OpenDryPoor
188445,Rubus idaeus,OpenDryPoor
188446,Rubus idaeus,OpenDryPoor
188447,Rubus idaeus,OpenDryPoor
188448,Rubus idaeus,OpenDryPoor
188449,Rubus idaeus,OpenDryPoor
188450,Rubus idaeus,OpenDryPoor
188451,Rubus idaeus,OpenDryPoor
188452,Rubus idaeus,OpenDryPoor
188453,Rubus idaeus,OpenDryPoor
188454,Rubus idaeus,OpenDryPoor
188455,Rubus idaeus,OpenDryPoor
188456,Rubus idaeus,OpenDryPoor
188457,Rubus idaeus,OpenDryPoor
188458,Rubus idaeus,OpenDryPoor
188459,Rubus idaeus,OpenDryPoor
188460,Rubus idaeus,OpenDryPoor
188461,Rubus idaeus,OpenDryPoor
188462,Rubus idaeus,OpenDryPoor
189042,Rubus idaeus,OpenDryPoor
189043,Rubus idaeus,OpenDryPoor
189044,Rubus idaeus,OpenDryPoor
189045,Rubus idaeus,OpenDryPoor
189046,Rubus idaeus,OpenDryPoor
189047,Rubus idaeus,OpenDryPoor
189048,Rubus idaeus,OpenDryPoor
189049,Rubus idaeus,OpenDryPoor
189050,Rubus idaeus,OpenDryPoor
189051,Rubus idaeus,OpenDryPoor
189052,Rubus idaeus,OpenDryPoor
189053,Rubus idaeus,OpenDryPoor
189054,Rubus idaeus,OpenDryPoor
189055,Rubus idaeus,OpenDryPoor
189056,Rubus idaeus,OpenDryPoor
189057,Rubus idaeus,OpenDryPoor
189058,Rubus idaeus,OpenDryPoor
189059,Rubus idaeus,OpenDryPoor
189060,Rubus idaeus,OpenDryPoor
189061,Rubus idaeus,OpenDryPoor
189641,Rubus idaeus,OpenDryPoor
189642,Rubus idaeus,OpenDryPoor
189643,Rubus idaeus,OpenDryPoor
189644,Rubus idaeus,OpenDryPoor
189645,Rubus idaeus,OpenDryPoor
189646,Rubus idaeus,OpenDryPoor
189647,Rubus idaeus,OpenDryPoor
189648,Rubus idaeus,OpenDryPoor
189649,Rubus idaeus,OpenDryPoor
189650,Rubus idaeus,OpenDryPoor
189651,Rubus idaeus,OpenDryPoor
189652,Rubus idaeus,OpenDryPoor
189653,Rubus idaeus,OpenDryPoor
189654,Rubus idaeus,OpenDryPoor
189655,Rubus idaeus,OpenDryPoor
189656,Rubus idaeus,OpenDryPoor
189657,Rubus idaeus,OpenDryPoor
189658,Rubus idaeus,OpenDryPoor
189659,Rubus idaeus,OpenDryPoor
189660,Rubus idaeus,OpenDryPoor
190240,Rubus idaeus,OpenDryPoor
190241,Rubus idaeus,OpenDryPoor
190242,Rubus idaeus,OpenDryPoor
190243,Rubus idaeus,OpenDryPoor
190244,Rubus idaeus,OpenDryPoor
190245,Rubus idaeus,OpenDryPoor
190246,Rubus idaeus,OpenDryPoor
190247,Rubus idaeus,OpenDryPoor
190248,Rubus idaeus,OpenDryPoor
190249,Rubus idaeus,OpenDryPoor
190250,Rubus idaeus,OpenDryPoor
190251,Rubus idaeus,OpenDryPoor
190252,Rubus idaeus,OpenDryPoor
190253,Rubus idaeus,OpenDryPoor
190254,Rubus idaeus,OpenDryPoor
190255,Rubus idaeus,OpenDryPoor
190256,Rubus idaeus,OpenDryPoor
190257,Rubus idaeus,OpenDryPoor
190258,Rubus idaeus,OpenDryPoor
190259,Rubus idaeus,OpenDryPoor
190839,Rubus idaeus,OpenDryPoor
190840,Rubus idaeus,OpenDryPoor
190841,Rubus idaeus,OpenDryPoor
190842,Rubus idaeus,OpenDryPoor
190843,Rubus idaeus,OpenDryPoor
190844,Rubus idaeus,OpenDryPoor
190845,Rubus idaeus,OpenDryPoor
190846,Rubus idaeus,OpenDryPoor
190847,Rubus idaeus,OpenDryPoor
190848,Rubus idaeus,OpenDryPoor
190849,Rubus idaeus,OpenDryPoor
190850,Rubus idaeus,OpenDryPoor
190851,Rubus idaeus,OpenDryPoor
190852,Rubus idaeus,OpenDryPoor
190853,Rubus idaeus,OpenDryPoor
190854,Rubus idaeus,OpenDryPoor
190855,Rubus idaeus,OpenDryPoor
190856,Rubus idaeus,OpenDryPoor
190857,Rubus idaeus,OpenDryPoor
190858,Rubus idaeus,OpenDryPoor
191438,Rubus idaeus,OpenDryPoor
191439,Rubus idaeus,OpenDryPoor
191440,Rubus idaeus,OpenDryPoor
191441,Rubus idaeus,OpenDryPoor
191442,Rubus idaeus,OpenDryPoor
191443,Rubus idaeus,OpenDryPoor
191444,Rubus idaeus,OpenDryPoor
191445,Rubus idaeus,OpenDryPoor
191446,Rubus idaeus,OpenDryPoor
191447,Rubus idaeus,OpenDryPoor
191448,Rubus idaeus,OpenDryPoor
191449,Rubus idaeus,OpenDryPoor
191450,Rubus idaeus,OpenDryPoor
191451,Rubus idaeus,OpenDryPoor
191452,Rubus idaeus,OpenDryPoor
191453,Rubus idaeus,OpenDryPoor
191454,Rubus idaeus,OpenDryPoor
191455,Rubus idaeus,OpenDryPoor
191456,Rubus idaeus,OpenDryPoor
191457,Rubus idaeus,OpenDryPoor
192037,Rubus idaeus,OpenDryPoor
192038,Rubus idaeus,OpenDryPoor
192039,Rubus idaeus,OpenDryPoor
192040,Rubus idaeus,OpenDryPoor
192041,Rubus idaeus,OpenDryPoor
192042,Rubus idaeus,OpenDryPoor
192043,Rubus idaeus,OpenDryPoor
192044,Rubus idaeus,OpenDryPoor
192045,Rubus idaeus,OpenDryPoor
192046,Rubus idaeus,OpenDryPoor
192047,Rubus idaeus,OpenDryPoor
192048,Rubus idaeus,OpenDryPoor
192049,Rubus idaeus,OpenDryPoor
192050,Rubus idaeus,OpenDryPoor
192051,Rubus idaeus,OpenDryPoor
192052,Rubus idaeus,OpenDryPoor
192053,Rubus idaeus,OpenDryPoor
192054,Rubus idaeus,OpenDryPoor
192055,Rubus idaeus,OpenDryPoor
192056,Rubus idaeus,OpenDryPoor
192636,Rubus idaeus,OpenDryPoor
192637,Rubus idaeus,OpenDryPoor
192638,Rubus idaeus,OpenDryPoor
192639,Rubus idaeus,OpenDryPoor
192640,Rubus idaeus,OpenDryPoor
192641,Rubus idaeus,OpenDryPoor
192642,Rubus idaeus,OpenDryPoor
192643,Rubus idaeus,OpenDryPoor
192644,Rubus idaeus,OpenDryPoor
192645,Rubus idaeus,OpenDryPoor
192646,Rubus idaeus,OpenDryPoor
192647,Rubus idaeus,OpenDryPoor
192648,Rubus idaeus,OpenDryPoor
192649,Rubus idaeus,OpenDryPoor
192650,Rubus idaeus,OpenDryPoor
192651,Rubus idaeus,OpenDryPoor
192652,Rubus idaeus,OpenDryPoor
192653,Rubus idaeus,OpenDryPoor
192654,Rubus idaeus,OpenDryPoor
192655,Rubus idaeus,OpenDryPoor
193235,Rubus idaeus,OpenDryPoor
193236,Rubus idaeus,OpenDryPoor
193237,Rubus idaeus,OpenDryPoor
193238,Rubus idaeus,OpenDryPoor
193239,Rubus idaeus,OpenDryPoor
193240,Rubus idaeus,OpenDryPoor
193241,Rubus idaeus,OpenDryPoor
193242,Rubus idaeus,OpenDryPoor
193243,Rubus idaeus,OpenDryPoor
193244,Rubus idaeus,OpenDryPoor
193245,Rubus idaeus,OpenDryPoor
193246,Rubus idaeus,OpenDryPoor
193247,Rubus idaeus,OpenDryPoor
193248,Rubus idaeus,OpenDryPoor
193249,Rubus idaeus,OpenDryPoor
193250,Rubus idaeus,OpenDryPoor
193251,Rubus idaeus,OpenDryPoor
193252,Rubus idaeus,OpenDryPoor
193253,Rubus idaeus,OpenDryPoor
193254,Rubus idaeus,OpenDryPoor
193834,Rubus idaeus,OpenDryPoor
193835,Rubus idaeus,OpenDryPoor
193836,Rubus idaeus,OpenDryPoor
193837,Rubus idaeus,OpenDryPoor
193838,Rubus idaeus,OpenDryPoor
193839,Rubus idaeus,OpenDryPoor
193840,Rubus idaeus,OpenDryPoor
193841,Rubus idaeus,OpenDryPoor
193842,Rubus idaeus,OpenDryPoor
193843,Rubus idaeus,OpenDryPoor
193844,Rubus idaeus,OpenDryPoor
193845,Rubus idaeus,OpenDryPoor
193846,Rubus idaeus,OpenDryPoor
193847,Rubus idaeus,OpenDryPoor
193848,Rubus idaeus,OpenDryPoor
193849,Rubus idaeus,OpenDryPoor
193850,Rubus idaeus,OpenDryPoor
193851,Rubus idaeus,OpenDryPoor
193852,Rubus idaeus,OpenDryPoor
193853,Rubus idaeus,OpenDryPoor
91944,Rubus idaeus,OpenDryPoor
91945,Rubus idaeus,OpenDryPoor
91946,Rubus idaeus,OpenDryPoor
91947,Rubus idaeus,OpenDryPoor
91948,Rubus idaeus,OpenDryPoor
92543,Rubus idaeus,OpenDryPoor
92544,Rubus idaeus,OpenDryPoor
92545,Rubus idaeus,OpenDryPoor
92546,Rubus idaeus,OpenDryPoor
92547,Rubus idaeus,OpenDryPoor
92548,Rubus idaeus,OpenDryPoor
92549,Rubus idaeus,OpenDryPoor
92550,Rubus idaeus,OpenDryPoor
92551,Rubus idaeus,OpenDryPoor
92552,Rubus idaeus,OpenDryPoor
93142,Rubus idaeus,OpenDryPoor
93143,Rubus idaeus,OpenDryPoor
93144,Rubus idaeus,OpenDryPoor
93145,Rubus idaeus,OpenDryPoor
93146,Rubus idaeus,OpenDryPoor
93147,Rubus idaeus,OpenDryPoor
93148,Rubus idaeus,OpenDryPoor
93149,Rubus idaeus,OpenDryPoor
93150,Rubus idaeus,OpenDryPoor
93151,Rubus idaeus,OpenDryPoor
93152,Rubus idaeus,OpenDryPoor
93153,Rubus idaeus,OpenDryPoor
93154,Rubus idaeus,OpenDryPoor
93155,Rubus idaeus,OpenDryPoor
93741,Rubus idaeus,OpenDryPoor
93742,Rubus idaeus,OpenDryPoor
93743,Rubus idaeus,OpenDryPoor
93744,Rubus idaeus,OpenDryPoor
93745,Rubus idaeus,OpenDryPoor
93746,Rubus idaeus,OpenDryPoor
93747,Rubus idaeus,OpenDryPoor
93748,Rubus idaeus,OpenDryPoor
93749,Rubus idaeus,OpenDryPoor
93750,Rubus idaeus,OpenDryPoor
93751,Rubus idaeus,OpenDryPoor
93752,Rubus idaeus,OpenDryPoor
93753,Rubus idaeus,OpenDryPoor
93754,Rubus idaeus,OpenDryPoor
93755,Rubus idaeus,OpenDryPoor
93756,Rubus idaeus,OpenDryPoor
94340,Rubus idaeus,OpenDryPoor
94341,Rubus idaeus,OpenDryPoor
94342,Rubus idaeus,OpenDryPoor
94343,Rubus idaeus,OpenDryPoor
94344,Rubus idaeus,OpenDryPoor
94345,Rubus idaeus,OpenDryPoor
94346,Rubus idaeus,OpenDryPoor
94347,Rubus idaeus,OpenDryPoor
94348,Rubus idaeus,OpenDryPoor
94349,Rubus idaeus,OpenDryPoor
94350,Rubus idaeus,OpenDryPoor
94351,Rubus idaeus,OpenDryPoor
94352,Rubus idaeus,OpenDryPoor
94353,Rubus idaeus,OpenDryPoor
94354,Rubus idaeus,OpenDryPoor
94355,Rubus idaeus,OpenDryPoor
94356,Rubus idaeus,OpenDryPoor
94357,Rubus idaeus,OpenDryPoor
94358,Rubus idaeus,OpenDryPoor
94939,Rubus idaeus,OpenDryPoor
94940,Rubus idaeus,OpenDryPoor
94941,Rubus idaeus,OpenDryPoor
94942,Rubus idaeus,OpenDryPoor
94943,Rubus idaeus,OpenDryPoor
94944,Rubus idaeus,OpenDryPoor
94945,Rubus idaeus,OpenDryPoor
94946,Rubus idaeus,OpenDryPoor
94947,Rubus idaeus,OpenDryPoor
94948,Rubus idaeus,OpenDryPoor
94949,Rubus idaeus,OpenDryPoor
94950,Rubus idaeus,OpenDryPoor
94951,Rubus idaeus,OpenDryPoor
94952,Rubus idaeus,OpenDryPoor
94953,Rubus idaeus,OpenDryPoor
94954,Rubus idaeus,OpenDryPoor
94955,Rubus idaeus,OpenDryPoor
94956,Rubus idaeus,OpenDryPoor
94957,Rubus idaeus,OpenDryPoor
94958,Rubus idaeus,OpenDryPoor
94959,Rubus idaeus,OpenDryPoor
95538,Rubus idaeus,OpenDryPoor
95539,Rubus idaeus,OpenDryPoor
95540,Rubus idaeus,OpenDryPoor
95541,Rubus idaeus,OpenDryPoor
95542,Rubus idaeus,OpenDryPoor
95543,Rubus idaeus,OpenDryPoor
95544,Rubus idaeus,OpenDryPoor
95545,Rubus idaeus,OpenDryPoor
95546,Rubus idaeus,OpenDryPoor
95547,Rubus idaeus,OpenDryPoor
95548,Rubus idaeus,OpenDryPoor
95549,Rubus idaeus,OpenDryPoor
95550,Rubus idaeus,OpenDryPoor
95551,Rubus idaeus,OpenDryPoor
95552,Rubus idaeus,OpenDryPoor
95553,Rubus idaeus,OpenDryPoor
95554,Rubus idaeus,OpenDryPoor
95555,Rubus idaeus,OpenDryPoor
95556,Rubus idaeus,OpenDryPoor
95557,Rubus idaeus,OpenDryPoor
95558,Rubus idaeus,OpenDryPoor
95559,Rubus idaeus,OpenDryPoor
95560,Rubus idaeus,OpenDryPoor
96137,Rubus idaeus,OpenDryPoor
96138,Rubus idaeus,OpenDryPoor
96139,Rubus idaeus,OpenDryPoor
96140,Rubus idaeus,OpenDryPoor
96141,Rubus idaeus,OpenDryPoor
96142,Rubus idaeus,OpenDryPoor
96143,Rubus idaeus,OpenDryPoor
96144,Rubus idaeus,OpenDryPoor
96145,Rubus idaeus,OpenDryPoor
96146,Rubus idaeus,OpenDryPoor
96147,Rubus idaeus,OpenDryPoor
96148,Rubus idaeus,OpenDryPoor
96149,Rubus idaeus,OpenDryPoor
96150,Rubus idaeus,OpenDryPoor
96151,Rubus idaeus,OpenDryPoor
96152,Rubus idaeus,OpenDryPoor
96153,Rubus idaeus,OpenDryPoor
96154,Rubus idaeus,OpenDryPoor
96155,Rubus idaeus,OpenDryPoor
96156,Rubus idaeus,OpenDryPoor
96157,Rubus idaeus,OpenDryPoor
96158,Rubus idaeus,OpenDryPoor
96159,Rubus idaeus,OpenDryPoor
96160,Rubus idaeus,OpenDryPoor
96736,Rubus idaeus,OpenDryPoor
96737,Rubus idaeus,OpenDryPoor
96738,Rubus idaeus,OpenDryPoor
96739,Rubus idaeus,OpenDryPoor
96740,Rubus idaeus,OpenDryPoor
96741,Rubus idaeus,OpenDryPoor
96742,Rubus idaeus,OpenDryPoor
96743,Rubus idaeus,OpenDryPoor
96744,Rubus idaeus,OpenDryPoor
96745,Rubus idaeus,OpenDryPoor
96746,Rubus idaeus,OpenDryPoor
96747,Rubus idaeus,OpenDryPoor
96748,Rubus idaeus,OpenDryPoor
96749,Rubus idaeus,OpenDryPoor
96750,Rubus idaeus,OpenDryPoor
96751,Rubus idaeus,OpenDryPoor
96752,Rubus idaeus,OpenDryPoor
96753,Rubus idaeus,OpenDryPoor
96754,Rubus idaeus,OpenDryPoor
96755,Rubus idaeus,OpenDryPoor
96756,Rubus idaeus,OpenDryPoor
96757,Rubus idaeus,OpenDryPoor
96758,Rubus idaeus,OpenDryPoor
96759,Rubus idaeus,OpenDryPoor
96760,Rubus idaeus,OpenDryPoor
96761,Rubus idaeus,OpenDryPoor
97335,Rubus idaeus,OpenDryPoor
97336,Rubus idaeus,OpenDryPoor
97337,Rubus idaeus,OpenDryPoor
97338,Rubus idaeus,OpenDryPoor
97339,Rubus idaeus,OpenDryPoor
97340,Rubus idaeus,OpenDryPoor
97341,Rubus idaeus,OpenDryPoor
97342,Rubus idaeus,OpenDryPoor
97343,Rubus idaeus,OpenDryPoor
97344,Rubus idaeus,OpenDryPoor
97345,Rubus idaeus,OpenDryPoor
97346,Rubus idaeus,OpenDryPoor
97347,Rubus idaeus,OpenDryPoor
97348,Rubus idaeus,OpenDryPoor
97349,Rubus idaeus,OpenDryPoor
97350,Rubus idaeus,OpenDryPoor
97351,Rubus idaeus,OpenDryPoor
97352,Rubus idaeus,OpenDryPoor
97353,Rubus idaeus,OpenDryPoor
97354,Rubus idaeus,OpenDryPoor
97355,Rubus idaeus,OpenDryPoor
97356,Rubus idaeus,OpenDryPoor
97357,Rubus idaeus,OpenDryPoor
97358,Rubus idaeus,OpenDryPoor
97359,Rubus idaeus,OpenDryPoor
97360,Rubus idaeus,OpenDryPoor
97361,Rubus idaeus,OpenDryPoor
97362,Rubus idaeus,OpenDryPoor
97934,Rubus idaeus,OpenDryPoor
97935,Rubus idaeus,OpenDryPoor
97936,Rubus idaeus,OpenDryPoor
97937,Rubus idaeus,OpenDryPoor
97938,Rubus idaeus,OpenDryPoor
97939,Rubus idaeus,OpenDryPoor
97940,Rubus idaeus,OpenDryPoor
97941,Rubus idaeus,OpenDryPoor
97942,Rubus idaeus,OpenDryPoor
97943,Rubus idaeus,OpenDryPoor
97944,Rubus idaeus,OpenDryPoor
97945,Rubus idaeus,OpenDryPoor
97946,Rubus idaeus,OpenDryPoor
97947,Rubus idaeus,OpenDryPoor
97948,Rubus idaeus,OpenDryPoor
97949,Rubus idaeus,OpenDryPoor
97950,Rubus idaeus,OpenDryPoor
97951,Rubus idaeus,OpenDryPoor
97952,Rubus idaeus,OpenDryPoor
97953,Rubus idaeus,OpenDryPoor
97954,Rubus idaeus,OpenDryPoor
97955,Rubus idaeus,OpenDryPoor
97956,Rubus idaeus,OpenDryPoor
97957,Rubus idaeus,OpenDryPoor
97958,Rubus idaeus,OpenDryPoor
97959,Rubus idaeus,OpenDryPoor
97960,Rubus idaeus,OpenDryPoor
97961,Rubus idaeus,OpenDryPoor
97962,Rubus idaeus,OpenDryPoor
98513,Rubus idaeus,OpenDryPoor
98514,Rubus idaeus,OpenDryPoor
98515,Rubus idaeus,OpenDryPoor
98516,Rubus idaeus,OpenDryPoor
98517,Rubus idaeus,OpenDryPoor
98518,Rubus idaeus,OpenDryPoor
98519,Rubus idaeus,OpenDryPoor
98520,Rubus idaeus,OpenDryPoor
98521,Rubus idaeus,OpenDryPoor
98522,Rubus idaeus,OpenDryPoor
98523,Rubus idaeus,OpenDryPoor
98524,Rubus idaeus,OpenDryPoor
98525,Rubus idaeus,OpenDryPoor
98526,Rubus idaeus,OpenDryPoor
98527,Rubus idaeus,OpenDryPoor
98528,Rubus idaeus,OpenDryPoor
98529,Rubus idaeus,OpenDryPoor
98530,Rubus idaeus,OpenDryPoor
98531,Rubus idaeus,OpenDryPoor
98532,Rubus idaeus,OpenDryPoor
98553,Rubus idaeus,OpenDryPoor
98554,Rubus idaeus,OpenDryPoor
98555,Rubus idaeus,OpenDryPoor
98556,Rubus idaeus,OpenDryPoor
98557,Rubus idaeus,OpenDryPoor
98558,Rubus idaeus,OpenDryPoor
98559,Rubus idaeus,OpenDryPoor
98560,Rubus idaeus,OpenDryPoor
98561,Rubus idaeus,OpenDryPoor
98562,Rubus idaeus,OpenDryPoor
99112,Rubus idaeus,OpenDryPoor
99113,Rubus idaeus,OpenDryPoor
99114,Rubus idaeus,OpenDryPoor
99115,Rubus idaeus,OpenDryPoor
99116,Rubus idaeus,OpenDryPoor
99117,Rubus idaeus,OpenDryPoor
99118,Rubus idaeus,OpenDryPoor
99119,Rubus idaeus,OpenDryPoor
99120,Rubus idaeus,OpenDryPoor
99121,Rubus idaeus,OpenDryPoor
99122,Rubus idaeus,OpenDryPoor
99123,Rubus idaeus,OpenDryPoor
99124,Rubus idaeus,OpenDryPoor
99125,Rubus idaeus,OpenDryPoor
99126,Rubus idaeus,OpenDryPoor
99127,Rubus idaeus,OpenDryPoor
99128,Rubus idaeus,OpenDryPoor
99129,Rubus idaeus,OpenDryPoor
99130,Rubus idaeus,OpenDryPoor
99131,Rubus idaeus,OpenDryPoor
99152,Rubus idaeus,OpenDryPoor
99153,Rubus idaeus,OpenDryPoor
99154,Rubus idaeus,OpenDryPoor
99155,Rubus idaeus,OpenDryPoor
99156,Rubus idaeus,OpenDryPoor
99157,Rubus idaeus,OpenDryPoor
99158,Rubus idaeus,OpenDryPoor
99159,Rubus idaeus,OpenDryPoor
99160,Rubus idaeus,OpenDryPoor
99161,Rubus idaeus,OpenDryPoor
99162,Rubus idaeus,OpenDryPoor
99711,Rubus idaeus,OpenDryPoor
99712,Rubus idaeus,OpenDryPoor
99713,Rubus idaeus,OpenDryPoor
99714,Rubus idaeus,OpenDryPoor
99715,Rubus idaeus,OpenDryPoor
99716,Rubus idaeus,OpenDryPoor
99717,Rubus idaeus,OpenDryPoor
99718,Rubus idaeus,OpenDryPoor
99719,Rubus idaeus,OpenDryPoor
99720,Rubus idaeus,OpenDryPoor
99721,Rubus idaeus,OpenDryPoor
99722,Rubus idaeus,OpenDryPoor
99723,Rubus idaeus,OpenDryPoor
99724,Rubus idaeus,OpenDryPoor
99725,Rubus idaeus,OpenDryPoor
99726,Rubus idaeus,OpenDryPoor
99727,Rubus idaeus,OpenDryPoor
99728,Rubus idaeus,OpenDryPoor
99729,Rubus idaeus,OpenDryPoor
99730,Rubus idaeus,OpenDryPoor
99751,Rubus idaeus,OpenDryPoor
99752,Rubus idaeus,OpenDryPoor
99753,Rubus idaeus,OpenDryPoor
99754,Rubus idaeus,OpenDryPoor
99755,Rubus idaeus,OpenDryPoor
99756,Rubus idaeus,OpenDryPoor
99757,Rubus idaeus,OpenDryPoor
99758,Rubus idaeus,OpenDryPoor
99759,Rubus idaeus,OpenDryPoor
99760,Rubus idaeus,OpenDryPoor
99761,Rubus idaeus,OpenDryPoor
99762,Rubus idaeus,OpenDryPoor
100310,Rubus idaeus,OpenDryPoor
100311,Rubus idaeus,OpenDryPoor
100312,Rubus idaeus,OpenDryPoor
100313,Rubus idaeus,OpenDryPoor
100314,Rubus idaeus,OpenDryPoor
100315,Rubus idaeus,OpenDryPoor
100316,Rubus idaeus,OpenDryPoor
100317,Rubus idaeus,OpenDryPoor
100318,Rubus idaeus,OpenDryPoor
100319,Rubus idaeus,OpenDryPoor
100320,Rubus idaeus,OpenDryPoor
100321,Rubus idaeus,OpenDryPoor
100322,Rubus idaeus,OpenDryPoor
100323,Rubus idaeus,OpenDryPoor
100324,Rubus idaeus,OpenDryPoor
100325,Rubus idaeus,OpenDryPoor
100326,Rubus idaeus,OpenDryPoor
100327,Rubus idaeus,OpenDryPoor
100328,Rubus idaeus,OpenDryPoor
100329,Rubus idaeus,OpenDryPoor
100350,Rubus idaeus,OpenDryPoor
100351,Rubus idaeus,OpenDryPoor
100352,Rubus idaeus,OpenDryPoor
100353,Rubus idaeus,OpenDryPoor
100354,Rubus idaeus,OpenDryPoor
100355,Rubus idaeus,OpenDryPoor
100356,Rubus idaeus,OpenDryPoor
100357,Rubus idaeus,OpenDryPoor
100358,Rubus idaeus,OpenDryPoor
100359,Rubus idaeus,OpenDryPoor
100360,Rubus idaeus,OpenDryPoor
100361,Rubus idaeus,OpenDryPoor
100362,Rubus idaeus,OpenDryPoor
100363,Rubus idaeus,OpenDryPoor
100909,Rubus idaeus,OpenDryPoor
100910,Rubus idaeus,OpenDryPoor
100911,Rubus idaeus,OpenDryPoor
100912,Rubus idaeus,OpenDryPoor
100913,Rubus idaeus,OpenDryPoor
100914,Rubus idaeus,OpenDryPoor
100915,Rubus idaeus,OpenDryPoor
100916,Rubus idaeus,OpenDryPoor
100917,Rubus idaeus,OpenDryPoor
100918,Rubus idaeus,OpenDryPoor
100919,Rubus idaeus,OpenDryPoor
100920,Rubus idaeus,OpenDryPoor
100921,Rubus idaeus,OpenDryPoor
100922,Rubus idaeus,OpenDryPoor
100923,Rubus idaeus,OpenDryPoor
100924,Rubus idaeus,OpenDryPoor
100925,Rubus idaeus,OpenDryPoor
100926,Rubus idaeus,OpenDryPoor
100927,Rubus idaeus,OpenDryPoor
100928,Rubus idaeus,OpenDryPoor
100949,Rubus idaeus,OpenDryPoor
100950,Rubus idaeus,OpenDryPoor
100951,Rubus idaeus,OpenDryPoor
100952,Rubus idaeus,OpenDryPoor
100953,Rubus idaeus,OpenDryPoor
100954,Rubus idaeus,OpenDryPoor
100955,Rubus idaeus,OpenDryPoor
100956,Rubus idaeus,OpenDryPoor
100957,Rubus idaeus,OpenDryPoor
100958,Rubus idaeus,OpenDryPoor
100959,Rubus idaeus,OpenDryPoor
100960,Rubus idaeus,OpenDryPoor
100961,Rubus idaeus,OpenDryPoor
100962,Rubus idaeus,OpenDryPoor
101508,Rubus idaeus,OpenDryPoor
101509,Rubus idaeus,OpenDryPoor
101510,Rubus idaeus,OpenDryPoor
101511,Rubus idaeus,OpenDryPoor
101512,Rubus idaeus,OpenDryPoor
101513,Rubus idaeus,OpenDryPoor
101514,Rubus idaeus,OpenDryPoor
101515,Rubus idaeus,OpenDryPoor
101516,Rubus idaeus,OpenDryPoor
101517,Rubus idaeus,OpenDryPoor
101518,Rubus idaeus,OpenDryPoor
101519,Rubus idaeus,OpenDryPoor
101520,Rubus idaeus,OpenDryPoor
101521,Rubus idaeus,OpenDryPoor
101522,Rubus idaeus,OpenDryPoor
101523,Rubus idaeus,OpenDryPoor
101524,Rubus idaeus,OpenDryPoor
101525,Rubus idaeus,OpenDryPoor
101526,Rubus idaeus,OpenDryPoor
101527,Rubus idaeus,OpenDryPoor
101548,Rubus idaeus,OpenDryPoor
101549,Rubus idaeus,OpenDryPoor
101550,Rubus idaeus,OpenDryPoor
101551,Rubus idaeus,OpenDryPoor
101552,Rubus idaeus,OpenDryPoor
101553,Rubus idaeus,OpenDryPoor
101554,Rubus idaeus,OpenDryPoor
101555,Rubus idaeus,OpenDryPoor
101556,Rubus idaeus,OpenDryPoor
101557,Rubus idaeus,OpenDryPoor
101558,Rubus idaeus,OpenDryPoor
101559,Rubus idaeus,OpenDryPoor
101560,Rubus idaeus,OpenDryPoor
101561,Rubus idaeus,OpenDryPoor
101562,Rubus idaeus,OpenDryPoor
102107,Rubus idaeus,OpenDryPoor
102108,Rubus idaeus,OpenDryPoor
102109,Rubus idaeus,OpenDryPoor
102110,Rubus idaeus,OpenDryPoor
102111,Rubus idaeus,OpenDryPoor
102112,Rubus idaeus,OpenDryPoor
102113,Rubus idaeus,OpenDryPoor
102114,Rubus idaeus,OpenDryPoor
102115,Rubus idaeus,OpenDryPoor
102116,Rubus idaeus,OpenDryPoor
102117,Rubus idaeus,OpenDryPoor
102118,Rubus idaeus,OpenDryPoor
102119,Rubus idaeus,OpenDryPoor
102120,Rubus idaeus,OpenDryPoor
102121,Rubus idaeus,OpenDryPoor
102122,Rubus idaeus,OpenDryPoor
102123,Rubus idaeus,OpenDryPoor
102124,Rubus idaeus,OpenDryPoor
102125,Rubus idaeus,OpenDryPoor
102126,Rubus idaeus,OpenDryPoor
102147,Rubus idaeus,OpenDryPoor
102148,Rubus idaeus,OpenDryPoor
102149,Rubus idaeus,OpenDryPoor
102150,Rubus idaeus,OpenDryPoor
102151,Rubus idaeus,OpenDryPoor
102152,Rubus idaeus,OpenDryPoor
102153,Rubus idaeus,OpenDryPoor
102154,Rubus idaeus,OpenDryPoor
102155,Rubus idaeus,OpenDryPoor
102156,Rubus idaeus,OpenDryPoor
102157,Rubus idaeus,OpenDryPoor
102158,Rubus idaeus,OpenDryPoor
102159,Rubus idaeus,OpenDryPoor
102160,Rubus idaeus,OpenDryPoor
102161,Rubus idaeus,OpenDryPoor
102162,Rubus idaeus,OpenDryPoor
102706,Rubus idaeus,OpenDryPoor
102707,Rubus idaeus,OpenDryPoor
102708,Rubus idaeus,OpenDryPoor
102709,Rubus idaeus,OpenDryPoor
102710,Rubus idaeus,OpenDryPoor
102711,Rubus idaeus,OpenDryPoor
102712,Rubus idaeus,OpenDryPoor
102713,Rubus idaeus,OpenDryPoor
102714,Rubus idaeus,OpenDryPoor
102715,Rubus idaeus,OpenDryPoor
102716,Rubus idaeus,OpenDryPoor
102717,Rubus idaeus,OpenDryPoor
102718,Rubus idaeus,OpenDryPoor
102719,Rubus idaeus,OpenDryPoor
102720,Rubus idaeus,OpenDryPoor
102721,Rubus idaeus,OpenDryPoor
102722,Rubus idaeus,OpenDryPoor
102723,Rubus idaeus,OpenDryPoor
102724,Rubus idaeus,OpenDryPoor
102725,Rubus idaeus,OpenDryPoor
102746,Rubus idaeus,OpenDryPoor
102747,Rubus idaeus,OpenDryPoor
102748,Rubus idaeus,OpenDryPoor
102749,Rubus idaeus,OpenDryPoor
102750,Rubus idaeus,OpenDryPoor
102751,Rubus idaeus,OpenDryPoor
102752,Rubus idaeus,OpenDryPoor
102753,Rubus idaeus,OpenDryPoor
102754,Rubus idaeus,OpenDryPoor
102755,Rubus idaeus,OpenDryPoor
102756,Rubus idaeus,OpenDryPoor
102757,Rubus idaeus,OpenDryPoor
102758,Rubus idaeus,OpenDryPoor
102759,Rubus idaeus,OpenDryPoor
102760,Rubus idaeus,OpenDryPoor
102761,Rubus idaeus,OpenDryPoor
102762,Rubus idaeus,OpenDryPoor
103284,Rubus idaeus,OpenDryPoor
103305,Rubus idaeus,OpenDryPoor
103306,Rubus idaeus,OpenDryPoor
103307,Rubus idaeus,OpenDryPoor
103308,Rubus idaeus,OpenDryPoor
103309,Rubus idaeus,OpenDryPoor
103310,Rubus idaeus,OpenDryPoor
103311,Rubus idaeus,OpenDryPoor
103312,Rubus idaeus,OpenDryPoor
103313,Rubus idaeus,OpenDryPoor
103314,Rubus idaeus,OpenDryPoor
103315,Rubus idaeus,OpenDryPoor
103316,Rubus idaeus,OpenDryPoor
103317,Rubus idaeus,OpenDryPoor
103318,Rubus idaeus,OpenDryPoor
103319,Rubus idaeus,OpenDryPoor
103320,Rubus idaeus,OpenDryPoor
103321,Rubus idaeus,OpenDryPoor
103322,Rubus idaeus,OpenDryPoor
103323,Rubus idaeus,OpenDryPoor
103324,Rubus idaeus,OpenDryPoor
103345,Rubus idaeus,OpenDryPoor
103346,Rubus idaeus,OpenDryPoor
103347,Rubus idaeus,OpenDryPoor
103348,Rubus idaeus,OpenDryPoor
103349,Rubus idaeus,OpenDryPoor
103350,Rubus idaeus,OpenDryPoor
103351,Rubus idaeus,OpenDryPoor
103352,Rubus idaeus,OpenDryPoor
103353,Rubus idaeus,OpenDryPoor
103354,Rubus idaeus,OpenDryPoor
103355,Rubus idaeus,OpenDryPoor
103356,Rubus idaeus,OpenDryPoor
103357,Rubus idaeus,OpenDryPoor
103358,Rubus idaeus,OpenDryPoor
103359,Rubus idaeus,OpenDryPoor
103360,Rubus idaeus,OpenDryPoor
103361,Rubus idaeus,OpenDryPoor
103362,Rubus idaeus,OpenDryPoor
103882,Rubus idaeus,OpenDryPoor
103883,Rubus idaeus,OpenDryPoor
103904,Rubus idaeus,OpenDryPoor
103905,Rubus idaeus,OpenDryPoor
103906,Rubus idaeus,OpenDryPoor
103907,Rubus idaeus,OpenDryPoor
103908,Rubus idaeus,OpenDryPoor
103909,Rubus idaeus,OpenDryPoor
103910,Rubus idaeus,OpenDryPoor
103911,Rubus idaeus,OpenDryPoor
103912,Rubus idaeus,OpenDryPoor
103913,Rubus idaeus,OpenDryPoor
103914,Rubus idaeus,OpenDryPoor
103915,Rubus idaeus,OpenDryPoor
103916,Rubus idaeus,OpenDryPoor
103917,Rubus idaeus,OpenDryPoor
103918,Rubus idaeus,OpenDryPoor
103919,Rubus idaeus,OpenDryPoor
103920,Rubus idaeus,OpenDryPoor
103921,Rubus idaeus,OpenDryPoor
103922,Rubus idaeus,OpenDryPoor
103923,Rubus idaeus,OpenDryPoor
103944,Rubus idaeus,OpenDryPoor
103945,Rubus idaeus,OpenDryPoor
103946,Rubus idaeus,OpenDryPoor
103947,Rubus idaeus,OpenDryPoor
103948,Rubus idaeus,OpenDryPoor
103949,Rubus idaeus,OpenDryPoor
103950,Rubus idaeus,OpenDryPoor
103951,Rubus idaeus,OpenDryPoor
103952,Rubus idaeus,OpenDryPoor
103953,Rubus idaeus,OpenDryPoor
103954,Rubus idaeus,OpenDryPoor
103955,Rubus idaeus,OpenDryPoor
103956,Rubus idaeus,OpenDryPoor
103957,Rubus idaeus,OpenDryPoor
103958,Rubus idaeus,OpenDryPoor
103959,Rubus idaeus,OpenDryPoor
103960,Rubus idaeus,OpenDryPoor
103961,Rubus idaeus,OpenDryPoor
103962,Rubus idaeus,OpenDryPoor
104480,Rubus idaeus,OpenDryPoor
104481,Rubus idaeus,OpenDryPoor
104482,Rubus idaeus,OpenDryPoor
104503,Rubus idaeus,OpenDryPoor
104504,Rubus idaeus,OpenDryPoor
104505,Rubus idaeus,OpenDryPoor
104506,Rubus idaeus,OpenDryPoor
104507,Rubus idaeus,OpenDryPoor
104508,Rubus idaeus,OpenDryPoor
104509,Rubus idaeus,OpenDryPoor
104510,Rubus idaeus,OpenDryPoor
104511,Rubus idaeus,OpenDryPoor
104512,Rubus idaeus,OpenDryPoor
104513,Rubus idaeus,OpenDryPoor
104514,Rubus idaeus,OpenDryPoor
104515,Rubus idaeus,OpenDryPoor
104516,Rubus idaeus,OpenDryPoor
104517,Rubus idaeus,OpenDryPoor
104518,Rubus idaeus,OpenDryPoor
104519,Rubus idaeus,OpenDryPoor
104520,Rubus idaeus,OpenDryPoor
104521,Rubus idaeus,OpenDryPoor
104522,Rubus idaeus,OpenDryPoor
104543,Rubus idaeus,OpenDryPoor
104544,Rubus idaeus,OpenDryPoor
104545,Rubus idaeus,OpenDryPoor
104546,Rubus idaeus,OpenDryPoor
104547,Rubus idaeus,OpenDryPoor
104548,Rubus idaeus,OpenDryPoor
104549,Rubus idaeus,OpenDryPoor
104550,Rubus idaeus,OpenDryPoor
104551,Rubus idaeus,OpenDryPoor
104552,Rubus idaeus,OpenDryPoor
104553,Rubus idaeus,OpenDryPoor
104554,Rubus idaeus,OpenDryPoor
104555,Rubus idaeus,OpenDryPoor
104556,Rubus idaeus,OpenDryPoor
104557,Rubus idaeus,OpenDryPoor
104558,Rubus idaeus,OpenDryPoor
104559,Rubus idaeus,OpenDryPoor
104560,Rubus idaeus,OpenDryPoor
104561,Rubus idaeus,OpenDryPoor
105079,Rubus idaeus,OpenDryPoor
105080,Rubus idaeus,OpenDryPoor
105081,Rubus idaeus,OpenDryPoor
105102,Rubus idaeus,OpenDryPoor
105103,Rubus idaeus,OpenDryPoor
105104,Rubus idaeus,OpenDryPoor
105105,Rubus idaeus,OpenDryPoor
105106,Rubus idaeus,OpenDryPoor
105107,Rubus idaeus,OpenDryPoor
105108,Rubus idaeus,OpenDryPoor
105109,Rubus idaeus,OpenDryPoor
105110,Rubus idaeus,OpenDryPoor
105111,Rubus idaeus,OpenDryPoor
105112,Rubus idaeus,OpenDryPoor
105113,Rubus idaeus,OpenDryPoor
105114,Rubus idaeus,OpenDryPoor
105115,Rubus idaeus,OpenDryPoor
105116,Rubus idaeus,OpenDryPoor
105117,Rubus idaeus,OpenDryPoor
105118,Rubus idaeus,OpenDryPoor
105119,Rubus idaeus,OpenDryPoor
105120,Rubus idaeus,OpenDryPoor
105121,Rubus idaeus,OpenDryPoor
105142,Rubus idaeus,OpenDryPoor
105143,Rubus idaeus,OpenDryPoor
105144,Rubus idaeus,OpenDryPoor
105145,Rubus idaeus,OpenDryPoor
105146,Rubus idaeus,OpenDryPoor
105147,Rubus idaeus,OpenDryPoor
105148,Rubus idaeus,OpenDryPoor
105149,Rubus idaeus,OpenDryPoor
105150,Rubus idaeus,OpenDryPoor
105151,Rubus idaeus,OpenDryPoor
105152,Rubus idaeus,OpenDryPoor
105153,Rubus idaeus,OpenDryPoor
105154,Rubus idaeus,OpenDryPoor
105155,Rubus idaeus,OpenDryPoor
105156,Rubus idaeus,OpenDryPoor
105157,Rubus idaeus,OpenDryPoor
105158,Rubus idaeus,OpenDryPoor
105159,Rubus idaeus,OpenDryPoor
105160,Rubus idaeus,OpenDryPoor
105161,Rubus idaeus,OpenDryPoor
105677,Rubus idaeus,OpenDryPoor
105678,Rubus idaeus,OpenDryPoor
105679,Rubus idaeus,OpenDryPoor
105680,Rubus idaeus,OpenDryPoor
105701,Rubus idaeus,OpenDryPoor
105702,Rubus idaeus,OpenDryPoor
105703,Rubus idaeus,OpenDryPoor
105704,Rubus idaeus,OpenDryPoor
105705,Rubus idaeus,OpenDryPoor
105706,Rubus idaeus,OpenDryPoor
105707,Rubus idaeus,OpenDryPoor
105708,Rubus idaeus,OpenDryPoor
105709,Rubus idaeus,OpenDryPoor
105710,Rubus idaeus,OpenDryPoor
105711,Rubus idaeus,OpenDryPoor
105712,Rubus idaeus,OpenDryPoor
105713,Rubus idaeus,OpenDryPoor
105714,Rubus idaeus,OpenDryPoor
105715,Rubus idaeus,OpenDryPoor
105716,Rubus idaeus,OpenDryPoor
105717,Rubus idaeus,OpenDryPoor
105718,Rubus idaeus,OpenDryPoor
105719,Rubus idaeus,OpenDryPoor
105720,Rubus idaeus,OpenDryPoor
105741,Rubus idaeus,OpenDryPoor
105742,Rubus idaeus,OpenDryPoor
105743,Rubus idaeus,OpenDryPoor
105744,Rubus idaeus,OpenDryPoor
105745,Rubus idaeus,OpenDryPoor
105746,Rubus idaeus,OpenDryPoor
105747,Rubus idaeus,OpenDryPoor
105748,Rubus idaeus,OpenDryPoor
105749,Rubus idaeus,OpenDryPoor
105750,Rubus idaeus,OpenDryPoor
105751,Rubus idaeus,OpenDryPoor
105752,Rubus idaeus,OpenDryPoor
105753,Rubus idaeus,OpenDryPoor
105754,Rubus idaeus,OpenDryPoor
105755,Rubus idaeus,OpenDryPoor
105756,Rubus idaeus,OpenDryPoor
105757,Rubus idaeus,OpenDryPoor
105758,Rubus idaeus,OpenDryPoor
105759,Rubus idaeus,OpenDryPoor
105760,Rubus idaeus,OpenDryPoor
105761,Rubus idaeus,OpenDryPoor
106275,Rubus idaeus,OpenDryPoor
106276,Rubus idaeus,OpenDryPoor
106277,Rubus idaeus,OpenDryPoor
106278,Rubus idaeus,OpenDryPoor
106279,Rubus idaeus,OpenDryPoor
106300,Rubus idaeus,OpenDryPoor
106301,Rubus idaeus,OpenDryPoor
106302,Rubus idaeus,OpenDryPoor
106303,Rubus idaeus,OpenDryPoor
106304,Rubus idaeus,OpenDryPoor
106305,Rubus idaeus,OpenDryPoor
106306,Rubus idaeus,OpenDryPoor
106307,Rubus idaeus,OpenDryPoor
106308,Rubus idaeus,OpenDryPoor
106309,Rubus idaeus,OpenDryPoor
106310,Rubus idaeus,OpenDryPoor
106311,Rubus idaeus,OpenDryPoor
106312,Rubus idaeus,OpenDryPoor
106313,Rubus idaeus,OpenDryPoor
106314,Rubus idaeus,OpenDryPoor
106315,Rubus idaeus,OpenDryPoor
106316,Rubus idaeus,OpenDryPoor
106317,Rubus idaeus,OpenDryPoor
106318,Rubus idaeus,OpenDryPoor
106319,Rubus idaeus,OpenDryPoor
106340,Rubus idaeus,OpenDryPoor
106341,Rubus idaeus,OpenDryPoor
106342,Rubus idaeus,OpenDryPoor
106343,Rubus idaeus,OpenDryPoor
106344,Rubus idaeus,OpenDryPoor
106345,Rubus idaeus,OpenDryPoor
106346,Rubus idaeus,OpenDryPoor
106347,Rubus idaeus,OpenDryPoor
106348,Rubus idaeus,OpenDryPoor
106349,Rubus idaeus,OpenDryPoor
106350,Rubus idaeus,OpenDryPoor
106351,Rubus idaeus,OpenDryPoor
106352,Rubus idaeus,OpenDryPoor
106353,Rubus idaeus,OpenDryPoor
106354,Rubus idaeus,OpenDryPoor
106355,Rubus idaeus,OpenDryPoor
106356,Rubus idaeus,OpenDryPoor
106357,Rubus idaeus,OpenDryPoor
106358,Rubus idaeus,OpenDryPoor
106359,Rubus idaeus,OpenDryPoor
106360,Rubus idaeus,OpenDryPoor
106874,Rubus idaeus,OpenDryPoor
106875,Rubus idaeus,OpenDryPoor
106876,Rubus idaeus,OpenDryPoor
106877,Rubus idaeus,OpenDryPoor
106878,Rubus idaeus,OpenDryPoor
106899,Rubus idaeus,OpenDryPoor
106900,Rubus idaeus,OpenDryPoor
106901,Rubus idaeus,OpenDryPoor
106902,Rubus idaeus,OpenDryPoor
106903,Rubus idaeus,OpenDryPoor
106904,Rubus idaeus,OpenDryPoor
106905,Rubus idaeus,OpenDryPoor
106906,Rubus idaeus,OpenDryPoor
106907,Rubus idaeus,OpenDryPoor
106908,Rubus idaeus,OpenDryPoor
106909,Rubus idaeus,OpenDryPoor
106910,Rubus idaeus,OpenDryPoor
106911,Rubus idaeus,OpenDryPoor
106912,Rubus idaeus,OpenDryPoor
106913,Rubus idaeus,OpenDryPoor
106914,Rubus idaeus,OpenDryPoor
106915,Rubus idaeus,OpenDryPoor
106916,Rubus idaeus,OpenDryPoor
106917,Rubus idaeus,OpenDryPoor
106918,Rubus idaeus,OpenDryPoor
106939,Rubus idaeus,OpenDryPoor
106940,Rubus idaeus,OpenDryPoor
106941,Rubus idaeus,OpenDryPoor
106942,Rubus idaeus,OpenDryPoor
106943,Rubus idaeus,OpenDryPoor
106944,Rubus idaeus,OpenDryPoor
106945,Rubus idaeus,OpenDryPoor
106946,Rubus idaeus,OpenDryPoor
106947,Rubus idaeus,OpenDryPoor
106948,Rubus idaeus,OpenDryPoor
106949,Rubus idaeus,OpenDryPoor
106950,Rubus idaeus,OpenDryPoor
106951,Rubus idaeus,OpenDryPoor
106952,Rubus idaeus,OpenDryPoor
106953,Rubus idaeus,OpenDryPoor
106954,Rubus idaeus,OpenDryPoor
106955,Rubus idaeus,OpenDryPoor
106956,Rubus idaeus,OpenDryPoor
106957,Rubus idaeus,OpenDryPoor
106958,Rubus idaeus,OpenDryPoor
106959,Rubus idaeus,OpenDryPoor
106960,Rubus idaeus,OpenDryPoor
107472,Rubus idaeus,OpenDryPoor
107473,Rubus idaeus,OpenDryPoor
107474,Rubus idaeus,OpenDryPoor
107475,Rubus idaeus,OpenDryPoor
107476,Rubus idaeus,OpenDryPoor
107477,Rubus idaeus,OpenDryPoor
107498,Rubus idaeus,OpenDryPoor
107499,Rubus idaeus,OpenDryPoor
107500,Rubus idaeus,OpenDryPoor
107501,Rubus idaeus,OpenDryPoor
107502,Rubus idaeus,OpenDryPoor
107503,Rubus idaeus,OpenDryPoor
107504,Rubus idaeus,OpenDryPoor
107505,Rubus idaeus,OpenDryPoor
107506,Rubus idaeus,OpenDryPoor
107507,Rubus idaeus,OpenDryPoor
107508,Rubus idaeus,OpenDryPoor
107509,Rubus idaeus,OpenDryPoor
107510,Rubus idaeus,OpenDryPoor
107511,Rubus idaeus,OpenDryPoor
107512,Rubus idaeus,OpenDryPoor
107513,Rubus idaeus,OpenDryPoor
107514,Rubus idaeus,OpenDryPoor
107515,Rubus idaeus,OpenDryPoor
107516,Rubus idaeus,OpenDryPoor
107517,Rubus idaeus,OpenDryPoor
107538,Rubus idaeus,OpenDryPoor
107539,Rubus idaeus,OpenDryPoor
107540,Rubus idaeus,OpenDryPoor
107541,Rubus idaeus,OpenDryPoor
107542,Rubus idaeus,OpenDryPoor
107543,Rubus idaeus,OpenDryPoor
107544,Rubus idaeus,OpenDryPoor
107545,Rubus idaeus,OpenDryPoor
107546,Rubus idaeus,OpenDryPoor
107547,Rubus idaeus,OpenDryPoor
107548,Rubus idaeus,OpenDryPoor
107549,Rubus idaeus,OpenDryPoor
107550,Rubus idaeus,OpenDryPoor
107551,Rubus idaeus,OpenDryPoor
107552,Rubus idaeus,OpenDryPoor
107553,Rubus idaeus,OpenDryPoor
107554,Rubus idaeus,OpenDryPoor
107555,Rubus idaeus,OpenDryPoor
107556,Rubus idaeus,OpenDryPoor
107557,Rubus idaeus,OpenDryPoor
107558,Rubus idaeus,OpenDryPoor
107559,Rubus idaeus,OpenDryPoor
108071,Rubus idaeus,OpenDryPoor
108072,Rubus idaeus,OpenDryPoor
108073,Rubus idaeus,OpenDryPoor
108074,Rubus idaeus,OpenDryPoor
108075,Rubus idaeus,OpenDryPoor
108076,Rubus idaeus,OpenDryPoor
108097,Rubus idaeus,OpenDryPoor
108098,Rubus idaeus,OpenDryPoor
108099,Rubus idaeus,OpenDryPoor
108100,Rubus idaeus,OpenDryPoor
108101,Rubus idaeus,OpenDryPoor
108102,Rubus idaeus,OpenDryPoor
108103,Rubus idaeus,OpenDryPoor
108104,Rubus idaeus,OpenDryPoor
108105,Rubus idaeus,OpenDryPoor
108106,Rubus idaeus,OpenDryPoor
108107,Rubus idaeus,OpenDryPoor
108108,Rubus idaeus,OpenDryPoor
108109,Rubus idaeus,OpenDryPoor
108110,Rubus idaeus,OpenDryPoor
108111,Rubus idaeus,OpenDryPoor
108112,Rubus idaeus,OpenDryPoor
108113,Rubus idaeus,OpenDryPoor
108114,Rubus idaeus,OpenDryPoor
108115,Rubus idaeus,OpenDryPoor
108116,Rubus idaeus,OpenDryPoor
108137,Rubus idaeus,OpenDryPoor
108138,Rubus idaeus,OpenDryPoor
108139,Rubus idaeus,OpenDryPoor
108140,Rubus idaeus,OpenDryPoor
108141,Rubus idaeus,OpenDryPoor
108142,Rubus idaeus,OpenDryPoor
108143,Rubus idaeus,OpenDryPoor
108144,Rubus idaeus,OpenDryPoor
108145,Rubus idaeus,OpenDryPoor
108146,Rubus idaeus,OpenDryPoor
108147,Rubus idaeus,OpenDryPoor
108148,Rubus idaeus,OpenDryPoor
108149,Rubus idaeus,OpenDryPoor
108150,Rubus idaeus,OpenDryPoor
108151,Rubus idaeus,OpenDryPoor
108152,Rubus idaeus,OpenDryPoor
108153,Rubus idaeus,OpenDryPoor
108154,Rubus idaeus,OpenDryPoor
108155,Rubus idaeus,OpenDryPoor
108156,Rubus idaeus,OpenDryPoor
108157,Rubus idaeus,OpenDryPoor
108158,Rubus idaeus,OpenDryPoor
108159,Rubus idaeus,OpenDryPoor
108669,Rubus idaeus,OpenDryPoor
108670,Rubus idaeus,OpenDryPoor
108671,Rubus idaeus,OpenDryPoor
108672,Rubus idaeus,OpenDryPoor
108673,Rubus idaeus,OpenDryPoor
108674,Rubus idaeus,OpenDryPoor
108675,Rubus idaeus,OpenDryPoor
108696,Rubus idaeus,OpenDryPoor
108697,Rubus idaeus,OpenDryPoor
108698,Rubus idaeus,OpenDryPoor
108699,Rubus idaeus,OpenDryPoor
108700,Rubus idaeus,OpenDryPoor
108701,Rubus idaeus,OpenDryPoor
108702,Rubus idaeus,OpenDryPoor
108703,Rubus idaeus,OpenDryPoor
108704,Rubus idaeus,OpenDryPoor
108705,Rubus idaeus,OpenDryPoor
108706,Rubus idaeus,OpenDryPoor
108707,Rubus idaeus,OpenDryPoor
108708,Rubus idaeus,OpenDryPoor
108709,Rubus idaeus,OpenDryPoor
108710,Rubus idaeus,OpenDryPoor
108711,Rubus idaeus,OpenDryPoor
108712,Rubus idaeus,OpenDryPoor
108713,Rubus idaeus,OpenDryPoor
108714,Rubus idaeus,OpenDryPoor
108715,Rubus idaeus,OpenDryPoor
108736,Rubus idaeus,OpenDryPoor
108737,Rubus idaeus,OpenDryPoor
108738,Rubus idaeus,OpenDryPoor
108739,Rubus idaeus,OpenDryPoor
108740,Rubus idaeus,OpenDryPoor
108741,Rubus idaeus,OpenDryPoor
108742,Rubus idaeus,OpenDryPoor
108743,Rubus idaeus,OpenDryPoor
108744,Rubus idaeus,OpenDryPoor
108745,Rubus idaeus,OpenDryPoor
108746,Rubus idaeus,OpenDryPoor
108747,Rubus idaeus,OpenDryPoor
108748,Rubus idaeus,OpenDryPoor
108749,Rubus idaeus,OpenDryPoor
108750,Rubus idaeus,OpenDryPoor
108751,Rubus idaeus,OpenDryPoor
108752,Rubus idaeus,OpenDryPoor
108753,Rubus idaeus,OpenDryPoor
108754,Rubus idaeus,OpenDryPoor
108755,Rubus idaeus,OpenDryPoor
108756,Rubus idaeus,OpenDryPoor
108757,Rubus idaeus,OpenDryPoor
108758,Rubus idaeus,OpenDryPoor
109268,Rubus idaeus,OpenDryPoor
109269,Rubus idaeus,OpenDryPoor
109270,Rubus idaeus,OpenDryPoor
109271,Rubus idaeus,OpenDryPoor
109272,Rubus idaeus,OpenDryPoor
109273,Rubus idaeus,OpenDryPoor
109274,Rubus idaeus,OpenDryPoor
109295,Rubus idaeus,OpenDryPoor
109296,Rubus idaeus,OpenDryPoor
109297,Rubus idaeus,OpenDryPoor
109298,Rubus idaeus,OpenDryPoor
109299,Rubus idaeus,OpenDryPoor
109300,Rubus idaeus,OpenDryPoor
109301,Rubus idaeus,OpenDryPoor
109302,Rubus idaeus,OpenDryPoor
109303,Rubus idaeus,OpenDryPoor
109304,Rubus idaeus,OpenDryPoor
109305,Rubus idaeus,OpenDryPoor
109306,Rubus idaeus,OpenDryPoor
109307,Rubus idaeus,OpenDryPoor
109308,Rubus idaeus,OpenDryPoor
109309,Rubus idaeus,OpenDryPoor
109310,Rubus idaeus,OpenDryPoor
109311,Rubus idaeus,OpenDryPoor
109312,Rubus idaeus,OpenDryPoor
109313,Rubus idaeus,OpenDryPoor
109314,Rubus idaeus,OpenDryPoor
109335,Rubus idaeus,OpenDryPoor
109336,Rubus idaeus,OpenDryPoor
109337,Rubus idaeus,OpenDryPoor
109338,Rubus idaeus,OpenDryPoor
109339,Rubus idaeus,OpenDryPoor
109340,Rubus idaeus,OpenDryPoor
109341,Rubus idaeus,OpenDryPoor
109342,Rubus idaeus,OpenDryPoor
109343,Rubus idaeus,OpenDryPoor
109344,Rubus idaeus,OpenDryPoor
109345,Rubus idaeus,OpenDryPoor
109346,Rubus idaeus,OpenDryPoor
109347,Rubus idaeus,OpenDryPoor
109348,Rubus idaeus,OpenDryPoor
109349,Rubus idaeus,OpenDryPoor
109350,Rubus idaeus,OpenDryPoor
109351,Rubus idaeus,OpenDryPoor
109352,Rubus idaeus,OpenDryPoor
109353,Rubus idaeus,OpenDryPoor
109354,Rubus idaeus,OpenDryPoor
109355,Rubus idaeus,OpenDryPoor
109356,Rubus idaeus,OpenDryPoor
109357,Rubus idaeus,OpenDryPoor
109358,Rubus idaeus,OpenDryPoor
109866,Rubus idaeus,OpenDryPoor
109867,Rubus idaeus,OpenDryPoor
109868,Rubus idaeus,OpenDryPoor
109869,Rubus idaeus,OpenDryPoor
109870,Rubus idaeus,OpenDryPoor
109871,Rubus idaeus,OpenDryPoor
109872,Rubus idaeus,OpenDryPoor
109873,Rubus idaeus,OpenDryPoor
109894,Rubus idaeus,OpenDryPoor
109895,Rubus idaeus,OpenDryPoor
109896,Rubus idaeus,OpenDryPoor
109897,Rubus idaeus,OpenDryPoor
109898,Rubus idaeus,OpenDryPoor
109899,Rubus idaeus,OpenDryPoor
109900,Rubus idaeus,OpenDryPoor
109901,Rubus idaeus,OpenDryPoor
109902,Rubus idaeus,OpenDryPoor
109903,Rubus idaeus,OpenDryPoor
109904,Rubus idaeus,OpenDryPoor
109905,Rubus idaeus,OpenDryPoor
109906,Rubus idaeus,OpenDryPoor
109907,Rubus idaeus,OpenDryPoor
109908,Rubus idaeus,OpenDryPoor
109909,Rubus idaeus,OpenDryPoor
109910,Rubus idaeus,OpenDryPoor
109911,Rubus idaeus,OpenDryPoor
109912,Rubus idaeus,OpenDryPoor
109913,Rubus idaeus,OpenDryPoor
109934,Rubus idaeus,OpenDryPoor
109935,Rubus idaeus,OpenDryPoor
109936,Rubus idaeus,OpenDryPoor
109937,Rubus idaeus,OpenDryPoor
109938,Rubus idaeus,OpenDryPoor
109939,Rubus idaeus,OpenDryPoor
109940,Rubus idaeus,OpenDryPoor
109941,Rubus idaeus,OpenDryPoor
109942,Rubus idaeus,OpenDryPoor
109943,Rubus idaeus,OpenDryPoor
109944,Rubus idaeus,OpenDryPoor
109945,Rubus idaeus,OpenDryPoor
109946,Rubus idaeus,OpenDryPoor
109947,Rubus idaeus,OpenDryPoor
109948,Rubus idaeus,OpenDryPoor
109949,Rubus idaeus,OpenDryPoor
109950,Rubus idaeus,OpenDryPoor
109951,Rubus idaeus,OpenDryPoor
109952,Rubus idaeus,OpenDryPoor
109953,Rubus idaeus,OpenDryPoor
109954,Rubus idaeus,OpenDryPoor
109955,Rubus idaeus,OpenDryPoor
109956,Rubus idaeus,OpenDryPoor
109957,Rubus idaeus,OpenDryPoor
182453,Rubus idaeus,OpenDryPoor
182454,Rubus idaeus,OpenDryPoor
182455,Rubus idaeus,OpenDryPoor
183052,Rubus idaeus,OpenDryPoor
183053,Rubus idaeus,OpenDryPoor
183054,Rubus idaeus,OpenDryPoor
183651,Rubus idaeus,OpenDryPoor
183652,Rubus idaeus,OpenDryPoor
183653,Rubus idaeus,OpenDryPoor
184250,Rubus idaeus,OpenDryPoor
184251,Rubus idaeus,OpenDryPoor
184252,Rubus idaeus,OpenDryPoor
184849,Rubus idaeus,OpenDryPoor
184850,Rubus idaeus,OpenDryPoor
184851,Rubus idaeus,OpenDryPoor
185448,Rubus idaeus,OpenDryPoor
185449,Rubus idaeus,OpenDryPoor
185450,Rubus idaeus,OpenDryPoor
186047,Rubus idaeus,OpenDryPoor
186048,Rubus idaeus,OpenDryPoor
186049,Rubus idaeus,OpenDryPoor
186646,Rubus idaeus,OpenDryPoor
186647,Rubus idaeus,OpenDryPoor
186648,Rubus idaeus,OpenDryPoor
187245,Rubus idaeus,OpenDryPoor
187246,Rubus idaeus,OpenDryPoor
187247,Rubus idaeus,OpenDryPoor
187844,Rubus idaeus,OpenDryPoor
187845,Rubus idaeus,OpenDryPoor
187846,Rubus idaeus,OpenDryPoor
188443,Rubus idaeus,OpenDryPoor
188444,Rubus idaeus,OpenDryPoor
188445,Rubus idaeus,OpenDryPoor
189042,Rubus idaeus,OpenDryPoor
189043,Rubus idaeus,OpenDryPoor
189044,Rubus idaeus,OpenDryPoor
189641,Rubus idaeus,OpenDryPoor
189642,Rubus idaeus,OpenDryPoor
189643,Rubus idaeus,OpenDryPoor
190240,Rubus idaeus,OpenDryPoor
190241,Rubus idaeus,OpenDryPoor
190242,Rubus idaeus,OpenDryPoor
190839,Rubus idaeus,OpenDryPoor
190840,Rubus idaeus,OpenDryPoor
190841,Rubus idaeus,OpenDryPoor
191438,Rubus idaeus,OpenDryPoor
191439,Rubus idaeus,OpenDryPoor
191440,Rubus idaeus,OpenDryPoor
192037,Rubus idaeus,OpenDryPoor
192038,Rubus idaeus,OpenDryPoor
192636,Rubus idaeus,OpenDryPoor
192637,Rubus idaeus,OpenDryPoor
193235,Rubus idaeus,OpenDryPoor
193236,Rubus idaeus,OpenDryPoor
193834,Rubus idaeus,OpenDryPoor
193835,Rubus idaeus,OpenDryPoor
127405,Rubus idaeus,OpenDryPoor
128004,Rubus idaeus,OpenDryPoor
128603,Rubus idaeus,OpenDryPoor
128604,Rubus idaeus,OpenDryPoor
129202,Rubus idaeus,OpenDryPoor
129203,Rubus idaeus,OpenDryPoor
129801,Rubus idaeus,OpenDryPoor
129802,Rubus idaeus,OpenDryPoor
129803,Rubus idaeus,OpenDryPoor
130400,Rubus idaeus,OpenDryPoor
130401,Rubus idaeus,OpenDryPoor
130402,Rubus idaeus,OpenDryPoor
130999,Rubus idaeus,OpenDryPoor
131000,Rubus idaeus,OpenDryPoor
131001,Rubus idaeus,OpenDryPoor
131598,Rubus idaeus,OpenDryPoor
131599,Rubus idaeus,OpenDryPoor
131600,Rubus idaeus,OpenDryPoor
131601,Rubus idaeus,OpenDryPoor
132197,Rubus idaeus,OpenDryPoor
132198,Rubus idaeus,OpenDryPoor
132199,Rubus idaeus,OpenDryPoor
132200,Rubus idaeus,OpenDryPoor
132796,Rubus idaeus,OpenDryPoor
132797,Rubus idaeus,OpenDryPoor
132798,Rubus idaeus,OpenDryPoor
132799,Rubus idaeus,OpenDryPoor
133395,Rubus idaeus,OpenDryPoor
133396,Rubus idaeus,OpenDryPoor
133397,Rubus idaeus,OpenDryPoor
133398,Rubus idaeus,OpenDryPoor
133399,Rubus idaeus,OpenDryPoor
133994,Rubus idaeus,OpenDryPoor
133995,Rubus idaeus,OpenDryPoor
133996,Rubus idaeus,OpenDryPoor
133997,Rubus idaeus,OpenDryPoor
133998,Rubus idaeus,OpenDryPoor
134573,Rubus idaeus,OpenDryPoor
134574,Rubus idaeus,OpenDryPoor
134575,Rubus idaeus,OpenDryPoor
134576,Rubus idaeus,OpenDryPoor
134577,Rubus idaeus,OpenDryPoor
134578,Rubus idaeus,OpenDryPoor
134579,Rubus idaeus,OpenDryPoor
134580,Rubus idaeus,OpenDryPoor
134581,Rubus idaeus,OpenDryPoor
134582,Rubus idaeus,OpenDryPoor
134583,Rubus idaeus,OpenDryPoor
134584,Rubus idaeus,OpenDryPoor
134585,Rubus idaeus,OpenDryPoor
134586,Rubus idaeus,OpenDryPoor
134587,Rubus idaeus,OpenDryPoor
134588,Rubus idaeus,OpenDryPoor
134589,Rubus idaeus,OpenDryPoor
134590,Rubus idaeus,OpenDryPoor
134591,Rubus idaeus,OpenDryPoor
134592,Rubus idaeus,OpenDryPoor
135172,Rubus idaeus,OpenDryPoor
135173,Rubus idaeus,OpenDryPoor
135174,Rubus idaeus,OpenDryPoor
135175,Rubus idaeus,OpenDryPoor
135176,Rubus idaeus,OpenDryPoor
135177,Rubus idaeus,OpenDryPoor
135178,Rubus idaeus,OpenDryPoor
135179,Rubus idaeus,OpenDryPoor
135180,Rubus idaeus,OpenDryPoor
135181,Rubus idaeus,OpenDryPoor
135182,Rubus idaeus,OpenDryPoor
135183,Rubus idaeus,OpenDryPoor
135184,Rubus idaeus,OpenDryPoor
135185,Rubus idaeus,OpenDryPoor
135186,Rubus idaeus,OpenDryPoor
135187,Rubus idaeus,OpenDryPoor
135188,Rubus idaeus,OpenDryPoor
135189,Rubus idaeus,OpenDryPoor
135190,Rubus idaeus,OpenDryPoor
135191,Rubus idaeus,OpenDryPoor
135771,Rubus idaeus,OpenDryPoor
135772,Rubus idaeus,OpenDryPoor
135773,Rubus idaeus,OpenDryPoor
135774,Rubus idaeus,OpenDryPoor
135775,Rubus idaeus,OpenDryPoor
135776,Rubus idaeus,OpenDryPoor
135777,Rubus idaeus,OpenDryPoor
135778,Rubus idaeus,OpenDryPoor
135779,Rubus idaeus,OpenDryPoor
135780,Rubus idaeus,OpenDryPoor
135781,Rubus idaeus,OpenDryPoor
135782,Rubus idaeus,OpenDryPoor
135783,Rubus idaeus,OpenDryPoor
135784,Rubus idaeus,OpenDryPoor
135785,Rubus idaeus,OpenDryPoor
135786,Rubus idaeus,OpenDryPoor
135787,Rubus idaeus,OpenDryPoor
135788,Rubus idaeus,OpenDryPoor
135789,Rubus idaeus,OpenDryPoor
135790,Rubus idaeus,OpenDryPoor
136370,Rubus idaeus,OpenDryPoor
136371,Rubus idaeus,OpenDryPoor
136372,Rubus idaeus,OpenDryPoor
136373,Rubus idaeus,OpenDryPoor
136374,Rubus idaeus,OpenDryPoor
136375,Rubus idaeus,OpenDryPoor
136376,Rubus idaeus,OpenDryPoor
136377,Rubus idaeus,OpenDryPoor
136378,Rubus idaeus,OpenDryPoor
136379,Rubus idaeus,OpenDryPoor
136380,Rubus idaeus,OpenDryPoor
136381,Rubus idaeus,OpenDryPoor
136382,Rubus idaeus,OpenDryPoor
136383,Rubus idaeus,OpenDryPoor
136384,Rubus idaeus,OpenDryPoor
136385,Rubus idaeus,OpenDryPoor
136386,Rubus idaeus,OpenDryPoor
136387,Rubus idaeus,OpenDryPoor
136388,Rubus idaeus,OpenDryPoor
136389,Rubus idaeus,OpenDryPoor
136969,Rubus idaeus,OpenDryPoor
136970,Rubus idaeus,OpenDryPoor
136971,Rubus idaeus,OpenDryPoor
136972,Rubus idaeus,OpenDryPoor
136973,Rubus idaeus,OpenDryPoor
136974,Rubus idaeus,OpenDryPoor
136975,Rubus idaeus,OpenDryPoor
136976,Rubus idaeus,OpenDryPoor
136977,Rubus idaeus,OpenDryPoor
136978,Rubus idaeus,OpenDryPoor
136979,Rubus idaeus,OpenDryPoor
136980,Rubus idaeus,OpenDryPoor
136981,Rubus idaeus,OpenDryPoor
136982,Rubus idaeus,OpenDryPoor
136983,Rubus idaeus,OpenDryPoor
136984,Rubus idaeus,OpenDryPoor
136985,Rubus idaeus,OpenDryPoor
136986,Rubus idaeus,OpenDryPoor
136987,Rubus idaeus,OpenDryPoor
136988,Rubus idaeus,OpenDryPoor
137568,Rubus idaeus,OpenDryPoor
137569,Rubus idaeus,OpenDryPoor
137570,Rubus idaeus,OpenDryPoor
137571,Rubus idaeus,OpenDryPoor
137572,Rubus idaeus,OpenDryPoor
137573,Rubus idaeus,OpenDryPoor
137574,Rubus idaeus,OpenDryPoor
137575,Rubus idaeus,OpenDryPoor
137576,Rubus idaeus,OpenDryPoor
137577,Rubus idaeus,OpenDryPoor
137578,Rubus idaeus,OpenDryPoor
137579,Rubus idaeus,OpenDryPoor
137580,Rubus idaeus,OpenDryPoor
137581,Rubus idaeus,OpenDryPoor
137582,Rubus idaeus,OpenDryPoor
137583,Rubus idaeus,OpenDryPoor
137584,Rubus idaeus,OpenDryPoor
137585,Rubus idaeus,OpenDryPoor
137586,Rubus idaeus,OpenDryPoor
137587,Rubus idaeus,OpenDryPoor
138167,Rubus idaeus,OpenDryPoor
138168,Rubus idaeus,OpenDryPoor
138169,Rubus idaeus,OpenDryPoor
138170,Rubus idaeus,OpenDryPoor
138171,Rubus idaeus,OpenDryPoor
138172,Rubus idaeus,OpenDryPoor
138173,Rubus idaeus,OpenDryPoor
138174,Rubus idaeus,OpenDryPoor
138175,Rubus idaeus,OpenDryPoor
138176,Rubus idaeus,OpenDryPoor
138177,Rubus idaeus,OpenDryPoor
138178,Rubus idaeus,OpenDryPoor
138179,Rubus idaeus,OpenDryPoor
138180,Rubus idaeus,OpenDryPoor
138181,Rubus idaeus,OpenDryPoor
138182,Rubus idaeus,OpenDryPoor
138183,Rubus idaeus,OpenDryPoor
138184,Rubus idaeus,OpenDryPoor
138185,Rubus idaeus,OpenDryPoor
138186,Rubus idaeus,OpenDryPoor
138766,Rubus idaeus,OpenDryPoor
138767,Rubus idaeus,OpenDryPoor
138768,Rubus idaeus,OpenDryPoor
138769,Rubus idaeus,OpenDryPoor
138770,Rubus idaeus,OpenDryPoor
138771,Rubus idaeus,OpenDryPoor
138772,Rubus idaeus,OpenDryPoor
138773,Rubus idaeus,OpenDryPoor
138774,Rubus idaeus,OpenDryPoor
138775,Rubus idaeus,OpenDryPoor
138776,Rubus idaeus,OpenDryPoor
138777,Rubus idaeus,OpenDryPoor
138778,Rubus idaeus,OpenDryPoor
138779,Rubus idaeus,OpenDryPoor
138780,Rubus idaeus,OpenDryPoor
138781,Rubus idaeus,OpenDryPoor
138782,Rubus idaeus,OpenDryPoor
138783,Rubus idaeus,OpenDryPoor
138784,Rubus idaeus,OpenDryPoor
138785,Rubus idaeus,OpenDryPoor
139365,Rubus idaeus,OpenDryPoor
139366,Rubus idaeus,OpenDryPoor
139367,Rubus idaeus,OpenDryPoor
139368,Rubus idaeus,OpenDryPoor
139369,Rubus idaeus,OpenDryPoor
139370,Rubus idaeus,OpenDryPoor
139371,Rubus idaeus,OpenDryPoor
139372,Rubus idaeus,OpenDryPoor
139373,Rubus idaeus,OpenDryPoor
139374,Rubus idaeus,OpenDryPoor
139375,Rubus idaeus,OpenDryPoor
139376,Rubus idaeus,OpenDryPoor
139377,Rubus idaeus,OpenDryPoor
139378,Rubus idaeus,OpenDryPoor
139379,Rubus idaeus,OpenDryPoor
139380,Rubus idaeus,OpenDryPoor
139381,Rubus idaeus,OpenDryPoor
139382,Rubus idaeus,OpenDryPoor
139383,Rubus idaeus,OpenDryPoor
139384,Rubus idaeus,OpenDryPoor
139964,Rubus idaeus,OpenDryPoor
139965,Rubus idaeus,OpenDryPoor
139966,Rubus idaeus,OpenDryPoor
139967,Rubus idaeus,OpenDryPoor
139968,Rubus idaeus,OpenDryPoor
139969,Rubus idaeus,OpenDryPoor
139970,Rubus idaeus,OpenDryPoor
139971,Rubus idaeus,OpenDryPoor
139972,Rubus idaeus,OpenDryPoor
139973,Rubus idaeus,OpenDryPoor
139974,Rubus idaeus,OpenDryPoor
139975,Rubus idaeus,OpenDryPoor
139976,Rubus idaeus,OpenDryPoor
139977,Rubus idaeus,OpenDryPoor
139978,Rubus idaeus,OpenDryPoor
139979,Rubus idaeus,OpenDryPoor
139980,Rubus idaeus,OpenDryPoor
139981,Rubus idaeus,OpenDryPoor
139982,Rubus idaeus,OpenDryPoor
139983,Rubus idaeus,OpenDryPoor
140563,Rubus idaeus,OpenDryPoor
140564,Rubus idaeus,OpenDryPoor
140565,Rubus idaeus,OpenDryPoor
140566,Rubus idaeus,OpenDryPoor
140567,Rubus idaeus,OpenDryPoor
140568,Rubus idaeus,OpenDryPoor
140569,Rubus idaeus,OpenDryPoor
140570,Rubus idaeus,OpenDryPoor
140571,Rubus idaeus,OpenDryPoor
140572,Rubus idaeus,OpenDryPoor
140573,Rubus idaeus,OpenDryPoor
140574,Rubus idaeus,OpenDryPoor
140575,Rubus idaeus,OpenDryPoor
140576,Rubus idaeus,OpenDryPoor
140577,Rubus idaeus,OpenDryPoor
140578,Rubus idaeus,OpenDryPoor
140579,Rubus idaeus,OpenDryPoor
140580,Rubus idaeus,OpenDryPoor
140581,Rubus idaeus,OpenDryPoor
140582,Rubus idaeus,OpenDryPoor
141162,Rubus idaeus,OpenDryPoor
141163,Rubus idaeus,OpenDryPoor
141164,Rubus idaeus,OpenDryPoor
141165,Rubus idaeus,OpenDryPoor
141166,Rubus idaeus,OpenDryPoor
141167,Rubus idaeus,OpenDryPoor
141168,Rubus idaeus,OpenDryPoor
141169,Rubus idaeus,OpenDryPoor
141170,Rubus idaeus,OpenDryPoor
141171,Rubus idaeus,OpenDryPoor
141172,Rubus idaeus,OpenDryPoor
141173,Rubus idaeus,OpenDryPoor
141174,Rubus idaeus,OpenDryPoor
141175,Rubus idaeus,OpenDryPoor
141176,Rubus idaeus,OpenDryPoor
141177,Rubus idaeus,OpenDryPoor
141178,Rubus idaeus,OpenDryPoor
141179,Rubus idaeus,OpenDryPoor
141180,Rubus idaeus,OpenDryPoor
141181,Rubus idaeus,OpenDryPoor
141761,Rubus idaeus,OpenDryPoor
141762,Rubus idaeus,OpenDryPoor
141763,Rubus idaeus,OpenDryPoor
141764,Rubus idaeus,OpenDryPoor
141765,Rubus idaeus,OpenDryPoor
141766,Rubus idaeus,OpenDryPoor
141767,Rubus idaeus,OpenDryPoor
141768,Rubus idaeus,OpenDryPoor
141769,Rubus idaeus,OpenDryPoor
141770,Rubus idaeus,OpenDryPoor
141771,Rubus idaeus,OpenDryPoor
141772,Rubus idaeus,OpenDryPoor
141773,Rubus idaeus,OpenDryPoor
141774,Rubus idaeus,OpenDryPoor
141775,Rubus idaeus,OpenDryPoor
141776,Rubus idaeus,OpenDryPoor
141777,Rubus idaeus,OpenDryPoor
141778,Rubus idaeus,OpenDryPoor
141779,Rubus idaeus,OpenDryPoor
141780,Rubus idaeus,OpenDryPoor
142360,Rubus idaeus,OpenDryPoor
142361,Rubus idaeus,OpenDryPoor
142362,Rubus idaeus,OpenDryPoor
142363,Rubus idaeus,OpenDryPoor
142364,Rubus idaeus,OpenDryPoor
142365,Rubus idaeus,OpenDryPoor
142366,Rubus idaeus,OpenDryPoor
142367,Rubus idaeus,OpenDryPoor
142368,Rubus idaeus,OpenDryPoor
142369,Rubus idaeus,OpenDryPoor
142370,Rubus idaeus,OpenDryPoor
142371,Rubus idaeus,OpenDryPoor
142372,Rubus idaeus,OpenDryPoor
142373,Rubus idaeus,OpenDryPoor
142374,Rubus idaeus,OpenDryPoor
142375,Rubus idaeus,OpenDryPoor
142376,Rubus idaeus,OpenDryPoor
142377,Rubus idaeus,OpenDryPoor
142378,Rubus idaeus,OpenDryPoor
142379,Rubus idaeus,OpenDryPoor
142959,Rubus idaeus,OpenDryPoor
142960,Rubus idaeus,OpenDryPoor
142961,Rubus idaeus,OpenDryPoor
142962,Rubus idaeus,OpenDryPoor
142963,Rubus idaeus,OpenDryPoor
142964,Rubus idaeus,OpenDryPoor
142965,Rubus idaeus,OpenDryPoor
142966,Rubus idaeus,OpenDryPoor
142967,Rubus idaeus,OpenDryPoor
142968,Rubus idaeus,OpenDryPoor
142969,Rubus idaeus,OpenDryPoor
142970,Rubus idaeus,OpenDryPoor
142971,Rubus idaeus,OpenDryPoor
142972,Rubus idaeus,OpenDryPoor
142973,Rubus idaeus,OpenDryPoor
142974,Rubus idaeus,OpenDryPoor
142975,Rubus idaeus,OpenDryPoor
142976,Rubus idaeus,OpenDryPoor
142977,Rubus idaeus,OpenDryPoor
142978,Rubus idaeus,OpenDryPoor
143558,Rubus idaeus,OpenDryPoor
143559,Rubus idaeus,OpenDryPoor
143560,Rubus idaeus,OpenDryPoor
143561,Rubus idaeus,OpenDryPoor
143562,Rubus idaeus,OpenDryPoor
143563,Rubus idaeus,OpenDryPoor
143564,Rubus idaeus,OpenDryPoor
143565,Rubus idaeus,OpenDryPoor
143566,Rubus idaeus,OpenDryPoor
143567,Rubus idaeus,OpenDryPoor
143568,Rubus idaeus,OpenDryPoor
143569,Rubus idaeus,OpenDryPoor
143570,Rubus idaeus,OpenDryPoor
143571,Rubus idaeus,OpenDryPoor
143572,Rubus idaeus,OpenDryPoor
143573,Rubus idaeus,OpenDryPoor
143574,Rubus idaeus,OpenDryPoor
143575,Rubus idaeus,OpenDryPoor
143576,Rubus idaeus,OpenDryPoor
143577,Rubus idaeus,OpenDryPoor
144157,Rubus idaeus,OpenDryPoor
144158,Rubus idaeus,OpenDryPoor
144159,Rubus idaeus,OpenDryPoor
144160,Rubus idaeus,OpenDryPoor
144161,Rubus idaeus,OpenDryPoor
144162,Rubus idaeus,OpenDryPoor
144163,Rubus idaeus,OpenDryPoor
144164,Rubus idaeus,OpenDryPoor
144165,Rubus idaeus,OpenDryPoor
144166,Rubus idaeus,OpenDryPoor
144167,Rubus idaeus,OpenDryPoor
144168,Rubus idaeus,OpenDryPoor
144169,Rubus idaeus,OpenDryPoor
144170,Rubus idaeus,OpenDryPoor
144171,Rubus idaeus,OpenDryPoor
144172,Rubus idaeus,OpenDryPoor
144173,Rubus idaeus,OpenDryPoor
144174,Rubus idaeus,OpenDryPoor
144175,Rubus idaeus,OpenDryPoor
144176,Rubus idaeus,OpenDryPoor
144756,Rubus idaeus,OpenDryPoor
144757,Rubus idaeus,OpenDryPoor
144758,Rubus idaeus,OpenDryPoor
144759,Rubus idaeus,OpenDryPoor
144760,Rubus idaeus,OpenDryPoor
144761,Rubus idaeus,OpenDryPoor
144762,Rubus idaeus,OpenDryPoor
144763,Rubus idaeus,OpenDryPoor
144764,Rubus idaeus,OpenDryPoor
144765,Rubus idaeus,OpenDryPoor
144766,Rubus idaeus,OpenDryPoor
144767,Rubus idaeus,OpenDryPoor
144768,Rubus idaeus,OpenDryPoor
144769,Rubus idaeus,OpenDryPoor
144770,Rubus idaeus,OpenDryPoor
144771,Rubus idaeus,OpenDryPoor
144772,Rubus idaeus,OpenDryPoor
144773,Rubus idaeus,OpenDryPoor
144774,Rubus idaeus,OpenDryPoor
144775,Rubus idaeus,OpenDryPoor
145355,Rubus idaeus,OpenDryPoor
145356,Rubus idaeus,OpenDryPoor
145357,Rubus idaeus,OpenDryPoor
145358,Rubus idaeus,OpenDryPoor
145359,Rubus idaeus,OpenDryPoor
145360,Rubus idaeus,OpenDryPoor
145361,Rubus idaeus,OpenDryPoor
145362,Rubus idaeus,OpenDryPoor
145363,Rubus idaeus,OpenDryPoor
145364,Rubus idaeus,OpenDryPoor
145365,Rubus idaeus,OpenDryPoor
145366,Rubus idaeus,OpenDryPoor
145367,Rubus idaeus,OpenDryPoor
145368,Rubus idaeus,OpenDryPoor
145369,Rubus idaeus,OpenDryPoor
145370,Rubus idaeus,OpenDryPoor
145371,Rubus idaeus,OpenDryPoor
145372,Rubus idaeus,OpenDryPoor
145373,Rubus idaeus,OpenDryPoor
145374,Rubus idaeus,OpenDryPoor
145954,Rubus idaeus,OpenDryPoor
145955,Rubus idaeus,OpenDryPoor
145956,Rubus idaeus,OpenDryPoor
145957,Rubus idaeus,OpenDryPoor
145958,Rubus idaeus,OpenDryPoor
145959,Rubus idaeus,OpenDryPoor
145960,Rubus idaeus,OpenDryPoor
145961,Rubus idaeus,OpenDryPoor
145962,Rubus idaeus,OpenDryPoor
145963,Rubus idaeus,OpenDryPoor
145964,Rubus idaeus,OpenDryPoor
145965,Rubus idaeus,OpenDryPoor
145966,Rubus idaeus,OpenDryPoor
145967,Rubus idaeus,OpenDryPoor
145968,Rubus idaeus,OpenDryPoor
145969,Rubus idaeus,OpenDryPoor
145970,Rubus idaeus,OpenDryPoor
145971,Rubus idaeus,OpenDryPoor
145972,Rubus idaeus,OpenDryPoor
145973,Rubus idaeus,OpenDryPoor
302053,Rubus idaeus,OpenDryPoor
302054,Rubus idaeus,OpenDryPoor
302055,Rubus idaeus,OpenDryPoor
302056,Rubus idaeus,OpenDryPoor
302057,Rubus idaeus,OpenDryPoor
302058,Rubus idaeus,OpenDryPoor
302059,Rubus idaeus,OpenDryPoor
302060,Rubus idaeus,OpenDryPoor
302061,Rubus idaeus,OpenDryPoor
302062,Rubus idaeus,OpenDryPoor
302063,Rubus idaeus,OpenDryPoor
302064,Rubus idaeus,OpenDryPoor
302065,Rubus idaeus,OpenDryPoor
302066,Rubus idaeus,OpenDryPoor
302067,Rubus idaeus,OpenDryPoor
302068,Rubus idaeus,OpenDryPoor
302069,Rubus idaeus,OpenDryPoor
302070,Rubus idaeus,OpenDryPoor
302071,Rubus idaeus,OpenDryPoor
302072,Rubus idaeus,OpenDryPoor
302652,Rubus idaeus,OpenDryPoor
302653,Rubus idaeus,OpenDryPoor
302654,Rubus idaeus,OpenDryPoor
302655,Rubus idaeus,OpenDryPoor
302656,Rubus idaeus,OpenDryPoor
302657,Rubus idaeus,OpenDryPoor
302658,Rubus idaeus,OpenDryPoor
302659,Rubus idaeus,OpenDryPoor
302660,Rubus idaeus,OpenDryPoor
302661,Rubus idaeus,OpenDryPoor
302662,Rubus idaeus,OpenDryPoor
302663,Rubus idaeus,OpenDryPoor
302664,Rubus idaeus,OpenDryPoor
302665,Rubus idaeus,OpenDryPoor
302666,Rubus idaeus,OpenDryPoor
302667,Rubus idaeus,OpenDryPoor
302668,Rubus idaeus,OpenDryPoor
302669,Rubus idaeus,OpenDryPoor
302670,Rubus idaeus,OpenDryPoor
302671,Rubus idaeus,OpenDryPoor
303251,Rubus idaeus,OpenDryPoor
303252,Rubus idaeus,OpenDryPoor
303253,Rubus idaeus,OpenDryPoor
303254,Rubus idaeus,OpenDryPoor
303255,Rubus idaeus,OpenDryPoor
303256,Rubus idaeus,OpenDryPoor
303257,Rubus idaeus,OpenDryPoor
303258,Rubus idaeus,OpenDryPoor
303259,Rubus idaeus,OpenDryPoor
303260,Rubus idaeus,OpenDryPoor
303261,Rubus idaeus,OpenDryPoor
303262,Rubus idaeus,OpenDryPoor
303263,Rubus idaeus,OpenDryPoor
303264,Rubus idaeus,OpenDryPoor
303265,Rubus idaeus,OpenDryPoor
303266,Rubus idaeus,OpenDryPoor
303267,Rubus idaeus,OpenDryPoor
303268,Rubus idaeus,OpenDryPoor
303269,Rubus idaeus,OpenDryPoor
303270,Rubus idaeus,OpenDryPoor
303850,Rubus idaeus,OpenDryPoor
303851,Rubus idaeus,OpenDryPoor
303852,Rubus idaeus,OpenDryPoor
303853,Rubus idaeus,OpenDryPoor
303854,Rubus idaeus,OpenDryPoor
303855,Rubus idaeus,OpenDryPoor
303856,Rubus idaeus,OpenDryPoor
303857,Rubus idaeus,OpenDryPoor
303858,Rubus idaeus,OpenDryPoor
303859,Rubus idaeus,OpenDryPoor
303860,Rubus idaeus,OpenDryPoor
303861,Rubus idaeus,OpenDryPoor
303862,Rubus idaeus,OpenDryPoor
303863,Rubus idaeus,OpenDryPoor
303864,Rubus idaeus,OpenDryPoor
303865,Rubus idaeus,OpenDryPoor
303866,Rubus idaeus,OpenDryPoor
303867,Rubus idaeus,OpenDryPoor
303868,Rubus idaeus,OpenDryPoor
303869,Rubus idaeus,OpenDryPoor
304449,Rubus idaeus,OpenDryPoor
304450,Rubus idaeus,OpenDryPoor
304451,Rubus idaeus,OpenDryPoor
304452,Rubus idaeus,OpenDryPoor
304453,Rubus idaeus,OpenDryPoor
304454,Rubus idaeus,OpenDryPoor
304455,Rubus idaeus,OpenDryPoor
304456,Rubus idaeus,OpenDryPoor
304457,Rubus idaeus,OpenDryPoor
304458,Rubus idaeus,OpenDryPoor
304459,Rubus idaeus,OpenDryPoor
304460,Rubus idaeus,OpenDryPoor
304461,Rubus idaeus,OpenDryPoor
304462,Rubus idaeus,OpenDryPoor
304463,Rubus idaeus,OpenDryPoor
304464,Rubus idaeus,OpenDryPoor
304465,Rubus idaeus,OpenDryPoor
304466,Rubus idaeus,OpenDryPoor
304467,Rubus idaeus,OpenDryPoor
304468,Rubus idaeus,OpenDryPoor
305048,Rubus idaeus,OpenDryPoor
305049,Rubus idaeus,OpenDryPoor
305050,Rubus idaeus,OpenDryPoor
305051,Rubus idaeus,OpenDryPoor
305052,Rubus idaeus,OpenDryPoor
305053,Rubus idaeus,OpenDryPoor
305054,Rubus idaeus,OpenDryPoor
305055,Rubus idaeus,OpenDryPoor
305056,Rubus idaeus,OpenDryPoor
305057,Rubus idaeus,OpenDryPoor
305058,Rubus idaeus,OpenDryPoor
305059,Rubus idaeus,OpenDryPoor
305060,Rubus idaeus,OpenDryPoor
305061,Rubus idaeus,OpenDryPoor
305062,Rubus idaeus,OpenDryPoor
305063,Rubus idaeus,OpenDryPoor
305064,Rubus idaeus,OpenDryPoor
305065,Rubus idaeus,OpenDryPoor
305066,Rubus idaeus,OpenDryPoor
305067,Rubus idaeus,OpenDryPoor
305647,Rubus idaeus,OpenDryPoor
305648,Rubus idaeus,OpenDryPoor
305649,Rubus idaeus,OpenDryPoor
305650,Rubus idaeus,OpenDryPoor
305651,Rubus idaeus,OpenDryPoor
305652,Rubus idaeus,OpenDryPoor
305653,Rubus idaeus,OpenDryPoor
305654,Rubus idaeus,OpenDryPoor
305655,Rubus idaeus,OpenDryPoor
305656,Rubus idaeus,OpenDryPoor
305657,Rubus idaeus,OpenDryPoor
305658,Rubus idaeus,OpenDryPoor
305659,Rubus idaeus,OpenDryPoor
305660,Rubus idaeus,OpenDryPoor
305661,Rubus idaeus,OpenDryPoor
305662,Rubus idaeus,OpenDryPoor
305663,Rubus idaeus,OpenDryPoor
305664,Rubus idaeus,OpenDryPoor
305665,Rubus idaeus,OpenDryPoor
305666,Rubus idaeus,OpenDryPoor
306246,Rubus idaeus,OpenDryPoor
306247,Rubus idaeus,OpenDryPoor
306248,Rubus idaeus,OpenDryPoor
306249,Rubus idaeus,OpenDryPoor
306250,Rubus idaeus,OpenDryPoor
306251,Rubus idaeus,OpenDryPoor
306252,Rubus idaeus,OpenDryPoor
306253,Rubus idaeus,OpenDryPoor
306254,Rubus idaeus,OpenDryPoor
306255,Rubus idaeus,OpenDryPoor
306256,Rubus idaeus,OpenDryPoor
306257,Rubus idaeus,OpenDryPoor
306258,Rubus idaeus,OpenDryPoor
306259,Rubus idaeus,OpenDryPoor
306260,Rubus idaeus,OpenDryPoor
306261,Rubus idaeus,OpenDryPoor
306262,Rubus idaeus,OpenDryPoor
306263,Rubus idaeus,OpenDryPoor
306264,Rubus idaeus,OpenDryPoor
306265,Rubus idaeus,OpenDryPoor
306845,Rubus idaeus,OpenDryPoor
306846,Rubus idaeus,OpenDryPoor
306847,Rubus idaeus,OpenDryPoor
306848,Rubus idaeus,OpenDryPoor
306849,Rubus idaeus,OpenDryPoor
306850,Rubus idaeus,OpenDryPoor
306851,Rubus idaeus,OpenDryPoor
306852,Rubus idaeus,OpenDryPoor
306853,Rubus idaeus,OpenDryPoor
306854,Rubus idaeus,OpenDryPoor
306855,Rubus idaeus,OpenDryPoor
306856,Rubus idaeus,OpenDryPoor
306857,Rubus idaeus,OpenDryPoor
306858,Rubus idaeus,OpenDryPoor
306859,Rubus idaeus,OpenDryPoor
306860,Rubus idaeus,OpenDryPoor
306861,Rubus idaeus,OpenDryPoor
306862,Rubus idaeus,OpenDryPoor
306863,Rubus idaeus,OpenDryPoor
306864,Rubus idaeus,OpenDryPoor
307444,Rubus idaeus,OpenDryPoor
307445,Rubus idaeus,OpenDryPoor
307446,Rubus idaeus,OpenDryPoor
307447,Rubus idaeus,OpenDryPoor
307448,Rubus idaeus,OpenDryPoor
307449,Rubus idaeus,OpenDryPoor
307450,Rubus idaeus,OpenDryPoor
307451,Rubus idaeus,OpenDryPoor
307452,Rubus idaeus,OpenDryPoor
307453,Rubus idaeus,OpenDryPoor
307454,Rubus idaeus,OpenDryPoor
307455,Rubus idaeus,OpenDryPoor
307456,Rubus idaeus,OpenDryPoor
307457,Rubus idaeus,OpenDryPoor
307458,Rubus idaeus,OpenDryPoor
307459,Rubus idaeus,OpenDryPoor
307460,Rubus idaeus,OpenDryPoor
307461,Rubus idaeus,OpenDryPoor
307462,Rubus idaeus,OpenDryPoor
307463,Rubus idaeus,OpenDryPoor
308043,Rubus idaeus,OpenDryPoor
308044,Rubus idaeus,OpenDryPoor
308045,Rubus idaeus,OpenDryPoor
308046,Rubus idaeus,OpenDryPoor
308047,Rubus idaeus,OpenDryPoor
308048,Rubus idaeus,OpenDryPoor
308049,Rubus idaeus,OpenDryPoor
308050,Rubus idaeus,OpenDryPoor
308051,Rubus idaeus,OpenDryPoor
308052,Rubus idaeus,OpenDryPoor
308053,Rubus idaeus,OpenDryPoor
308054,Rubus idaeus,OpenDryPoor
308055,Rubus idaeus,OpenDryPoor
308056,Rubus idaeus,OpenDryPoor
308057,Rubus idaeus,OpenDryPoor
308058,Rubus idaeus,OpenDryPoor
308059,Rubus idaeus,OpenDryPoor
308060,Rubus idaeus,OpenDryPoor
308061,Rubus idaeus,OpenDryPoor
308062,Rubus idaeus,OpenDryPoor
308642,Rubus idaeus,OpenDryPoor
308643,Rubus idaeus,OpenDryPoor
308644,Rubus idaeus,OpenDryPoor
308645,Rubus idaeus,OpenDryPoor
308646,Rubus idaeus,OpenDryPoor
308647,Rubus idaeus,OpenDryPoor
308648,Rubus idaeus,OpenDryPoor
308649,Rubus idaeus,OpenDryPoor
308650,Rubus idaeus,OpenDryPoor
308651,Rubus idaeus,OpenDryPoor
308652,Rubus idaeus,OpenDryPoor
308653,Rubus idaeus,OpenDryPoor
308654,Rubus idaeus,OpenDryPoor
308655,Rubus idaeus,OpenDryPoor
308656,Rubus idaeus,OpenDryPoor
308657,Rubus idaeus,OpenDryPoor
308658,Rubus idaeus,OpenDryPoor
308659,Rubus idaeus,OpenDryPoor
308660,Rubus idaeus,OpenDryPoor
308661,Rubus idaeus,OpenDryPoor
309241,Rubus idaeus,OpenDryPoor
309242,Rubus idaeus,OpenDryPoor
309243,Rubus idaeus,OpenDryPoor
309244,Rubus idaeus,OpenDryPoor
309245,Rubus idaeus,OpenDryPoor
309246,Rubus idaeus,OpenDryPoor
309247,Rubus idaeus,OpenDryPoor
309248,Rubus idaeus,OpenDryPoor
309249,Rubus idaeus,OpenDryPoor
309250,Rubus idaeus,OpenDryPoor
309251,Rubus idaeus,OpenDryPoor
309252,Rubus idaeus,OpenDryPoor
309253,Rubus idaeus,OpenDryPoor
309254,Rubus idaeus,OpenDryPoor
309255,Rubus idaeus,OpenDryPoor
309256,Rubus idaeus,OpenDryPoor
309257,Rubus idaeus,OpenDryPoor
309258,Rubus idaeus,OpenDryPoor
309259,Rubus idaeus,OpenDryPoor
309260,Rubus idaeus,OpenDryPoor
309840,Rubus idaeus,OpenDryPoor
309841,Rubus idaeus,OpenDryPoor
309842,Rubus idaeus,OpenDryPoor
309843,Rubus idaeus,OpenDryPoor
309844,Rubus idaeus,OpenDryPoor
309845,Rubus idaeus,OpenDryPoor
309846,Rubus idaeus,OpenDryPoor
309847,Rubus idaeus,OpenDryPoor
309848,Rubus idaeus,OpenDryPoor
309849,Rubus idaeus,OpenDryPoor
309850,Rubus idaeus,OpenDryPoor
309851,Rubus idaeus,OpenDryPoor
309852,Rubus idaeus,OpenDryPoor
309853,Rubus idaeus,OpenDryPoor
309854,Rubus idaeus,OpenDryPoor
309855,Rubus idaeus,OpenDryPoor
309856,Rubus idaeus,OpenDryPoor
309857,Rubus idaeus,OpenDryPoor
309858,Rubus idaeus,OpenDryPoor
309859,Rubus idaeus,OpenDryPoor
310439,Rubus idaeus,OpenDryPoor
310440,Rubus idaeus,OpenDryPoor
310441,Rubus idaeus,OpenDryPoor
310442,Rubus idaeus,OpenDryPoor
310443,Rubus idaeus,OpenDryPoor
310444,Rubus idaeus,OpenDryPoor
310445,Rubus idaeus,OpenDryPoor
310446,Rubus idaeus,OpenDryPoor
310447,Rubus idaeus,OpenDryPoor
310448,Rubus idaeus,OpenDryPoor
310449,Rubus idaeus,OpenDryPoor
310450,Rubus idaeus,OpenDryPoor
310451,Rubus idaeus,OpenDryPoor
310452,Rubus idaeus,OpenDryPoor
310453,Rubus idaeus,OpenDryPoor
310454,Rubus idaeus,OpenDryPoor
310455,Rubus idaeus,OpenDryPoor
310456,Rubus idaeus,OpenDryPoor
310457,Rubus idaeus,OpenDryPoor
310458,Rubus idaeus,OpenDryPoor
311038,Rubus idaeus,OpenDryPoor
311039,Rubus idaeus,OpenDryPoor
311040,Rubus idaeus,OpenDryPoor
311041,Rubus idaeus,OpenDryPoor
311042,Rubus idaeus,OpenDryPoor
311043,Rubus idaeus,OpenDryPoor
311044,Rubus idaeus,OpenDryPoor
311045,Rubus idaeus,OpenDryPoor
311046,Rubus idaeus,OpenDryPoor
311047,Rubus idaeus,OpenDryPoor
311048,Rubus idaeus,OpenDryPoor
311049,Rubus idaeus,OpenDryPoor
311050,Rubus idaeus,OpenDryPoor
311051,Rubus idaeus,OpenDryPoor
311052,Rubus idaeus,OpenDryPoor
311053,Rubus idaeus,OpenDryPoor
311054,Rubus idaeus,OpenDryPoor
311055,Rubus idaeus,OpenDryPoor
311056,Rubus idaeus,OpenDryPoor
311057,Rubus idaeus,OpenDryPoor
311637,Rubus idaeus,OpenDryPoor
311638,Rubus idaeus,OpenDryPoor
311639,Rubus idaeus,OpenDryPoor
311640,Rubus idaeus,OpenDryPoor
311641,Rubus idaeus,OpenDryPoor
311642,Rubus idaeus,OpenDryPoor
311643,Rubus idaeus,OpenDryPoor
311644,Rubus idaeus,OpenDryPoor
311645,Rubus idaeus,OpenDryPoor
311646,Rubus idaeus,OpenDryPoor
311647,Rubus idaeus,OpenDryPoor
311648,Rubus idaeus,OpenDryPoor
311649,Rubus idaeus,OpenDryPoor
311650,Rubus idaeus,OpenDryPoor
311651,Rubus idaeus,OpenDryPoor
311652,Rubus idaeus,OpenDryPoor
311653,Rubus idaeus,OpenDryPoor
311654,Rubus idaeus,OpenDryPoor
311655,Rubus idaeus,OpenDryPoor
311656,Rubus idaeus,OpenDryPoor
312236,Rubus idaeus,OpenDryPoor
312237,Rubus idaeus,OpenDryPoor
312238,Rubus idaeus,OpenDryPoor
312239,Rubus idaeus,OpenDryPoor
312240,Rubus idaeus,OpenDryPoor
312241,Rubus idaeus,OpenDryPoor
312242,Rubus idaeus,OpenDryPoor
312243,Rubus idaeus,OpenDryPoor
312244,Rubus idaeus,OpenDryPoor
312245,Rubus idaeus,OpenDryPoor
312246,Rubus idaeus,OpenDryPoor
312247,Rubus idaeus,OpenDryPoor
312248,Rubus idaeus,OpenDryPoor
312249,Rubus idaeus,OpenDryPoor
312250,Rubus idaeus,OpenDryPoor
312251,Rubus idaeus,OpenDryPoor
312252,Rubus idaeus,OpenDryPoor
312253,Rubus idaeus,OpenDryPoor
312254,Rubus idaeus,OpenDryPoor
312255,Rubus idaeus,OpenDryPoor
312835,Rubus idaeus,OpenDryPoor
312836,Rubus idaeus,OpenDryPoor
312837,Rubus idaeus,OpenDryPoor
312838,Rubus idaeus,OpenDryPoor
312839,Rubus idaeus,OpenDryPoor
312840,Rubus idaeus,OpenDryPoor
312841,Rubus idaeus,OpenDryPoor
312842,Rubus idaeus,OpenDryPoor
312843,Rubus idaeus,OpenDryPoor
312844,Rubus idaeus,OpenDryPoor
312845,Rubus idaeus,OpenDryPoor
312846,Rubus idaeus,OpenDryPoor
312847,Rubus idaeus,OpenDryPoor
312848,Rubus idaeus,OpenDryPoor
312849,Rubus idaeus,OpenDryPoor
312850,Rubus idaeus,OpenDryPoor
312851,Rubus idaeus,OpenDryPoor
312852,Rubus idaeus,OpenDryPoor
312853,Rubus idaeus,OpenDryPoor
312854,Rubus idaeus,OpenDryPoor
313434,Rubus idaeus,OpenDryPoor
313435,Rubus idaeus,OpenDryPoor
313436,Rubus idaeus,OpenDryPoor
313437,Rubus idaeus,OpenDryPoor
313438,Rubus idaeus,OpenDryPoor
313439,Rubus idaeus,OpenDryPoor
313440,Rubus idaeus,OpenDryPoor
313441,Rubus idaeus,OpenDryPoor
313442,Rubus idaeus,OpenDryPoor
313443,Rubus idaeus,OpenDryPoor
313444,Rubus idaeus,OpenDryPoor
313445,Rubus idaeus,OpenDryPoor
313446,Rubus idaeus,OpenDryPoor
313447,Rubus idaeus,OpenDryPoor
313448,Rubus idaeus,OpenDryPoor
313449,Rubus idaeus,OpenDryPoor
313450,Rubus idaeus,OpenDryPoor
313451,Rubus idaeus,OpenDryPoor
313452,Rubus idaeus,OpenDryPoor
313453,Rubus idaeus,OpenDryPoor
314013,Rubus idaeus,OpenDryPoor
314014,Rubus idaeus,OpenDryPoor
314015,Rubus idaeus,OpenDryPoor
314016,Rubus idaeus,OpenDryPoor
314017,Rubus idaeus,OpenDryPoor
314018,Rubus idaeus,OpenDryPoor
314019,Rubus idaeus,OpenDryPoor
314020,Rubus idaeus,OpenDryPoor
314021,Rubus idaeus,OpenDryPoor
314022,Rubus idaeus,OpenDryPoor
314023,Rubus idaeus,OpenDryPoor
314024,Rubus idaeus,OpenDryPoor
314025,Rubus idaeus,OpenDryPoor
314026,Rubus idaeus,OpenDryPoor
314027,Rubus idaeus,OpenDryPoor
314028,Rubus idaeus,OpenDryPoor
314029,Rubus idaeus,OpenDryPoor
314030,Rubus idaeus,OpenDryPoor
314031,Rubus idaeus,OpenDryPoor
314032,Rubus idaeus,OpenDryPoor
314033,Rubus idaeus,OpenDryPoor
314034,Rubus idaeus,OpenDryPoor
314035,Rubus idaeus,OpenDryPoor
314036,Rubus idaeus,OpenDryPoor
314037,Rubus idaeus,OpenDryPoor
314038,Rubus idaeus,OpenDryPoor
314039,Rubus idaeus,OpenDryPoor
314040,Rubus idaeus,OpenDryPoor
314041,Rubus idaeus,OpenDryPoor
314042,Rubus idaeus,OpenDryPoor
314043,Rubus idaeus,OpenDryPoor
314044,Rubus idaeus,OpenDryPoor
314045,Rubus idaeus,OpenDryPoor
314046,Rubus idaeus,OpenDryPoor
314047,Rubus idaeus,OpenDryPoor
314048,Rubus idaeus,OpenDryPoor
314049,Rubus idaeus,OpenDryPoor
314050,Rubus idaeus,OpenDryPoor
314051,Rubus idaeus,OpenDryPoor
314052,Rubus idaeus,OpenDryPoor
314612,Rubus idaeus,OpenDryPoor
314613,Rubus idaeus,OpenDryPoor
314614,Rubus idaeus,OpenDryPoor
314615,Rubus idaeus,OpenDryPoor
314616,Rubus idaeus,OpenDryPoor
314617,Rubus idaeus,OpenDryPoor
314618,Rubus idaeus,OpenDryPoor
314619,Rubus idaeus,OpenDryPoor
314620,Rubus idaeus,OpenDryPoor
314621,Rubus idaeus,OpenDryPoor
314622,Rubus idaeus,OpenDryPoor
314623,Rubus idaeus,OpenDryPoor
314624,Rubus idaeus,OpenDryPoor
314625,Rubus idaeus,OpenDryPoor
314626,Rubus idaeus,OpenDryPoor
314627,Rubus idaeus,OpenDryPoor
314628,Rubus idaeus,OpenDryPoor
314629,Rubus idaeus,OpenDryPoor
314630,Rubus idaeus,OpenDryPoor
314631,Rubus idaeus,OpenDryPoor
314632,Rubus idaeus,OpenDryPoor
314633,Rubus idaeus,OpenDryPoor
314634,Rubus idaeus,OpenDryPoor
314635,Rubus idaeus,OpenDryPoor
314636,Rubus idaeus,OpenDryPoor
314637,Rubus idaeus,OpenDryPoor
314638,Rubus idaeus,OpenDryPoor
314639,Rubus idaeus,OpenDryPoor
314640,Rubus idaeus,OpenDryPoor
314641,Rubus idaeus,OpenDryPoor
314642,Rubus idaeus,OpenDryPoor
314643,Rubus idaeus,OpenDryPoor
314644,Rubus idaeus,OpenDryPoor
314645,Rubus idaeus,OpenDryPoor
314646,Rubus idaeus,OpenDryPoor
314647,Rubus idaeus,OpenDryPoor
314648,Rubus idaeus,OpenDryPoor
314649,Rubus idaeus,OpenDryPoor
314650,Rubus idaeus,OpenDryPoor
314651,Rubus idaeus,OpenDryPoor
315211,Rubus idaeus,OpenDryPoor
315212,Rubus idaeus,OpenDryPoor
315213,Rubus idaeus,OpenDryPoor
315214,Rubus idaeus,OpenDryPoor
315215,Rubus idaeus,OpenDryPoor
315216,Rubus idaeus,OpenDryPoor
315217,Rubus idaeus,OpenDryPoor
315218,Rubus idaeus,OpenDryPoor
315219,Rubus idaeus,OpenDryPoor
315220,Rubus idaeus,OpenDryPoor
315221,Rubus idaeus,OpenDryPoor
315222,Rubus idaeus,OpenDryPoor
315223,Rubus idaeus,OpenDryPoor
315224,Rubus idaeus,OpenDryPoor
315225,Rubus idaeus,OpenDryPoor
315226,Rubus idaeus,OpenDryPoor
315227,Rubus idaeus,OpenDryPoor
315228,Rubus idaeus,OpenDryPoor
315229,Rubus idaeus,OpenDryPoor
315230,Rubus idaeus,OpenDryPoor
315231,Rubus idaeus,OpenDryPoor
315232,Rubus idaeus,OpenDryPoor
315233,Rubus idaeus,OpenDryPoor
315234,Rubus idaeus,OpenDryPoor
315235,Rubus idaeus,OpenDryPoor
315236,Rubus idaeus,OpenDryPoor
315237,Rubus idaeus,OpenDryPoor
315238,Rubus idaeus,OpenDryPoor
315239,Rubus idaeus,OpenDryPoor
315240,Rubus idaeus,OpenDryPoor
315241,Rubus idaeus,OpenDryPoor
315242,Rubus idaeus,OpenDryPoor
315243,Rubus idaeus,OpenDryPoor
315244,Rubus idaeus,OpenDryPoor
315245,Rubus idaeus,OpenDryPoor
315246,Rubus idaeus,OpenDryPoor
315247,Rubus idaeus,OpenDryPoor
315248,Rubus idaeus,OpenDryPoor
315249,Rubus idaeus,OpenDryPoor
315810,Rubus idaeus,OpenDryPoor
315811,Rubus idaeus,OpenDryPoor
315812,Rubus idaeus,OpenDryPoor
315813,Rubus idaeus,OpenDryPoor
315814,Rubus idaeus,OpenDryPoor
315815,Rubus idaeus,OpenDryPoor
315816,Rubus idaeus,OpenDryPoor
315817,Rubus idaeus,OpenDryPoor
315818,Rubus idaeus,OpenDryPoor
315819,Rubus idaeus,OpenDryPoor
315820,Rubus idaeus,OpenDryPoor
315821,Rubus idaeus,OpenDryPoor
315822,Rubus idaeus,OpenDryPoor
315823,Rubus idaeus,OpenDryPoor
315824,Rubus idaeus,OpenDryPoor
315825,Rubus idaeus,OpenDryPoor
315826,Rubus idaeus,OpenDryPoor
315827,Rubus idaeus,OpenDryPoor
315828,Rubus idaeus,OpenDryPoor
315829,Rubus idaeus,OpenDryPoor
315830,Rubus idaeus,OpenDryPoor
315831,Rubus idaeus,OpenDryPoor
315832,Rubus idaeus,OpenDryPoor
315833,Rubus idaeus,OpenDryPoor
315834,Rubus idaeus,OpenDryPoor
315835,Rubus idaeus,OpenDryPoor
315836,Rubus idaeus,OpenDryPoor
315837,Rubus idaeus,OpenDryPoor
315838,Rubus idaeus,OpenDryPoor
315839,Rubus idaeus,OpenDryPoor
315840,Rubus idaeus,OpenDryPoor
315841,Rubus idaeus,OpenDryPoor
315842,Rubus idaeus,OpenDryPoor
315843,Rubus idaeus,OpenDryPoor
315844,Rubus idaeus,OpenDryPoor
315845,Rubus idaeus,OpenDryPoor
315846,Rubus idaeus,OpenDryPoor
315847,Rubus idaeus,OpenDryPoor
316409,Rubus idaeus,OpenDryPoor
316410,Rubus idaeus,OpenDryPoor
316411,Rubus idaeus,OpenDryPoor
316412,Rubus idaeus,OpenDryPoor
316413,Rubus idaeus,OpenDryPoor
316414,Rubus idaeus,OpenDryPoor
316415,Rubus idaeus,OpenDryPoor
316416,Rubus idaeus,OpenDryPoor
316417,Rubus idaeus,OpenDryPoor
316418,Rubus idaeus,OpenDryPoor
316419,Rubus idaeus,OpenDryPoor
316420,Rubus idaeus,OpenDryPoor
316421,Rubus idaeus,OpenDryPoor
316422,Rubus idaeus,OpenDryPoor
316423,Rubus idaeus,OpenDryPoor
316424,Rubus idaeus,OpenDryPoor
316425,Rubus idaeus,OpenDryPoor
316426,Rubus idaeus,OpenDryPoor
316427,Rubus idaeus,OpenDryPoor
316428,Rubus idaeus,OpenDryPoor
316429,Rubus idaeus,OpenDryPoor
316430,Rubus idaeus,OpenDryPoor
316431,Rubus idaeus,OpenDryPoor
316432,Rubus idaeus,OpenDryPoor
316433,Rubus idaeus,OpenDryPoor
316434,Rubus idaeus,OpenDryPoor
316435,Rubus idaeus,OpenDryPoor
316436,Rubus idaeus,OpenDryPoor
316437,Rubus idaeus,OpenDryPoor
316438,Rubus idaeus,OpenDryPoor
316439,Rubus idaeus,OpenDryPoor
316440,Rubus idaeus,OpenDryPoor
316441,Rubus idaeus,OpenDryPoor
316442,Rubus idaeus,OpenDryPoor
316443,Rubus idaeus,OpenDryPoor
316444,Rubus idaeus,OpenDryPoor
316445,Rubus idaeus,OpenDryPoor
317008,Rubus idaeus,OpenDryPoor
317009,Rubus idaeus,OpenDryPoor
317010,Rubus idaeus,OpenDryPoor
317011,Rubus idaeus,OpenDryPoor
317012,Rubus idaeus,OpenDryPoor
317013,Rubus idaeus,OpenDryPoor
317014,Rubus idaeus,OpenDryPoor
317015,Rubus idaeus,OpenDryPoor
317016,Rubus idaeus,OpenDryPoor
317017,Rubus idaeus,OpenDryPoor
317018,Rubus idaeus,OpenDryPoor
317019,Rubus idaeus,OpenDryPoor
317020,Rubus idaeus,OpenDryPoor
317021,Rubus idaeus,OpenDryPoor
317022,Rubus idaeus,OpenDryPoor
317023,Rubus idaeus,OpenDryPoor
317024,Rubus idaeus,OpenDryPoor
317025,Rubus idaeus,OpenDryPoor
317026,Rubus idaeus,OpenDryPoor
317027,Rubus idaeus,OpenDryPoor
317028,Rubus idaeus,OpenDryPoor
317029,Rubus idaeus,OpenDryPoor
317030,Rubus idaeus,OpenDryPoor
317031,Rubus idaeus,OpenDryPoor
317032,Rubus idaeus,OpenDryPoor
317033,Rubus idaeus,OpenDryPoor
317034,Rubus idaeus,OpenDryPoor
317035,Rubus idaeus,OpenDryPoor
317036,Rubus idaeus,OpenDryPoor
317037,Rubus idaeus,OpenDryPoor
317038,Rubus idaeus,OpenDryPoor
317039,Rubus idaeus,OpenDryPoor
317040,Rubus idaeus,OpenDryPoor
317041,Rubus idaeus,OpenDryPoor
317042,Rubus idaeus,OpenDryPoor
317043,Rubus idaeus,OpenDryPoor
317607,Rubus idaeus,OpenDryPoor
317608,Rubus idaeus,OpenDryPoor
317609,Rubus idaeus,OpenDryPoor
317610,Rubus idaeus,OpenDryPoor
317611,Rubus idaeus,OpenDryPoor
317612,Rubus idaeus,OpenDryPoor
317613,Rubus idaeus,OpenDryPoor
317614,Rubus idaeus,OpenDryPoor
317615,Rubus idaeus,OpenDryPoor
317616,Rubus idaeus,OpenDryPoor
317617,Rubus idaeus,OpenDryPoor
317618,Rubus idaeus,OpenDryPoor
317619,Rubus idaeus,OpenDryPoor
317620,Rubus idaeus,OpenDryPoor
317621,Rubus idaeus,OpenDryPoor
317622,Rubus idaeus,OpenDryPoor
317623,Rubus idaeus,OpenDryPoor
317624,Rubus idaeus,OpenDryPoor
317625,Rubus idaeus,OpenDryPoor
317626,Rubus idaeus,OpenDryPoor
317627,Rubus idaeus,OpenDryPoor
317628,Rubus idaeus,OpenDryPoor
317629,Rubus idaeus,OpenDryPoor
317630,Rubus idaeus,OpenDryPoor
317631,Rubus idaeus,OpenDryPoor
317632,Rubus idaeus,OpenDryPoor
317633,Rubus idaeus,OpenDryPoor
317634,Rubus idaeus,OpenDryPoor
317635,Rubus idaeus,OpenDryPoor
317636,Rubus idaeus,OpenDryPoor
317637,Rubus idaeus,OpenDryPoor
317638,Rubus idaeus,OpenDryPoor
317639,Rubus idaeus,OpenDryPoor
317640,Rubus idaeus,OpenDryPoor
318206,Rubus idaeus,OpenDryPoor
318207,Rubus idaeus,OpenDryPoor
318208,Rubus idaeus,OpenDryPoor
318209,Rubus idaeus,OpenDryPoor
318210,Rubus idaeus,OpenDryPoor
318211,Rubus idaeus,OpenDryPoor
318212,Rubus idaeus,OpenDryPoor
318213,Rubus idaeus,OpenDryPoor
318214,Rubus idaeus,OpenDryPoor
318215,Rubus idaeus,OpenDryPoor
318216,Rubus idaeus,OpenDryPoor
318217,Rubus idaeus,OpenDryPoor
318218,Rubus idaeus,OpenDryPoor
318219,Rubus idaeus,OpenDryPoor
318220,Rubus idaeus,OpenDryPoor
318221,Rubus idaeus,OpenDryPoor
318222,Rubus idaeus,OpenDryPoor
318223,Rubus idaeus,OpenDryPoor
318224,Rubus idaeus,OpenDryPoor
318225,Rubus idaeus,OpenDryPoor
318226,Rubus idaeus,OpenDryPoor
318227,Rubus idaeus,OpenDryPoor
318228,Rubus idaeus,OpenDryPoor
318229,Rubus idaeus,OpenDryPoor
318230,Rubus idaeus,OpenDryPoor
318231,Rubus idaeus,OpenDryPoor
318232,Rubus idaeus,OpenDryPoor
318233,Rubus idaeus,OpenDryPoor
318234,Rubus idaeus,OpenDryPoor
318235,Rubus idaeus,OpenDryPoor
318236,Rubus idaeus,OpenDryPoor
318237,Rubus idaeus,OpenDryPoor
318805,Rubus idaeus,OpenDryPoor
318806,Rubus idaeus,OpenDryPoor
318807,Rubus idaeus,OpenDryPoor
318808,Rubus idaeus,OpenDryPoor
318809,Rubus idaeus,OpenDryPoor
318810,Rubus idaeus,OpenDryPoor
318811,Rubus idaeus,OpenDryPoor
318812,Rubus idaeus,OpenDryPoor
318813,Rubus idaeus,OpenDryPoor
318814,Rubus idaeus,OpenDryPoor
318815,Rubus idaeus,OpenDryPoor
318816,Rubus idaeus,OpenDryPoor
318817,Rubus idaeus,OpenDryPoor
318818,Rubus idaeus,OpenDryPoor
318819,Rubus idaeus,OpenDryPoor
318820,Rubus idaeus,OpenDryPoor
318821,Rubus idaeus,OpenDryPoor
318822,Rubus idaeus,OpenDryPoor
318823,Rubus idaeus,OpenDryPoor
318824,Rubus idaeus,OpenDryPoor
318825,Rubus idaeus,OpenDryPoor
318826,Rubus idaeus,OpenDryPoor
318827,Rubus idaeus,OpenDryPoor
318828,Rubus idaeus,OpenDryPoor
318829,Rubus idaeus,OpenDryPoor
318830,Rubus idaeus,OpenDryPoor
318831,Rubus idaeus,OpenDryPoor
318832,Rubus idaeus,OpenDryPoor
318833,Rubus idaeus,OpenDryPoor
318834,Rubus idaeus,OpenDryPoor
318835,Rubus idaeus,OpenDryPoor
319404,Rubus idaeus,OpenDryPoor
319405,Rubus idaeus,OpenDryPoor
319406,Rubus idaeus,OpenDryPoor
319407,Rubus idaeus,OpenDryPoor
319408,Rubus idaeus,OpenDryPoor
319409,Rubus idaeus,OpenDryPoor
319410,Rubus idaeus,OpenDryPoor
319411,Rubus idaeus,OpenDryPoor
319412,Rubus idaeus,OpenDryPoor
319413,Rubus idaeus,OpenDryPoor
319414,Rubus idaeus,OpenDryPoor
319415,Rubus idaeus,OpenDryPoor
319416,Rubus idaeus,OpenDryPoor
319417,Rubus idaeus,OpenDryPoor
319418,Rubus idaeus,OpenDryPoor
319419,Rubus idaeus,OpenDryPoor
319420,Rubus idaeus,OpenDryPoor
319421,Rubus idaeus,OpenDryPoor
319422,Rubus idaeus,OpenDryPoor
319423,Rubus idaeus,OpenDryPoor
319424,Rubus idaeus,OpenDryPoor
319425,Rubus idaeus,OpenDryPoor
319426,Rubus idaeus,OpenDryPoor
319427,Rubus idaeus,OpenDryPoor
319428,Rubus idaeus,OpenDryPoor
319429,Rubus idaeus,OpenDryPoor
319430,Rubus idaeus,OpenDryPoor
319431,Rubus idaeus,OpenDryPoor
320003,Rubus idaeus,OpenDryPoor
320004,Rubus idaeus,OpenDryPoor
320005,Rubus idaeus,OpenDryPoor
320006,Rubus idaeus,OpenDryPoor
320007,Rubus idaeus,OpenDryPoor
320008,Rubus idaeus,OpenDryPoor
320009,Rubus idaeus,OpenDryPoor
320010,Rubus idaeus,OpenDryPoor
320011,Rubus idaeus,OpenDryPoor
320012,Rubus idaeus,OpenDryPoor
320013,Rubus idaeus,OpenDryPoor
320014,Rubus idaeus,OpenDryPoor
320015,Rubus idaeus,OpenDryPoor
320016,Rubus idaeus,OpenDryPoor
320017,Rubus idaeus,OpenDryPoor
320018,Rubus idaeus,OpenDryPoor
320019,Rubus idaeus,OpenDryPoor
320020,Rubus idaeus,OpenDryPoor
320021,Rubus idaeus,OpenDryPoor
320022,Rubus idaeus,OpenDryPoor
320023,Rubus idaeus,OpenDryPoor
320024,Rubus idaeus,OpenDryPoor
320025,Rubus idaeus,OpenDryPoor
320026,Rubus idaeus,OpenDryPoor
320027,Rubus idaeus,OpenDryPoor
320028,Rubus idaeus,OpenDryPoor
320602,Rubus idaeus,OpenDryPoor
320603,Rubus idaeus,OpenDryPoor
320604,Rubus idaeus,OpenDryPoor
320605,Rubus idaeus,OpenDryPoor
320606,Rubus idaeus,OpenDryPoor
320607,Rubus idaeus,OpenDryPoor
320608,Rubus idaeus,OpenDryPoor
320609,Rubus idaeus,OpenDryPoor
320610,Rubus idaeus,OpenDryPoor
320611,Rubus idaeus,OpenDryPoor
320612,Rubus idaeus,OpenDryPoor
320613,Rubus idaeus,OpenDryPoor
320614,Rubus idaeus,OpenDryPoor
320615,Rubus idaeus,OpenDryPoor
320616,Rubus idaeus,OpenDryPoor
320617,Rubus idaeus,OpenDryPoor
320618,Rubus idaeus,OpenDryPoor
320619,Rubus idaeus,OpenDryPoor
320620,Rubus idaeus,OpenDryPoor
320621,Rubus idaeus,OpenDryPoor
320622,Rubus idaeus,OpenDryPoor
320623,Rubus idaeus,OpenDryPoor
320624,Rubus idaeus,OpenDryPoor
321201,Rubus idaeus,OpenDryPoor
321202,Rubus idaeus,OpenDryPoor
321203,Rubus idaeus,OpenDryPoor
321204,Rubus idaeus,OpenDryPoor
321205,Rubus idaeus,OpenDryPoor
321206,Rubus idaeus,OpenDryPoor
321207,Rubus idaeus,OpenDryPoor
321208,Rubus idaeus,OpenDryPoor
321209,Rubus idaeus,OpenDryPoor
321210,Rubus idaeus,OpenDryPoor
321211,Rubus idaeus,OpenDryPoor
321212,Rubus idaeus,OpenDryPoor
321213,Rubus idaeus,OpenDryPoor
321214,Rubus idaeus,OpenDryPoor
321215,Rubus idaeus,OpenDryPoor
321216,Rubus idaeus,OpenDryPoor
321217,Rubus idaeus,OpenDryPoor
321218,Rubus idaeus,OpenDryPoor
321219,Rubus idaeus,OpenDryPoor
321801,Rubus idaeus,OpenDryPoor
321802,Rubus idaeus,OpenDryPoor
321803,Rubus idaeus,OpenDryPoor
321804,Rubus idaeus,OpenDryPoor
321805,Rubus idaeus,OpenDryPoor
321806,Rubus idaeus,OpenDryPoor
321807,Rubus idaeus,OpenDryPoor
321808,Rubus idaeus,OpenDryPoor
321809,Rubus idaeus,OpenDryPoor
321810,Rubus idaeus,OpenDryPoor
321811,Rubus idaeus,OpenDryPoor
321812,Rubus idaeus,OpenDryPoor
321813,Rubus idaeus,OpenDryPoor
321814,Rubus idaeus,OpenDryPoor
302053,Rubus idaeus,OpenDryPoor
302054,Rubus idaeus,OpenDryPoor
302055,Rubus idaeus,OpenDryPoor
302056,Rubus idaeus,OpenDryPoor
302057,Rubus idaeus,OpenDryPoor
302058,Rubus idaeus,OpenDryPoor
302059,Rubus idaeus,OpenDryPoor
302060,Rubus idaeus,OpenDryPoor
302061,Rubus idaeus,OpenDryPoor
302062,Rubus idaeus,OpenDryPoor
302063,Rubus idaeus,OpenDryPoor
302064,Rubus idaeus,OpenDryPoor
302065,Rubus idaeus,OpenDryPoor
302066,Rubus idaeus,OpenDryPoor
302067,Rubus idaeus,OpenDryPoor
302068,Rubus idaeus,OpenDryPoor
302069,Rubus idaeus,OpenDryPoor
302070,Rubus idaeus,OpenDryPoor
302071,Rubus idaeus,OpenDryPoor
302072,Rubus idaeus,OpenDryPoor
302652,Rubus idaeus,OpenDryPoor
302653,Rubus idaeus,OpenDryPoor
302654,Rubus idaeus,OpenDryPoor
302655,Rubus idaeus,OpenDryPoor
302656,Rubus idaeus,OpenDryPoor
302657,Rubus idaeus,OpenDryPoor
302658,Rubus idaeus,OpenDryPoor
302659,Rubus idaeus,OpenDryPoor
302660,Rubus idaeus,OpenDryPoor
302661,Rubus idaeus,OpenDryPoor
302662,Rubus idaeus,OpenDryPoor
302663,Rubus idaeus,OpenDryPoor
302664,Rubus idaeus,OpenDryPoor
302665,Rubus idaeus,OpenDryPoor
302666,Rubus idaeus,OpenDryPoor
302667,Rubus idaeus,OpenDryPoor
302668,Rubus idaeus,OpenDryPoor
302669,Rubus idaeus,OpenDryPoor
302670,Rubus idaeus,OpenDryPoor
302671,Rubus idaeus,OpenDryPoor
303251,Rubus idaeus,OpenDryPoor
303252,Rubus idaeus,OpenDryPoor
303253,Rubus idaeus,OpenDryPoor
303254,Rubus idaeus,OpenDryPoor
303255,Rubus idaeus,OpenDryPoor
303256,Rubus idaeus,OpenDryPoor
303257,Rubus idaeus,OpenDryPoor
303258,Rubus idaeus,OpenDryPoor
303259,Rubus idaeus,OpenDryPoor
303260,Rubus idaeus,OpenDryPoor
303261,Rubus idaeus,OpenDryPoor
303262,Rubus idaeus,OpenDryPoor
303263,Rubus idaeus,OpenDryPoor
303264,Rubus idaeus,OpenDryPoor
303265,Rubus idaeus,OpenDryPoor
303266,Rubus idaeus,OpenDryPoor
303267,Rubus idaeus,OpenDryPoor
303268,Rubus idaeus,OpenDryPoor
303269,Rubus idaeus,OpenDryPoor
303270,Rubus idaeus,OpenDryPoor
303850,Rubus idaeus,OpenDryPoor
303851,Rubus idaeus,OpenDryPoor
303852,Rubus idaeus,OpenDryPoor
303853,Rubus idaeus,OpenDryPoor
303854,Rubus idaeus,OpenDryPoor
303855,Rubus idaeus,OpenDryPoor
303856,Rubus idaeus,OpenDryPoor
303857,Rubus idaeus,OpenDryPoor
303858,Rubus idaeus,OpenDryPoor
303859,Rubus idaeus,OpenDryPoor
303860,Rubus idaeus,OpenDryPoor
303861,Rubus idaeus,OpenDryPoor
303862,Rubus idaeus,OpenDryPoor
303863,Rubus idaeus,OpenDryPoor
303864,Rubus idaeus,OpenDryPoor
303865,Rubus idaeus,OpenDryPoor
303866,Rubus idaeus,OpenDryPoor
303867,Rubus idaeus,OpenDryPoor
303868,Rubus idaeus,OpenDryPoor
304449,Rubus idaeus,OpenDryPoor
304450,Rubus idaeus,OpenDryPoor
304451,Rubus idaeus,OpenDryPoor
304452,Rubus idaeus,OpenDryPoor
304453,Rubus idaeus,OpenDryPoor
304454,Rubus idaeus,OpenDryPoor
304455,Rubus idaeus,OpenDryPoor
304456,Rubus idaeus,OpenDryPoor
304457,Rubus idaeus,OpenDryPoor
304458,Rubus idaeus,OpenDryPoor
304459,Rubus idaeus,OpenDryPoor
304460,Rubus idaeus,OpenDryPoor
304461,Rubus idaeus,OpenDryPoor
304462,Rubus idaeus,OpenDryPoor
304463,Rubus idaeus,OpenDryPoor
304464,Rubus idaeus,OpenDryPoor
304465,Rubus idaeus,OpenDryPoor
304466,Rubus idaeus,OpenDryPoor
304467,Rubus idaeus,OpenDryPoor
305048,Rubus idaeus,OpenDryPoor
305049,Rubus idaeus,OpenDryPoor
305050,Rubus idaeus,OpenDryPoor
305051,Rubus idaeus,OpenDryPoor
305052,Rubus idaeus,OpenDryPoor
305053,Rubus idaeus,OpenDryPoor
305054,Rubus idaeus,OpenDryPoor
305055,Rubus idaeus,OpenDryPoor
305056,Rubus idaeus,OpenDryPoor
305057,Rubus idaeus,OpenDryPoor
305058,Rubus idaeus,OpenDryPoor
305059,Rubus idaeus,OpenDryPoor
305060,Rubus idaeus,OpenDryPoor
305061,Rubus idaeus,OpenDryPoor
305062,Rubus idaeus,OpenDryPoor
305063,Rubus idaeus,OpenDryPoor
305064,Rubus idaeus,OpenDryPoor
305065,Rubus idaeus,OpenDryPoor
305647,Rubus idaeus,OpenDryPoor
305648,Rubus idaeus,OpenDryPoor
305649,Rubus idaeus,OpenDryPoor
305650,Rubus idaeus,OpenDryPoor
305651,Rubus idaeus,OpenDryPoor
305652,Rubus idaeus,OpenDryPoor
305653,Rubus idaeus,OpenDryPoor
305654,Rubus idaeus,OpenDryPoor
305655,Rubus idaeus,OpenDryPoor
305656,Rubus idaeus,OpenDryPoor
305657,Rubus idaeus,OpenDryPoor
305658,Rubus idaeus,OpenDryPoor
305659,Rubus idaeus,OpenDryPoor
305660,Rubus idaeus,OpenDryPoor
305661,Rubus idaeus,OpenDryPoor
305662,Rubus idaeus,OpenDryPoor
305663,Rubus idaeus,OpenDryPoor
306246,Rubus idaeus,OpenDryPoor
306247,Rubus idaeus,OpenDryPoor
306248,Rubus idaeus,OpenDryPoor
306249,Rubus idaeus,OpenDryPoor
306250,Rubus idaeus,OpenDryPoor
306251,Rubus idaeus,OpenDryPoor
306252,Rubus idaeus,OpenDryPoor
306253,Rubus idaeus,OpenDryPoor
306254,Rubus idaeus,OpenDryPoor
306255,Rubus idaeus,OpenDryPoor
306256,Rubus idaeus,OpenDryPoor
306257,Rubus idaeus,OpenDryPoor
306258,Rubus idaeus,OpenDryPoor
306259,Rubus idaeus,OpenDryPoor
306260,Rubus idaeus,OpenDryPoor
306261,Rubus idaeus,OpenDryPoor
306845,Rubus idaeus,OpenDryPoor
306846,Rubus idaeus,OpenDryPoor
306847,Rubus idaeus,OpenDryPoor
306848,Rubus idaeus,OpenDryPoor
306849,Rubus idaeus,OpenDryPoor
306850,Rubus idaeus,OpenDryPoor
306851,Rubus idaeus,OpenDryPoor
306852,Rubus idaeus,OpenDryPoor
306853,Rubus idaeus,OpenDryPoor
306854,Rubus idaeus,OpenDryPoor
306855,Rubus idaeus,OpenDryPoor
306856,Rubus idaeus,OpenDryPoor
306857,Rubus idaeus,OpenDryPoor
306858,Rubus idaeus,OpenDryPoor
306859,Rubus idaeus,OpenDryPoor
306860,Rubus idaeus,OpenDryPoor
307444,Rubus idaeus,OpenDryPoor
307445,Rubus idaeus,OpenDryPoor
307446,Rubus idaeus,OpenDryPoor
307447,Rubus idaeus,OpenDryPoor
307448,Rubus idaeus,OpenDryPoor
307449,Rubus idaeus,OpenDryPoor
307450,Rubus idaeus,OpenDryPoor
307451,Rubus idaeus,OpenDryPoor
307452,Rubus idaeus,OpenDryPoor
307453,Rubus idaeus,OpenDryPoor
307454,Rubus idaeus,OpenDryPoor
307455,Rubus idaeus,OpenDryPoor
307456,Rubus idaeus,OpenDryPoor
307457,Rubus idaeus,OpenDryPoor
307458,Rubus idaeus,OpenDryPoor
308043,Rubus idaeus,OpenDryPoor
308044,Rubus idaeus,OpenDryPoor
308045,Rubus idaeus,OpenDryPoor
308046,Rubus idaeus,OpenDryPoor
308047,Rubus idaeus,OpenDryPoor
308048,Rubus idaeus,OpenDryPoor
308049,Rubus idaeus,OpenDryPoor
308050,Rubus idaeus,OpenDryPoor
308051,Rubus idaeus,OpenDryPoor
308052,Rubus idaeus,OpenDryPoor
308053,Rubus idaeus,OpenDryPoor
308054,Rubus idaeus,OpenDryPoor
308055,Rubus idaeus,OpenDryPoor
308056,Rubus idaeus,OpenDryPoor
308642,Rubus idaeus,OpenDryPoor
308643,Rubus idaeus,OpenDryPoor
308644,Rubus idaeus,OpenDryPoor
308645,Rubus idaeus,OpenDryPoor
308646,Rubus idaeus,OpenDryPoor
308647,Rubus idaeus,OpenDryPoor
308648,Rubus idaeus,OpenDryPoor
308649,Rubus idaeus,OpenDryPoor
308650,Rubus idaeus,OpenDryPoor
308651,Rubus idaeus,OpenDryPoor
308652,Rubus idaeus,OpenDryPoor
308653,Rubus idaeus,OpenDryPoor
308654,Rubus idaeus,OpenDryPoor
309241,Rubus idaeus,OpenDryPoor
309242,Rubus idaeus,OpenDryPoor
309243,Rubus idaeus,OpenDryPoor
309244,Rubus idaeus,OpenDryPoor
309245,Rubus idaeus,OpenDryPoor
309246,Rubus idaeus,OpenDryPoor
309247,Rubus idaeus,OpenDryPoor
309248,Rubus idaeus,OpenDryPoor
309249,Rubus idaeus,OpenDryPoor
309250,Rubus idaeus,OpenDryPoor
309251,Rubus idaeus,OpenDryPoor
309252,Rubus idaeus,OpenDryPoor
309840,Rubus idaeus,OpenDryPoor
309841,Rubus idaeus,OpenDryPoor
309842,Rubus idaeus,OpenDryPoor
309843,Rubus idaeus,OpenDryPoor
309844,Rubus idaeus,OpenDryPoor
309845,Rubus idaeus,OpenDryPoor
309846,Rubus idaeus,OpenDryPoor
309847,Rubus idaeus,OpenDryPoor
309848,Rubus idaeus,OpenDryPoor
309849,Rubus idaeus,OpenDryPoor
309850,Rubus idaeus,OpenDryPoor
310439,Rubus idaeus,OpenDryPoor
310440,Rubus idaeus,OpenDryPoor
310441,Rubus idaeus,OpenDryPoor
310442,Rubus idaeus,OpenDryPoor
310443,Rubus idaeus,OpenDryPoor
310444,Rubus idaeus,OpenDryPoor
310445,Rubus idaeus,OpenDryPoor
310446,Rubus idaeus,OpenDryPoor
310447,Rubus idaeus,OpenDryPoor
310448,Rubus idaeus,OpenDryPoor
311038,Rubus idaeus,OpenDryPoor
311039,Rubus idaeus,OpenDryPoor
311040,Rubus idaeus,OpenDryPoor
311041,Rubus idaeus,OpenDryPoor
311042,Rubus idaeus,OpenDryPoor
311043,Rubus idaeus,OpenDryPoor
311044,Rubus idaeus,OpenDryPoor
311045,Rubus idaeus,OpenDryPoor
311046,Rubus idaeus,OpenDryPoor
311637,Rubus idaeus,OpenDryPoor
311638,Rubus idaeus,OpenDryPoor
311639,Rubus idaeus,OpenDryPoor
311640,Rubus idaeus,OpenDryPoor
311641,Rubus idaeus,OpenDryPoor
311642,Rubus idaeus,OpenDryPoor
311643,Rubus idaeus,OpenDryPoor
311644,Rubus idaeus,OpenDryPoor
312236,Rubus idaeus,OpenDryPoor
312237,Rubus idaeus,OpenDryPoor
312238,Rubus idaeus,OpenDryPoor
312239,Rubus idaeus,OpenDryPoor
312240,Rubus idaeus,OpenDryPoor
312241,Rubus idaeus,OpenDryPoor
312835,Rubus idaeus,OpenDryPoor
312836,Rubus idaeus,OpenDryPoor
312837,Rubus idaeus,OpenDryPoor
312838,Rubus idaeus,OpenDryPoor
312839,Rubus idaeus,OpenDryPoor
313434,Rubus idaeus,OpenDryPoor
313435,Rubus idaeus,OpenDryPoor
313436,Rubus idaeus,OpenDryPoor
314013,Rubus idaeus,OpenDryPoor
314014,Rubus idaeus,OpenDryPoor
314015,Rubus idaeus,OpenDryPoor
314016,Rubus idaeus,OpenDryPoor
314017,Rubus idaeus,OpenDryPoor
314018,Rubus idaeus,OpenDryPoor
314019,Rubus idaeus,OpenDryPoor
314020,Rubus idaeus,OpenDryPoor
314021,Rubus idaeus,OpenDryPoor
314022,Rubus idaeus,OpenDryPoor
314023,Rubus idaeus,OpenDryPoor
314024,Rubus idaeus,OpenDryPoor
314025,Rubus idaeus,OpenDryPoor
314026,Rubus idaeus,OpenDryPoor
314027,Rubus idaeus,OpenDryPoor
314028,Rubus idaeus,OpenDryPoor
314029,Rubus idaeus,OpenDryPoor
314030,Rubus idaeus,OpenDryPoor
314031,Rubus idaeus,OpenDryPoor
314032,Rubus idaeus,OpenDryPoor
314033,Rubus idaeus,OpenDryPoor
314034,Rubus idaeus,OpenDryPoor
314612,Rubus idaeus,OpenDryPoor
314613,Rubus idaeus,OpenDryPoor
314614,Rubus idaeus,OpenDryPoor
314615,Rubus idaeus,OpenDryPoor
314616,Rubus idaeus,OpenDryPoor
314617,Rubus idaeus,OpenDryPoor
314618,Rubus idaeus,OpenDryPoor
314619,Rubus idaeus,OpenDryPoor
314620,Rubus idaeus,OpenDryPoor
314621,Rubus idaeus,OpenDryPoor
314622,Rubus idaeus,OpenDryPoor
314623,Rubus idaeus,OpenDryPoor
314624,Rubus idaeus,OpenDryPoor
314625,Rubus idaeus,OpenDryPoor
314626,Rubus idaeus,OpenDryPoor
314627,Rubus idaeus,OpenDryPoor
314628,Rubus idaeus,OpenDryPoor
314629,Rubus idaeus,OpenDryPoor
314630,Rubus idaeus,OpenDryPoor
314631,Rubus idaeus,OpenDryPoor
315211,Rubus idaeus,OpenDryPoor
315212,Rubus idaeus,OpenDryPoor
315213,Rubus idaeus,OpenDryPoor
315214,Rubus idaeus,OpenDryPoor
315215,Rubus idaeus,OpenDryPoor
315216,Rubus idaeus,OpenDryPoor
315217,Rubus idaeus,OpenDryPoor
315218,Rubus idaeus,OpenDryPoor
315219,Rubus idaeus,OpenDryPoor
315220,Rubus idaeus,OpenDryPoor
315221,Rubus idaeus,OpenDryPoor
315222,Rubus idaeus,OpenDryPoor
315223,Rubus idaeus,OpenDryPoor
315224,Rubus idaeus,OpenDryPoor
315225,Rubus idaeus,OpenDryPoor
315226,Rubus idaeus,OpenDryPoor
315227,Rubus idaeus,OpenDryPoor
315228,Rubus idaeus,OpenDryPoor
315810,Rubus idaeus,OpenDryPoor
315811,Rubus idaeus,OpenDryPoor
315812,Rubus idaeus,OpenDryPoor
315813,Rubus idaeus,OpenDryPoor
315814,Rubus idaeus,OpenDryPoor
315815,Rubus idaeus,OpenDryPoor
315816,Rubus idaeus,OpenDryPoor
315817,Rubus idaeus,OpenDryPoor
315818,Rubus idaeus,OpenDryPoor
315819,Rubus idaeus,OpenDryPoor
315820,Rubus idaeus,OpenDryPoor
315821,Rubus idaeus,OpenDryPoor
315822,Rubus idaeus,OpenDryPoor
315823,Rubus idaeus,OpenDryPoor
315824,Rubus idaeus,OpenDryPoor
316409,Rubus idaeus,OpenDryPoor
316410,Rubus idaeus,OpenDryPoor
316411,Rubus idaeus,OpenDryPoor
316412,Rubus idaeus,OpenDryPoor
316413,Rubus idaeus,OpenDryPoor
316414,Rubus idaeus,OpenDryPoor
316415,Rubus idaeus,OpenDryPoor
316416,Rubus idaeus,OpenDryPoor
316417,Rubus idaeus,OpenDryPoor
316418,Rubus idaeus,OpenDryPoor
316419,Rubus idaeus,OpenDryPoor
316420,Rubus idaeus,OpenDryPoor
316421,Rubus idaeus,OpenDryPoor
317008,Rubus idaeus,OpenDryPoor
317009,Rubus idaeus,OpenDryPoor
317010,Rubus idaeus,OpenDryPoor
317011,Rubus idaeus,OpenDryPoor
317012,Rubus idaeus,OpenDryPoor
317013,Rubus idaeus,OpenDryPoor
317014,Rubus idaeus,OpenDryPoor
317015,Rubus idaeus,OpenDryPoor
317016,Rubus idaeus,OpenDryPoor
317607,Rubus idaeus,OpenDryPoor
317608,Rubus idaeus,OpenDryPoor
317609,Rubus idaeus,OpenDryPoor
317610,Rubus idaeus,OpenDryPoor
317611,Rubus idaeus,OpenDryPoor
50673,Rubus idaeus,OpenDryPoor
50674,Rubus idaeus,OpenDryPoor
50675,Rubus idaeus,OpenDryPoor
50676,Rubus idaeus,OpenDryPoor
50677,Rubus idaeus,OpenDryPoor
50678,Rubus idaeus,OpenDryPoor
50679,Rubus idaeus,OpenDryPoor
50680,Rubus idaeus,OpenDryPoor
50681,Rubus idaeus,OpenDryPoor
50682,Rubus idaeus,OpenDryPoor
50683,Rubus idaeus,OpenDryPoor
50684,Rubus idaeus,OpenDryPoor
50685,Rubus idaeus,OpenDryPoor
50686,Rubus idaeus,OpenDryPoor
50687,Rubus idaeus,OpenDryPoor
50688,Rubus idaeus,OpenDryPoor
50689,Rubus idaeus,OpenDryPoor
50690,Rubus idaeus,OpenDryPoor
50691,Rubus idaeus,OpenDryPoor
50692,Rubus idaeus,OpenDryPoor
51272,Rubus idaeus,OpenDryPoor
51273,Rubus idaeus,OpenDryPoor
51274,Rubus idaeus,OpenDryPoor
51275,Rubus idaeus,OpenDryPoor
51276,Rubus idaeus,OpenDryPoor
51277,Rubus idaeus,OpenDryPoor
51278,Rubus idaeus,OpenDryPoor
51279,Rubus idaeus,OpenDryPoor
51280,Rubus idaeus,OpenDryPoor
51281,Rubus idaeus,OpenDryPoor
51282,Rubus idaeus,OpenDryPoor
51283,Rubus idaeus,OpenDryPoor
51284,Rubus idaeus,OpenDryPoor
51285,Rubus idaeus,OpenDryPoor
51286,Rubus idaeus,OpenDryPoor
51287,Rubus idaeus,OpenDryPoor
51288,Rubus idaeus,OpenDryPoor
51289,Rubus idaeus,OpenDryPoor
51290,Rubus idaeus,OpenDryPoor
51291,Rubus idaeus,OpenDryPoor
51871,Rubus idaeus,OpenDryPoor
51872,Rubus idaeus,OpenDryPoor
51873,Rubus idaeus,OpenDryPoor
51874,Rubus idaeus,OpenDryPoor
51875,Rubus idaeus,OpenDryPoor
51876,Rubus idaeus,OpenDryPoor
51877,Rubus idaeus,OpenDryPoor
51878,Rubus idaeus,OpenDryPoor
51879,Rubus idaeus,OpenDryPoor
51880,Rubus idaeus,OpenDryPoor
51881,Rubus idaeus,OpenDryPoor
51882,Rubus idaeus,OpenDryPoor
51883,Rubus idaeus,OpenDryPoor
51884,Rubus idaeus,OpenDryPoor
51885,Rubus idaeus,OpenDryPoor
51886,Rubus idaeus,OpenDryPoor
51887,Rubus idaeus,OpenDryPoor
51888,Rubus idaeus,OpenDryPoor
51889,Rubus idaeus,OpenDryPoor
51890,Rubus idaeus,OpenDryPoor
52470,Rubus idaeus,OpenDryPoor
52471,Rubus idaeus,OpenDryPoor
52472,Rubus idaeus,OpenDryPoor
52473,Rubus idaeus,OpenDryPoor
52474,Rubus idaeus,OpenDryPoor
52475,Rubus idaeus,OpenDryPoor
52476,Rubus idaeus,OpenDryPoor
52477,Rubus idaeus,OpenDryPoor
52478,Rubus idaeus,OpenDryPoor
52479,Rubus idaeus,OpenDryPoor
52480,Rubus idaeus,OpenDryPoor
52481,Rubus idaeus,OpenDryPoor
52482,Rubus idaeus,OpenDryPoor
52483,Rubus idaeus,OpenDryPoor
52484,Rubus idaeus,OpenDryPoor
52485,Rubus idaeus,OpenDryPoor
52486,Rubus idaeus,OpenDryPoor
52487,Rubus idaeus,OpenDryPoor
52488,Rubus idaeus,OpenDryPoor
52489,Rubus idaeus,OpenDryPoor
53069,Rubus idaeus,OpenDryPoor
53070,Rubus idaeus,OpenDryPoor
53071,Rubus idaeus,OpenDryPoor
53072,Rubus idaeus,OpenDryPoor
53073,Rubus idaeus,OpenDryPoor
53074,Rubus idaeus,OpenDryPoor
53075,Rubus idaeus,OpenDryPoor
53076,Rubus idaeus,OpenDryPoor
53077,Rubus idaeus,OpenDryPoor
53078,Rubus idaeus,OpenDryPoor
53079,Rubus idaeus,OpenDryPoor
53080,Rubus idaeus,OpenDryPoor
53081,Rubus idaeus,OpenDryPoor
53082,Rubus idaeus,OpenDryPoor
53083,Rubus idaeus,OpenDryPoor
53084,Rubus idaeus,OpenDryPoor
53085,Rubus idaeus,OpenDryPoor
53086,Rubus idaeus,OpenDryPoor
53087,Rubus idaeus,OpenDryPoor
53088,Rubus idaeus,OpenDryPoor
53668,Rubus idaeus,OpenDryPoor
53669,Rubus idaeus,OpenDryPoor
53670,Rubus idaeus,OpenDryPoor
53671,Rubus idaeus,OpenDryPoor
53672,Rubus idaeus,OpenDryPoor
53673,Rubus idaeus,OpenDryPoor
53674,Rubus idaeus,OpenDryPoor
53675,Rubus idaeus,OpenDryPoor
53676,Rubus idaeus,OpenDryPoor
53677,Rubus idaeus,OpenDryPoor
53678,Rubus idaeus,OpenDryPoor
53679,Rubus idaeus,OpenDryPoor
53680,Rubus idaeus,OpenDryPoor
53681,Rubus idaeus,OpenDryPoor
53682,Rubus idaeus,OpenDryPoor
53683,Rubus idaeus,OpenDryPoor
53684,Rubus idaeus,OpenDryPoor
53685,Rubus idaeus,OpenDryPoor
53686,Rubus idaeus,OpenDryPoor
53687,Rubus idaeus,OpenDryPoor
54267,Rubus idaeus,OpenDryPoor
54268,Rubus idaeus,OpenDryPoor
54269,Rubus idaeus,OpenDryPoor
54270,Rubus idaeus,OpenDryPoor
54271,Rubus idaeus,OpenDryPoor
54272,Rubus idaeus,OpenDryPoor
54273,Rubus idaeus,OpenDryPoor
54274,Rubus idaeus,OpenDryPoor
54275,Rubus idaeus,OpenDryPoor
54276,Rubus idaeus,OpenDryPoor
54277,Rubus idaeus,OpenDryPoor
54278,Rubus idaeus,OpenDryPoor
54279,Rubus idaeus,OpenDryPoor
54280,Rubus idaeus,OpenDryPoor
54281,Rubus idaeus,OpenDryPoor
54282,Rubus idaeus,OpenDryPoor
54283,Rubus idaeus,OpenDryPoor
54284,Rubus idaeus,OpenDryPoor
54285,Rubus idaeus,OpenDryPoor
54286,Rubus idaeus,OpenDryPoor
54866,Rubus idaeus,OpenDryPoor
54867,Rubus idaeus,OpenDryPoor
54868,Rubus idaeus,OpenDryPoor
54869,Rubus idaeus,OpenDryPoor
54870,Rubus idaeus,OpenDryPoor
54871,Rubus idaeus,OpenDryPoor
54872,Rubus idaeus,OpenDryPoor
54873,Rubus idaeus,OpenDryPoor
54874,Rubus idaeus,OpenDryPoor
54875,Rubus idaeus,OpenDryPoor
54876,Rubus idaeus,OpenDryPoor
54877,Rubus idaeus,OpenDryPoor
54878,Rubus idaeus,OpenDryPoor
54879,Rubus idaeus,OpenDryPoor
54880,Rubus idaeus,OpenDryPoor
54881,Rubus idaeus,OpenDryPoor
54882,Rubus idaeus,OpenDryPoor
54883,Rubus idaeus,OpenDryPoor
54884,Rubus idaeus,OpenDryPoor
54885,Rubus idaeus,OpenDryPoor
55465,Rubus idaeus,OpenDryPoor
55466,Rubus idaeus,OpenDryPoor
55467,Rubus idaeus,OpenDryPoor
55468,Rubus idaeus,OpenDryPoor
55469,Rubus idaeus,OpenDryPoor
55470,Rubus idaeus,OpenDryPoor
55471,Rubus idaeus,OpenDryPoor
55472,Rubus idaeus,OpenDryPoor
55473,Rubus idaeus,OpenDryPoor
55474,Rubus idaeus,OpenDryPoor
55475,Rubus idaeus,OpenDryPoor
55476,Rubus idaeus,OpenDryPoor
55477,Rubus idaeus,OpenDryPoor
55478,Rubus idaeus,OpenDryPoor
55479,Rubus idaeus,OpenDryPoor
55480,Rubus idaeus,OpenDryPoor
55481,Rubus idaeus,OpenDryPoor
55482,Rubus idaeus,OpenDryPoor
55483,Rubus idaeus,OpenDryPoor
55484,Rubus idaeus,OpenDryPoor
56064,Rubus idaeus,OpenDryPoor
56065,Rubus idaeus,OpenDryPoor
56066,Rubus idaeus,OpenDryPoor
56067,Rubus idaeus,OpenDryPoor
56068,Rubus idaeus,OpenDryPoor
56069,Rubus idaeus,OpenDryPoor
56070,Rubus idaeus,OpenDryPoor
56071,Rubus idaeus,OpenDryPoor
56072,Rubus idaeus,OpenDryPoor
56073,Rubus idaeus,OpenDryPoor
56074,Rubus idaeus,OpenDryPoor
56075,Rubus idaeus,OpenDryPoor
56076,Rubus idaeus,OpenDryPoor
56077,Rubus idaeus,OpenDryPoor
56078,Rubus idaeus,OpenDryPoor
56079,Rubus idaeus,OpenDryPoor
56080,Rubus idaeus,OpenDryPoor
56081,Rubus idaeus,OpenDryPoor
56082,Rubus idaeus,OpenDryPoor
56083,Rubus idaeus,OpenDryPoor
56663,Rubus idaeus,OpenDryPoor
56664,Rubus idaeus,OpenDryPoor
56665,Rubus idaeus,OpenDryPoor
56666,Rubus idaeus,OpenDryPoor
56667,Rubus idaeus,OpenDryPoor
56668,Rubus idaeus,OpenDryPoor
56669,Rubus idaeus,OpenDryPoor
56670,Rubus idaeus,OpenDryPoor
56671,Rubus idaeus,OpenDryPoor
56672,Rubus idaeus,OpenDryPoor
56673,Rubus idaeus,OpenDryPoor
56674,Rubus idaeus,OpenDryPoor
56675,Rubus idaeus,OpenDryPoor
56676,Rubus idaeus,OpenDryPoor
56677,Rubus idaeus,OpenDryPoor
56678,Rubus idaeus,OpenDryPoor
56679,Rubus idaeus,OpenDryPoor
56680,Rubus idaeus,OpenDryPoor
56681,Rubus idaeus,OpenDryPoor
56682,Rubus idaeus,OpenDryPoor
57262,Rubus idaeus,OpenDryPoor
57263,Rubus idaeus,OpenDryPoor
57264,Rubus idaeus,OpenDryPoor
57265,Rubus idaeus,OpenDryPoor
57266,Rubus idaeus,OpenDryPoor
57267,Rubus idaeus,OpenDryPoor
57268,Rubus idaeus,OpenDryPoor
57269,Rubus idaeus,OpenDryPoor
57270,Rubus idaeus,OpenDryPoor
57271,Rubus idaeus,OpenDryPoor
57272,Rubus idaeus,OpenDryPoor
57273,Rubus idaeus,OpenDryPoor
57274,Rubus idaeus,OpenDryPoor
57275,Rubus idaeus,OpenDryPoor
57276,Rubus idaeus,OpenDryPoor
57277,Rubus idaeus,OpenDryPoor
57278,Rubus idaeus,OpenDryPoor
57279,Rubus idaeus,OpenDryPoor
57280,Rubus idaeus,OpenDryPoor
57281,Rubus idaeus,OpenDryPoor
57861,Rubus idaeus,OpenDryPoor
57862,Rubus idaeus,OpenDryPoor
57863,Rubus idaeus,OpenDryPoor
57864,Rubus idaeus,OpenDryPoor
57865,Rubus idaeus,OpenDryPoor
57866,Rubus idaeus,OpenDryPoor
57867,Rubus idaeus,OpenDryPoor
57868,Rubus idaeus,OpenDryPoor
57869,Rubus idaeus,OpenDryPoor
57870,Rubus idaeus,OpenDryPoor
57871,Rubus idaeus,OpenDryPoor
57872,Rubus idaeus,OpenDryPoor
57873,Rubus idaeus,OpenDryPoor
57874,Rubus idaeus,OpenDryPoor
57875,Rubus idaeus,OpenDryPoor
57876,Rubus idaeus,OpenDryPoor
57877,Rubus idaeus,OpenDryPoor
57878,Rubus idaeus,OpenDryPoor
57879,Rubus idaeus,OpenDryPoor
57880,Rubus idaeus,OpenDryPoor
58460,Rubus idaeus,OpenDryPoor
58461,Rubus idaeus,OpenDryPoor
58462,Rubus idaeus,OpenDryPoor
58463,Rubus idaeus,OpenDryPoor
58464,Rubus idaeus,OpenDryPoor
58465,Rubus idaeus,OpenDryPoor
58466,Rubus idaeus,OpenDryPoor
58467,Rubus idaeus,OpenDryPoor
58468,Rubus idaeus,OpenDryPoor
58469,Rubus idaeus,OpenDryPoor
58470,Rubus idaeus,OpenDryPoor
58471,Rubus idaeus,OpenDryPoor
58472,Rubus idaeus,OpenDryPoor
58473,Rubus idaeus,OpenDryPoor
58474,Rubus idaeus,OpenDryPoor
58475,Rubus idaeus,OpenDryPoor
58476,Rubus idaeus,OpenDryPoor
58477,Rubus idaeus,OpenDryPoor
58478,Rubus idaeus,OpenDryPoor
58479,Rubus idaeus,OpenDryPoor
59059,Rubus idaeus,OpenDryPoor
59060,Rubus idaeus,OpenDryPoor
59061,Rubus idaeus,OpenDryPoor
59062,Rubus idaeus,OpenDryPoor
59063,Rubus idaeus,OpenDryPoor
59064,Rubus idaeus,OpenDryPoor
59065,Rubus idaeus,OpenDryPoor
59066,Rubus idaeus,OpenDryPoor
59067,Rubus idaeus,OpenDryPoor
59068,Rubus idaeus,OpenDryPoor
59069,Rubus idaeus,OpenDryPoor
59070,Rubus idaeus,OpenDryPoor
59071,Rubus idaeus,OpenDryPoor
59072,Rubus idaeus,OpenDryPoor
59073,Rubus idaeus,OpenDryPoor
59074,Rubus idaeus,OpenDryPoor
59075,Rubus idaeus,OpenDryPoor
59076,Rubus idaeus,OpenDryPoor
59077,Rubus idaeus,OpenDryPoor
59078,Rubus idaeus,OpenDryPoor
59658,Rubus idaeus,OpenDryPoor
59659,Rubus idaeus,OpenDryPoor
59660,Rubus idaeus,OpenDryPoor
59661,Rubus idaeus,OpenDryPoor
59662,Rubus idaeus,OpenDryPoor
59663,Rubus idaeus,OpenDryPoor
59664,Rubus idaeus,OpenDryPoor
59665,Rubus idaeus,OpenDryPoor
59666,Rubus idaeus,OpenDryPoor
59667,Rubus idaeus,OpenDryPoor
59668,Rubus idaeus,OpenDryPoor
59669,Rubus idaeus,OpenDryPoor
59670,Rubus idaeus,OpenDryPoor
59671,Rubus idaeus,OpenDryPoor
59672,Rubus idaeus,OpenDryPoor
59673,Rubus idaeus,OpenDryPoor
59674,Rubus idaeus,OpenDryPoor
59675,Rubus idaeus,OpenDryPoor
59676,Rubus idaeus,OpenDryPoor
59677,Rubus idaeus,OpenDryPoor
60257,Rubus idaeus,OpenDryPoor
60258,Rubus idaeus,OpenDryPoor
60259,Rubus idaeus,OpenDryPoor
60260,Rubus idaeus,OpenDryPoor
60261,Rubus idaeus,OpenDryPoor
60262,Rubus idaeus,OpenDryPoor
60263,Rubus idaeus,OpenDryPoor
60264,Rubus idaeus,OpenDryPoor
60265,Rubus idaeus,OpenDryPoor
60266,Rubus idaeus,OpenDryPoor
60267,Rubus idaeus,OpenDryPoor
60268,Rubus idaeus,OpenDryPoor
60269,Rubus idaeus,OpenDryPoor
60270,Rubus idaeus,OpenDryPoor
60271,Rubus idaeus,OpenDryPoor
60272,Rubus idaeus,OpenDryPoor
60273,Rubus idaeus,OpenDryPoor
60274,Rubus idaeus,OpenDryPoor
60275,Rubus idaeus,OpenDryPoor
60276,Rubus idaeus,OpenDryPoor
60856,Rubus idaeus,OpenDryPoor
60857,Rubus idaeus,OpenDryPoor
60858,Rubus idaeus,OpenDryPoor
60859,Rubus idaeus,OpenDryPoor
60860,Rubus idaeus,OpenDryPoor
60861,Rubus idaeus,OpenDryPoor
60862,Rubus idaeus,OpenDryPoor
60863,Rubus idaeus,OpenDryPoor
60864,Rubus idaeus,OpenDryPoor
60865,Rubus idaeus,OpenDryPoor
60866,Rubus idaeus,OpenDryPoor
60867,Rubus idaeus,OpenDryPoor
60868,Rubus idaeus,OpenDryPoor
60869,Rubus idaeus,OpenDryPoor
60870,Rubus idaeus,OpenDryPoor
60871,Rubus idaeus,OpenDryPoor
60872,Rubus idaeus,OpenDryPoor
60873,Rubus idaeus,OpenDryPoor
60874,Rubus idaeus,OpenDryPoor
60875,Rubus idaeus,OpenDryPoor
61455,Rubus idaeus,OpenDryPoor
61456,Rubus idaeus,OpenDryPoor
61457,Rubus idaeus,OpenDryPoor
61458,Rubus idaeus,OpenDryPoor
61459,Rubus idaeus,OpenDryPoor
61460,Rubus idaeus,OpenDryPoor
61461,Rubus idaeus,OpenDryPoor
61462,Rubus idaeus,OpenDryPoor
61463,Rubus idaeus,OpenDryPoor
61464,Rubus idaeus,OpenDryPoor
61465,Rubus idaeus,OpenDryPoor
61466,Rubus idaeus,OpenDryPoor
61467,Rubus idaeus,OpenDryPoor
61468,Rubus idaeus,OpenDryPoor
61469,Rubus idaeus,OpenDryPoor
61470,Rubus idaeus,OpenDryPoor
61471,Rubus idaeus,OpenDryPoor
61472,Rubus idaeus,OpenDryPoor
61473,Rubus idaeus,OpenDryPoor
61474,Rubus idaeus,OpenDryPoor
62054,Rubus idaeus,OpenDryPoor
62055,Rubus idaeus,OpenDryPoor
62056,Rubus idaeus,OpenDryPoor
62057,Rubus idaeus,OpenDryPoor
62058,Rubus idaeus,OpenDryPoor
62059,Rubus idaeus,OpenDryPoor
62060,Rubus idaeus,OpenDryPoor
62061,Rubus idaeus,OpenDryPoor
62062,Rubus idaeus,OpenDryPoor
62063,Rubus idaeus,OpenDryPoor
62064,Rubus idaeus,OpenDryPoor
62065,Rubus idaeus,OpenDryPoor
62066,Rubus idaeus,OpenDryPoor
62067,Rubus idaeus,OpenDryPoor
62068,Rubus idaeus,OpenDryPoor
62069,Rubus idaeus,OpenDryPoor
62070,Rubus idaeus,OpenDryPoor
62071,Rubus idaeus,OpenDryPoor
62072,Rubus idaeus,OpenDryPoor
62073,Rubus idaeus,OpenDryPoor
62673,Rubus idaeus,OpenDryPoor
62674,Rubus idaeus,OpenDryPoor
62675,Rubus idaeus,OpenDryPoor
62676,Rubus idaeus,OpenDryPoor
62677,Rubus idaeus,OpenDryPoor
62678,Rubus idaeus,OpenDryPoor
62679,Rubus idaeus,OpenDryPoor
62680,Rubus idaeus,OpenDryPoor
62681,Rubus idaeus,OpenDryPoor
62682,Rubus idaeus,OpenDryPoor
62683,Rubus idaeus,OpenDryPoor
62684,Rubus idaeus,OpenDryPoor
62685,Rubus idaeus,OpenDryPoor
62686,Rubus idaeus,OpenDryPoor
62687,Rubus idaeus,OpenDryPoor
62688,Rubus idaeus,OpenDryPoor
62689,Rubus idaeus,OpenDryPoor
62690,Rubus idaeus,OpenDryPoor
62691,Rubus idaeus,OpenDryPoor
62692,Rubus idaeus,OpenDryPoor
63272,Rubus idaeus,OpenDryPoor
63273,Rubus idaeus,OpenDryPoor
63274,Rubus idaeus,OpenDryPoor
63275,Rubus idaeus,OpenDryPoor
63276,Rubus idaeus,OpenDryPoor
63277,Rubus idaeus,OpenDryPoor
63278,Rubus idaeus,OpenDryPoor
63279,Rubus idaeus,OpenDryPoor
63280,Rubus idaeus,OpenDryPoor
63281,Rubus idaeus,OpenDryPoor
63282,Rubus idaeus,OpenDryPoor
63283,Rubus idaeus,OpenDryPoor
63284,Rubus idaeus,OpenDryPoor
63285,Rubus idaeus,OpenDryPoor
63286,Rubus idaeus,OpenDryPoor
63287,Rubus idaeus,OpenDryPoor
63288,Rubus idaeus,OpenDryPoor
63289,Rubus idaeus,OpenDryPoor
63290,Rubus idaeus,OpenDryPoor
63291,Rubus idaeus,OpenDryPoor
63871,Rubus idaeus,OpenDryPoor
63872,Rubus idaeus,OpenDryPoor
63873,Rubus idaeus,OpenDryPoor
63874,Rubus idaeus,OpenDryPoor
63875,Rubus idaeus,OpenDryPoor
63876,Rubus idaeus,OpenDryPoor
63877,Rubus idaeus,OpenDryPoor
63878,Rubus idaeus,OpenDryPoor
63879,Rubus idaeus,OpenDryPoor
63880,Rubus idaeus,OpenDryPoor
63881,Rubus idaeus,OpenDryPoor
63882,Rubus idaeus,OpenDryPoor
63883,Rubus idaeus,OpenDryPoor
63884,Rubus idaeus,OpenDryPoor
63885,Rubus idaeus,OpenDryPoor
63886,Rubus idaeus,OpenDryPoor
63887,Rubus idaeus,OpenDryPoor
63888,Rubus idaeus,OpenDryPoor
63889,Rubus idaeus,OpenDryPoor
63890,Rubus idaeus,OpenDryPoor
64470,Rubus idaeus,OpenDryPoor
64471,Rubus idaeus,OpenDryPoor
64472,Rubus idaeus,OpenDryPoor
64473,Rubus idaeus,OpenDryPoor
64474,Rubus idaeus,OpenDryPoor
64475,Rubus idaeus,OpenDryPoor
64476,Rubus idaeus,OpenDryPoor
64477,Rubus idaeus,OpenDryPoor
64478,Rubus idaeus,OpenDryPoor
64479,Rubus idaeus,OpenDryPoor
64480,Rubus idaeus,OpenDryPoor
64481,Rubus idaeus,OpenDryPoor
64482,Rubus idaeus,OpenDryPoor
64483,Rubus idaeus,OpenDryPoor
64484,Rubus idaeus,OpenDryPoor
64485,Rubus idaeus,OpenDryPoor
64486,Rubus idaeus,OpenDryPoor
64487,Rubus idaeus,OpenDryPoor
64488,Rubus idaeus,OpenDryPoor
64489,Rubus idaeus,OpenDryPoor
65069,Rubus idaeus,OpenDryPoor
65070,Rubus idaeus,OpenDryPoor
65071,Rubus idaeus,OpenDryPoor
65072,Rubus idaeus,OpenDryPoor
65073,Rubus idaeus,OpenDryPoor
65074,Rubus idaeus,OpenDryPoor
65075,Rubus idaeus,OpenDryPoor
65076,Rubus idaeus,OpenDryPoor
65077,Rubus idaeus,OpenDryPoor
65078,Rubus idaeus,OpenDryPoor
65079,Rubus idaeus,OpenDryPoor
65080,Rubus idaeus,OpenDryPoor
65081,Rubus idaeus,OpenDryPoor
65082,Rubus idaeus,OpenDryPoor
65083,Rubus idaeus,OpenDryPoor
65084,Rubus idaeus,OpenDryPoor
65085,Rubus idaeus,OpenDryPoor
65086,Rubus idaeus,OpenDryPoor
65087,Rubus idaeus,OpenDryPoor
65088,Rubus idaeus,OpenDryPoor
65668,Rubus idaeus,OpenDryPoor
65669,Rubus idaeus,OpenDryPoor
65670,Rubus idaeus,OpenDryPoor
65671,Rubus idaeus,OpenDryPoor
65672,Rubus idaeus,OpenDryPoor
65673,Rubus idaeus,OpenDryPoor
65674,Rubus idaeus,OpenDryPoor
65675,Rubus idaeus,OpenDryPoor
65676,Rubus idaeus,OpenDryPoor
65677,Rubus idaeus,OpenDryPoor
65678,Rubus idaeus,OpenDryPoor
65679,Rubus idaeus,OpenDryPoor
65680,Rubus idaeus,OpenDryPoor
65681,Rubus idaeus,OpenDryPoor
65682,Rubus idaeus,OpenDryPoor
65683,Rubus idaeus,OpenDryPoor
65684,Rubus idaeus,OpenDryPoor
65685,Rubus idaeus,OpenDryPoor
65686,Rubus idaeus,OpenDryPoor
65687,Rubus idaeus,OpenDryPoor
66267,Rubus idaeus,OpenDryPoor
66268,Rubus idaeus,OpenDryPoor
66269,Rubus idaeus,OpenDryPoor
66270,Rubus idaeus,OpenDryPoor
66271,Rubus idaeus,OpenDryPoor
66272,Rubus idaeus,OpenDryPoor
66273,Rubus idaeus,OpenDryPoor
66274,Rubus idaeus,OpenDryPoor
66275,Rubus idaeus,OpenDryPoor
66276,Rubus idaeus,OpenDryPoor
66277,Rubus idaeus,OpenDryPoor
66278,Rubus idaeus,OpenDryPoor
66279,Rubus idaeus,OpenDryPoor
66280,Rubus idaeus,OpenDryPoor
66281,Rubus idaeus,OpenDryPoor
66282,Rubus idaeus,OpenDryPoor
66283,Rubus idaeus,OpenDryPoor
66284,Rubus idaeus,OpenDryPoor
66285,Rubus idaeus,OpenDryPoor
66286,Rubus idaeus,OpenDryPoor
66866,Rubus idaeus,OpenDryPoor
66867,Rubus idaeus,OpenDryPoor
66868,Rubus idaeus,OpenDryPoor
66869,Rubus idaeus,OpenDryPoor
66870,Rubus idaeus,OpenDryPoor
66871,Rubus idaeus,OpenDryPoor
66872,Rubus idaeus,OpenDryPoor
66873,Rubus idaeus,OpenDryPoor
66874,Rubus idaeus,OpenDryPoor
66875,Rubus idaeus,OpenDryPoor
66876,Rubus idaeus,OpenDryPoor
66877,Rubus idaeus,OpenDryPoor
66878,Rubus idaeus,OpenDryPoor
66879,Rubus idaeus,OpenDryPoor
66880,Rubus idaeus,OpenDryPoor
66881,Rubus idaeus,OpenDryPoor
66882,Rubus idaeus,OpenDryPoor
66883,Rubus idaeus,OpenDryPoor
66884,Rubus idaeus,OpenDryPoor
66885,Rubus idaeus,OpenDryPoor
67465,Rubus idaeus,OpenDryPoor
67466,Rubus idaeus,OpenDryPoor
67467,Rubus idaeus,OpenDryPoor
67468,Rubus idaeus,OpenDryPoor
67469,Rubus idaeus,OpenDryPoor
67470,Rubus idaeus,OpenDryPoor
67471,Rubus idaeus,OpenDryPoor
67472,Rubus idaeus,OpenDryPoor
67473,Rubus idaeus,OpenDryPoor
67474,Rubus idaeus,OpenDryPoor
67475,Rubus idaeus,OpenDryPoor
67476,Rubus idaeus,OpenDryPoor
67477,Rubus idaeus,OpenDryPoor
67478,Rubus idaeus,OpenDryPoor
67479,Rubus idaeus,OpenDryPoor
67480,Rubus idaeus,OpenDryPoor
67481,Rubus idaeus,OpenDryPoor
67482,Rubus idaeus,OpenDryPoor
67483,Rubus idaeus,OpenDryPoor
67484,Rubus idaeus,OpenDryPoor
68064,Rubus idaeus,OpenDryPoor
68065,Rubus idaeus,OpenDryPoor
68066,Rubus idaeus,OpenDryPoor
68067,Rubus idaeus,OpenDryPoor
68068,Rubus idaeus,OpenDryPoor
68069,Rubus idaeus,OpenDryPoor
68070,Rubus idaeus,OpenDryPoor
68071,Rubus idaeus,OpenDryPoor
68072,Rubus idaeus,OpenDryPoor
68073,Rubus idaeus,OpenDryPoor
68074,Rubus idaeus,OpenDryPoor
68075,Rubus idaeus,OpenDryPoor
68076,Rubus idaeus,OpenDryPoor
68077,Rubus idaeus,OpenDryPoor
68078,Rubus idaeus,OpenDryPoor
68079,Rubus idaeus,OpenDryPoor
68080,Rubus idaeus,OpenDryPoor
68081,Rubus idaeus,OpenDryPoor
68082,Rubus idaeus,OpenDryPoor
68083,Rubus idaeus,OpenDryPoor
68663,Rubus idaeus,OpenDryPoor
68664,Rubus idaeus,OpenDryPoor
68665,Rubus idaeus,OpenDryPoor
68666,Rubus idaeus,OpenDryPoor
68667,Rubus idaeus,OpenDryPoor
68668,Rubus idaeus,OpenDryPoor
68669,Rubus idaeus,OpenDryPoor
68670,Rubus idaeus,OpenDryPoor
68671,Rubus idaeus,OpenDryPoor
68672,Rubus idaeus,OpenDryPoor
68673,Rubus idaeus,OpenDryPoor
68674,Rubus idaeus,OpenDryPoor
68675,Rubus idaeus,OpenDryPoor
68676,Rubus idaeus,OpenDryPoor
68677,Rubus idaeus,OpenDryPoor
68678,Rubus idaeus,OpenDryPoor
68679,Rubus idaeus,OpenDryPoor
68680,Rubus idaeus,OpenDryPoor
68681,Rubus idaeus,OpenDryPoor
68682,Rubus idaeus,OpenDryPoor
69262,Rubus idaeus,OpenDryPoor
69263,Rubus idaeus,OpenDryPoor
69264,Rubus idaeus,OpenDryPoor
69265,Rubus idaeus,OpenDryPoor
69266,Rubus idaeus,OpenDryPoor
69267,Rubus idaeus,OpenDryPoor
69268,Rubus idaeus,OpenDryPoor
69269,Rubus idaeus,OpenDryPoor
69270,Rubus idaeus,OpenDryPoor
69271,Rubus idaeus,OpenDryPoor
69272,Rubus idaeus,OpenDryPoor
69273,Rubus idaeus,OpenDryPoor
69274,Rubus idaeus,OpenDryPoor
69275,Rubus idaeus,OpenDryPoor
69276,Rubus idaeus,OpenDryPoor
69277,Rubus idaeus,OpenDryPoor
69278,Rubus idaeus,OpenDryPoor
69279,Rubus idaeus,OpenDryPoor
69280,Rubus idaeus,OpenDryPoor
69281,Rubus idaeus,OpenDryPoor
69861,Rubus idaeus,OpenDryPoor
69862,Rubus idaeus,OpenDryPoor
69863,Rubus idaeus,OpenDryPoor
69864,Rubus idaeus,OpenDryPoor
69865,Rubus idaeus,OpenDryPoor
69866,Rubus idaeus,OpenDryPoor
69867,Rubus idaeus,OpenDryPoor
69868,Rubus idaeus,OpenDryPoor
69869,Rubus idaeus,OpenDryPoor
69870,Rubus idaeus,OpenDryPoor
69871,Rubus idaeus,OpenDryPoor
69872,Rubus idaeus,OpenDryPoor
69873,Rubus idaeus,OpenDryPoor
69874,Rubus idaeus,OpenDryPoor
69875,Rubus idaeus,OpenDryPoor
69876,Rubus idaeus,OpenDryPoor
69877,Rubus idaeus,OpenDryPoor
69878,Rubus idaeus,OpenDryPoor
69879,Rubus idaeus,OpenDryPoor
69880,Rubus idaeus,OpenDryPoor
70460,Rubus idaeus,OpenDryPoor
70461,Rubus idaeus,OpenDryPoor
70462,Rubus idaeus,OpenDryPoor
70463,Rubus idaeus,OpenDryPoor
70464,Rubus idaeus,OpenDryPoor
70465,Rubus idaeus,OpenDryPoor
70466,Rubus idaeus,OpenDryPoor
70467,Rubus idaeus,OpenDryPoor
70468,Rubus idaeus,OpenDryPoor
70469,Rubus idaeus,OpenDryPoor
70470,Rubus idaeus,OpenDryPoor
70471,Rubus idaeus,OpenDryPoor
70472,Rubus idaeus,OpenDryPoor
70473,Rubus idaeus,OpenDryPoor
70474,Rubus idaeus,OpenDryPoor
70475,Rubus idaeus,OpenDryPoor
70476,Rubus idaeus,OpenDryPoor
70477,Rubus idaeus,OpenDryPoor
70478,Rubus idaeus,OpenDryPoor
70479,Rubus idaeus,OpenDryPoor
71059,Rubus idaeus,OpenDryPoor
71060,Rubus idaeus,OpenDryPoor
71061,Rubus idaeus,OpenDryPoor
71062,Rubus idaeus,OpenDryPoor
71063,Rubus idaeus,OpenDryPoor
71064,Rubus idaeus,OpenDryPoor
71065,Rubus idaeus,OpenDryPoor
71066,Rubus idaeus,OpenDryPoor
71067,Rubus idaeus,OpenDryPoor
71068,Rubus idaeus,OpenDryPoor
71069,Rubus idaeus,OpenDryPoor
71070,Rubus idaeus,OpenDryPoor
71071,Rubus idaeus,OpenDryPoor
71072,Rubus idaeus,OpenDryPoor
71073,Rubus idaeus,OpenDryPoor
71074,Rubus idaeus,OpenDryPoor
71075,Rubus idaeus,OpenDryPoor
71076,Rubus idaeus,OpenDryPoor
71077,Rubus idaeus,OpenDryPoor
71078,Rubus idaeus,OpenDryPoor
71658,Rubus idaeus,OpenDryPoor
71659,Rubus idaeus,OpenDryPoor
71660,Rubus idaeus,OpenDryPoor
71661,Rubus idaeus,OpenDryPoor
71662,Rubus idaeus,OpenDryPoor
71663,Rubus idaeus,OpenDryPoor
71664,Rubus idaeus,OpenDryPoor
71665,Rubus idaeus,OpenDryPoor
71666,Rubus idaeus,OpenDryPoor
71667,Rubus idaeus,OpenDryPoor
71668,Rubus idaeus,OpenDryPoor
71669,Rubus idaeus,OpenDryPoor
71670,Rubus idaeus,OpenDryPoor
71671,Rubus idaeus,OpenDryPoor
71672,Rubus idaeus,OpenDryPoor
71673,Rubus idaeus,OpenDryPoor
71674,Rubus idaeus,OpenDryPoor
71675,Rubus idaeus,OpenDryPoor
71676,Rubus idaeus,OpenDryPoor
71677,Rubus idaeus,OpenDryPoor
72257,Rubus idaeus,OpenDryPoor
72258,Rubus idaeus,OpenDryPoor
72259,Rubus idaeus,OpenDryPoor
72260,Rubus idaeus,OpenDryPoor
72261,Rubus idaeus,OpenDryPoor
72262,Rubus idaeus,OpenDryPoor
72263,Rubus idaeus,OpenDryPoor
72264,Rubus idaeus,OpenDryPoor
72265,Rubus idaeus,OpenDryPoor
72266,Rubus idaeus,OpenDryPoor
72267,Rubus idaeus,OpenDryPoor
72268,Rubus idaeus,OpenDryPoor
72269,Rubus idaeus,OpenDryPoor
72270,Rubus idaeus,OpenDryPoor
72271,Rubus idaeus,OpenDryPoor
72272,Rubus idaeus,OpenDryPoor
72273,Rubus idaeus,OpenDryPoor
72274,Rubus idaeus,OpenDryPoor
72275,Rubus idaeus,OpenDryPoor
72276,Rubus idaeus,OpenDryPoor
72856,Rubus idaeus,OpenDryPoor
72857,Rubus idaeus,OpenDryPoor
72858,Rubus idaeus,OpenDryPoor
72859,Rubus idaeus,OpenDryPoor
72860,Rubus idaeus,OpenDryPoor
72861,Rubus idaeus,OpenDryPoor
72862,Rubus idaeus,OpenDryPoor
72863,Rubus idaeus,OpenDryPoor
72864,Rubus idaeus,OpenDryPoor
72865,Rubus idaeus,OpenDryPoor
72866,Rubus idaeus,OpenDryPoor
72867,Rubus idaeus,OpenDryPoor
72868,Rubus idaeus,OpenDryPoor
72869,Rubus idaeus,OpenDryPoor
72870,Rubus idaeus,OpenDryPoor
72871,Rubus idaeus,OpenDryPoor
72872,Rubus idaeus,OpenDryPoor
72873,Rubus idaeus,OpenDryPoor
72874,Rubus idaeus,OpenDryPoor
72875,Rubus idaeus,OpenDryPoor
73455,Rubus idaeus,OpenDryPoor
73456,Rubus idaeus,OpenDryPoor
73457,Rubus idaeus,OpenDryPoor
73458,Rubus idaeus,OpenDryPoor
73459,Rubus idaeus,OpenDryPoor
73460,Rubus idaeus,OpenDryPoor
73461,Rubus idaeus,OpenDryPoor
73462,Rubus idaeus,OpenDryPoor
73463,Rubus idaeus,OpenDryPoor
73464,Rubus idaeus,OpenDryPoor
73465,Rubus idaeus,OpenDryPoor
73466,Rubus idaeus,OpenDryPoor
73467,Rubus idaeus,OpenDryPoor
73468,Rubus idaeus,OpenDryPoor
73469,Rubus idaeus,OpenDryPoor
73470,Rubus idaeus,OpenDryPoor
73471,Rubus idaeus,OpenDryPoor
73472,Rubus idaeus,OpenDryPoor
73473,Rubus idaeus,OpenDryPoor
73474,Rubus idaeus,OpenDryPoor
74054,Rubus idaeus,OpenDryPoor
74055,Rubus idaeus,OpenDryPoor
74056,Rubus idaeus,OpenDryPoor
74057,Rubus idaeus,OpenDryPoor
74058,Rubus idaeus,OpenDryPoor
74059,Rubus idaeus,OpenDryPoor
74060,Rubus idaeus,OpenDryPoor
74061,Rubus idaeus,OpenDryPoor
74062,Rubus idaeus,OpenDryPoor
74063,Rubus idaeus,OpenDryPoor
74064,Rubus idaeus,OpenDryPoor
74065,Rubus idaeus,OpenDryPoor
74066,Rubus idaeus,OpenDryPoor
74067,Rubus idaeus,OpenDryPoor
74068,Rubus idaeus,OpenDryPoor
74069,Rubus idaeus,OpenDryPoor
74070,Rubus idaeus,OpenDryPoor
74071,Rubus idaeus,OpenDryPoor
74072,Rubus idaeus,OpenDryPoor
74073,Rubus idaeus,OpenDryPoor
74593,Rubus idaeus,OpenDryPoor
74594,Rubus idaeus,OpenDryPoor
74595,Rubus idaeus,OpenDryPoor
74596,Rubus idaeus,OpenDryPoor
74597,Rubus idaeus,OpenDryPoor
74598,Rubus idaeus,OpenDryPoor
74599,Rubus idaeus,OpenDryPoor
74600,Rubus idaeus,OpenDryPoor
74601,Rubus idaeus,OpenDryPoor
74602,Rubus idaeus,OpenDryPoor
74603,Rubus idaeus,OpenDryPoor
74604,Rubus idaeus,OpenDryPoor
74605,Rubus idaeus,OpenDryPoor
74606,Rubus idaeus,OpenDryPoor
74607,Rubus idaeus,OpenDryPoor
74608,Rubus idaeus,OpenDryPoor
74609,Rubus idaeus,OpenDryPoor
74610,Rubus idaeus,OpenDryPoor
74611,Rubus idaeus,OpenDryPoor
74612,Rubus idaeus,OpenDryPoor
74653,Rubus idaeus,OpenDryPoor
74654,Rubus idaeus,OpenDryPoor
74655,Rubus idaeus,OpenDryPoor
74656,Rubus idaeus,OpenDryPoor
74657,Rubus idaeus,OpenDryPoor
74658,Rubus idaeus,OpenDryPoor
74659,Rubus idaeus,OpenDryPoor
74660,Rubus idaeus,OpenDryPoor
74661,Rubus idaeus,OpenDryPoor
74662,Rubus idaeus,OpenDryPoor
74663,Rubus idaeus,OpenDryPoor
74664,Rubus idaeus,OpenDryPoor
74665,Rubus idaeus,OpenDryPoor
74666,Rubus idaeus,OpenDryPoor
74667,Rubus idaeus,OpenDryPoor
74668,Rubus idaeus,OpenDryPoor
74669,Rubus idaeus,OpenDryPoor
74670,Rubus idaeus,OpenDryPoor
74671,Rubus idaeus,OpenDryPoor
74672,Rubus idaeus,OpenDryPoor
75192,Rubus idaeus,OpenDryPoor
75193,Rubus idaeus,OpenDryPoor
75194,Rubus idaeus,OpenDryPoor
75195,Rubus idaeus,OpenDryPoor
75196,Rubus idaeus,OpenDryPoor
75197,Rubus idaeus,OpenDryPoor
75198,Rubus idaeus,OpenDryPoor
75199,Rubus idaeus,OpenDryPoor
75200,Rubus idaeus,OpenDryPoor
75201,Rubus idaeus,OpenDryPoor
75202,Rubus idaeus,OpenDryPoor
75203,Rubus idaeus,OpenDryPoor
75204,Rubus idaeus,OpenDryPoor
75205,Rubus idaeus,OpenDryPoor
75206,Rubus idaeus,OpenDryPoor
75207,Rubus idaeus,OpenDryPoor
75208,Rubus idaeus,OpenDryPoor
75209,Rubus idaeus,OpenDryPoor
75210,Rubus idaeus,OpenDryPoor
75211,Rubus idaeus,OpenDryPoor
75252,Rubus idaeus,OpenDryPoor
75253,Rubus idaeus,OpenDryPoor
75254,Rubus idaeus,OpenDryPoor
75255,Rubus idaeus,OpenDryPoor
75256,Rubus idaeus,OpenDryPoor
75257,Rubus idaeus,OpenDryPoor
75258,Rubus idaeus,OpenDryPoor
75259,Rubus idaeus,OpenDryPoor
75260,Rubus idaeus,OpenDryPoor
75261,Rubus idaeus,OpenDryPoor
75262,Rubus idaeus,OpenDryPoor
75263,Rubus idaeus,OpenDryPoor
75264,Rubus idaeus,OpenDryPoor
75265,Rubus idaeus,OpenDryPoor
75266,Rubus idaeus,OpenDryPoor
75267,Rubus idaeus,OpenDryPoor
75268,Rubus idaeus,OpenDryPoor
75269,Rubus idaeus,OpenDryPoor
75270,Rubus idaeus,OpenDryPoor
75271,Rubus idaeus,OpenDryPoor
75791,Rubus idaeus,OpenDryPoor
75792,Rubus idaeus,OpenDryPoor
75793,Rubus idaeus,OpenDryPoor
75794,Rubus idaeus,OpenDryPoor
75795,Rubus idaeus,OpenDryPoor
75796,Rubus idaeus,OpenDryPoor
75797,Rubus idaeus,OpenDryPoor
75798,Rubus idaeus,OpenDryPoor
75799,Rubus idaeus,OpenDryPoor
75800,Rubus idaeus,OpenDryPoor
75801,Rubus idaeus,OpenDryPoor
75802,Rubus idaeus,OpenDryPoor
75803,Rubus idaeus,OpenDryPoor
75804,Rubus idaeus,OpenDryPoor
75805,Rubus idaeus,OpenDryPoor
75806,Rubus idaeus,OpenDryPoor
75807,Rubus idaeus,OpenDryPoor
75808,Rubus idaeus,OpenDryPoor
75809,Rubus idaeus,OpenDryPoor
75810,Rubus idaeus,OpenDryPoor
75851,Rubus idaeus,OpenDryPoor
75852,Rubus idaeus,OpenDryPoor
75853,Rubus idaeus,OpenDryPoor
75854,Rubus idaeus,OpenDryPoor
75855,Rubus idaeus,OpenDryPoor
75856,Rubus idaeus,OpenDryPoor
75857,Rubus idaeus,OpenDryPoor
75858,Rubus idaeus,OpenDryPoor
75859,Rubus idaeus,OpenDryPoor
75860,Rubus idaeus,OpenDryPoor
75861,Rubus idaeus,OpenDryPoor
75862,Rubus idaeus,OpenDryPoor
75863,Rubus idaeus,OpenDryPoor
75864,Rubus idaeus,OpenDryPoor
75865,Rubus idaeus,OpenDryPoor
75866,Rubus idaeus,OpenDryPoor
75867,Rubus idaeus,OpenDryPoor
75868,Rubus idaeus,OpenDryPoor
75869,Rubus idaeus,OpenDryPoor
75870,Rubus idaeus,OpenDryPoor
76390,Rubus idaeus,OpenDryPoor
76391,Rubus idaeus,OpenDryPoor
76392,Rubus idaeus,OpenDryPoor
76393,Rubus idaeus,OpenDryPoor
76394,Rubus idaeus,OpenDryPoor
76395,Rubus idaeus,OpenDryPoor
76396,Rubus idaeus,OpenDryPoor
76397,Rubus idaeus,OpenDryPoor
76398,Rubus idaeus,OpenDryPoor
76399,Rubus idaeus,OpenDryPoor
76400,Rubus idaeus,OpenDryPoor
76401,Rubus idaeus,OpenDryPoor
76402,Rubus idaeus,OpenDryPoor
76403,Rubus idaeus,OpenDryPoor
76404,Rubus idaeus,OpenDryPoor
76405,Rubus idaeus,OpenDryPoor
76406,Rubus idaeus,OpenDryPoor
76407,Rubus idaeus,OpenDryPoor
76408,Rubus idaeus,OpenDryPoor
76409,Rubus idaeus,OpenDryPoor
76450,Rubus idaeus,OpenDryPoor
76451,Rubus idaeus,OpenDryPoor
76452,Rubus idaeus,OpenDryPoor
76453,Rubus idaeus,OpenDryPoor
76454,Rubus idaeus,OpenDryPoor
76455,Rubus idaeus,OpenDryPoor
76456,Rubus idaeus,OpenDryPoor
76457,Rubus idaeus,OpenDryPoor
76458,Rubus idaeus,OpenDryPoor
76459,Rubus idaeus,OpenDryPoor
76460,Rubus idaeus,OpenDryPoor
76461,Rubus idaeus,OpenDryPoor
76462,Rubus idaeus,OpenDryPoor
76463,Rubus idaeus,OpenDryPoor
76464,Rubus idaeus,OpenDryPoor
76465,Rubus idaeus,OpenDryPoor
76466,Rubus idaeus,OpenDryPoor
76467,Rubus idaeus,OpenDryPoor
76468,Rubus idaeus,OpenDryPoor
76469,Rubus idaeus,OpenDryPoor
76990,Rubus idaeus,OpenDryPoor
76991,Rubus idaeus,OpenDryPoor
76992,Rubus idaeus,OpenDryPoor
76993,Rubus idaeus,OpenDryPoor
76994,Rubus idaeus,OpenDryPoor
76995,Rubus idaeus,OpenDryPoor
76996,Rubus idaeus,OpenDryPoor
76997,Rubus idaeus,OpenDryPoor
76998,Rubus idaeus,OpenDryPoor
76999,Rubus idaeus,OpenDryPoor
77000,Rubus idaeus,OpenDryPoor
77001,Rubus idaeus,OpenDryPoor
77002,Rubus idaeus,OpenDryPoor
77003,Rubus idaeus,OpenDryPoor
77004,Rubus idaeus,OpenDryPoor
77005,Rubus idaeus,OpenDryPoor
77006,Rubus idaeus,OpenDryPoor
77007,Rubus idaeus,OpenDryPoor
77008,Rubus idaeus,OpenDryPoor
77049,Rubus idaeus,OpenDryPoor
77050,Rubus idaeus,OpenDryPoor
77051,Rubus idaeus,OpenDryPoor
77052,Rubus idaeus,OpenDryPoor
77053,Rubus idaeus,OpenDryPoor
77054,Rubus idaeus,OpenDryPoor
77055,Rubus idaeus,OpenDryPoor
77056,Rubus idaeus,OpenDryPoor
77057,Rubus idaeus,OpenDryPoor
77058,Rubus idaeus,OpenDryPoor
77059,Rubus idaeus,OpenDryPoor
77060,Rubus idaeus,OpenDryPoor
77061,Rubus idaeus,OpenDryPoor
77062,Rubus idaeus,OpenDryPoor
77063,Rubus idaeus,OpenDryPoor
77064,Rubus idaeus,OpenDryPoor
77065,Rubus idaeus,OpenDryPoor
77066,Rubus idaeus,OpenDryPoor
77067,Rubus idaeus,OpenDryPoor
77068,Rubus idaeus,OpenDryPoor
77589,Rubus idaeus,OpenDryPoor
77590,Rubus idaeus,OpenDryPoor
77591,Rubus idaeus,OpenDryPoor
77592,Rubus idaeus,OpenDryPoor
77593,Rubus idaeus,OpenDryPoor
77594,Rubus idaeus,OpenDryPoor
77595,Rubus idaeus,OpenDryPoor
77596,Rubus idaeus,OpenDryPoor
77597,Rubus idaeus,OpenDryPoor
77598,Rubus idaeus,OpenDryPoor
77599,Rubus idaeus,OpenDryPoor
77600,Rubus idaeus,OpenDryPoor
77601,Rubus idaeus,OpenDryPoor
77602,Rubus idaeus,OpenDryPoor
77603,Rubus idaeus,OpenDryPoor
77604,Rubus idaeus,OpenDryPoor
77605,Rubus idaeus,OpenDryPoor
77606,Rubus idaeus,OpenDryPoor
77607,Rubus idaeus,OpenDryPoor
77648,Rubus idaeus,OpenDryPoor
77649,Rubus idaeus,OpenDryPoor
77650,Rubus idaeus,OpenDryPoor
77651,Rubus idaeus,OpenDryPoor
77652,Rubus idaeus,OpenDryPoor
77653,Rubus idaeus,OpenDryPoor
77654,Rubus idaeus,OpenDryPoor
77655,Rubus idaeus,OpenDryPoor
77656,Rubus idaeus,OpenDryPoor
77657,Rubus idaeus,OpenDryPoor
77658,Rubus idaeus,OpenDryPoor
77659,Rubus idaeus,OpenDryPoor
77660,Rubus idaeus,OpenDryPoor
77661,Rubus idaeus,OpenDryPoor
77662,Rubus idaeus,OpenDryPoor
77663,Rubus idaeus,OpenDryPoor
77664,Rubus idaeus,OpenDryPoor
77665,Rubus idaeus,OpenDryPoor
77666,Rubus idaeus,OpenDryPoor
77667,Rubus idaeus,OpenDryPoor
78188,Rubus idaeus,OpenDryPoor
78189,Rubus idaeus,OpenDryPoor
78190,Rubus idaeus,OpenDryPoor
78191,Rubus idaeus,OpenDryPoor
78192,Rubus idaeus,OpenDryPoor
78193,Rubus idaeus,OpenDryPoor
78194,Rubus idaeus,OpenDryPoor
78195,Rubus idaeus,OpenDryPoor
78196,Rubus idaeus,OpenDryPoor
78197,Rubus idaeus,OpenDryPoor
78198,Rubus idaeus,OpenDryPoor
78199,Rubus idaeus,OpenDryPoor
78200,Rubus idaeus,OpenDryPoor
78201,Rubus idaeus,OpenDryPoor
78202,Rubus idaeus,OpenDryPoor
78203,Rubus idaeus,OpenDryPoor
78204,Rubus idaeus,OpenDryPoor
78205,Rubus idaeus,OpenDryPoor
78206,Rubus idaeus,OpenDryPoor
78247,Rubus idaeus,OpenDryPoor
78248,Rubus idaeus,OpenDryPoor
78249,Rubus idaeus,OpenDryPoor
78250,Rubus idaeus,OpenDryPoor
78251,Rubus idaeus,OpenDryPoor
78252,Rubus idaeus,OpenDryPoor
78253,Rubus idaeus,OpenDryPoor
78254,Rubus idaeus,OpenDryPoor
78255,Rubus idaeus,OpenDryPoor
78256,Rubus idaeus,OpenDryPoor
78257,Rubus idaeus,OpenDryPoor
78258,Rubus idaeus,OpenDryPoor
78259,Rubus idaeus,OpenDryPoor
78260,Rubus idaeus,OpenDryPoor
78261,Rubus idaeus,OpenDryPoor
78262,Rubus idaeus,OpenDryPoor
78263,Rubus idaeus,OpenDryPoor
78264,Rubus idaeus,OpenDryPoor
78265,Rubus idaeus,OpenDryPoor
78266,Rubus idaeus,OpenDryPoor
78787,Rubus idaeus,OpenDryPoor
78788,Rubus idaeus,OpenDryPoor
78789,Rubus idaeus,OpenDryPoor
78790,Rubus idaeus,OpenDryPoor
78791,Rubus idaeus,OpenDryPoor
78792,Rubus idaeus,OpenDryPoor
78793,Rubus idaeus,OpenDryPoor
78794,Rubus idaeus,OpenDryPoor
78795,Rubus idaeus,OpenDryPoor
78796,Rubus idaeus,OpenDryPoor
78797,Rubus idaeus,OpenDryPoor
78798,Rubus idaeus,OpenDryPoor
78799,Rubus idaeus,OpenDryPoor
78800,Rubus idaeus,OpenDryPoor
78801,Rubus idaeus,OpenDryPoor
78802,Rubus idaeus,OpenDryPoor
78803,Rubus idaeus,OpenDryPoor
78804,Rubus idaeus,OpenDryPoor
78805,Rubus idaeus,OpenDryPoor
78846,Rubus idaeus,OpenDryPoor
78847,Rubus idaeus,OpenDryPoor
78848,Rubus idaeus,OpenDryPoor
78849,Rubus idaeus,OpenDryPoor
78850,Rubus idaeus,OpenDryPoor
78851,Rubus idaeus,OpenDryPoor
78852,Rubus idaeus,OpenDryPoor
78853,Rubus idaeus,OpenDryPoor
78854,Rubus idaeus,OpenDryPoor
78855,Rubus idaeus,OpenDryPoor
78856,Rubus idaeus,OpenDryPoor
78857,Rubus idaeus,OpenDryPoor
78858,Rubus idaeus,OpenDryPoor
78859,Rubus idaeus,OpenDryPoor
78860,Rubus idaeus,OpenDryPoor
78861,Rubus idaeus,OpenDryPoor
78862,Rubus idaeus,OpenDryPoor
78863,Rubus idaeus,OpenDryPoor
78864,Rubus idaeus,OpenDryPoor
78865,Rubus idaeus,OpenDryPoor
79387,Rubus idaeus,OpenDryPoor
79388,Rubus idaeus,OpenDryPoor
79389,Rubus idaeus,OpenDryPoor
79390,Rubus idaeus,OpenDryPoor
79391,Rubus idaeus,OpenDryPoor
79392,Rubus idaeus,OpenDryPoor
79393,Rubus idaeus,OpenDryPoor
79394,Rubus idaeus,OpenDryPoor
79395,Rubus idaeus,OpenDryPoor
79396,Rubus idaeus,OpenDryPoor
79397,Rubus idaeus,OpenDryPoor
79398,Rubus idaeus,OpenDryPoor
79399,Rubus idaeus,OpenDryPoor
79400,Rubus idaeus,OpenDryPoor
79401,Rubus idaeus,OpenDryPoor
79402,Rubus idaeus,OpenDryPoor
79403,Rubus idaeus,OpenDryPoor
79404,Rubus idaeus,OpenDryPoor
79445,Rubus idaeus,OpenDryPoor
79446,Rubus idaeus,OpenDryPoor
79447,Rubus idaeus,OpenDryPoor
79448,Rubus idaeus,OpenDryPoor
79449,Rubus idaeus,OpenDryPoor
79450,Rubus idaeus,OpenDryPoor
79451,Rubus idaeus,OpenDryPoor
79452,Rubus idaeus,OpenDryPoor
79453,Rubus idaeus,OpenDryPoor
79454,Rubus idaeus,OpenDryPoor
79455,Rubus idaeus,OpenDryPoor
79456,Rubus idaeus,OpenDryPoor
79457,Rubus idaeus,OpenDryPoor
79458,Rubus idaeus,OpenDryPoor
79459,Rubus idaeus,OpenDryPoor
79460,Rubus idaeus,OpenDryPoor
79461,Rubus idaeus,OpenDryPoor
79462,Rubus idaeus,OpenDryPoor
79463,Rubus idaeus,OpenDryPoor
79464,Rubus idaeus,OpenDryPoor
79986,Rubus idaeus,OpenDryPoor
79987,Rubus idaeus,OpenDryPoor
79988,Rubus idaeus,OpenDryPoor
79989,Rubus idaeus,OpenDryPoor
79990,Rubus idaeus,OpenDryPoor
79991,Rubus idaeus,OpenDryPoor
79992,Rubus idaeus,OpenDryPoor
79993,Rubus idaeus,OpenDryPoor
79994,Rubus idaeus,OpenDryPoor
79995,Rubus idaeus,OpenDryPoor
79996,Rubus idaeus,OpenDryPoor
79997,Rubus idaeus,OpenDryPoor
79998,Rubus idaeus,OpenDryPoor
79999,Rubus idaeus,OpenDryPoor
80000,Rubus idaeus,OpenDryPoor
80001,Rubus idaeus,OpenDryPoor
80002,Rubus idaeus,OpenDryPoor
80003,Rubus idaeus,OpenDryPoor
80044,Rubus idaeus,OpenDryPoor
80045,Rubus idaeus,OpenDryPoor
80046,Rubus idaeus,OpenDryPoor
80047,Rubus idaeus,OpenDryPoor
80048,Rubus idaeus,OpenDryPoor
80049,Rubus idaeus,OpenDryPoor
80050,Rubus idaeus,OpenDryPoor
80051,Rubus idaeus,OpenDryPoor
80052,Rubus idaeus,OpenDryPoor
80053,Rubus idaeus,OpenDryPoor
80054,Rubus idaeus,OpenDryPoor
80055,Rubus idaeus,OpenDryPoor
80056,Rubus idaeus,OpenDryPoor
80057,Rubus idaeus,OpenDryPoor
80058,Rubus idaeus,OpenDryPoor
80059,Rubus idaeus,OpenDryPoor
80060,Rubus idaeus,OpenDryPoor
80061,Rubus idaeus,OpenDryPoor
80062,Rubus idaeus,OpenDryPoor
80063,Rubus idaeus,OpenDryPoor
80585,Rubus idaeus,OpenDryPoor
80586,Rubus idaeus,OpenDryPoor
80587,Rubus idaeus,OpenDryPoor
80588,Rubus idaeus,OpenDryPoor
80589,Rubus idaeus,OpenDryPoor
80590,Rubus idaeus,OpenDryPoor
80591,Rubus idaeus,OpenDryPoor
80592,Rubus idaeus,OpenDryPoor
80593,Rubus idaeus,OpenDryPoor
80594,Rubus idaeus,OpenDryPoor
80595,Rubus idaeus,OpenDryPoor
80596,Rubus idaeus,OpenDryPoor
80597,Rubus idaeus,OpenDryPoor
80598,Rubus idaeus,OpenDryPoor
80599,Rubus idaeus,OpenDryPoor
80600,Rubus idaeus,OpenDryPoor
80601,Rubus idaeus,OpenDryPoor
80602,Rubus idaeus,OpenDryPoor
80643,Rubus idaeus,OpenDryPoor
80644,Rubus idaeus,OpenDryPoor
80645,Rubus idaeus,OpenDryPoor
80646,Rubus idaeus,OpenDryPoor
80647,Rubus idaeus,OpenDryPoor
80648,Rubus idaeus,OpenDryPoor
80649,Rubus idaeus,OpenDryPoor
80650,Rubus idaeus,OpenDryPoor
80651,Rubus idaeus,OpenDryPoor
80652,Rubus idaeus,OpenDryPoor
80653,Rubus idaeus,OpenDryPoor
80654,Rubus idaeus,OpenDryPoor
80655,Rubus idaeus,OpenDryPoor
80656,Rubus idaeus,OpenDryPoor
80657,Rubus idaeus,OpenDryPoor
80658,Rubus idaeus,OpenDryPoor
80659,Rubus idaeus,OpenDryPoor
80660,Rubus idaeus,OpenDryPoor
80661,Rubus idaeus,OpenDryPoor
80662,Rubus idaeus,OpenDryPoor
81184,Rubus idaeus,OpenDryPoor
81185,Rubus idaeus,OpenDryPoor
81186,Rubus idaeus,OpenDryPoor
81187,Rubus idaeus,OpenDryPoor
81188,Rubus idaeus,OpenDryPoor
81189,Rubus idaeus,OpenDryPoor
81190,Rubus idaeus,OpenDryPoor
81191,Rubus idaeus,OpenDryPoor
81192,Rubus idaeus,OpenDryPoor
81193,Rubus idaeus,OpenDryPoor
81194,Rubus idaeus,OpenDryPoor
81195,Rubus idaeus,OpenDryPoor
81196,Rubus idaeus,OpenDryPoor
81197,Rubus idaeus,OpenDryPoor
81198,Rubus idaeus,OpenDryPoor
81199,Rubus idaeus,OpenDryPoor
81200,Rubus idaeus,OpenDryPoor
81201,Rubus idaeus,OpenDryPoor
81242,Rubus idaeus,OpenDryPoor
81243,Rubus idaeus,OpenDryPoor
81244,Rubus idaeus,OpenDryPoor
81245,Rubus idaeus,OpenDryPoor
81246,Rubus idaeus,OpenDryPoor
81247,Rubus idaeus,OpenDryPoor
81248,Rubus idaeus,OpenDryPoor
81249,Rubus idaeus,OpenDryPoor
81250,Rubus idaeus,OpenDryPoor
81251,Rubus idaeus,OpenDryPoor
81252,Rubus idaeus,OpenDryPoor
81253,Rubus idaeus,OpenDryPoor
81254,Rubus idaeus,OpenDryPoor
81255,Rubus idaeus,OpenDryPoor
81256,Rubus idaeus,OpenDryPoor
81257,Rubus idaeus,OpenDryPoor
81258,Rubus idaeus,OpenDryPoor
81259,Rubus idaeus,OpenDryPoor
81260,Rubus idaeus,OpenDryPoor
81261,Rubus idaeus,OpenDryPoor
81784,Rubus idaeus,OpenDryPoor
81785,Rubus idaeus,OpenDryPoor
81786,Rubus idaeus,OpenDryPoor
81787,Rubus idaeus,OpenDryPoor
81788,Rubus idaeus,OpenDryPoor
81789,Rubus idaeus,OpenDryPoor
81790,Rubus idaeus,OpenDryPoor
81791,Rubus idaeus,OpenDryPoor
81792,Rubus idaeus,OpenDryPoor
81793,Rubus idaeus,OpenDryPoor
81794,Rubus idaeus,OpenDryPoor
81795,Rubus idaeus,OpenDryPoor
81796,Rubus idaeus,OpenDryPoor
81797,Rubus idaeus,OpenDryPoor
81798,Rubus idaeus,OpenDryPoor
81799,Rubus idaeus,OpenDryPoor
81800,Rubus idaeus,OpenDryPoor
81841,Rubus idaeus,OpenDryPoor
81842,Rubus idaeus,OpenDryPoor
81843,Rubus idaeus,OpenDryPoor
81844,Rubus idaeus,OpenDryPoor
81845,Rubus idaeus,OpenDryPoor
81846,Rubus idaeus,OpenDryPoor
81847,Rubus idaeus,OpenDryPoor
81848,Rubus idaeus,OpenDryPoor
81849,Rubus idaeus,OpenDryPoor
81850,Rubus idaeus,OpenDryPoor
81851,Rubus idaeus,OpenDryPoor
81852,Rubus idaeus,OpenDryPoor
81853,Rubus idaeus,OpenDryPoor
81854,Rubus idaeus,OpenDryPoor
81855,Rubus idaeus,OpenDryPoor
81856,Rubus idaeus,OpenDryPoor
81857,Rubus idaeus,OpenDryPoor
81858,Rubus idaeus,OpenDryPoor
81859,Rubus idaeus,OpenDryPoor
81860,Rubus idaeus,OpenDryPoor
82383,Rubus idaeus,OpenDryPoor
82384,Rubus idaeus,OpenDryPoor
82385,Rubus idaeus,OpenDryPoor
82386,Rubus idaeus,OpenDryPoor
82387,Rubus idaeus,OpenDryPoor
82388,Rubus idaeus,OpenDryPoor
82389,Rubus idaeus,OpenDryPoor
82390,Rubus idaeus,OpenDryPoor
82391,Rubus idaeus,OpenDryPoor
82392,Rubus idaeus,OpenDryPoor
82393,Rubus idaeus,OpenDryPoor
82394,Rubus idaeus,OpenDryPoor
82395,Rubus idaeus,OpenDryPoor
82396,Rubus idaeus,OpenDryPoor
82397,Rubus idaeus,OpenDryPoor
82398,Rubus idaeus,OpenDryPoor
82399,Rub39245,Rubus idaeus,OpenDryPoor
39246,Rubus idaeus,OpenDryPoor
39247,Rubus idaeus,OpenDryPoor
39248,Rubus idaeus,OpenDryPoor
39249,Rubus idaeus,OpenDryPoor
39250,Rubus idaeus,OpenDryPoor
39251,Rubus idaeus,OpenDryPoor
39840,Rubus idaeus,OpenDryPoor
39841,Rubus idaeus,OpenDryPoor
39842,Rubus idaeus,OpenDryPoor
39843,Rubus idaeus,OpenDryPoor
39844,Rubus idaeus,OpenDryPoor
39845,Rubus idaeus,OpenDryPoor
39846,Rubus idaeus,OpenDryPoor
39847,Rubus idaeus,OpenDryPoor
39848,Rubus idaeus,OpenDryPoor
39849,Rubus idaeus,OpenDryPoor
39850,Rubus idaeus,OpenDryPoor
40435,Rubus idaeus,OpenDryPoor
40436,Rubus idaeus,OpenDryPoor
40437,Rubus idaeus,OpenDryPoor
40438,Rubus idaeus,OpenDryPoor
40439,Rubus idaeus,OpenDryPoor
40440,Rubus idaeus,OpenDryPoor
40441,Rubus idaeus,OpenDryPoor
40442,Rubus idaeus,OpenDryPoor
40443,Rubus idaeus,OpenDryPoor
40444,Rubus idaeus,OpenDryPoor
40445,Rubus idaeus,OpenDryPoor
40446,Rubus idaeus,OpenDryPoor
40447,Rubus idaeus,OpenDryPoor
40448,Rubus idaeus,OpenDryPoor
40449,Rubus idaeus,OpenDryPoor
41032,Rubus idaeus,OpenDryPoor
41033,Rubus idaeus,OpenDryPoor
41034,Rubus idaeus,OpenDryPoor
41035,Rubus idaeus,OpenDryPoor
41036,Rubus idaeus,OpenDryPoor
41037,Rubus idaeus,OpenDryPoor
41038,Rubus idaeus,OpenDryPoor
41039,Rubus idaeus,OpenDryPoor
41040,Rubus idaeus,OpenDryPoor
41041,Rubus idaeus,OpenDryPoor
41042,Rubus idaeus,OpenDryPoor
41043,Rubus idaeus,OpenDryPoor
41044,Rubus idaeus,OpenDryPoor
41045,Rubus idaeus,OpenDryPoor
41046,Rubus idaeus,OpenDryPoor
41047,Rubus idaeus,OpenDryPoor
41048,Rubus idaeus,OpenDryPoor
41629,Rubus idaeus,OpenDryPoor
41630,Rubus idaeus,OpenDryPoor
41631,Rubus idaeus,OpenDryPoor
41632,Rubus idaeus,OpenDryPoor
41633,Rubus idaeus,OpenDryPoor
41634,Rubus idaeus,OpenDryPoor
41635,Rubus idaeus,OpenDryPoor
41636,Rubus idaeus,OpenDryPoor
41637,Rubus idaeus,OpenDryPoor
41638,Rubus idaeus,OpenDryPoor
41639,Rubus idaeus,OpenDryPoor
41640,Rubus idaeus,OpenDryPoor
41641,Rubus idaeus,OpenDryPoor
41642,Rubus idaeus,OpenDryPoor
41643,Rubus idaeus,OpenDryPoor
41644,Rubus idaeus,OpenDryPoor
41645,Rubus idaeus,OpenDryPoor
41646,Rubus idaeus,OpenDryPoor
41647,Rubus idaeus,OpenDryPoor
42226,Rubus idaeus,OpenDryPoor
42227,Rubus idaeus,OpenDryPoor
42228,Rubus idaeus,OpenDryPoor
42229,Rubus idaeus,OpenDryPoor
42230,Rubus idaeus,OpenDryPoor
42231,Rubus idaeus,OpenDryPoor
42232,Rubus idaeus,OpenDryPoor
42233,Rubus idaeus,OpenDryPoor
42234,Rubus idaeus,OpenDryPoor
42235,Rubus idaeus,OpenDryPoor
42236,Rubus idaeus,OpenDryPoor
42237,Rubus idaeus,OpenDryPoor
42238,Rubus idaeus,OpenDryPoor
42239,Rubus idaeus,OpenDryPoor
42240,Rubus idaeus,OpenDryPoor
42241,Rubus idaeus,OpenDryPoor
42242,Rubus idaeus,OpenDryPoor
42243,Rubus idaeus,OpenDryPoor
42244,Rubus idaeus,OpenDryPoor
42245,Rubus idaeus,OpenDryPoor
42246,Rubus idaeus,OpenDryPoor
42823,Rubus idaeus,OpenDryPoor
42824,Rubus idaeus,OpenDryPoor
42825,Rubus idaeus,OpenDryPoor
42826,Rubus idaeus,OpenDryPoor
42827,Rubus idaeus,OpenDryPoor
42828,Rubus idaeus,OpenDryPoor
42829,Rubus idaeus,OpenDryPoor
42830,Rubus idaeus,OpenDryPoor
42831,Rubus idaeus,OpenDryPoor
42832,Rubus idaeus,OpenDryPoor
42833,Rubus idaeus,OpenDryPoor
42834,Rubus idaeus,OpenDryPoor
42835,Rubus idaeus,OpenDryPoor
42836,Rubus idaeus,OpenDryPoor
42837,Rubus idaeus,OpenDryPoor
42838,Rubus idaeus,OpenDryPoor
42839,Rubus idaeus,OpenDryPoor
42840,Rubus idaeus,OpenDryPoor
42841,Rubus idaeus,OpenDryPoor
42842,Rubus idaeus,OpenDryPoor
42843,Rubus idaeus,OpenDryPoor
42844,Rubus idaeus,OpenDryPoor
42845,Rubus idaeus,OpenDryPoor
43420,Rubus idaeus,OpenDryPoor
43421,Rubus idaeus,OpenDryPoor
43422,Rubus idaeus,OpenDryPoor
43423,Rubus idaeus,OpenDryPoor
43424,Rubus idaeus,OpenDryPoor
43425,Rubus idaeus,OpenDryPoor
43426,Rubus idaeus,OpenDryPoor
43427,Rubus idaeus,OpenDryPoor
43428,Rubus idaeus,OpenDryPoor
43429,Rubus idaeus,OpenDryPoor
43430,Rubus idaeus,OpenDryPoor
43431,Rubus idaeus,OpenDryPoor
43432,Rubus idaeus,OpenDryPoor
43433,Rubus idaeus,OpenDryPoor
43434,Rubus idaeus,OpenDryPoor
43435,Rubus idaeus,OpenDryPoor
43436,Rubus idaeus,OpenDryPoor
43437,Rubus idaeus,OpenDryPoor
43438,Rubus idaeus,OpenDryPoor
4343us idaeus,OpenDryPoor
82440,Rubus idaeus,OpenDryPoor
82441,Rubus idaeus,OpenDryPoor
82442,Rubus idaeus,OpenDryPoor
82443,Rubus idaeus,OpenDryPoor
82444,Rubus idaeus,OpenDryPoor
82445,Rubus idaeus,OpenDryPoor
82446,Rubus idaeus,OpenDryPoor
82447,Rubus idaeus,OpenDryPoor
82448,Rubus idaeus,OpenDryPoor
82449,Rubus idaeus,OpenDryPoor
82450,Rubus idaeus,OpenDryPoor
82451,Rubus idaeus,OpenDryPoor
82452,Rubus idaeus,OpenDryPoor
82453,Rubus idaeus,OpenDryPoor
82454,Rubus idaeus,OpenDryPoor
82455,Rubus idaeus,OpenDryPoor
82456,Rubus idaeus,OpenDryPoor
82457,Rubus idaeus,OpenDryPoor
82458,Rubus idaeus,OpenDryPoor
82459,Rubus idaeus,OpenDryPoor
82983,Rubus idaeus,OpenDryPoor
82984,Rubus idaeus,OpenDryPoor
82985,Rubus idaeus,OpenDryPoor
82986,Rubus idaeus,OpenDryPoor
82987,Rubus idaeus,OpenDryPoor
82988,Rubus idaeus,OpenDryPoor
82989,Rubus idaeus,OpenDryPoor
82990,Rubus idaeus,OpenDryPoor
82991,Rubus idaeus,OpenDryPoor
82992,Rubus idaeus,OpenDryPoor
82993,Rubus idaeus,OpenDryPoor
82994,Rubus idaeus,OpenDryPoor
82995,Rubus idaeus,OpenDryPoor
82996,Rubus idaeus,OpenDryPoor
82997,Rubus idaeus,OpenDryPoor
82998,Rubus idaeus,OpenDryPoor
83039,Rubus idaeus,OpenDryPoor
83040,Rubus idaeus,OpenDryPoor
83041,Rubus idaeus,OpenDryPoor
83042,Rubus idaeus,OpenDryPoor
83043,Rubus idaeus,OpenDryPoor
83044,Rubus idaeus,OpenDryPoor
83045,Rubus idaeus,OpenDryPoor
83046,Rubus idaeus,OpenDryPoor
83047,Rubus idaeus,OpenDryPoor
83048,Rubus idaeus,OpenDryPoor
83049,Rubus idaeus,OpenDryPoor
83050,Rubus idaeus,OpenDryPoor
83051,Rubus idaeus,OpenDryPoor
83052,Rubus idaeus,OpenDryPoor
83053,Rubus idaeus,OpenDryPoor
83054,Rubus idaeus,OpenDryPoor
83055,Rubus idaeus,OpenDryPoor
83056,Rubus idaeus,OpenDryPoor
83057,Rubus idaeus,OpenDryPoor
83058,Rubus idaeus,OpenDryPoor
83582,Rubus idaeus,OpenDryPoor
83583,Rubus idaeus,OpenDryPoor
83584,Rubus idaeus,OpenDryPoor
83585,Rubus idaeus,OpenDryPoor
83586,Rubus idaeus,OpenDryPoor
83587,Rubus idaeus,OpenDryPoor
83588,Rubus idaeus,OpenDryPoor
83589,Rubus idaeus,OpenDryPoor
83590,Rubus idaeus,OpenDryPoor
83591,Rubus idaeus,OpenDryPoor
83592,Rubus idaeus,OpenDryPoor
83593,Rubus idaeus,OpenDryPoor
83594,Rubus idaeus,OpenDryPoor
83595,Rubus idaeus,OpenDryPoor
83596,Rubus idaeus,OpenDryPoor
83597,Rubus idaeus,OpenDryPoor
83638,Rubus idaeus,OpenDryPoor
83639,Rubus idaeus,OpenDryPoor
83640,Rubus idaeus,OpenDryPoor
83641,Rubus idaeus,OpenDryPoor
83642,Rubus idaeus,OpenDryPoor
83643,Rubus idaeus,OpenDryPoor
83644,Rubus idaeus,OpenDryPoor
83645,Rubus idaeus,OpenDryPoor
83646,Rubus idaeus,OpenDryPoor
83647,Rubus idaeus,OpenDryPoor
83648,Rubus idaeus,OpenDryPoor
83649,Rubus idaeus,OpenDryPoor
83650,Rubus idaeus,OpenDryPoor
83651,Rubus idaeus,OpenDryPoor
83652,Rubus idaeus,OpenDryPoor
83653,Rubus idaeus,OpenDryPoor
83654,Rubus idaeus,OpenDryPoor
83655,Rubus idaeus,OpenDryPoor
83656,Rubus idaeus,OpenDryPoor
83657,Rubus idaeus,OpenDryPoor
84181,Rubus idaeus,OpenDryPoor
84182,Rubus idaeus,OpenDryPoor
84183,Rubus idaeus,OpenDryPoor
84184,Rubus idaeus,OpenDryPoor
84185,Rubus idaeus,OpenDryPoor
84186,Rubus idaeus,OpenDryPoor
84187,Rubus idaeus,OpenDryPoor
84188,Rubus idaeus,OpenDryPoor
84189,Rubus idaeus,OpenDryPoor
84190,Rubus idaeus,OpenDryPoor
84191,Rubus idaeus,OpenDryPoor
84192,Rubus idaeus,OpenDryPoor
84193,Rubus idaeus,OpenDryPoor
84194,Rubus idaeus,OpenDryPoor
84195,Rubus idaeus,OpenDryPoor
84196,Rubus idaeus,OpenDryPoor
84237,Rubus idaeus,OpenDryPoor
84238,Rubus idaeus,OpenDryPoor
84239,Rubus idaeus,OpenDryPoor
84240,Rubus idaeus,OpenDryPoor
84241,Rubus idaeus,OpenDryPoor
84242,Rubus idaeus,OpenDryPoor
84243,Rubus idaeus,OpenDryPoor
84244,Rubus idaeus,OpenDryPoor
84245,Rubus idaeus,OpenDryPoor
84246,Rubus idaeus,OpenDryPoor
84247,Rubus idaeus,OpenDryPoor
84248,Rubus idaeus,OpenDryPoor
84249,Rubus idaeus,OpenDryPoor
84250,Rubus idaeus,OpenDryPoor
84251,Rubus idaeus,OpenDryPoor
84252,Rubus idaeus,OpenDryPoor
84253,Rubus idaeus,OpenDryPoor
84254,Rubus idaeus,OpenDryPoor
84255,Rubus idaeus,OpenDryPoor
84256,Rubus idaeus,OpenDryPoor
84781,Rubus idaeus,OpenDryPoor
84782,Rubus idaeus,OpenDryPoor
84783,Rubus idaeus,OpenDryPoor
84784,Rubus i9,Rubus idaeus,OpenDryPoor
43440,Rubus idaeus,OpenDryPoor
43441,Rubus idaeus,OpenDryPoor
43442,Rubus idaeus,OpenDryPoor
43443,Rubus idaeus,OpenDryPoor
43444,Rubus idaeus,OpenDryPoor
44018,Rubus idaeus,OpenDryPoor
44019,Rubus idaeus,OpenDryPoor
44020,Rubus idaeus,OpenDryPoor
44021,Rubus idaeus,OpenDryPoor
44022,Rubus idaeus,OpenDryPoor
44023,Rubus idaeus,OpenDryPoor
44024,Rubus idaeus,OpenDryPoor
44025,Rubus idaeus,OpenDryPoor
44026,Rubus idaeus,OpenDryPoor
44027,Rubus idaeus,OpenDryPoor
44028,Rubus idaeus,OpenDryPoor
44029,Rubus idaeus,OpenDryPoor
44030,Rubus idaeus,OpenDryPoor
44031,Rubus idaeus,OpenDryPoor
44032,Rubus idaeus,OpenDryPoor
44033,Rubus idaeus,OpenDryPoor
44034,Rubus idaeus,OpenDryPoor
44035,Rubus idaeus,OpenDryPoor
44036,Rubus idaeus,OpenDryPoor
44037,Rubus idaeus,OpenDryPoor
44038,Rubus idaeus,OpenDryPoor
44039,Rubus idaeus,OpenDryPoor
44040,Rubus idaeus,OpenDryPoor
44041,Rubus idaeus,OpenDryPoor
44042,Rubus idaeus,OpenDryPoor
44043,Rubus idaeus,OpenDryPoor
44615,Rubus idaeus,OpenDryPoor
44616,Rubus idaeus,OpenDryPoor
44617,Rubus idaeus,OpenDryPoor
44618,Rubus idaeus,OpenDryPoor
44619,Rubus idaeus,OpenDryPoor
44620,Rubus idaeus,OpenDryPoor
44621,Rubus idaeus,OpenDryPoor
44622,Rubus idaeus,OpenDryPoor
44623,Rubus idaeus,OpenDryPoor
44624,Rubus idaeus,OpenDryPoor
44625,Rubus idaeus,OpenDryPoor
44626,Rubus idaeus,OpenDryPoor
44627,Rubus idaeus,OpenDryPoor
44628,Rubus idaeus,OpenDryPoor
44629,Rubus idaeus,OpenDryPoor
44630,Rubus idaeus,OpenDryPoor
44631,Rubus idaeus,OpenDryPoor
44632,Rubus idaeus,OpenDryPoor
44633,Rubus idaeus,OpenDryPoor
44634,Rubus idaeus,OpenDryPoor
44635,Rubus idaeus,OpenDryPoor
44636,Rubus idaeus,OpenDryPoor
44637,Rubus idaeus,OpenDryPoor
44638,Rubus idaeus,OpenDryPoor
44639,Rubus idaeus,OpenDryPoor
44640,Rubus idaeus,OpenDryPoor
44641,Rubus idaeus,OpenDryPoor
44642,Rubus idaeus,OpenDryPoor
45213,Rubus idaeus,OpenDryPoor
45214,Rubus idaeus,OpenDryPoor
45215,Rubus idaeus,OpenDryPoor
45216,Rubus idaeus,OpenDryPoor
45217,Rubus idaeus,OpenDryPoor
45218,Rubus idaeus,OpenDryPoor
45219,Rubus idaeus,OpenDryPoor
45220,Rubus idaeus,OpenDryPoor
45221,Rubus idaeus,OpenDryPoor
45222,Rubus idaeus,OpenDryPoor
45223,Rubus idaeus,OpenDryPoor
45224,Rubus idaeus,OpenDryPoor
45225,Rubus idaeus,OpenDryPoor
45226,Rubus idaeus,OpenDryPoor
45227,Rubus idaeus,OpenDryPoor
45228,Rubus idaeus,OpenDryPoor
45229,Rubus idaeus,OpenDryPoor
45230,Rubus idaeus,OpenDryPoor
45231,Rubus idaeus,OpenDryPoor
45232,Rubus idaeus,OpenDryPoor
45233,Rubus idaeus,OpenDryPoor
45234,Rubus idaeus,OpenDryPoor
45235,Rubus idaeus,OpenDryPoor
45236,Rubus idaeus,OpenDryPoor
45237,Rubus idaeus,OpenDryPoor
45238,Rubus idaeus,OpenDryPoor
45239,Rubus idaeus,OpenDryPoor
45240,Rubus idaeus,OpenDryPoor
45241,Rubus idaeus,OpenDryPoor
45811,Rubus idaeus,OpenDryPoor
45812,Rubus idaeus,OpenDryPoor
45813,Rubus idaeus,OpenDryPoor
45814,Rubus idaeus,OpenDryPoor
45815,Rubus idaeus,OpenDryPoor
45816,Rubus idaeus,OpenDryPoor
45817,Rubus idaeus,OpenDryPoor
45818,Rubus idaeus,OpenDryPoor
45819,Rubus idaeus,OpenDryPoor
45820,Rubus idaeus,OpenDryPoor
45821,Rubus idaeus,OpenDryPoor
45822,Rubus idaeus,OpenDryPoor
45823,Rubus idaeus,OpenDryPoor
45824,Rubus idaeus,OpenDryPoor
45825,Rubus idaeus,OpenDryPoor
45826,Rubus idaeus,OpenDryPoor
45827,Rubus idaeus,OpenDryPoor
45828,Rubus idaeus,OpenDryPoor
45829,Rubus idaeus,OpenDryPoor
45830,Rubus idaeus,OpenDryPoor
45831,Rubus idaeus,OpenDryPoor
45832,Rubus idaeus,OpenDryPoor
45833,Rubus idaeus,OpenDryPoor
45834,Rubus idaeus,OpenDryPoor
45835,Rubus idaeus,OpenDryPoor
45836,Rubus idaeus,OpenDryPoor
45837,Rubus idaeus,OpenDryPoor
45838,Rubus idaeus,OpenDryPoor
45839,Rubus idaeus,OpenDryPoor
45840,Rubus idaeus,OpenDryPoor
46409,Rubus idaeus,OpenDryPoor
46410,Rubus idaeus,OpenDryPoor
46411,Rubus idaeus,OpenDryPoor
46412,Rubus idaeus,OpenDryPoor
46413,Rubus idaeus,OpenDryPoor
46414,Rubus idaeus,OpenDryPoor
46415,Rubus idaeus,OpenDryPoor
46416,Rubus idaeus,OpenDryPoor
46417,Rubus idaeus,OpenDryPoor
46418,Rubus idaeus,OpenDryPoor
46419,Rubus idaeus,OpenDryPoor
46420,Rubus idaeus,OpenDryPoor
46421,Rubus idaeus,OpenDryPoor
46422,Rudaeus,OpenDryPoor
84785,Rubus idaeus,OpenDryPoor
84786,Rubus idaeus,OpenDryPoor
84787,Rubus idaeus,OpenDryPoor
84788,Rubus idaeus,OpenDryPoor
84789,Rubus idaeus,OpenDryPoor
84790,Rubus idaeus,OpenDryPoor
84791,Rubus idaeus,OpenDryPoor
84792,Rubus idaeus,OpenDryPoor
84793,Rubus idaeus,OpenDryPoor
84794,Rubus idaeus,OpenDryPoor
84795,Rubus idaeus,OpenDryPoor
84836,Rubus idaeus,OpenDryPoor
84837,Rubus idaeus,OpenDryPoor
84838,Rubus idaeus,OpenDryPoor
84839,Rubus idaeus,OpenDryPoor
84840,Rubus idaeus,OpenDryPoor
84841,Rubus idaeus,OpenDryPoor
84842,Rubus idaeus,OpenDryPoor
84843,Rubus idaeus,OpenDryPoor
84844,Rubus idaeus,OpenDryPoor
84845,Rubus idaeus,OpenDryPoor
84846,Rubus idaeus,OpenDryPoor
84847,Rubus idaeus,OpenDryPoor
84848,Rubus idaeus,OpenDryPoor
84849,Rubus idaeus,OpenDryPoor
84850,Rubus idaeus,OpenDryPoor
84851,Rubus idaeus,OpenDryPoor
84852,Rubus idaeus,OpenDryPoor
84853,Rubus idaeus,OpenDryPoor
84854,Rubus idaeus,OpenDryPoor
84855,Rubus idaeus,OpenDryPoor
85380,Rubus idaeus,OpenDryPoor
85381,Rubus idaeus,OpenDryPoor
85382,Rubus idaeus,OpenDryPoor
85383,Rubus idaeus,OpenDryPoor
85384,Rubus idaeus,OpenDryPoor
85385,Rubus idaeus,OpenDryPoor
85386,Rubus idaeus,OpenDryPoor
85387,Rubus idaeus,OpenDryPoor
85388,Rubus idaeus,OpenDryPoor
85389,Rubus idaeus,OpenDryPoor
85390,Rubus idaeus,OpenDryPoor
85391,Rubus idaeus,OpenDryPoor
85392,Rubus idaeus,OpenDryPoor
85393,Rubus idaeus,OpenDryPoor
85394,Rubus idaeus,OpenDryPoor
85435,Rubus idaeus,OpenDryPoor
85436,Rubus idaeus,OpenDryPoor
85437,Rubus idaeus,OpenDryPoor
85438,Rubus idaeus,OpenDryPoor
85439,Rubus idaeus,OpenDryPoor
85440,Rubus idaeus,OpenDryPoor
85441,Rubus idaeus,OpenDryPoor
85442,Rubus idaeus,OpenDryPoor
85443,Rubus idaeus,OpenDryPoor
85444,Rubus idaeus,OpenDryPoor
85445,Rubus idaeus,OpenDryPoor
85446,Rubus idaeus,OpenDryPoor
85447,Rubus idaeus,OpenDryPoor
85448,Rubus idaeus,OpenDryPoor
85449,Rubus idaeus,OpenDryPoor
85450,Rubus idaeus,OpenDryPoor
85451,Rubus idaeus,OpenDryPoor
85452,Rubus idaeus,OpenDryPoor
85453,Rubus idaeus,OpenDryPoor
85454,Rubus idaeus,OpenDryPoor
85980,Rubus idaeus,OpenDryPoor
85981,Rubus idaeus,OpenDryPoor
85982,Rubus idaeus,OpenDryPoor
85983,Rubus idaeus,OpenDryPoor
85984,Rubus idaeus,OpenDryPoor
85985,Rubus idaeus,OpenDryPoor
85986,Rubus idaeus,OpenDryPoor
85987,Rubus idaeus,OpenDryPoor
85988,Rubus idaeus,OpenDryPoor
85989,Rubus idaeus,OpenDryPoor
85990,Rubus idaeus,OpenDryPoor
85991,Rubus idaeus,OpenDryPoor
85992,Rubus idaeus,OpenDryPoor
85993,Rubus idaeus,OpenDryPoor
86034,Rubus idaeus,OpenDryPoor
86035,Rubus idaeus,OpenDryPoor
86036,Rubus idaeus,OpenDryPoor
86037,Rubus idaeus,OpenDryPoor
86038,Rubus idaeus,OpenDryPoor
86039,Rubus idaeus,OpenDryPoor
86040,Rubus idaeus,OpenDryPoor
86041,Rubus idaeus,OpenDryPoor
86042,Rubus idaeus,OpenDryPoor
86043,Rubus idaeus,OpenDryPoor
86044,Rubus idaeus,OpenDryPoor
86045,Rubus idaeus,OpenDryPoor
86046,Rubus idaeus,OpenDryPoor
86047,Rubus idaeus,OpenDryPoor
86048,Rubus idaeus,OpenDryPoor
86049,Rubus idaeus,OpenDryPoor
86050,Rubus idaeus,OpenDryPoor
86051,Rubus idaeus,OpenDryPoor
86052,Rubus idaeus,OpenDryPoor
86053,Rubus idaeus,OpenDryPoor
86579,Rubus idaeus,OpenDryPoor
86580,Rubus idaeus,OpenDryPoor
86581,Rubus idaeus,OpenDryPoor
86582,Rubus idaeus,OpenDryPoor
86583,Rubus idaeus,OpenDryPoor
86584,Rubus idaeus,OpenDryPoor
86585,Rubus idaeus,OpenDryPoor
86586,Rubus idaeus,OpenDryPoor
86587,Rubus idaeus,OpenDryPoor
86588,Rubus idaeus,OpenDryPoor
86589,Rubus idaeus,OpenDryPoor
86590,Rubus idaeus,OpenDryPoor
86591,Rubus idaeus,OpenDryPoor
86592,Rubus idaeus,OpenDryPoor
86593,Rubus idaeus,OpenDryPoor
86594,Rubus idaeus,OpenDryPoor
86595,Rubus idaeus,OpenDryPoor
86596,Rubus idaeus,OpenDryPoor
86597,Rubus idaeus,OpenDryPoor
86598,Rubus idaeus,OpenDryPoor
86599,Rubus idaeus,OpenDryPoor
86600,Rubus idaeus,OpenDryPoor
86601,Rubus idaeus,OpenDryPoor
86602,Rubus idaeus,OpenDryPoor
86603,Rubus idaeus,OpenDryPoor
86604,Rubus idaeus,OpenDryPoor
86605,Rubus idaeus,OpenDryPoor
86606,Rubus idaeus,OpenDryPoor
86607,Rubus idaeus,OpenDryPoor
86608,Rubus idaeus,OpenDryPoor
86609,Rubus idaeus,OpenDryPoor
86610,Rubus idaeubus idaeus,OpenDryPoor
46423,Rubus idaeus,OpenDryPoor
46424,Rubus idaeus,OpenDryPoor
46425,Rubus idaeus,OpenDryPoor
46426,Rubus idaeus,OpenDryPoor
46427,Rubus idaeus,OpenDryPoor
46428,Rubus idaeus,OpenDryPoor
46429,Rubus idaeus,OpenDryPoor
46430,Rubus idaeus,OpenDryPoor
46431,Rubus idaeus,OpenDryPoor
46432,Rubus idaeus,OpenDryPoor
46433,Rubus idaeus,OpenDryPoor
46434,Rubus idaeus,OpenDryPoor
46435,Rubus idaeus,OpenDryPoor
46436,Rubus idaeus,OpenDryPoor
46437,Rubus idaeus,OpenDryPoor
46438,Rubus idaeus,OpenDryPoor
46439,Rubus idaeus,OpenDryPoor
47006,Rubus idaeus,OpenDryPoor
47007,Rubus idaeus,OpenDryPoor
47008,Rubus idaeus,OpenDryPoor
47009,Rubus idaeus,OpenDryPoor
47010,Rubus idaeus,OpenDryPoor
47011,Rubus idaeus,OpenDryPoor
47012,Rubus idaeus,OpenDryPoor
47013,Rubus idaeus,OpenDryPoor
47014,Rubus idaeus,OpenDryPoor
47015,Rubus idaeus,OpenDryPoor
47016,Rubus idaeus,OpenDryPoor
47017,Rubus idaeus,OpenDryPoor
47018,Rubus idaeus,OpenDryPoor
47019,Rubus idaeus,OpenDryPoor
47020,Rubus idaeus,OpenDryPoor
47021,Rubus idaeus,OpenDryPoor
47022,Rubus idaeus,OpenDryPoor
47023,Rubus idaeus,OpenDryPoor
47024,Rubus idaeus,OpenDryPoor
47025,Rubus idaeus,OpenDryPoor
47026,Rubus idaeus,OpenDryPoor
47027,Rubus idaeus,OpenDryPoor
47028,Rubus idaeus,OpenDryPoor
47029,Rubus idaeus,OpenDryPoor
47030,Rubus idaeus,OpenDryPoor
47031,Rubus idaeus,OpenDryPoor
47032,Rubus idaeus,OpenDryPoor
47033,Rubus idaeus,OpenDryPoor
47034,Rubus idaeus,OpenDryPoor
47035,Rubus idaeus,OpenDryPoor
47036,Rubus idaeus,OpenDryPoor
47037,Rubus idaeus,OpenDryPoor
47038,Rubus idaeus,OpenDryPoor
47604,Rubus idaeus,OpenDryPoor
47605,Rubus idaeus,OpenDryPoor
47606,Rubus idaeus,OpenDryPoor
47607,Rubus idaeus,OpenDryPoor
47608,Rubus idaeus,OpenDryPoor
47609,Rubus idaeus,OpenDryPoor
47610,Rubus idaeus,OpenDryPoor
47611,Rubus idaeus,OpenDryPoor
47612,Rubus idaeus,OpenDryPoor
47613,Rubus idaeus,OpenDryPoor
47614,Rubus idaeus,OpenDryPoor
47615,Rubus idaeus,OpenDryPoor
47616,Rubus idaeus,OpenDryPoor
47617,Rubus idaeus,OpenDryPoor
47618,Rubus idaeus,OpenDryPoor
47619,Rubus idaeus,OpenDryPoor
47620,Rubus idaeus,OpenDryPoor
47621,Rubus idaeus,OpenDryPoor
47622,Rubus idaeus,OpenDryPoor
47623,Rubus idaeus,OpenDryPoor
47624,Rubus idaeus,OpenDryPoor
47625,Rubus idaeus,OpenDryPoor
47626,Rubus idaeus,OpenDryPoor
47627,Rubus idaeus,OpenDryPoor
47628,Rubus idaeus,OpenDryPoor
47629,Rubus idaeus,OpenDryPoor
47630,Rubus idaeus,OpenDryPoor
47631,Rubus idaeus,OpenDryPoor
47632,Rubus idaeus,OpenDryPoor
47633,Rubus idaeus,OpenDryPoor
47634,Rubus idaeus,OpenDryPoor
47635,Rubus idaeus,OpenDryPoor
47636,Rubus idaeus,OpenDryPoor
47637,Rubus idaeus,OpenDryPoor
48202,Rubus idaeus,OpenDryPoor
48203,Rubus idaeus,OpenDryPoor
48204,Rubus idaeus,OpenDryPoor
48205,Rubus idaeus,OpenDryPoor
48206,Rubus idaeus,OpenDryPoor
48207,Rubus idaeus,OpenDryPoor
48208,Rubus idaeus,OpenDryPoor
48209,Rubus idaeus,OpenDryPoor
48210,Rubus idaeus,OpenDryPoor
48211,Rubus idaeus,OpenDryPoor
48212,Rubus idaeus,OpenDryPoor
48213,Rubus idaeus,OpenDryPoor
48214,Rubus idaeus,OpenDryPoor
48215,Rubus idaeus,OpenDryPoor
48216,Rubus idaeus,OpenDryPoor
48217,Rubus idaeus,OpenDryPoor
48218,Rubus idaeus,OpenDryPoor
48219,Rubus idaeus,OpenDryPoor
48220,Rubus idaeus,OpenDryPoor
48221,Rubus idaeus,OpenDryPoor
48222,Rubus idaeus,OpenDryPoor
48223,Rubus idaeus,OpenDryPoor
48224,Rubus idaeus,OpenDryPoor
48225,Rubus idaeus,OpenDryPoor
48226,Rubus idaeus,OpenDryPoor
48227,Rubus idaeus,OpenDryPoor
48228,Rubus idaeus,OpenDryPoor
48229,Rubus idaeus,OpenDryPoor
48230,Rubus idaeus,OpenDryPoor
48231,Rubus idaeus,OpenDryPoor
48232,Rubus idaeus,OpenDryPoor
48233,Rubus idaeus,OpenDryPoor
48234,Rubus idaeus,OpenDryPoor
48235,Rubus idaeus,OpenDryPoor
48236,Rubus idaeus,OpenDryPoor
48801,Rubus idaeus,OpenDryPoor
48802,Rubus idaeus,OpenDryPoor
48803,Rubus idaeus,OpenDryPoor
48804,Rubus idaeus,OpenDryPoor
48805,Rubus idaeus,OpenDryPoor
48806,Rubus idaeus,OpenDryPoor
48807,Rubus idaeus,OpenDryPoor
48808,Rubus idaeus,OpenDryPoor
48809,Rubus idaeus,OpenDryPoor
48810,Rubus idaeus,OpenDryPoor
48811,Rubus idaeus,OpenDryPoor
48812,Rubus idaeus,OpenDryPoor
48813,Rubus s,OpenDryPoor
86611,Rubus idaeus,OpenDryPoor
86612,Rubus idaeus,OpenDryPoor
86613,Rubus idaeus,OpenDryPoor
86614,Rubus idaeus,OpenDryPoor
86615,Rubus idaeus,OpenDryPoor
86616,Rubus idaeus,OpenDryPoor
86617,Rubus idaeus,OpenDryPoor
86618,Rubus idaeus,OpenDryPoor
86619,Rubus idaeus,OpenDryPoor
86620,Rubus idaeus,OpenDryPoor
86621,Rubus idaeus,OpenDryPoor
86622,Rubus idaeus,OpenDryPoor
86623,Rubus idaeus,OpenDryPoor
86624,Rubus idaeus,OpenDryPoor
86625,Rubus idaeus,OpenDryPoor
86626,Rubus idaeus,OpenDryPoor
86627,Rubus idaeus,OpenDryPoor
86628,Rubus idaeus,OpenDryPoor
86629,Rubus idaeus,OpenDryPoor
86630,Rubus idaeus,OpenDryPoor
86631,Rubus idaeus,OpenDryPoor
86632,Rubus idaeus,OpenDryPoor
87179,Rubus idaeus,OpenDryPoor
87180,Rubus idaeus,OpenDryPoor
87181,Rubus idaeus,OpenDryPoor
87182,Rubus idaeus,OpenDryPoor
87183,Rubus idaeus,OpenDryPoor
87184,Rubus idaeus,OpenDryPoor
87185,Rubus idaeus,OpenDryPoor
87186,Rubus idaeus,OpenDryPoor
87187,Rubus idaeus,OpenDryPoor
87188,Rubus idaeus,OpenDryPoor
87189,Rubus idaeus,OpenDryPoor
87190,Rubus idaeus,OpenDryPoor
87191,Rubus idaeus,OpenDryPoor
87192,Rubus idaeus,OpenDryPoor
87193,Rubus idaeus,OpenDryPoor
87194,Rubus idaeus,OpenDryPoor
87195,Rubus idaeus,OpenDryPoor
87196,Rubus idaeus,OpenDryPoor
87197,Rubus idaeus,OpenDryPoor
87198,Rubus idaeus,OpenDryPoor
87199,Rubus idaeus,OpenDryPoor
87200,Rubus idaeus,OpenDryPoor
87201,Rubus idaeus,OpenDryPoor
87202,Rubus idaeus,OpenDryPoor
87203,Rubus idaeus,OpenDryPoor
87204,Rubus idaeus,OpenDryPoor
87205,Rubus idaeus,OpenDryPoor
87206,Rubus idaeus,OpenDryPoor
87207,Rubus idaeus,OpenDryPoor
87208,Rubus idaeus,OpenDryPoor
87209,Rubus idaeus,OpenDryPoor
87210,Rubus idaeus,OpenDryPoor
87211,Rubus idaeus,OpenDryPoor
87212,Rubus idaeus,OpenDryPoor
87213,Rubus idaeus,OpenDryPoor
87214,Rubus idaeus,OpenDryPoor
87215,Rubus idaeus,OpenDryPoor
87216,Rubus idaeus,OpenDryPoor
87217,Rubus idaeus,OpenDryPoor
87218,Rubus idaeus,OpenDryPoor
87219,Rubus idaeus,OpenDryPoor
87220,Rubus idaeus,OpenDryPoor
87221,Rubus idaeus,OpenDryPoor
87222,Rubus idaeus,OpenDryPoor
87223,Rubus idaeus,OpenDryPoor
87224,Rubus idaeus,OpenDryPoor
87225,Rubus idaeus,OpenDryPoor
87226,Rubus idaeus,OpenDryPoor
87227,Rubus idaeus,OpenDryPoor
87228,Rubus idaeus,OpenDryPoor
87229,Rubus idaeus,OpenDryPoor
87230,Rubus idaeus,OpenDryPoor
87231,Rubus idaeus,OpenDryPoor
87779,Rubus idaeus,OpenDryPoor
87780,Rubus idaeus,OpenDryPoor
87781,Rubus idaeus,OpenDryPoor
87782,Rubus idaeus,OpenDryPoor
87783,Rubus idaeus,OpenDryPoor
87784,Rubus idaeus,OpenDryPoor
87785,Rubus idaeus,OpenDryPoor
87786,Rubus idaeus,OpenDryPoor
87787,Rubus idaeus,OpenDryPoor
87788,Rubus idaeus,OpenDryPoor
87789,Rubus idaeus,OpenDryPoor
87790,Rubus idaeus,OpenDryPoor
87791,Rubus idaeus,OpenDryPoor
87792,Rubus idaeus,OpenDryPoor
87793,Rubus idaeus,OpenDryPoor
87794,Rubus idaeus,OpenDryPoor
87795,Rubus idaeus,OpenDryPoor
87796,Rubus idaeus,OpenDryPoor
87797,Rubus idaeus,OpenDryPoor
87798,Rubus idaeus,OpenDryPoor
87799,Rubus idaeus,OpenDryPoor
87800,Rubus idaeus,OpenDryPoor
87801,Rubus idaeus,OpenDryPoor
87802,Rubus idaeus,OpenDryPoor
87803,Rubus idaeus,OpenDryPoor
87804,Rubus idaeus,OpenDryPoor
87805,Rubus idaeus,OpenDryPoor
87806,Rubus idaeus,OpenDryPoor
87807,Rubus idaeus,OpenDryPoor
87808,Rubus idaeus,OpenDryPoor
87809,Rubus idaeus,OpenDryPoor
87810,Rubus idaeus,OpenDryPoor
87811,Rubus idaeus,OpenDryPoor
87812,Rubus idaeus,OpenDryPoor
87813,Rubus idaeus,OpenDryPoor
87814,Rubus idaeus,OpenDryPoor
87815,Rubus idaeus,OpenDryPoor
87816,Rubus idaeus,OpenDryPoor
87817,Rubus idaeus,OpenDryPoor
87818,Rubus idaeus,OpenDryPoor
87819,Rubus idaeus,OpenDryPoor
87820,Rubus idaeus,OpenDryPoor
87821,Rubus idaeus,OpenDryPoor
87822,Rubus idaeus,OpenDryPoor
87823,Rubus idaeus,OpenDryPoor
87824,Rubus idaeus,OpenDryPoor
87825,Rubus idaeus,OpenDryPoor
87826,Rubus idaeus,OpenDryPoor
87827,Rubus idaeus,OpenDryPoor
87828,Rubus idaeus,OpenDryPoor
87829,Rubus idaeus,OpenDryPoor
87830,Rubus idaeus,OpenDryPoor
88378,Rubus idaeus,OpenDryPoor
88379,Rubus idaeus,OpenDryPoor
88380,Rubus idaeus,OpenDryPoor
88381,Rubus idaeus,OpenDryPoor
88382,Rubus idaeus,OpenDryPoor
88383,Rubus idaeus,OpenDryPoor
88384,Rubus idaeus,OpenDryPoor
88385,Rubus idaeus,OpenDryPoor
88386,Rubus idaeus,OpenDryPoor
88387,Rubus idaeus,OpenDryPoor
88388,Rubus idaeus,OpenDryPoor
88389,Rubus idaeus,OpenDryPoor
88390,Rubus idaeus,OpenDryPoor
88391,Rubus idaeus,OpenDryPoor
88392,Rubus idaeus,OpenDryPoor
88393,Rubus idaeus,OpenDryPoor
88394,Rubus idaeus,OpenDryPoor
88395,Rubus idaeus,OpenDryPoor
88396,Rubus idaeus,OpenDryPoor
88397,Rubus idaeus,OpenDryPoor
88398,Rubus idaeus,OpenDryPoor
88399,Rubus idaeus,OpenDryPoor
88400,Rubus idaeus,OpenDryPoor
88401,Rubus idaeus,OpenDryPoor
88402,Rubus idaeus,OpenDryPoor
88403,Rubus idaeus,OpenDryPoor
88404,Rubus idaeus,OpenDryPoor
88405,Rubus idaeus,OpenDryPoor
88406,Rubus idaeus,OpenDryPoor
88407,Rubus idaeus,OpenDryPoor
88408,Rubus idaeus,OpenDryPoor
88409,Rubus idaeus,OpenDryPoor
88410,Rubus idaeus,OpenDryPoor
88411,Rubus idaeus,OpenDryPoor
88412,Rubus idaeus,OpenDryPoor
88413,Rubus idaeus,OpenDryPoor
88414,Rubus idaeus,OpenDryPoor
88415,Rubus idaeus,OpenDryPoor
88416,Rubus idaeus,OpenDryPoor
88417,Rubus idaeus,OpenDryPoor
88418,Rubus idaeus,OpenDryPoor
88419,Rubus idaeus,OpenDryPoor
88420,Rubus idaeus,OpenDryPoor
88421,Rubus idaeus,OpenDryPoor
88422,Rubus idaeus,OpenDryPoor
88423,Rubus idaeus,OpenDryPoor
88424,Rubus idaeus,OpenDryPoor
88425,Rubus idaeus,OpenDryPoor
88426,Rubus idaeus,OpenDryPoor
88427,Rubus idaeus,OpenDryPoor
88428,Rubus idaeus,OpenDryPoor
88429,Rubus idaeus,OpenDryPoor
88978,Rubus idaeus,OpenDryPoor
88979,Rubus idaeus,OpenDryPoor
88980,Rubus idaeus,OpenDryPoor
88981,Rubus idaeus,OpenDryPoor
88982,Rubus idaeus,OpenDryPoor
88983,Rubus idaeus,OpenDryPoor
88984,Rubus idaeus,OpenDryPoor
88985,Rubus idaeus,OpenDryPoor
88986,Rubus idaeus,OpenDryPoor
88987,Rubus idaeus,OpenDryPoor
88988,Rubus idaeus,OpenDryPoor
88989,Rubus idaeus,OpenDryPoor
88990,Rubus idaeus,OpenDryPoor
88991,Rubus idaeus,OpenDryPoor
88992,Rubus idaeus,OpenDryPoor
88993,Rubus idaeus,OpenDryPoor
88994,Rubus idaeus,OpenDryPoor
88995,Rubus idaeus,OpenDryPoor
88996,Rubus idaeus,OpenDryPoor
88997,Rubus idaeus,OpenDryPoor
88998,Rubus idaeus,OpenDryPoor
88999,Rubus idaeus,OpenDryPoor
89000,Rubus idaeus,OpenDryPoor
89001,Rubus idaeus,OpenDryPoor
89002,Rubus idaeus,OpenDryPoor
89003,Rubus idaeus,OpenDryPoor
89004,Rubus idaeus,OpenDryPoor
89005,Rubus idaeus,OpenDryPoor
89006,Rubus idaeus,OpenDryPoor
89007,Rubus idaeus,OpenDryPoor
89008,Rubus idaeus,OpenDryPoor
89009,Rubus idaeus,OpenDryPoor
89010,Rubus idaeus,OpenDryPoor
89011,Rubus idaeus,OpenDryPoor
89012,Rubus idaeus,OpenDryPoor
89013,Rubus idaeus,OpenDryPoor
89014,Rubus idaeus,OpenDryPoor
89015,Rubus idaeus,OpenDryPoor
89016,Rubus idaeus,OpenDryPoor
89017,Rubus idaeus,OpenDryPoor
89018,Rubus idaeus,OpenDryPoor
89019,Rubus idaeus,OpenDryPoor
89020,Rubus idaeus,OpenDryPoor
89021,Rubus idaeus,OpenDryPoor
89022,Rubus idaeus,OpenDryPoor
89023,Rubus idaeus,OpenDryPoor
89024,Rubus idaeus,OpenDryPoor
89025,Rubus idaeus,OpenDryPoor
89026,Rubus idaeus,OpenDryPoor
89027,Rubus idaeus,OpenDryPoor
89028,Rubus idaeus,OpenDryPoor
89578,Rubus idaeus,OpenDryPoor
89579,Rubus idaeus,OpenDryPoor
89580,Rubus idaeus,OpenDryPoor
89581,Rubus idaeus,OpenDryPoor
89582,Rubus idaeus,OpenDryPoor
89583,Rubus idaeus,OpenDryPoor
89584,Rubus idaeus,OpenDryPoor
89585,Rubus idaeus,OpenDryPoor
89586,Rubus idaeus,OpenDryPoor
89587,Rubus idaeus,OpenDryPoor
89588,Rubus idaeus,OpenDryPoor
89589,Rubus idaeus,OpenDryPoor
89590,Rubus idaeus,OpenDryPoor
89591,Rubus idaeus,OpenDryPoor
89592,Rubus idaeus,OpenDryPoor
89593,Rubus idaeus,OpenDryPoor
89594,Rubus idaeus,OpenDryPoor
89595,Rubus idaeus,OpenDryPoor
89596,Rubus idaeus,OpenDryPoor
89597,Rubus idaeus,OpenDryPoor
89598,Rubus idaeus,OpenDryPoor
89599,Rubus idaeus,OpenDryPoor
89600,Rubus idaeus,OpenDryPoor
89601,Rubus idaeus,OpenDryPoor
89602,Rubus idaeus,OpenDryPoor
89603,Rubus idaeus,OpenDryPoor
89604,Rubus idaeus,OpenDryPoor
89605,Rubus idaeus,OpenDryPoor
89606,Rubus idaeus,OpenDryPoor
89607,Rubus idaeus,OpenDryPoor
89608,Rubus idaeus,OpenDryPoor
89609,Rubus idaeus,OpenDryPoor
89610,Rubus idaeus,OpenDryPoor
89611,Rubus idaeus,OpenDridaeus,OpenDryPoor
48814,Rubus idaeus,OpenDryPoor
48815,Rubus idaeus,OpenDryPoor
48816,Rubus idaeus,OpenDryPoor
48817,Rubus idaeus,OpenDryPoor
48818,Rubus idaeus,OpenDryPoor
48819,Rubus idaeus,OpenDryPoor
48820,Rubus idaeus,OpenDryPoor
48821,Rubus idaeus,OpenDryPoor
48822,Rubus idaeus,OpenDryPoor
48823,Rubus idaeus,OpenDryPoor
48824,Rubus idaeus,OpenDryPoor
48825,Rubus idaeus,OpenDryPoor
48826,Rubus idaeus,OpenDryPoor
48827,Rubus idaeus,OpenDryPoor
48828,Rubus idaeus,OpenDryPoor
48829,Rubus idaeus,OpenDryPoor
48830,Rubus idaeus,OpenDryPoor
48831,Rubus idaeus,OpenDryPoor
48832,Rubus idaeus,OpenDryPoor
48833,Rubus idaeus,OpenDryPoor
48834,Rubus idaeus,OpenDryPoor
48835,Rubus idaeus,OpenDryPoor
49399,Rubus idaeus,OpenDryPoor
49400,Rubus idaeus,OpenDryPoor
49401,Rubus idaeus,OpenDryPoor
49402,Rubus idaeus,OpenDryPoor
49403,Rubus idaeus,OpenDryPoor
49404,Rubus idaeus,OpenDryPoor
49405,Rubus idaeus,OpenDryPoor
49406,Rubus idaeus,OpenDryPoor
49407,Rubus idaeus,OpenDryPoor
49408,Rubus idaeus,OpenDryPoor
49409,Rubus idaeus,OpenDryPoor
49410,Rubus idaeus,OpenDryPoor
49411,Rubus idaeus,OpenDryPoor
49412,Rubus idaeus,OpenDryPoor
49413,Rubus idaeus,OpenDryPoor
49414,Rubus idaeus,OpenDryPoor
49415,Rubus idaeus,OpenDryPoor
49416,Rubus idaeus,OpenDryPoor
49417,Rubus idaeus,OpenDryPoor
49418,Rubus idaeus,OpenDryPoor
49419,Rubus idaeus,OpenDryPoor
49420,Rubus idaeus,OpenDryPoor
49421,Rubus idaeus,OpenDryPoor
49422,Rubus idaeus,OpenDryPoor
49423,Rubus idaeus,OpenDryPoor
49424,Rubus idaeus,OpenDryPoor
49425,Rubus idaeus,OpenDryPoor
49426,Rubus idaeus,OpenDryPoor
49427,Rubus idaeus,OpenDryPoor
49428,Rubus idaeus,OpenDryPoor
49429,Rubus idaeus,OpenDryPoor
49430,Rubus idaeus,OpenDryPoor
49431,Rubus idaeus,OpenDryPoor
49432,Rubus idaeus,OpenDryPoor
49433,Rubus idaeus,OpenDryPoor
49434,Rubus idaeus,OpenDryPoor
49997,Rubus idaeus,OpenDryPoor
49998,Rubus idaeus,OpenDryPoor
49999,Rubus idaeus,OpenDryPoor
50000,Rubus idaeus,OpenDryPoor
50001,Rubus idaeus,OpenDryPoor
50002,Rubus idaeus,OpenDryPoor
50003,Rubus idaeus,OpenDryPoor
50004,Rubus idaeus,OpenDryPoor
50005,Rubus idaeus,OpenDryPoor
50006,Rubus idaeus,OpenDryPoor
50007,Rubus idaeus,OpenDryPoor
50008,Rubus idaeus,OpenDryPoor
50009,Rubus idaeus,OpenDryPoor
50010,Rubus idaeus,OpenDryPoor
50011,Rubus idaeus,OpenDryPoor
50012,Rubus idaeus,OpenDryPoor
50013,Rubus idaeus,OpenDryPoor
50014,Rubus idaeus,OpenDryPoor
50015,Rubus idaeus,OpenDryPoor
50016,Rubus idaeus,OpenDryPoor
50017,Rubus idaeus,OpenDryPoor
50018,Rubus idaeus,OpenDryPoor
50019,Rubus idaeus,OpenDryPoor
50020,Rubus idaeus,OpenDryPoor
50021,Rubus idaeus,OpenDryPoor
50022,Rubus idaeus,OpenDryPoor
50023,Rubus idaeus,OpenDryPoor
50024,Rubus idaeus,OpenDryPoor
50025,Rubus idaeus,OpenDryPoor
50026,Rubus idaeus,OpenDryPoor
50027,Rubus idaeus,OpenDryPoor
50028,Rubus idaeus,OpenDryPoor
50029,Rubus idaeus,OpenDryPoor
50030,Rubus idaeus,OpenDryPoor
50031,Rubus idaeus,OpenDryPoor
50032,Rubus idaeus,OpenDryPoor
50033,Rubus idaeus,OpenDryPoor
50613,Rubus idaeus,OpenDryPoor
50614,Rubus idaeus,OpenDryPoor
50615,Rubus idaeus,OpenDryPoor
50616,Rubus idaeus,OpenDryPoor
50617,Rubus idaeus,OpenDryPoor
50618,Rubus idaeus,OpenDryPoor
50619,Rubus idaeus,OpenDryPoor
50620,Rubus idaeus,OpenDryPoor
50621,Rubus idaeus,OpenDryPoor
50622,Rubus idaeus,OpenDryPoor
50623,Rubus idaeus,OpenDryPoor
50624,Rubus idaeus,OpenDryPoor
50625,Rubus idaeus,OpenDryPoor
50626,Rubus idaeus,OpenDryPoor
50627,Rubus idaeus,OpenDryPoor
50628,Rubus idaeus,OpenDryPoor
50629,Rubus idaeus,OpenDryPoor
50630,Rubus idaeus,OpenDryPoor
50631,Rubus idaeus,OpenDryPoor
50632,Rubus idaeus,OpenDryPoor
50673,Rubus idaeus,OpenDryPoor
50674,Rubus idaeus,OpenDryPoor
51212,Rubus idaeus,OpenDryPoor
51213,Rubus idaeus,OpenDryPoor
51214,Rubus idaeus,OpenDryPoor
51215,Rubus idaeus,OpenDryPoor
51216,Rubus idaeus,OpenDryPoor
51217,Rubus idaeus,OpenDryPoor
51218,Rubus idaeus,OpenDryPoor
51219,Rubus idaeus,OpenDryPoor
51220,Rubus idaeus,OpenDryPoor
51221,Rubus idaeus,OpenDryPoor
51222,Rubus idaeus,OpenDryPoor
51223,Rubus idaeus,OpenDryPoor
51224,Rubus idaeus,OpenDryPoor
51225,Rubus idaeus,OpenDryPoor
51226,Rubus idae102906,Rubus idaeus,OpenDryPoor
102907,Rubus idaeus,OpenDryPoor
102908,Rubus idaeus,OpenDryPoor
102909,Rubus idaeus,OpenDryPoor
102910,Rubus idaeus,OpenDryPoor
102911,Rubus idaeus,OpenDryPoor
102912,Rubus idaeus,OpenDryPoor
102913,Rubus idaeus,OpenDryPoor
102914,Rubus idaeus,OpenDryPoor
102915,Rubus idaeus,OpenDryPoor
102916,Rubus idaeus,OpenDryPoor
102917,Rubus idaeus,OpenDryPoor
102918,Rubus idaeus,OpenDryPoor
102919,Rubus idaeus,OpenDryPoor
102920,Rubus idaeus,OpenDryPoor
102921,Rubus idaeus,OpenDryPoor
102922,Rubus idaeus,OpenDryPoor
103501,Rubus idaeus,OpenDryPoor
103502,Rubus idaeus,OpenDryPoor
103503,Rubus idaeus,OpenDryPoor
103504,Rubus idaeus,OpenDryPoor
103505,Rubus idaeus,OpenDryPoor
103506,Rubus idaeus,OpenDryPoor
103507,Rubus idaeus,OpenDryPoor
103508,Rubus idaeus,OpenDryPoor
103509,Rubus idaeus,OpenDryPoor
103510,Rubus idaeus,OpenDryPoor
103511,Rubus idaeus,OpenDryPoor
103512,Rubus idaeus,OpenDryPoor
103513,Rubus idaeus,OpenDryPoor
103514,Rubus idaeus,OpenDryPoor
103515,Rubus idaeus,OpenDryPoor
103516,Rubus idaeus,OpenDryPoor
103517,Rubus idaeus,OpenDryPoor
103518,Rubus idaeus,OpenDryPoor
103519,Rubus idaeus,OpenDryPoor
103520,Rubus idaeus,OpenDryPoor
103521,Rubus idaeus,OpenDryPoor
103522,Rubus idaeus,OpenDryPoor
103523,Rubus idaeus,OpenDryPoor
103524,Rubus idaeus,OpenDryPoor
103525,Rubus idaeus,OpenDryPoor
104096,Rubus idaeus,OpenDryPoor
104097,Rubus idaeus,OpenDryPoor
104098,Rubus idaeus,OpenDryPoor
104099,Rubus idaeus,OpenDryPoor
104100,Rubus idaeus,OpenDryPoor
104101,Rubus idaeus,OpenDryPoor
104102,Rubus idaeus,OpenDryPoor
104103,Rubus idaeus,OpenDryPoor
104104,Rubus idaeus,OpenDryPoor
104105,Rubus idaeus,OpenDryPoor
104106,Rubus idaeus,OpenDryPoor
104107,Rubus idaeus,OpenDryPoor
104108,Rubus idaeus,OpenDryPoor
104109,Rubus idaeus,OpenDryPoor
104110,Rubus idaeus,OpenDryPoor
104111,Rubus idaeus,OpenDryPoor
104112,Rubus idaeus,OpenDryPoor
104113,Rubus idaeus,OpenDryPoor
104114,Rubus idaeus,OpenDryPoor
104115,Rubus idaeus,OpenDryPoor
104116,Rubus idaeus,OpenDryPoor
104117,Rubus idaeus,OpenDryPoor
104118,Rubus idaeus,OpenDryPoor
104119,Rubus idaeus,OpenDryPoor
104120,Rubus idaeus,OpenDryPoor
104121,Rubus idaeus,OpenDryPoor
104122,Rubus idaeus,OpenDryPoor
104123,Rubus idaeus,OpenDryPoor
104124,Rubus idaeus,OpenDryPoor
104125,Rubus idaeus,OpenDryPoor
104126,Rubus idaeus,OpenDryPoor
104127,Rubus idaeus,OpenDryPoor
104128,Rubus idaeus,OpenDryPoor
104693,Rubus idaeus,OpenDryPoor
104694,Rubus idaeus,OpenDryPoor
104695,Rubus idaeus,OpenDryPoor
104696,Rubus idaeus,OpenDryPoor
104697,Rubus idaeus,OpenDryPoor
104698,Rubus idaeus,OpenDryPoor
104699,Rubus idaeus,OpenDryPoor
104700,Rubus idaeus,OpenDryPoor
104701,Rubus idaeus,OpenDryPoor
104702,Rubus idaeus,OpenDryPoor
104703,Rubus idaeus,OpenDryPoor
104704,Rubus idaeus,OpenDryPoor
104705,Rubus idaeus,OpenDryPoor
104706,Rubus idaeus,OpenDryPoor
104707,Rubus idaeus,OpenDryPoor
104708,Rubus idaeus,OpenDryPoor
104709,Rubus idaeus,OpenDryPoor
104710,Rubus idaeus,OpenDryPoor
104711,Rubus idaeus,OpenDryPoor
104712,Rubus idaeus,OpenDryPoor
104713,Rubus idaeus,OpenDryPoor
104714,Rubus idaeus,OpenDryPoor
104715,Rubus idaeus,OpenDryPoor
104716,Rubus idaeus,OpenDryPoor
104717,Rubus idaeus,OpenDryPoor
104718,Rubus idaeus,OpenDryPoor
104719,Rubus idaeus,OpenDryPoor
104720,Rubus idaeus,OpenDryPoor
104721,Rubus idaeus,OpenDryPoor
104722,Rubus idaeus,OpenDryPoor
104723,Rubus idaeus,OpenDryPoor
104724,Rubus idaeus,OpenDryPoor
104725,Rubus idaeus,OpenDryPoor
104726,Rubus idaeus,OpenDryPoor
104727,Rubus idaeus,OpenDryPoor
104728,Rubus idaeus,OpenDryPoor
104729,Rubus idaeus,OpenDryPoor
105289,Rubus idaeus,OpenDryPoor
105290,Rubus idaeus,OpenDryPoor
105291,Rubus idaeus,OpenDryPoor
105292,Rubus idaeus,OpenDryPoor
105293,Rubus idaeus,OpenDryPoor
105294,Rubus idaeus,OpenDryPoor
105295,Rubus idaeus,OpenDryPoor
105296,Rubus idaeus,OpenDryPoor
105297,Rubus idaeus,OpenDryPoor
105298,Rubus idaeus,OpenDryPoor
105299,Rubus idaeus,OpenDryPoor
105300,Rubus idaeus,OpenDryPoor
105301,Rubus idaeus,OpenDryPoor
105302,Rubus idaeus,OpenDryPoor
105303,Rubus idaeus,OpenDryPoor
105304,Rubus idaeus,OpenDryPoor
us,OpenDryPoor
51227,Rubus idaeus,OpenDryPoor
51228,Rubus idaeus,OpenDryPoor
51229,Rubus idaeus,OpenDryPoor
51230,Rubus idaeus,OpenDryPoor
51231,Rubus idaeus,OpenDryPoor
51272,Rubus idaeus,OpenDryPoor
51273,Rubus idaeus,OpenDryPoor
51811,Rubus idaeus,OpenDryPoor
51812,Rubus idaeus,OpenDryPoor
51813,Rubus idaeus,OpenDryPoor
51814,Rubus idaeus,OpenDryPoor
51815,Rubus idaeus,OpenDryPoor
51816,Rubus idaeus,OpenDryPoor
51817,Rubus idaeus,OpenDryPoor
51818,Rubus idaeus,OpenDryPoor
51819,Rubus idaeus,OpenDryPoor
51820,Rubus idaeus,OpenDryPoor
51821,Rubus idaeus,OpenDryPoor
51822,Rubus idaeus,OpenDryPoor
51823,Rubus idaeus,OpenDryPoor
51824,Rubus idaeus,OpenDryPoor
51825,Rubus idaeus,OpenDryPoor
51826,Rubus idaeus,OpenDryPoor
51827,Rubus idaeus,OpenDryPoor
51828,Rubus idaeus,OpenDryPoor
51829,Rubus idaeus,OpenDryPoor
51830,Rubus idaeus,OpenDryPoor
51871,Rubus idaeus,OpenDryPoor
51872,Rubus idaeus,OpenDryPoor
51873,Rubus idaeus,OpenDryPoor
52410,Rubus idaeus,OpenDryPoor
52411,Rubus idaeus,OpenDryPoor
52412,Rubus idaeus,OpenDryPoor
52413,Rubus idaeus,OpenDryPoor
52414,Rubus idaeus,OpenDryPoor
52415,Rubus idaeus,OpenDryPoor
52416,Rubus idaeus,OpenDryPoor
52417,Rubus idaeus,OpenDryPoor
52418,Rubus idaeus,OpenDryPoor
52419,Rubus idaeus,OpenDryPoor
52420,Rubus idaeus,OpenDryPoor
52421,Rubus idaeus,OpenDryPoor
52422,Rubus idaeus,OpenDryPoor
52423,Rubus idaeus,OpenDryPoor
52424,Rubus idaeus,OpenDryPoor
52425,Rubus idaeus,OpenDryPoor
52426,Rubus idaeus,OpenDryPoor
52427,Rubus idaeus,OpenDryPoor
52428,Rubus idaeus,OpenDryPoor
52429,Rubus idaeus,OpenDryPoor
52470,Rubus idaeus,OpenDryPoor
52471,Rubus idaeus,OpenDryPoor
52472,Rubus idaeus,OpenDryPoor
52473,Rubus idaeus,OpenDryPoor
53009,Rubus idaeus,OpenDryPoor
53010,Rubus idaeus,OpenDryPoor
53011,Rubus idaeus,OpenDryPoor
53012,Rubus idaeus,OpenDryPoor
53013,Rubus idaeus,OpenDryPoor
53014,Rubus idaeus,OpenDryPoor
53015,Rubus idaeus,OpenDryPoor
53016,Rubus idaeus,OpenDryPoor
53017,Rubus idaeus,OpenDryPoor
53018,Rubus idaeus,OpenDryPoor
53019,Rubus idaeus,OpenDryPoor
53020,Rubus idaeus,OpenDryPoor
53021,Rubus idaeus,OpenDryPoor
53022,Rubus idaeus,OpenDryPoor
53023,Rubus idaeus,OpenDryPoor
53024,Rubus idaeus,OpenDryPoor
53025,Rubus idaeus,OpenDryPoor
53026,Rubus idaeus,OpenDryPoor
53027,Rubus idaeus,OpenDryPoor
53028,Rubus idaeus,OpenDryPoor
53069,Rubus idaeus,OpenDryPoor
53070,Rubus idaeus,OpenDryPoor
53071,Rubus idaeus,OpenDryPoor
53072,Rubus idaeus,OpenDryPoor
53608,Rubus idaeus,OpenDryPoor
53609,Rubus idaeus,OpenDryPoor
53610,Rubus idaeus,OpenDryPoor
53611,Rubus idaeus,OpenDryPoor
53612,Rubus idaeus,OpenDryPoor
53613,Rubus idaeus,OpenDryPoor
53614,Rubus idaeus,OpenDryPoor
53615,Rubus idaeus,OpenDryPoor
53616,Rubus idaeus,OpenDryPoor
53617,Rubus idaeus,OpenDryPoor
53618,Rubus idaeus,OpenDryPoor
53619,Rubus idaeus,OpenDryPoor
53620,Rubus idaeus,OpenDryPoor
53621,Rubus idaeus,OpenDryPoor
53622,Rubus idaeus,OpenDryPoor
53623,Rubus idaeus,OpenDryPoor
53624,Rubus idaeus,OpenDryPoor
53625,Rubus idaeus,OpenDryPoor
53626,Rubus idaeus,OpenDryPoor
53627,Rubus idaeus,OpenDryPoor
53668,Rubus idaeus,OpenDryPoor
53669,Rubus idaeus,OpenDryPoor
53670,Rubus idaeus,OpenDryPoor
53671,Rubus idaeus,OpenDryPoor
53672,Rubus idaeus,OpenDryPoor
54207,Rubus idaeus,OpenDryPoor
54208,Rubus idaeus,OpenDryPoor
54209,Rubus idaeus,OpenDryPoor
54210,Rubus idaeus,OpenDryPoor
54211,Rubus idaeus,OpenDryPoor
54212,Rubus idaeus,OpenDryPoor
54213,Rubus idaeus,OpenDryPoor
54214,Rubus idaeus,OpenDryPoor
54215,Rubus idaeus,OpenDryPoor
54216,Rubus idaeus,OpenDryPoor
54217,Rubus idaeus,OpenDryPoor
54218,Rubus idaeus,OpenDryPoor
54219,Rubus idaeus,OpenDryPoor
54220,Rubus idaeus,OpenDryPoor
54221,Rubus idaeus,OpenDryPoor
54222,Rubus idaeus,OpenDryPoor
54223,Rubus idaeus,OpenDryPoor
54224,Rubus idaeus,OpenDryPoor
54225,Rubus idaeus,OpenDryPoor
54226,Rubus idaeus,OpenDryPoor
54267,Rubus idaeus,OpenDryPoor
54268,Rubus idaeus,OpenDryPoor
54269,Rubus idaeus,OpenDryPoor
54270,Rubus idaeus,OpenDryPoor
54271,Rubus idaeus,OpenDryPoor
54272,Rubus idaeus,OpenDryPoor
54806,Rubus idaeus,OpenDryPoor
54807,Rubus idaeus,OpenDryPoor
54808,Rubus idaeus,OyPoor
89612,Rubus idaeus,OpenDryPoor
89613,Rubus idaeus,OpenDryPoor
89614,Rubus idaeus,OpenDryPoor
89615,Rubus idaeus,OpenDryPoor
89616,Rubus idaeus,OpenDryPoor
89617,Rubus idaeus,OpenDryPoor
89618,Rubus idaeus,OpenDryPoor
89619,Rubus idaeus,OpenDryPoor
89620,Rubus idaeus,OpenDryPoor
89621,Rubus idaeus,OpenDryPoor
89622,Rubus idaeus,OpenDryPoor
89623,Rubus idaeus,OpenDryPoor
89624,Rubus idaeus,OpenDryPoor
89625,Rubus idaeus,OpenDryPoor
89626,Rubus idaeus,OpenDryPoor
89627,Rubus idaeus,OpenDryPoor
90177,Rubus idaeus,OpenDryPoor
90178,Rubus idaeus,OpenDryPoor
90179,Rubus idaeus,OpenDryPoor
90180,Rubus idaeus,OpenDryPoor
90181,Rubus idaeus,OpenDryPoor
90182,Rubus idaeus,OpenDryPoor
90183,Rubus idaeus,OpenDryPoor
90184,Rubus idaeus,OpenDryPoor
90185,Rubus idaeus,OpenDryPoor
90186,Rubus idaeus,OpenDryPoor
90187,Rubus idaeus,OpenDryPoor
90188,Rubus idaeus,OpenDryPoor
90189,Rubus idaeus,OpenDryPoor
90190,Rubus idaeus,OpenDryPoor
90191,Rubus idaeus,OpenDryPoor
90192,Rubus idaeus,OpenDryPoor
90193,Rubus idaeus,OpenDryPoor
90194,Rubus idaeus,OpenDryPoor
90195,Rubus idaeus,OpenDryPoor
90196,Rubus idaeus,OpenDryPoor
90197,Rubus idaeus,OpenDryPoor
90198,Rubus idaeus,OpenDryPoor
90199,Rubus idaeus,OpenDryPoor
90200,Rubus idaeus,OpenDryPoor
90201,Rubus idaeus,OpenDryPoor
90202,Rubus idaeus,OpenDryPoor
90203,Rubus idaeus,OpenDryPoor
90204,Rubus idaeus,OpenDryPoor
90205,Rubus idaeus,OpenDryPoor
90206,Rubus idaeus,OpenDryPoor
90207,Rubus idaeus,OpenDryPoor
90208,Rubus idaeus,OpenDryPoor
90209,Rubus idaeus,OpenDryPoor
90210,Rubus idaeus,OpenDryPoor
90211,Rubus idaeus,OpenDryPoor
90212,Rubus idaeus,OpenDryPoor
90213,Rubus idaeus,OpenDryPoor
90214,Rubus idaeus,OpenDryPoor
90215,Rubus idaeus,OpenDryPoor
90216,Rubus idaeus,OpenDryPoor
90217,Rubus idaeus,OpenDryPoor
90218,Rubus idaeus,OpenDryPoor
90219,Rubus idaeus,OpenDryPoor
90220,Rubus idaeus,OpenDryPoor
90221,Rubus idaeus,OpenDryPoor
90222,Rubus idaeus,OpenDryPoor
90223,Rubus idaeus,OpenDryPoor
90224,Rubus idaeus,OpenDryPoor
90225,Rubus idaeus,OpenDryPoor
90226,Rubus idaeus,OpenDryPoor
90777,Rubus idaeus,OpenDryPoor
90778,Rubus idaeus,OpenDryPoor
90779,Rubus idaeus,OpenDryPoor
90780,Rubus idaeus,OpenDryPoor
90781,Rubus idaeus,OpenDryPoor
90782,Rubus idaeus,OpenDryPoor
90783,Rubus idaeus,OpenDryPoor
90784,Rubus idaeus,OpenDryPoor
90785,Rubus idaeus,OpenDryPoor
90786,Rubus idaeus,OpenDryPoor
90787,Rubus idaeus,OpenDryPoor
90788,Rubus idaeus,OpenDryPoor
90789,Rubus idaeus,OpenDryPoor
90790,Rubus idaeus,OpenDryPoor
90791,Rubus idaeus,OpenDryPoor
90792,Rubus idaeus,OpenDryPoor
90793,Rubus idaeus,OpenDryPoor
90794,Rubus idaeus,OpenDryPoor
90795,Rubus idaeus,OpenDryPoor
90796,Rubus idaeus,OpenDryPoor
90797,Rubus idaeus,OpenDryPoor
90798,Rubus idaeus,OpenDryPoor
90799,Rubus idaeus,OpenDryPoor
90800,Rubus idaeus,OpenDryPoor
90801,Rubus idaeus,OpenDryPoor
90802,Rubus idaeus,OpenDryPoor
90803,Rubus idaeus,OpenDryPoor
90804,Rubus idaeus,OpenDryPoor
90805,Rubus idaeus,OpenDryPoor
90806,Rubus idaeus,OpenDryPoor
90807,Rubus idaeus,OpenDryPoor
90808,Rubus idaeus,OpenDryPoor
90809,Rubus idaeus,OpenDryPoor
90810,Rubus idaeus,OpenDryPoor
90811,Rubus idaeus,OpenDryPoor
90812,Rubus idaeus,OpenDryPoor
90813,Rubus idaeus,OpenDryPoor
90814,Rubus idaeus,OpenDryPoor
90815,Rubus idaeus,OpenDryPoor
90816,Rubus idaeus,OpenDryPoor
90817,Rubus idaeus,OpenDryPoor
90818,Rubus idaeus,OpenDryPoor
90819,Rubus idaeus,OpenDryPoor
90820,Rubus idaeus,OpenDryPoor
90821,Rubus idaeus,OpenDryPoor
90822,Rubus idaeus,OpenDryPoor
90823,Rubus idaeus,OpenDryPoor
90824,Rubus idaeus,OpenDryPoor
90825,Rubus idaeus,OpenDryPoor
91377,Rubus idaeus,OpenDryPoor
91378,Rubus idaeus,OpenDryPoor
91379,Rubus idaeus,OpenDryPoor
91380,Rubus idaeus,OpenDryPoor
91381,Rubus idaeus,OpenDryPoor
91382,Rubus idaeus,OpenDryPoor
91383,Rubus idaeus,OpenDryPoor
91384,Rubus idaeus,OpenDryPoor
91385,Rubus idaeus,OpenDryPoor
91386,Rubus idaeus,OpenDryPoor
91387,Rubus idaeus,OpenDryPoor
91388,Rubus idaeus,OpenDryPoor
91389,Rubus idaeus,OpenDryPoor
91390,Rubus idaeus,OpenDryPoor
91391,Rubus idaeus,OpenDryPoor
91392,Rubus idaeus,OpenDryPoor
91393,Rubus idaeus,OpenDryPoo105305,Rubus idaeus,OpenDryPoor
105306,Rubus idaeus,OpenDryPoor
105307,Rubus idaeus,OpenDryPoor
105308,Rubus idaeus,OpenDryPoor
105309,Rubus idaeus,OpenDryPoor
105310,Rubus idaeus,OpenDryPoor
105311,Rubus idaeus,OpenDryPoor
105312,Rubus idaeus,OpenDryPoor
105313,Rubus idaeus,OpenDryPoor
105314,Rubus idaeus,OpenDryPoor
105315,Rubus idaeus,OpenDryPoor
105316,Rubus idaeus,OpenDryPoor
105317,Rubus idaeus,OpenDryPoor
105318,Rubus idaeus,OpenDryPoor
105319,Rubus idaeus,OpenDryPoor
105320,Rubus idaeus,OpenDryPoor
105321,Rubus idaeus,OpenDryPoor
105322,Rubus idaeus,OpenDryPoor
105323,Rubus idaeus,OpenDryPoor
105324,Rubus idaeus,OpenDryPoor
105325,Rubus idaeus,OpenDryPoor
105326,Rubus idaeus,OpenDryPoor
105327,Rubus idaeus,OpenDryPoor
105328,Rubus idaeus,OpenDryPoor
105329,Rubus idaeus,OpenDryPoor
105330,Rubus idaeus,OpenDryPoor
105331,Rubus idaeus,OpenDryPoor
105886,Rubus idaeus,OpenDryPoor
105887,Rubus idaeus,OpenDryPoor
105888,Rubus idaeus,OpenDryPoor
105889,Rubus idaeus,OpenDryPoor
105890,Rubus idaeus,OpenDryPoor
105891,Rubus idaeus,OpenDryPoor
105892,Rubus idaeus,OpenDryPoor
105893,Rubus idaeus,OpenDryPoor
105894,Rubus idaeus,OpenDryPoor
105895,Rubus idaeus,OpenDryPoor
105896,Rubus idaeus,OpenDryPoor
105897,Rubus idaeus,OpenDryPoor
105898,Rubus idaeus,OpenDryPoor
105899,Rubus idaeus,OpenDryPoor
105900,Rubus idaeus,OpenDryPoor
105901,Rubus idaeus,OpenDryPoor
105902,Rubus idaeus,OpenDryPoor
105903,Rubus idaeus,OpenDryPoor
105904,Rubus idaeus,OpenDryPoor
105905,Rubus idaeus,OpenDryPoor
105906,Rubus idaeus,OpenDryPoor
105907,Rubus idaeus,OpenDryPoor
105908,Rubus idaeus,OpenDryPoor
105909,Rubus idaeus,OpenDryPoor
105910,Rubus idaeus,OpenDryPoor
105911,Rubus idaeus,OpenDryPoor
105912,Rubus idaeus,OpenDryPoor
105913,Rubus idaeus,OpenDryPoor
105914,Rubus idaeus,OpenDryPoor
105915,Rubus idaeus,OpenDryPoor
105916,Rubus idaeus,OpenDryPoor
105917,Rubus idaeus,OpenDryPoor
105918,Rubus idaeus,OpenDryPoor
105919,Rubus idaeus,OpenDryPoor
105920,Rubus idaeus,OpenDryPoor
105921,Rubus idaeus,OpenDryPoor
105922,Rubus idaeus,OpenDryPoor
105923,Rubus idaeus,OpenDryPoor
105924,Rubus idaeus,OpenDryPoor
105925,Rubus idaeus,OpenDryPoor
105926,Rubus idaeus,OpenDryPoor
105927,Rubus idaeus,OpenDryPoor
105928,Rubus idaeus,OpenDryPoor
105929,Rubus idaeus,OpenDryPoor
105930,Rubus idaeus,OpenDryPoor
105931,Rubus idaeus,OpenDryPoor
105932,Rubus idaeus,OpenDryPoor
106484,Rubus idaeus,OpenDryPoor
106485,Rubus idaeus,OpenDryPoor
106486,Rubus idaeus,OpenDryPoor
106487,Rubus idaeus,OpenDryPoor
106488,Rubus idaeus,OpenDryPoor
106489,Rubus idaeus,OpenDryPoor
106490,Rubus idaeus,OpenDryPoor
106491,Rubus idaeus,OpenDryPoor
106492,Rubus idaeus,OpenDryPoor
106493,Rubus idaeus,OpenDryPoor
106494,Rubus idaeus,OpenDryPoor
106495,Rubus idaeus,OpenDryPoor
106496,Rubus idaeus,OpenDryPoor
106497,Rubus idaeus,OpenDryPoor
106498,Rubus idaeus,OpenDryPoor
106499,Rubus idaeus,OpenDryPoor
106500,Rubus idaeus,OpenDryPoor
106501,Rubus idaeus,OpenDryPoor
106502,Rubus idaeus,OpenDryPoor
106503,Rubus idaeus,OpenDryPoor
106504,Rubus idaeus,OpenDryPoor
106505,Rubus idaeus,OpenDryPoor
106506,Rubus idaeus,OpenDryPoor
106507,Rubus idaeus,OpenDryPoor
106508,Rubus idaeus,OpenDryPoor
106509,Rubus idaeus,OpenDryPoor
106510,Rubus idaeus,OpenDryPoor
106511,Rubus idaeus,OpenDryPoor
106512,Rubus idaeus,OpenDryPoor
106513,Rubus idaeus,OpenDryPoor
106514,Rubus idaeus,OpenDryPoor
106515,Rubus idaeus,OpenDryPoor
106516,Rubus idaeus,OpenDryPoor
106517,Rubus idaeus,OpenDryPoor
106518,Rubus idaeus,OpenDryPoor
106519,Rubus idaeus,OpenDryPoor
106520,Rubus idaeus,OpenDryPoor
106521,Rubus idaeus,OpenDryPoor
106522,Rubus idaeus,OpenDryPoor
106523,Rubus idaeus,OpenDryPoor
106524,Rubus idaeus,OpenDryPoor
106525,Rubus idaeus,OpenDryPoor
106526,Rubus idaeus,OpenDryPoor
106527,Rubus idaeus,OpenDryPoor
106528,Rubus idaeus,OpenDryPoor
106529,Rubus idaeus,OpenDryPoor
106530,Rubus idaeus,OpenDryPoor
106531,Rubus idaeus,OpenDryPoor
106532,Rubus idaeus,OpenDryPoor
107081,Rubus idaeus,OpenDryPoor
107082,Rubus idaeus,OpenDryPoor
107083,Rubus idaeus,OpenDryPoor
107084,Rubus idaeus,OpenDryPoor
107085,Rubus idaeus,OpenDryPoor
r
91394,Rubus idaeus,OpenDryPoor
91395,Rubus idaeus,OpenDryPoor
91396,Rubus idaeus,OpenDryPoor
91397,Rubus idaeus,OpenDryPoor
91398,Rubus idaeus,OpenDryPoor
91399,Rubus idaeus,OpenDryPoor
91400,Rubus idaeus,OpenDryPoor
91401,Rubus idaeus,OpenDryPoor
91402,Rubus idaeus,OpenDryPoor
91403,Rubus idaeus,OpenDryPoor
91404,Rubus idaeus,OpenDryPoor
91405,Rubus idaeus,OpenDryPoor
91406,Rubus idaeus,OpenDryPoor
91407,Rubus idaeus,OpenDryPoor
91408,Rubus idaeus,OpenDryPoor
91409,Rubus idaeus,OpenDryPoor
91410,Rubus idaeus,OpenDryPoor
91411,Rubus idaeus,OpenDryPoor
91412,Rubus idaeus,OpenDryPoor
91413,Rubus idaeus,OpenDryPoor
91414,Rubus idaeus,OpenDryPoor
91415,Rubus idaeus,OpenDryPoor
91416,Rubus idaeus,OpenDryPoor
91417,Rubus idaeus,OpenDryPoor
91418,Rubus idaeus,OpenDryPoor
91419,Rubus idaeus,OpenDryPoor
91420,Rubus idaeus,OpenDryPoor
91421,Rubus idaeus,OpenDryPoor
91422,Rubus idaeus,OpenDryPoor
91423,Rubus idaeus,OpenDryPoor
91424,Rubus idaeus,OpenDryPoor
91977,Rubus idaeus,OpenDryPoor
91978,Rubus idaeus,OpenDryPoor
91979,Rubus idaeus,OpenDryPoor
91980,Rubus idaeus,OpenDryPoor
91981,Rubus idaeus,OpenDryPoor
91982,Rubus idaeus,OpenDryPoor
91983,Rubus idaeus,OpenDryPoor
91984,Rubus idaeus,OpenDryPoor
91985,Rubus idaeus,OpenDryPoor
91986,Rubus idaeus,OpenDryPoor
91987,Rubus idaeus,OpenDryPoor
91988,Rubus idaeus,OpenDryPoor
91989,Rubus idaeus,OpenDryPoor
91990,Rubus idaeus,OpenDryPoor
91991,Rubus idaeus,OpenDryPoor
91992,Rubus idaeus,OpenDryPoor
91993,Rubus idaeus,OpenDryPoor
91994,Rubus idaeus,OpenDryPoor
91995,Rubus idaeus,OpenDryPoor
91996,Rubus idaeus,OpenDryPoor
91997,Rubus idaeus,OpenDryPoor
91998,Rubus idaeus,OpenDryPoor
91999,Rubus idaeus,OpenDryPoor
92000,Rubus idaeus,OpenDryPoor
92001,Rubus idaeus,OpenDryPoor
92002,Rubus idaeus,OpenDryPoor
92003,Rubus idaeus,OpenDryPoor
92004,Rubus idaeus,OpenDryPoor
92005,Rubus idaeus,OpenDryPoor
92006,Rubus idaeus,OpenDryPoor
92007,Rubus idaeus,OpenDryPoor
92008,Rubus idaeus,OpenDryPoor
92009,Rubus idaeus,OpenDryPoor
92010,Rubus idaeus,OpenDryPoor
92011,Rubus idaeus,OpenDryPoor
92012,Rubus idaeus,OpenDryPoor
92013,Rubus idaeus,OpenDryPoor
92014,Rubus idaeus,OpenDryPoor
92015,Rubus idaeus,OpenDryPoor
92016,Rubus idaeus,OpenDryPoor
92017,Rubus idaeus,OpenDryPoor
92018,Rubus idaeus,OpenDryPoor
92019,Rubus idaeus,OpenDryPoor
92020,Rubus idaeus,OpenDryPoor
92021,Rubus idaeus,OpenDryPoor
92022,Rubus idaeus,OpenDryPoor
92023,Rubus idaeus,OpenDryPoor
92577,Rubus idaeus,OpenDryPoor
92578,Rubus idaeus,OpenDryPoor
92579,Rubus idaeus,OpenDryPoor
92580,Rubus idaeus,OpenDryPoor
92581,Rubus idaeus,OpenDryPoor
92582,Rubus idaeus,OpenDryPoor
92583,Rubus idaeus,OpenDryPoor
92584,Rubus idaeus,OpenDryPoor
92585,Rubus idaeus,OpenDryPoor
92586,Rubus idaeus,OpenDryPoor
92587,Rubus idaeus,OpenDryPoor
92588,Rubus idaeus,OpenDryPoor
92589,Rubus idaeus,OpenDryPoor
92590,Rubus idaeus,OpenDryPoor
92591,Rubus idaeus,OpenDryPoor
92592,Rubus idaeus,OpenDryPoor
92593,Rubus idaeus,OpenDryPoor
92594,Rubus idaeus,OpenDryPoor
92595,Rubus idaeus,OpenDryPoor
92596,Rubus idaeus,OpenDryPoor
92597,Rubus idaeus,OpenDryPoor
92598,Rubus idaeus,OpenDryPoor
92599,Rubus idaeus,OpenDryPoor
92600,Rubus idaeus,OpenDryPoor
92601,Rubus idaeus,OpenDryPoor
92602,Rubus idaeus,OpenDryPoor
92603,Rubus idaeus,OpenDryPoor
92604,Rubus idaeus,OpenDryPoor
92605,Rubus idaeus,OpenDryPoor
92606,Rubus idaeus,OpenDryPoor
92607,Rubus idaeus,OpenDryPoor
92608,Rubus idaeus,OpenDryPoor
92609,Rubus idaeus,OpenDryPoor
92610,Rubus idaeus,OpenDryPoor
92611,Rubus idaeus,OpenDryPoor
92612,Rubus idaeus,OpenDryPoor
92613,Rubus idaeus,OpenDryPoor
92614,Rubus idaeus,OpenDryPoor
92615,Rubus idaeus,OpenDryPoor
92616,Rubus idaeus,OpenDryPoor
92617,Rubus idaeus,OpenDryPoor
92618,Rubus idaeus,OpenDryPoor
92619,Rubus idaeus,OpenDryPoor
92620,Rubus idaeus,OpenDryPoor
92621,Rubus idaeus,OpenDryPoor
92622,Rubus idaeus,OpenDryPoor
93177,Rubus idaeus,OpenDryPoor
93178,Rubus idaeus,OpenDryPoor
93179,Rubus idaeus,OpenDryPoor
93180,Rubus idaeus,OpenDryPoor
93181,Rubus idaeus,OpenDryPoor
93182,Rubus idaeus,OpenDryPoor
93183,Rubus idaeus,OpenDryPoor
93184,Rubus idaeus,OpenDryPoor
93penDryPoor
54809,Rubus idaeus,OpenDryPoor
54810,Rubus idaeus,OpenDryPoor
54811,Rubus idaeus,OpenDryPoor
54812,Rubus idaeus,OpenDryPoor
54813,Rubus idaeus,OpenDryPoor
54814,Rubus idaeus,OpenDryPoor
54815,Rubus idaeus,OpenDryPoor
54816,Rubus idaeus,OpenDryPoor
54817,Rubus idaeus,OpenDryPoor
54818,Rubus idaeus,OpenDryPoor
54819,Rubus idaeus,OpenDryPoor
54820,Rubus idaeus,OpenDryPoor
54821,Rubus idaeus,OpenDryPoor
54822,Rubus idaeus,OpenDryPoor
54823,Rubus idaeus,OpenDryPoor
54824,Rubus idaeus,OpenDryPoor
54825,Rubus idaeus,OpenDryPoor
54866,Rubus idaeus,OpenDryPoor
54867,Rubus idaeus,OpenDryPoor
54868,Rubus idaeus,OpenDryPoor
54869,Rubus idaeus,OpenDryPoor
54870,Rubus idaeus,OpenDryPoor
54871,Rubus idaeus,OpenDryPoor
55405,Rubus idaeus,OpenDryPoor
55406,Rubus idaeus,OpenDryPoor
55407,Rubus idaeus,OpenDryPoor
55408,Rubus idaeus,OpenDryPoor
55409,Rubus idaeus,OpenDryPoor
55410,Rubus idaeus,OpenDryPoor
55411,Rubus idaeus,OpenDryPoor
55412,Rubus idaeus,OpenDryPoor
55413,Rubus idaeus,OpenDryPoor
55414,Rubus idaeus,OpenDryPoor
55415,Rubus idaeus,OpenDryPoor
55416,Rubus idaeus,OpenDryPoor
55417,Rubus idaeus,OpenDryPoor
55418,Rubus idaeus,OpenDryPoor
55419,Rubus idaeus,OpenDryPoor
55420,Rubus idaeus,OpenDryPoor
55421,Rubus idaeus,OpenDryPoor
55422,Rubus idaeus,OpenDryPoor
55423,Rubus idaeus,OpenDryPoor
55424,Rubus idaeus,OpenDryPoor
55465,Rubus idaeus,OpenDryPoor
55466,Rubus idaeus,OpenDryPoor
55467,Rubus idaeus,OpenDryPoor
55468,Rubus idaeus,OpenDryPoor
55469,Rubus idaeus,OpenDryPoor
55470,Rubus idaeus,OpenDryPoor
55471,Rubus idaeus,OpenDryPoor
56004,Rubus idaeus,OpenDryPoor
56005,Rubus idaeus,OpenDryPoor
56006,Rubus idaeus,OpenDryPoor
56007,Rubus idaeus,OpenDryPoor
56008,Rubus idaeus,OpenDryPoor
56009,Rubus idaeus,OpenDryPoor
56010,Rubus idaeus,OpenDryPoor
56011,Rubus idaeus,OpenDryPoor
56012,Rubus idaeus,OpenDryPoor
56013,Rubus idaeus,OpenDryPoor
56014,Rubus idaeus,OpenDryPoor
56015,Rubus idaeus,OpenDryPoor
56016,Rubus idaeus,OpenDryPoor
56017,Rubus idaeus,OpenDryPoor
56018,Rubus idaeus,OpenDryPoor
56019,Rubus idaeus,OpenDryPoor
56020,Rubus idaeus,OpenDryPoor
56021,Rubus idaeus,OpenDryPoor
56022,Rubus idaeus,OpenDryPoor
56023,Rubus idaeus,OpenDryPoor
56064,Rubus idaeus,OpenDryPoor
56065,Rubus idaeus,OpenDryPoor
56066,Rubus idaeus,OpenDryPoor
56067,Rubus idaeus,OpenDryPoor
56068,Rubus idaeus,OpenDryPoor
56069,Rubus idaeus,OpenDryPoor
56070,Rubus idaeus,OpenDryPoor
56603,Rubus idaeus,OpenDryPoor
56604,Rubus idaeus,OpenDryPoor
56605,Rubus idaeus,OpenDryPoor
56606,Rubus idaeus,OpenDryPoor
56607,Rubus idaeus,OpenDryPoor
56608,Rubus idaeus,OpenDryPoor
56609,Rubus idaeus,OpenDryPoor
56610,Rubus idaeus,OpenDryPoor
56611,Rubus idaeus,OpenDryPoor
56612,Rubus idaeus,OpenDryPoor
56613,Rubus idaeus,OpenDryPoor
56614,Rubus idaeus,OpenDryPoor
56615,Rubus idaeus,OpenDryPoor
56616,Rubus idaeus,OpenDryPoor
56617,Rubus idaeus,OpenDryPoor
56618,Rubus idaeus,OpenDryPoor
56619,Rubus idaeus,OpenDryPoor
56620,Rubus idaeus,OpenDryPoor
56621,Rubus idaeus,OpenDryPoor
56622,Rubus idaeus,OpenDryPoor
56663,Rubus idaeus,OpenDryPoor
56664,Rubus idaeus,OpenDryPoor
56665,Rubus idaeus,OpenDryPoor
56666,Rubus idaeus,OpenDryPoor
56667,Rubus idaeus,OpenDryPoor
56668,Rubus idaeus,OpenDryPoor
56669,Rubus idaeus,OpenDryPoor
57202,Rubus idaeus,OpenDryPoor
57203,Rubus idaeus,OpenDryPoor
57204,Rubus idaeus,OpenDryPoor
57205,Rubus idaeus,OpenDryPoor
57206,Rubus idaeus,OpenDryPoor
57207,Rubus idaeus,OpenDryPoor
57208,Rubus idaeus,OpenDryPoor
57209,Rubus idaeus,OpenDryPoor
57210,Rubus idaeus,OpenDryPoor
57211,Rubus idaeus,OpenDryPoor
57212,Rubus idaeus,OpenDryPoor
57213,Rubus idaeus,OpenDryPoor
57214,Rubus idaeus,OpenDryPoor
57215,Rubus idaeus,OpenDryPoor
57216,Rubus idaeus,OpenDryPoor
57217,Rubus idaeus,OpenDryPoor
57218,Rubus idaeus,OpenDryPoor
57219,Rubus idaeus,OpenDryPoor
57220,Rubus idaeus,OpenDryPoor
57221,Rubus idaeus,OpenDryPoor
57262,Rubus idaeus,OpenDryPoor
57263,Rubus idaeus,OpenDryPoor
57264,Rubus idaeus,OpenDryPoor
57265,Rubus idaeus,OpenDryPoor
57266,Rubus idaeus,OpenDryPoor
57267,Rubus idaeus,OpenDryPoor
57268,Rubus idaeus,OpenDryPoor
57269,Rubus idaeus,OpenD107086,Rubus idaeus,OpenDryPoor
107087,Rubus idaeus,OpenDryPoor
107088,Rubus idaeus,OpenDryPoor
107089,Rubus idaeus,OpenDryPoor
107090,Rubus idaeus,OpenDryPoor
107091,Rubus idaeus,OpenDryPoor
107092,Rubus idaeus,OpenDryPoor
107093,Rubus idaeus,OpenDryPoor
107094,Rubus idaeus,OpenDryPoor
107095,Rubus idaeus,OpenDryPoor
107096,Rubus idaeus,OpenDryPoor
107097,Rubus idaeus,OpenDryPoor
107098,Rubus idaeus,OpenDryPoor
107099,Rubus idaeus,OpenDryPoor
107100,Rubus idaeus,OpenDryPoor
107101,Rubus idaeus,OpenDryPoor
107102,Rubus idaeus,OpenDryPoor
107103,Rubus idaeus,OpenDryPoor
107104,Rubus idaeus,OpenDryPoor
107105,Rubus idaeus,OpenDryPoor
107106,Rubus idaeus,OpenDryPoor
107107,Rubus idaeus,OpenDryPoor
107108,Rubus idaeus,OpenDryPoor
107109,Rubus idaeus,OpenDryPoor
107110,Rubus idaeus,OpenDryPoor
107111,Rubus idaeus,OpenDryPoor
107112,Rubus idaeus,OpenDryPoor
107113,Rubus idaeus,OpenDryPoor
107114,Rubus idaeus,OpenDryPoor
107115,Rubus idaeus,OpenDryPoor
107116,Rubus idaeus,OpenDryPoor
107117,Rubus idaeus,OpenDryPoor
107118,Rubus idaeus,OpenDryPoor
107119,Rubus idaeus,OpenDryPoor
107120,Rubus idaeus,OpenDryPoor
107121,Rubus idaeus,OpenDryPoor
107122,Rubus idaeus,OpenDryPoor
107123,Rubus idaeus,OpenDryPoor
107124,Rubus idaeus,OpenDryPoor
107125,Rubus idaeus,OpenDryPoor
107126,Rubus idaeus,OpenDryPoor
107127,Rubus idaeus,OpenDryPoor
107128,Rubus idaeus,OpenDryPoor
107129,Rubus idaeus,OpenDryPoor
107130,Rubus idaeus,OpenDryPoor
107131,Rubus idaeus,OpenDryPoor
107132,Rubus idaeus,OpenDryPoor
107133,Rubus idaeus,OpenDryPoor
107678,Rubus idaeus,OpenDryPoor
107679,Rubus idaeus,OpenDryPoor
107680,Rubus idaeus,OpenDryPoor
107681,Rubus idaeus,OpenDryPoor
107682,Rubus idaeus,OpenDryPoor
107683,Rubus idaeus,OpenDryPoor
107684,Rubus idaeus,OpenDryPoor
107685,Rubus idaeus,OpenDryPoor
107686,Rubus idaeus,OpenDryPoor
107687,Rubus idaeus,OpenDryPoor
107688,Rubus idaeus,OpenDryPoor
107689,Rubus idaeus,OpenDryPoor
107690,Rubus idaeus,OpenDryPoor
107691,Rubus idaeus,OpenDryPoor
107692,Rubus idaeus,OpenDryPoor
107693,Rubus idaeus,OpenDryPoor
107694,Rubus idaeus,OpenDryPoor
107695,Rubus idaeus,OpenDryPoor
107696,Rubus idaeus,OpenDryPoor
107697,Rubus idaeus,OpenDryPoor
107698,Rubus idaeus,OpenDryPoor
107699,Rubus idaeus,OpenDryPoor
107700,Rubus idaeus,OpenDryPoor
107701,Rubus idaeus,OpenDryPoor
107702,Rubus idaeus,OpenDryPoor
107703,Rubus idaeus,OpenDryPoor
107704,Rubus idaeus,OpenDryPoor
107705,Rubus idaeus,OpenDryPoor
107706,Rubus idaeus,OpenDryPoor
107707,Rubus idaeus,OpenDryPoor
107708,Rubus idaeus,OpenDryPoor
107709,Rubus idaeus,OpenDryPoor
107710,Rubus idaeus,OpenDryPoor
107711,Rubus idaeus,OpenDryPoor
107712,Rubus idaeus,OpenDryPoor
107713,Rubus idaeus,OpenDryPoor
107714,Rubus idaeus,OpenDryPoor
107715,Rubus idaeus,OpenDryPoor
107716,Rubus idaeus,OpenDryPoor
107717,Rubus idaeus,OpenDryPoor
107718,Rubus idaeus,OpenDryPoor
107719,Rubus idaeus,OpenDryPoor
107720,Rubus idaeus,OpenDryPoor
107721,Rubus idaeus,OpenDryPoor
107722,Rubus idaeus,OpenDryPoor
107723,Rubus idaeus,OpenDryPoor
107724,Rubus idaeus,OpenDryPoor
107725,Rubus idaeus,OpenDryPoor
107726,Rubus idaeus,OpenDryPoor
107727,Rubus idaeus,OpenDryPoor
107728,Rubus idaeus,OpenDryPoor
107729,Rubus idaeus,OpenDryPoor
107730,Rubus idaeus,OpenDryPoor
107731,Rubus idaeus,OpenDryPoor
107732,Rubus idaeus,OpenDryPoor
107733,Rubus idaeus,OpenDryPoor
107734,Rubus idaeus,OpenDryPoor
108276,Rubus idaeus,OpenDryPoor
108277,Rubus idaeus,OpenDryPoor
108278,Rubus idaeus,OpenDryPoor
108279,Rubus idaeus,OpenDryPoor
108280,Rubus idaeus,OpenDryPoor
108281,Rubus idaeus,OpenDryPoor
108282,Rubus idaeus,OpenDryPoor
108283,Rubus idaeus,OpenDryPoor
108284,Rubus idaeus,OpenDryPoor
108285,Rubus idaeus,OpenDryPoor
108286,Rubus idaeus,OpenDryPoor
108287,Rubus idaeus,OpenDryPoor
108288,Rubus idaeus,OpenDryPoor
108289,Rubus idaeus,OpenDryPoor
108290,Rubus idaeus,OpenDryPoor
108291,Rubus idaeus,OpenDryPoor
108292,Rubus idaeus,OpenDryPoor
108293,Rubus idaeus,OpenDryPoor
108294,Rubus idaeus,OpenDryPoor
108295,Rubus idaeus,OpenDryPoor
108296,Rubus idaeus,OpenDryPoor
108297,Rubus idaeus,OpenDryPoor
108298,Rubus idaeus,OpenDryPoor
185,Rubus idaeus,OpenDryPoor
93186,Rubus idaeus,OpenDryPoor
93187,Rubus idaeus,OpenDryPoor
93188,Rubus idaeus,OpenDryPoor
93189,Rubus idaeus,OpenDryPoor
93190,Rubus idaeus,OpenDryPoor
93191,Rubus idaeus,OpenDryPoor
93192,Rubus idaeus,OpenDryPoor
93193,Rubus idaeus,OpenDryPoor
93194,Rubus idaeus,OpenDryPoor
93195,Rubus idaeus,OpenDryPoor
93196,Rubus idaeus,OpenDryPoor
93197,Rubus idaeus,OpenDryPoor
93198,Rubus idaeus,OpenDryPoor
93199,Rubus idaeus,OpenDryPoor
93200,Rubus idaeus,OpenDryPoor
93201,Rubus idaeus,OpenDryPoor
93202,Rubus idaeus,OpenDryPoor
93203,Rubus idaeus,OpenDryPoor
93204,Rubus idaeus,OpenDryPoor
93205,Rubus idaeus,OpenDryPoor
93206,Rubus idaeus,OpenDryPoor
93207,Rubus idaeus,OpenDryPoor
93208,Rubus idaeus,OpenDryPoor
93209,Rubus idaeus,OpenDryPoor
93210,Rubus idaeus,OpenDryPoor
93211,Rubus idaeus,OpenDryPoor
93212,Rubus idaeus,OpenDryPoor
93213,Rubus idaeus,OpenDryPoor
93214,Rubus idaeus,OpenDryPoor
93215,Rubus idaeus,OpenDryPoor
93216,Rubus idaeus,OpenDryPoor
93217,Rubus idaeus,OpenDryPoor
93218,Rubus idaeus,OpenDryPoor
93219,Rubus idaeus,OpenDryPoor
93220,Rubus idaeus,OpenDryPoor
93221,Rubus idaeus,OpenDryPoor
93777,Rubus idaeus,OpenDryPoor
93778,Rubus idaeus,OpenDryPoor
93779,Rubus idaeus,OpenDryPoor
93780,Rubus idaeus,OpenDryPoor
93781,Rubus idaeus,OpenDryPoor
93782,Rubus idaeus,OpenDryPoor
93783,Rubus idaeus,OpenDryPoor
93784,Rubus idaeus,OpenDryPoor
93785,Rubus idaeus,OpenDryPoor
93786,Rubus idaeus,OpenDryPoor
93787,Rubus idaeus,OpenDryPoor
93788,Rubus idaeus,OpenDryPoor
93789,Rubus idaeus,OpenDryPoor
93790,Rubus idaeus,OpenDryPoor
93791,Rubus idaeus,OpenDryPoor
93792,Rubus idaeus,OpenDryPoor
93793,Rubus idaeus,OpenDryPoor
93794,Rubus idaeus,OpenDryPoor
93795,Rubus idaeus,OpenDryPoor
93796,Rubus idaeus,OpenDryPoor
93797,Rubus idaeus,OpenDryPoor
93798,Rubus idaeus,OpenDryPoor
93799,Rubus idaeus,OpenDryPoor
93800,Rubus idaeus,OpenDryPoor
93801,Rubus idaeus,OpenDryPoor
93802,Rubus idaeus,OpenDryPoor
93803,Rubus idaeus,OpenDryPoor
93804,Rubus idaeus,OpenDryPoor
93805,Rubus idaeus,OpenDryPoor
93806,Rubus idaeus,OpenDryPoor
93807,Rubus idaeus,OpenDryPoor
93808,Rubus idaeus,OpenDryPoor
93809,Rubus idaeus,OpenDryPoor
93810,Rubus idaeus,OpenDryPoor
93811,Rubus idaeus,OpenDryPoor
93812,Rubus idaeus,OpenDryPoor
93813,Rubus idaeus,OpenDryPoor
93814,Rubus idaeus,OpenDryPoor
93815,Rubus idaeus,OpenDryPoor
93816,Rubus idaeus,OpenDryPoor
93817,Rubus idaeus,OpenDryPoor
93818,Rubus idaeus,OpenDryPoor
93819,Rubus idaeus,OpenDryPoor
93820,Rubus idaeus,OpenDryPoor
94377,Rubus idaeus,OpenDryPoor
94378,Rubus idaeus,OpenDryPoor
94379,Rubus idaeus,OpenDryPoor
94380,Rubus idaeus,OpenDryPoor
94381,Rubus idaeus,OpenDryPoor
94382,Rubus idaeus,OpenDryPoor
94383,Rubus idaeus,OpenDryPoor
94384,Rubus idaeus,OpenDryPoor
94385,Rubus idaeus,OpenDryPoor
94386,Rubus idaeus,OpenDryPoor
94387,Rubus idaeus,OpenDryPoor
94388,Rubus idaeus,OpenDryPoor
94389,Rubus idaeus,OpenDryPoor
94390,Rubus idaeus,OpenDryPoor
94391,Rubus idaeus,OpenDryPoor
94392,Rubus idaeus,OpenDryPoor
94393,Rubus idaeus,OpenDryPoor
94394,Rubus idaeus,OpenDryPoor
94395,Rubus idaeus,OpenDryPoor
94396,Rubus idaeus,OpenDryPoor
94397,Rubus idaeus,OpenDryPoor
94398,Rubus idaeus,OpenDryPoor
94399,Rubus idaeus,OpenDryPoor
94400,Rubus idaeus,OpenDryPoor
94401,Rubus idaeus,OpenDryPoor
94402,Rubus idaeus,OpenDryPoor
94403,Rubus idaeus,OpenDryPoor
94404,Rubus idaeus,OpenDryPoor
94405,Rubus idaeus,OpenDryPoor
94406,Rubus idaeus,OpenDryPoor
94407,Rubus idaeus,OpenDryPoor
94408,Rubus idaeus,OpenDryPoor
94409,Rubus idaeus,OpenDryPoor
94410,Rubus idaeus,OpenDryPoor
94411,Rubus idaeus,OpenDryPoor
94412,Rubus idaeus,OpenDryPoor
94413,Rubus idaeus,OpenDryPoor
94414,Rubus idaeus,OpenDryPoor
94415,Rubus idaeus,OpenDryPoor
94416,Rubus idaeus,OpenDryPoor
94417,Rubus idaeus,OpenDryPoor
94418,Rubus idaeus,OpenDryPoor
94419,Rubus idaeus,OpenDryPoor
94977,Rubus idaeus,OpenDryPoor
94978,Rubus idaeus,OpenDryPoor
94979,Rubus idaeus,OpenDryPoor
94980,Rubus idaeus,OpenDryPoor
94981,Rubus idaeus,OpenDryPoor
94982,Rubus idaeus,OpenDryPoor
94983,Rubus idaeus,OpenDryPoor
94984,Rubus idaeus,OpenDryPoor
94985,ryPoor
57801,Rubus idaeus,OpenDryPoor
57802,Rubus idaeus,OpenDryPoor
57803,Rubus idaeus,OpenDryPoor
57804,Rubus idaeus,OpenDryPoor
57805,Rubus idaeus,OpenDryPoor
57806,Rubus idaeus,OpenDryPoor
57807,Rubus idaeus,OpenDryPoor
57808,Rubus idaeus,OpenDryPoor
57809,Rubus idaeus,OpenDryPoor
57810,Rubus idaeus,OpenDryPoor
57811,Rubus idaeus,OpenDryPoor
57812,Rubus idaeus,OpenDryPoor
57813,Rubus idaeus,OpenDryPoor
57814,Rubus idaeus,OpenDryPoor
57815,Rubus idaeus,OpenDryPoor
57816,Rubus idaeus,OpenDryPoor
57817,Rubus idaeus,OpenDryPoor
57818,Rubus idaeus,OpenDryPoor
57819,Rubus idaeus,OpenDryPoor
57820,Rubus idaeus,OpenDryPoor
57861,Rubus idaeus,OpenDryPoor
57862,Rubus idaeus,OpenDryPoor
57863,Rubus idaeus,OpenDryPoor
57864,Rubus idaeus,OpenDryPoor
57865,Rubus idaeus,OpenDryPoor
57866,Rubus idaeus,OpenDryPoor
57867,Rubus idaeus,OpenDryPoor
57868,Rubus idaeus,OpenDryPoor
58400,Rubus idaeus,OpenDryPoor
58401,Rubus idaeus,OpenDryPoor
58402,Rubus idaeus,OpenDryPoor
58403,Rubus idaeus,OpenDryPoor
58404,Rubus idaeus,OpenDryPoor
58405,Rubus idaeus,OpenDryPoor
58406,Rubus idaeus,OpenDryPoor
58407,Rubus idaeus,OpenDryPoor
58408,Rubus idaeus,OpenDryPoor
58409,Rubus idaeus,OpenDryPoor
58410,Rubus idaeus,OpenDryPoor
58411,Rubus idaeus,OpenDryPoor
58412,Rubus idaeus,OpenDryPoor
58413,Rubus idaeus,OpenDryPoor
58414,Rubus idaeus,OpenDryPoor
58415,Rubus idaeus,OpenDryPoor
58416,Rubus idaeus,OpenDryPoor
58417,Rubus idaeus,OpenDryPoor
58418,Rubus idaeus,OpenDryPoor
58419,Rubus idaeus,OpenDryPoor
58460,Rubus idaeus,OpenDryPoor
58461,Rubus idaeus,OpenDryPoor
58462,Rubus idaeus,OpenDryPoor
58463,Rubus idaeus,OpenDryPoor
58464,Rubus idaeus,OpenDryPoor
58465,Rubus idaeus,OpenDryPoor
58466,Rubus idaeus,OpenDryPoor
58467,Rubus idaeus,OpenDryPoor
58468,Rubus idaeus,OpenDryPoor
58999,Rubus idaeus,OpenDryPoor
59000,Rubus idaeus,OpenDryPoor
59001,Rubus idaeus,OpenDryPoor
59002,Rubus idaeus,OpenDryPoor
59003,Rubus idaeus,OpenDryPoor
59004,Rubus idaeus,OpenDryPoor
59005,Rubus idaeus,OpenDryPoor
59006,Rubus idaeus,OpenDryPoor
59007,Rubus idaeus,OpenDryPoor
59008,Rubus idaeus,OpenDryPoor
59009,Rubus idaeus,OpenDryPoor
59010,Rubus idaeus,OpenDryPoor
59011,Rubus idaeus,OpenDryPoor
59012,Rubus idaeus,OpenDryPoor
59013,Rubus idaeus,OpenDryPoor
59014,Rubus idaeus,OpenDryPoor
59015,Rubus idaeus,OpenDryPoor
59016,Rubus idaeus,OpenDryPoor
59017,Rubus idaeus,OpenDryPoor
59018,Rubus idaeus,OpenDryPoor
59059,Rubus idaeus,OpenDryPoor
59060,Rubus idaeus,OpenDryPoor
59061,Rubus idaeus,OpenDryPoor
59062,Rubus idaeus,OpenDryPoor
59063,Rubus idaeus,OpenDryPoor
59064,Rubus idaeus,OpenDryPoor
59065,Rubus idaeus,OpenDryPoor
59066,Rubus idaeus,OpenDryPoor
59067,Rubus idaeus,OpenDryPoor
59598,Rubus idaeus,OpenDryPoor
59599,Rubus idaeus,OpenDryPoor
59600,Rubus idaeus,OpenDryPoor
59601,Rubus idaeus,OpenDryPoor
59602,Rubus idaeus,OpenDryPoor
59603,Rubus idaeus,OpenDryPoor
59604,Rubus idaeus,OpenDryPoor
59605,Rubus idaeus,OpenDryPoor
59606,Rubus idaeus,OpenDryPoor
59607,Rubus idaeus,OpenDryPoor
59608,Rubus idaeus,OpenDryPoor
59609,Rubus idaeus,OpenDryPoor
59610,Rubus idaeus,OpenDryPoor
59611,Rubus idaeus,OpenDryPoor
59612,Rubus idaeus,OpenDryPoor
59613,Rubus idaeus,OpenDryPoor
59614,Rubus idaeus,OpenDryPoor
59615,Rubus idaeus,OpenDryPoor
59616,Rubus idaeus,OpenDryPoor
59617,Rubus idaeus,OpenDryPoor
59658,Rubus idaeus,OpenDryPoor
59659,Rubus idaeus,OpenDryPoor
59660,Rubus idaeus,OpenDryPoor
59661,Rubus idaeus,OpenDryPoor
59662,Rubus idaeus,OpenDryPoor
59663,Rubus idaeus,OpenDryPoor
59664,Rubus idaeus,OpenDryPoor
59665,Rubus idaeus,OpenDryPoor
59666,Rubus idaeus,OpenDryPoor
59667,Rubus idaeus,OpenDryPoor
60197,Rubus idaeus,OpenDryPoor
60198,Rubus idaeus,OpenDryPoor
60199,Rubus idaeus,OpenDryPoor
60200,Rubus idaeus,OpenDryPoor
60201,Rubus idaeus,OpenDryPoor
60202,Rubus idaeus,OpenDryPoor
60203,Rubus idaeus,OpenDryPoor
60204,Rubus idaeus,OpenDryPoor
60205,Rubus idaeus,OpenDryPoor
60206,Rubus idaeus,OpenDryPoor
60207,Rubus idaeus,OpenDryPoor
60208,Rubus idaeus,OpenDryPoor
60209,Rubus idaeus,OpenDryPoor
60210,Rubus idaeus,OpenDryPoor
60211,Rubus idaeus,OpenDryPoor
60212,Rubus idaeus,OpenDryPo108299,Rubus idaeus,OpenDryPoor
108300,Rubus idaeus,OpenDryPoor
108301,Rubus idaeus,OpenDryPoor
108302,Rubus idaeus,OpenDryPoor
108303,Rubus idaeus,OpenDryPoor
108304,Rubus idaeus,OpenDryPoor
108305,Rubus idaeus,OpenDryPoor
108306,Rubus idaeus,OpenDryPoor
108307,Rubus idaeus,OpenDryPoor
108308,Rubus idaeus,OpenDryPoor
108309,Rubus idaeus,OpenDryPoor
108310,Rubus idaeus,OpenDryPoor
108311,Rubus idaeus,OpenDryPoor
108312,Rubus idaeus,OpenDryPoor
108313,Rubus idaeus,OpenDryPoor
108314,Rubus idaeus,OpenDryPoor
108315,Rubus idaeus,OpenDryPoor
108316,Rubus idaeus,OpenDryPoor
108317,Rubus idaeus,OpenDryPoor
108318,Rubus idaeus,OpenDryPoor
108319,Rubus idaeus,OpenDryPoor
108320,Rubus idaeus,OpenDryPoor
108321,Rubus idaeus,OpenDryPoor
108322,Rubus idaeus,OpenDryPoor
108323,Rubus idaeus,OpenDryPoor
108324,Rubus idaeus,OpenDryPoor
108325,Rubus idaeus,OpenDryPoor
108326,Rubus idaeus,OpenDryPoor
108327,Rubus idaeus,OpenDryPoor
108328,Rubus idaeus,OpenDryPoor
108329,Rubus idaeus,OpenDryPoor
108330,Rubus idaeus,OpenDryPoor
108331,Rubus idaeus,OpenDryPoor
108332,Rubus idaeus,OpenDryPoor
108333,Rubus idaeus,OpenDryPoor
108334,Rubus idaeus,OpenDryPoor
108874,Rubus idaeus,OpenDryPoor
108875,Rubus idaeus,OpenDryPoor
108876,Rubus idaeus,OpenDryPoor
108877,Rubus idaeus,OpenDryPoor
108878,Rubus idaeus,OpenDryPoor
108879,Rubus idaeus,OpenDryPoor
108880,Rubus idaeus,OpenDryPoor
108881,Rubus idaeus,OpenDryPoor
108882,Rubus idaeus,OpenDryPoor
108883,Rubus idaeus,OpenDryPoor
108884,Rubus idaeus,OpenDryPoor
108885,Rubus idaeus,OpenDryPoor
108886,Rubus idaeus,OpenDryPoor
108887,Rubus idaeus,OpenDryPoor
108888,Rubus idaeus,OpenDryPoor
108889,Rubus idaeus,OpenDryPoor
108890,Rubus idaeus,OpenDryPoor
108891,Rubus idaeus,OpenDryPoor
108892,Rubus idaeus,OpenDryPoor
108893,Rubus idaeus,OpenDryPoor
108894,Rubus idaeus,OpenDryPoor
108895,Rubus idaeus,OpenDryPoor
108896,Rubus idaeus,OpenDryPoor
108897,Rubus idaeus,OpenDryPoor
108898,Rubus idaeus,OpenDryPoor
108899,Rubus idaeus,OpenDryPoor
108900,Rubus idaeus,OpenDryPoor
108901,Rubus idaeus,OpenDryPoor
108902,Rubus idaeus,OpenDryPoor
108903,Rubus idaeus,OpenDryPoor
108904,Rubus idaeus,OpenDryPoor
108905,Rubus idaeus,OpenDryPoor
108906,Rubus idaeus,OpenDryPoor
108907,Rubus idaeus,OpenDryPoor
108908,Rubus idaeus,OpenDryPoor
108909,Rubus idaeus,OpenDryPoor
108910,Rubus idaeus,OpenDryPoor
108911,Rubus idaeus,OpenDryPoor
108912,Rubus idaeus,OpenDryPoor
108913,Rubus idaeus,OpenDryPoor
108914,Rubus idaeus,OpenDryPoor
108915,Rubus idaeus,OpenDryPoor
108916,Rubus idaeus,OpenDryPoor
108917,Rubus idaeus,OpenDryPoor
108918,Rubus idaeus,OpenDryPoor
108919,Rubus idaeus,OpenDryPoor
108920,Rubus idaeus,OpenDryPoor
108921,Rubus idaeus,OpenDryPoor
108922,Rubus idaeus,OpenDryPoor
108923,Rubus idaeus,OpenDryPoor
108924,Rubus idaeus,OpenDryPoor
108925,Rubus idaeus,OpenDryPoor
108926,Rubus idaeus,OpenDryPoor
108927,Rubus idaeus,OpenDryPoor
108928,Rubus idaeus,OpenDryPoor
108929,Rubus idaeus,OpenDryPoor
108930,Rubus idaeus,OpenDryPoor
108931,Rubus idaeus,OpenDryPoor
108932,Rubus idaeus,OpenDryPoor
108933,Rubus idaeus,OpenDryPoor
108934,Rubus idaeus,OpenDryPoor
109471,Rubus idaeus,OpenDryPoor
109472,Rubus idaeus,OpenDryPoor
109473,Rubus idaeus,OpenDryPoor
109474,Rubus idaeus,OpenDryPoor
109475,Rubus idaeus,OpenDryPoor
109476,Rubus idaeus,OpenDryPoor
109477,Rubus idaeus,OpenDryPoor
109478,Rubus idaeus,OpenDryPoor
109479,Rubus idaeus,OpenDryPoor
109480,Rubus idaeus,OpenDryPoor
109481,Rubus idaeus,OpenDryPoor
109482,Rubus idaeus,OpenDryPoor
109483,Rubus idaeus,OpenDryPoor
109484,Rubus idaeus,OpenDryPoor
109485,Rubus idaeus,OpenDryPoor
109486,Rubus idaeus,OpenDryPoor
109487,Rubus idaeus,OpenDryPoor
109488,Rubus idaeus,OpenDryPoor
109489,Rubus idaeus,OpenDryPoor
109490,Rubus idaeus,OpenDryPoor
109491,Rubus idaeus,OpenDryPoor
109492,Rubus idaeus,OpenDryPoor
109493,Rubus idaeus,OpenDryPoor
109494,Rubus idaeus,OpenDryPoor
109495,Rubus idaeus,OpenDryPoor
109496,Rubus idaeus,OpenDryPoor
109497,Rubus idaeus,OpenDryPoor
109498,Rubus idaeus,OpenDryPoor
109499,Rubus idaeus,OpenDryPoor
109500,Rubus idaeus,OpenDryPoor
109501,Rubus idaeus,OpenDryPoor
Rubus idaeus,OpenDryPoor
94986,Rubus idaeus,OpenDryPoor
94987,Rubus idaeus,OpenDryPoor
94988,Rubus idaeus,OpenDryPoor
94989,Rubus idaeus,OpenDryPoor
94990,Rubus idaeus,OpenDryPoor
94991,Rubus idaeus,OpenDryPoor
94992,Rubus idaeus,OpenDryPoor
94993,Rubus idaeus,OpenDryPoor
94994,Rubus idaeus,OpenDryPoor
94995,Rubus idaeus,OpenDryPoor
94996,Rubus idaeus,OpenDryPoor
94997,Rubus idaeus,OpenDryPoor
94998,Rubus idaeus,OpenDryPoor
94999,Rubus idaeus,OpenDryPoor
95000,Rubus idaeus,OpenDryPoor
95001,Rubus idaeus,OpenDryPoor
95002,Rubus idaeus,OpenDryPoor
95003,Rubus idaeus,OpenDryPoor
95004,Rubus idaeus,OpenDryPoor
95005,Rubus idaeus,OpenDryPoor
95006,Rubus idaeus,OpenDryPoor
95007,Rubus idaeus,OpenDryPoor
95008,Rubus idaeus,OpenDryPoor
95009,Rubus idaeus,OpenDryPoor
95010,Rubus idaeus,OpenDryPoor
95011,Rubus idaeus,OpenDryPoor
95012,Rubus idaeus,OpenDryPoor
95013,Rubus idaeus,OpenDryPoor
95014,Rubus idaeus,OpenDryPoor
95015,Rubus idaeus,OpenDryPoor
95016,Rubus idaeus,OpenDryPoor
95017,Rubus idaeus,OpenDryPoor
95018,Rubus idaeus,OpenDryPoor
95578,Rubus idaeus,OpenDryPoor
95579,Rubus idaeus,OpenDryPoor
95580,Rubus idaeus,OpenDryPoor
95581,Rubus idaeus,OpenDryPoor
95582,Rubus idaeus,OpenDryPoor
95583,Rubus idaeus,OpenDryPoor
95584,Rubus idaeus,OpenDryPoor
95585,Rubus idaeus,OpenDryPoor
95586,Rubus idaeus,OpenDryPoor
95587,Rubus idaeus,OpenDryPoor
95588,Rubus idaeus,OpenDryPoor
95589,Rubus idaeus,OpenDryPoor
95590,Rubus idaeus,OpenDryPoor
95591,Rubus idaeus,OpenDryPoor
95592,Rubus idaeus,OpenDryPoor
95593,Rubus idaeus,OpenDryPoor
95594,Rubus idaeus,OpenDryPoor
95595,Rubus idaeus,OpenDryPoor
95596,Rubus idaeus,OpenDryPoor
95597,Rubus idaeus,OpenDryPoor
95598,Rubus idaeus,OpenDryPoor
95599,Rubus idaeus,OpenDryPoor
95600,Rubus idaeus,OpenDryPoor
95601,Rubus idaeus,OpenDryPoor
95602,Rubus idaeus,OpenDryPoor
95603,Rubus idaeus,OpenDryPoor
95604,Rubus idaeus,OpenDryPoor
95605,Rubus idaeus,OpenDryPoor
95606,Rubus idaeus,OpenDryPoor
95607,Rubus idaeus,OpenDryPoor
95608,Rubus idaeus,OpenDryPoor
95609,Rubus idaeus,OpenDryPoor
95610,Rubus idaeus,OpenDryPoor
95611,Rubus idaeus,OpenDryPoor
95612,Rubus idaeus,OpenDryPoor
95613,Rubus idaeus,OpenDryPoor
95614,Rubus idaeus,OpenDryPoor
95615,Rubus idaeus,OpenDryPoor
95616,Rubus idaeus,OpenDryPoor
95617,Rubus idaeus,OpenDryPoor
96178,Rubus idaeus,OpenDryPoor
96179,Rubus idaeus,OpenDryPoor
96180,Rubus idaeus,OpenDryPoor
96181,Rubus idaeus,OpenDryPoor
96182,Rubus idaeus,OpenDryPoor
96183,Rubus idaeus,OpenDryPoor
96184,Rubus idaeus,OpenDryPoor
96185,Rubus idaeus,OpenDryPoor
96186,Rubus idaeus,OpenDryPoor
96187,Rubus idaeus,OpenDryPoor
96188,Rubus idaeus,OpenDryPoor
96189,Rubus idaeus,OpenDryPoor
96190,Rubus idaeus,OpenDryPoor
96191,Rubus idaeus,OpenDryPoor
96192,Rubus idaeus,OpenDryPoor
96193,Rubus idaeus,OpenDryPoor
96194,Rubus idaeus,OpenDryPoor
96195,Rubus idaeus,OpenDryPoor
96196,Rubus idaeus,OpenDryPoor
96197,Rubus idaeus,OpenDryPoor
96198,Rubus idaeus,OpenDryPoor
96199,Rubus idaeus,OpenDryPoor
96200,Rubus idaeus,OpenDryPoor
96201,Rubus idaeus,OpenDryPoor
96202,Rubus idaeus,OpenDryPoor
96203,Rubus idaeus,OpenDryPoor
96204,Rubus idaeus,OpenDryPoor
96205,Rubus idaeus,OpenDryPoor
96206,Rubus idaeus,OpenDryPoor
96207,Rubus idaeus,OpenDryPoor
96208,Rubus idaeus,OpenDryPoor
96209,Rubus idaeus,OpenDryPoor
96210,Rubus idaeus,OpenDryPoor
96211,Rubus idaeus,OpenDryPoor
96212,Rubus idaeus,OpenDryPoor
96213,Rubus idaeus,OpenDryPoor
96214,Rubus idaeus,OpenDryPoor
96215,Rubus idaeus,OpenDryPoor
96216,Rubus idaeus,OpenDryPoor
96778,Rubus idaeus,OpenDryPoor
96779,Rubus idaeus,OpenDryPoor
96780,Rubus idaeus,OpenDryPoor
96781,Rubus idaeus,OpenDryPoor
96782,Rubus idaeus,OpenDryPoor
96783,Rubus idaeus,OpenDryPoor
96784,Rubus idaeus,OpenDryPoor
96785,Rubus idaeus,OpenDryPoor
96786,Rubus idaeus,OpenDryPoor
96787,Rubus idaeus,OpenDryPoor
96788,Rubus idaeus,OpenDryPoor
96789,Rubus idaeus,OpenDryPoor
96790,Rubus idaeus,OpenDryPoor
96791,Rubus idaeus,OpenDryPoor
96792,Rubus idaeus,OpenDryPoor
96793,Rubus idaeus,OpenDryPoor
96794,Rubus idaeus,OpenDryPoor
96795,Rubus idaeus,OpenDryPoor
96796,Rubus idaeus,OpenDryPoor
96797,Rubuor
60213,Rubus idaeus,OpenDryPoor
60214,Rubus idaeus,OpenDryPoor
60215,Rubus idaeus,OpenDryPoor
60216,Rubus idaeus,OpenDryPoor
60257,Rubus idaeus,OpenDryPoor
60258,Rubus idaeus,OpenDryPoor
60259,Rubus idaeus,OpenDryPoor
60260,Rubus idaeus,OpenDryPoor
60261,Rubus idaeus,OpenDryPoor
60262,Rubus idaeus,OpenDryPoor
60263,Rubus idaeus,OpenDryPoor
60264,Rubus idaeus,OpenDryPoor
60265,Rubus idaeus,OpenDryPoor
60266,Rubus idaeus,OpenDryPoor
60796,Rubus idaeus,OpenDryPoor
60797,Rubus idaeus,OpenDryPoor
60798,Rubus idaeus,OpenDryPoor
60799,Rubus idaeus,OpenDryPoor
60800,Rubus idaeus,OpenDryPoor
60801,Rubus idaeus,OpenDryPoor
60802,Rubus idaeus,OpenDryPoor
60803,Rubus idaeus,OpenDryPoor
60804,Rubus idaeus,OpenDryPoor
60805,Rubus idaeus,OpenDryPoor
60806,Rubus idaeus,OpenDryPoor
60807,Rubus idaeus,OpenDryPoor
60808,Rubus idaeus,OpenDryPoor
60809,Rubus idaeus,OpenDryPoor
60810,Rubus idaeus,OpenDryPoor
60811,Rubus idaeus,OpenDryPoor
60812,Rubus idaeus,OpenDryPoor
60813,Rubus idaeus,OpenDryPoor
60814,Rubus idaeus,OpenDryPoor
60815,Rubus idaeus,OpenDryPoor
60856,Rubus idaeus,OpenDryPoor
60857,Rubus idaeus,OpenDryPoor
60858,Rubus idaeus,OpenDryPoor
60859,Rubus idaeus,OpenDryPoor
60860,Rubus idaeus,OpenDryPoor
60861,Rubus idaeus,OpenDryPoor
60862,Rubus idaeus,OpenDryPoor
60863,Rubus idaeus,OpenDryPoor
60864,Rubus idaeus,OpenDryPoor
60865,Rubus idaeus,OpenDryPoor
61395,Rubus idaeus,OpenDryPoor
61396,Rubus idaeus,OpenDryPoor
61397,Rubus idaeus,OpenDryPoor
61398,Rubus idaeus,OpenDryPoor
61399,Rubus idaeus,OpenDryPoor
61400,Rubus idaeus,OpenDryPoor
61401,Rubus idaeus,OpenDryPoor
61402,Rubus idaeus,OpenDryPoor
61403,Rubus idaeus,OpenDryPoor
61404,Rubus idaeus,OpenDryPoor
61405,Rubus idaeus,OpenDryPoor
61406,Rubus idaeus,OpenDryPoor
61407,Rubus idaeus,OpenDryPoor
61408,Rubus idaeus,OpenDryPoor
61409,Rubus idaeus,OpenDryPoor
61410,Rubus idaeus,OpenDryPoor
61411,Rubus idaeus,OpenDryPoor
61412,Rubus idaeus,OpenDryPoor
61413,Rubus idaeus,OpenDryPoor
61414,Rubus idaeus,OpenDryPoor
61455,Rubus idaeus,OpenDryPoor
61456,Rubus idaeus,OpenDryPoor
61457,Rubus idaeus,OpenDryPoor
61458,Rubus idaeus,OpenDryPoor
61459,Rubus idaeus,OpenDryPoor
61460,Rubus idaeus,OpenDryPoor
61461,Rubus idaeus,OpenDryPoor
61462,Rubus idaeus,OpenDryPoor
61463,Rubus idaeus,OpenDryPoor
61464,Rubus idaeus,OpenDryPoor
61994,Rubus idaeus,OpenDryPoor
61995,Rubus idaeus,OpenDryPoor
61996,Rubus idaeus,OpenDryPoor
61997,Rubus idaeus,OpenDryPoor
61998,Rubus idaeus,OpenDryPoor
61999,Rubus idaeus,OpenDryPoor
62000,Rubus idaeus,OpenDryPoor
62001,Rubus idaeus,OpenDryPoor
62002,Rubus idaeus,OpenDryPoor
62003,Rubus idaeus,OpenDryPoor
62004,Rubus idaeus,OpenDryPoor
62005,Rubus idaeus,OpenDryPoor
62006,Rubus idaeus,OpenDryPoor
62007,Rubus idaeus,OpenDryPoor
62008,Rubus idaeus,OpenDryPoor
62009,Rubus idaeus,OpenDryPoor
62010,Rubus idaeus,OpenDryPoor
62011,Rubus idaeus,OpenDryPoor
62012,Rubus idaeus,OpenDryPoor
62013,Rubus idaeus,OpenDryPoor
62054,Rubus idaeus,OpenDryPoor
62055,Rubus idaeus,OpenDryPoor
62056,Rubus idaeus,OpenDryPoor
62057,Rubus idaeus,OpenDryPoor
62058,Rubus idaeus,OpenDryPoor
62059,Rubus idaeus,OpenDryPoor
62060,Rubus idaeus,OpenDryPoor
62061,Rubus idaeus,OpenDryPoor
62062,Rubus idaeus,OpenDryPoor
62063,Rubus idaeus,OpenDryPoor
62593,Rubus idaeus,OpenDryPoor
62594,Rubus idaeus,OpenDryPoor
62595,Rubus idaeus,OpenDryPoor
62596,Rubus idaeus,OpenDryPoor
62597,Rubus idaeus,OpenDryPoor
62598,Rubus idaeus,OpenDryPoor
62599,Rubus idaeus,OpenDryPoor
62600,Rubus idaeus,OpenDryPoor
62601,Rubus idaeus,OpenDryPoor
62602,Rubus idaeus,OpenDryPoor
62603,Rubus idaeus,OpenDryPoor
62604,Rubus idaeus,OpenDryPoor
62605,Rubus idaeus,OpenDryPoor
62606,Rubus idaeus,OpenDryPoor
62607,Rubus idaeus,OpenDryPoor
62608,Rubus idaeus,OpenDryPoor
62609,Rubus idaeus,OpenDryPoor
62610,Rubus idaeus,OpenDryPoor
62611,Rubus idaeus,OpenDryPoor
62612,Rubus idaeus,OpenDryPoor
63192,Rubus idaeus,OpenDryPoor
63193,Rubus idaeus,OpenDryPoor
63194,Rubus idaeus,OpenDryPoor
63195,Rubus idaeus,OpenDryPoor
63196,Rubus idaeus,OpenDryPoor
63197,Rubus idaeus,OpenDryPoor
63198,Rubus idaeus,OpenDryPoor
63199,Rubus idaeus,OpenDryPoor
6109502,Rubus idaeus,OpenDryPoor
109503,Rubus idaeus,OpenDryPoor
109504,Rubus idaeus,OpenDryPoor
109505,Rubus idaeus,OpenDryPoor
109506,Rubus idaeus,OpenDryPoor
109507,Rubus idaeus,OpenDryPoor
109508,Rubus idaeus,OpenDryPoor
109509,Rubus idaeus,OpenDryPoor
109510,Rubus idaeus,OpenDryPoor
109511,Rubus idaeus,OpenDryPoor
109512,Rubus idaeus,OpenDryPoor
109513,Rubus idaeus,OpenDryPoor
109514,Rubus idaeus,OpenDryPoor
109515,Rubus idaeus,OpenDryPoor
109516,Rubus idaeus,OpenDryPoor
109517,Rubus idaeus,OpenDryPoor
109518,Rubus idaeus,OpenDryPoor
109519,Rubus idaeus,OpenDryPoor
109520,Rubus idaeus,OpenDryPoor
109521,Rubus idaeus,OpenDryPoor
109522,Rubus idaeus,OpenDryPoor
109523,Rubus idaeus,OpenDryPoor
109524,Rubus idaeus,OpenDryPoor
109525,Rubus idaeus,OpenDryPoor
109526,Rubus idaeus,OpenDryPoor
109527,Rubus idaeus,OpenDryPoor
109528,Rubus idaeus,OpenDryPoor
109529,Rubus idaeus,OpenDryPoor
109530,Rubus idaeus,OpenDryPoor
109531,Rubus idaeus,OpenDryPoor
109532,Rubus idaeus,OpenDryPoor
109533,Rubus idaeus,OpenDryPoor
109534,Rubus idaeus,OpenDryPoor
109535,Rubus idaeus,OpenDryPoor
110069,Rubus idaeus,OpenDryPoor
110070,Rubus idaeus,OpenDryPoor
110071,Rubus idaeus,OpenDryPoor
110072,Rubus idaeus,OpenDryPoor
110073,Rubus idaeus,OpenDryPoor
110074,Rubus idaeus,OpenDryPoor
110075,Rubus idaeus,OpenDryPoor
110076,Rubus idaeus,OpenDryPoor
110077,Rubus idaeus,OpenDryPoor
110078,Rubus idaeus,OpenDryPoor
110079,Rubus idaeus,OpenDryPoor
110080,Rubus idaeus,OpenDryPoor
110081,Rubus idaeus,OpenDryPoor
110082,Rubus idaeus,OpenDryPoor
110083,Rubus idaeus,OpenDryPoor
110084,Rubus idaeus,OpenDryPoor
110085,Rubus idaeus,OpenDryPoor
110086,Rubus idaeus,OpenDryPoor
110087,Rubus idaeus,OpenDryPoor
110088,Rubus idaeus,OpenDryPoor
110089,Rubus idaeus,OpenDryPoor
110090,Rubus idaeus,OpenDryPoor
110091,Rubus idaeus,OpenDryPoor
110092,Rubus idaeus,OpenDryPoor
110093,Rubus idaeus,OpenDryPoor
110094,Rubus idaeus,OpenDryPoor
110095,Rubus idaeus,OpenDryPoor
110096,Rubus idaeus,OpenDryPoor
110097,Rubus idaeus,OpenDryPoor
110098,Rubus idaeus,OpenDryPoor
110099,Rubus idaeus,OpenDryPoor
110100,Rubus idaeus,OpenDryPoor
110101,Rubus idaeus,OpenDryPoor
110102,Rubus idaeus,OpenDryPoor
110103,Rubus idaeus,OpenDryPoor
110104,Rubus idaeus,OpenDryPoor
110105,Rubus idaeus,OpenDryPoor
110106,Rubus idaeus,OpenDryPoor
110107,Rubus idaeus,OpenDryPoor
110108,Rubus idaeus,OpenDryPoor
110109,Rubus idaeus,OpenDryPoor
110110,Rubus idaeus,OpenDryPoor
110111,Rubus idaeus,OpenDryPoor
110112,Rubus idaeus,OpenDryPoor
110113,Rubus idaeus,OpenDryPoor
110114,Rubus idaeus,OpenDryPoor
110115,Rubus idaeus,OpenDryPoor
110116,Rubus idaeus,OpenDryPoor
110117,Rubus idaeus,OpenDryPoor
110118,Rubus idaeus,OpenDryPoor
110119,Rubus idaeus,OpenDryPoor
110120,Rubus idaeus,OpenDryPoor
110121,Rubus idaeus,OpenDryPoor
110122,Rubus idaeus,OpenDryPoor
110123,Rubus idaeus,OpenDryPoor
110124,Rubus idaeus,OpenDryPoor
110125,Rubus idaeus,OpenDryPoor
110126,Rubus idaeus,OpenDryPoor
110127,Rubus idaeus,OpenDryPoor
110128,Rubus idaeus,OpenDryPoor
110129,Rubus idaeus,OpenDryPoor
110130,Rubus idaeus,OpenDryPoor
110131,Rubus idaeus,OpenDryPoor
110132,Rubus idaeus,OpenDryPoor
110133,Rubus idaeus,OpenDryPoor
110134,Rubus idaeus,OpenDryPoor
110135,Rubus idaeus,OpenDryPoor
110667,Rubus idaeus,OpenDryPoor
110668,Rubus idaeus,OpenDryPoor
110669,Rubus idaeus,OpenDryPoor
110670,Rubus idaeus,OpenDryPoor
110671,Rubus idaeus,OpenDryPoor
110672,Rubus idaeus,OpenDryPoor
110673,Rubus idaeus,OpenDryPoor
110674,Rubus idaeus,OpenDryPoor
110675,Rubus idaeus,OpenDryPoor
110676,Rubus idaeus,OpenDryPoor
110677,Rubus idaeus,OpenDryPoor
110678,Rubus idaeus,OpenDryPoor
110679,Rubus idaeus,OpenDryPoor
110680,Rubus idaeus,OpenDryPoor
110681,Rubus idaeus,OpenDryPoor
110682,Rubus idaeus,OpenDryPoor
110683,Rubus idaeus,OpenDryPoor
110684,Rubus idaeus,OpenDryPoor
110685,Rubus idaeus,OpenDryPoor
110686,Rubus idaeus,OpenDryPoor
110687,Rubus idaeus,OpenDryPoor
110688,Rubus idaeus,OpenDryPoor
110689,Rubus idaeus,OpenDryPoor
110690,Rubus idaeus,OpenDryPoor
110691,Rubus idaeus,OpenDryPoor
110692,Rubus idaeus,OpenDryPoor
110693,Rubus idaeus,OpenDryPoor
s idaeus,OpenDryPoor
96798,Rubus idaeus,OpenDryPoor
96799,Rubus idaeus,OpenDryPoor
96800,Rubus idaeus,OpenDryPoor
96801,Rubus idaeus,OpenDryPoor
96802,Rubus idaeus,OpenDryPoor
96803,Rubus idaeus,OpenDryPoor
96804,Rubus idaeus,OpenDryPoor
96805,Rubus idaeus,OpenDryPoor
96806,Rubus idaeus,OpenDryPoor
96807,Rubus idaeus,OpenDryPoor
96808,Rubus idaeus,OpenDryPoor
96809,Rubus idaeus,OpenDryPoor
96810,Rubus idaeus,OpenDryPoor
96811,Rubus idaeus,OpenDryPoor
96812,Rubus idaeus,OpenDryPoor
96813,Rubus idaeus,OpenDryPoor
96814,Rubus idaeus,OpenDryPoor
96815,Rubus idaeus,OpenDryPoor
97379,Rubus idaeus,OpenDryPoor
97380,Rubus idaeus,OpenDryPoor
97381,Rubus idaeus,OpenDryPoor
97382,Rubus idaeus,OpenDryPoor
97383,Rubus idaeus,OpenDryPoor
97384,Rubus idaeus,OpenDryPoor
97385,Rubus idaeus,OpenDryPoor
97386,Rubus idaeus,OpenDryPoor
97387,Rubus idaeus,OpenDryPoor
97388,Rubus idaeus,OpenDryPoor
97389,Rubus idaeus,OpenDryPoor
97390,Rubus idaeus,OpenDryPoor
97391,Rubus idaeus,OpenDryPoor
97392,Rubus idaeus,OpenDryPoor
97393,Rubus idaeus,OpenDryPoor
97394,Rubus idaeus,OpenDryPoor
97395,Rubus idaeus,OpenDryPoor
97396,Rubus idaeus,OpenDryPoor
97397,Rubus idaeus,OpenDryPoor
97398,Rubus idaeus,OpenDryPoor
97399,Rubus idaeus,OpenDryPoor
97400,Rubus idaeus,OpenDryPoor
97401,Rubus idaeus,OpenDryPoor
97402,Rubus idaeus,OpenDryPoor
97403,Rubus idaeus,OpenDryPoor
97404,Rubus idaeus,OpenDryPoor
97405,Rubus idaeus,OpenDryPoor
97406,Rubus idaeus,OpenDryPoor
97407,Rubus idaeus,OpenDryPoor
97408,Rubus idaeus,OpenDryPoor
97409,Rubus idaeus,OpenDryPoor
97410,Rubus idaeus,OpenDryPoor
97411,Rubus idaeus,OpenDryPoor
97412,Rubus idaeus,OpenDryPoor
97413,Rubus idaeus,OpenDryPoor
97414,Rubus idaeus,OpenDryPoor
97980,Rubus idaeus,OpenDryPoor
97981,Rubus idaeus,OpenDryPoor
97982,Rubus idaeus,OpenDryPoor
97983,Rubus idaeus,OpenDryPoor
97984,Rubus idaeus,OpenDryPoor
97985,Rubus idaeus,OpenDryPoor
97986,Rubus idaeus,OpenDryPoor
97987,Rubus idaeus,OpenDryPoor
97988,Rubus idaeus,OpenDryPoor
97989,Rubus idaeus,OpenDryPoor
97990,Rubus idaeus,OpenDryPoor
97991,Rubus idaeus,OpenDryPoor
97992,Rubus idaeus,OpenDryPoor
97993,Rubus idaeus,OpenDryPoor
97994,Rubus idaeus,OpenDryPoor
97995,Rubus idaeus,OpenDryPoor
97996,Rubus idaeus,OpenDryPoor
97997,Rubus idaeus,OpenDryPoor
97998,Rubus idaeus,OpenDryPoor
97999,Rubus idaeus,OpenDryPoor
98000,Rubus idaeus,OpenDryPoor
98001,Rubus idaeus,OpenDryPoor
98002,Rubus idaeus,OpenDryPoor
98003,Rubus idaeus,OpenDryPoor
98004,Rubus idaeus,OpenDryPoor
98005,Rubus idaeus,OpenDryPoor
98006,Rubus idaeus,OpenDryPoor
98007,Rubus idaeus,OpenDryPoor
98008,Rubus idaeus,OpenDryPoor
98009,Rubus idaeus,OpenDryPoor
98010,Rubus idaeus,OpenDryPoor
98011,Rubus idaeus,OpenDryPoor
98012,Rubus idaeus,OpenDryPoor
98013,Rubus idaeus,OpenDryPoor
98580,Rubus idaeus,OpenDryPoor
98581,Rubus idaeus,OpenDryPoor
98582,Rubus idaeus,OpenDryPoor
98583,Rubus idaeus,OpenDryPoor
98584,Rubus idaeus,OpenDryPoor
98585,Rubus idaeus,OpenDryPoor
98586,Rubus idaeus,OpenDryPoor
98587,Rubus idaeus,OpenDryPoor
98588,Rubus idaeus,OpenDryPoor
98589,Rubus idaeus,OpenDryPoor
98590,Rubus idaeus,OpenDryPoor
98591,Rubus idaeus,OpenDryPoor
98592,Rubus idaeus,OpenDryPoor
98593,Rubus idaeus,OpenDryPoor
98594,Rubus idaeus,OpenDryPoor
98595,Rubus idaeus,OpenDryPoor
98596,Rubus idaeus,OpenDryPoor
98597,Rubus idaeus,OpenDryPoor
98598,Rubus idaeus,OpenDryPoor
98599,Rubus idaeus,OpenDryPoor
98600,Rubus idaeus,OpenDryPoor
98601,Rubus idaeus,OpenDryPoor
98602,Rubus idaeus,OpenDryPoor
98603,Rubus idaeus,OpenDryPoor
98604,Rubus idaeus,OpenDryPoor
98605,Rubus idaeus,OpenDryPoor
98606,Rubus idaeus,OpenDryPoor
98607,Rubus idaeus,OpenDryPoor
98608,Rubus idaeus,OpenDryPoor
98609,Rubus idaeus,OpenDryPoor
98610,Rubus idaeus,OpenDryPoor
98611,Rubus idaeus,OpenDryPoor
98612,Rubus idaeus,OpenDryPoor
98613,Rubus idaeus,OpenDryPoor
98614,Rubus idaeus,OpenDryPoor
98615,Rubus idaeus,OpenDryPoor
98616,Rubus idaeus,OpenDryPoor
98617,Rubus idaeus,OpenDryPoor
98618,Rubus idaeus,OpenDryPoor
98619,Rubus idaeus,OpenDryPoor
98620,Rubus idaeus,OpenDryPoor
98621,Rubus idaeus,OpenDryPoor
98622,Rubus idaeus,OpenDryPoor
98623,Rubus id3200,Rubus idaeus,OpenDryPoor
63201,Rubus idaeus,OpenDryPoor
63202,Rubus idaeus,OpenDryPoor
63203,Rubus idaeus,OpenDryPoor
63204,Rubus idaeus,OpenDryPoor
63205,Rubus idaeus,OpenDryPoor
63206,Rubus idaeus,OpenDryPoor
63207,Rubus idaeus,OpenDryPoor
63208,Rubus idaeus,OpenDryPoor
63209,Rubus idaeus,OpenDryPoor
63210,Rubus idaeus,OpenDryPoor
63211,Rubus idaeus,OpenDryPoor
63791,Rubus idaeus,OpenDryPoor
63792,Rubus idaeus,OpenDryPoor
63793,Rubus idaeus,OpenDryPoor
63794,Rubus idaeus,OpenDryPoor
63795,Rubus idaeus,OpenDryPoor
63796,Rubus idaeus,OpenDryPoor
63797,Rubus idaeus,OpenDryPoor
63798,Rubus idaeus,OpenDryPoor
63799,Rubus idaeus,OpenDryPoor
63800,Rubus idaeus,OpenDryPoor
63801,Rubus idaeus,OpenDryPoor
63802,Rubus idaeus,OpenDryPoor
63803,Rubus idaeus,OpenDryPoor
63804,Rubus idaeus,OpenDryPoor
63805,Rubus idaeus,OpenDryPoor
63806,Rubus idaeus,OpenDryPoor
63807,Rubus idaeus,OpenDryPoor
63808,Rubus idaeus,OpenDryPoor
63809,Rubus idaeus,OpenDryPoor
63810,Rubus idaeus,OpenDryPoor
64390,Rubus idaeus,OpenDryPoor
64391,Rubus idaeus,OpenDryPoor
64392,Rubus idaeus,OpenDryPoor
64393,Rubus idaeus,OpenDryPoor
64394,Rubus idaeus,OpenDryPoor
64395,Rubus idaeus,OpenDryPoor
64396,Rubus idaeus,OpenDryPoor
64397,Rubus idaeus,OpenDryPoor
64398,Rubus idaeus,OpenDryPoor
64399,Rubus idaeus,OpenDryPoor
64400,Rubus idaeus,OpenDryPoor
64401,Rubus idaeus,OpenDryPoor
64402,Rubus idaeus,OpenDryPoor
64403,Rubus idaeus,OpenDryPoor
64404,Rubus idaeus,OpenDryPoor
64405,Rubus idaeus,OpenDryPoor
64406,Rubus idaeus,OpenDryPoor
64407,Rubus idaeus,OpenDryPoor
64408,Rubus idaeus,OpenDryPoor
64409,Rubus idaeus,OpenDryPoor
64989,Rubus idaeus,OpenDryPoor
64990,Rubus idaeus,OpenDryPoor
64991,Rubus idaeus,OpenDryPoor
64992,Rubus idaeus,OpenDryPoor
64993,Rubus idaeus,OpenDryPoor
64994,Rubus idaeus,OpenDryPoor
64995,Rubus idaeus,OpenDryPoor
64996,Rubus idaeus,OpenDryPoor
64997,Rubus idaeus,OpenDryPoor
64998,Rubus idaeus,OpenDryPoor
64999,Rubus idaeus,OpenDryPoor
65000,Rubus idaeus,OpenDryPoor
65001,Rubus idaeus,OpenDryPoor
65002,Rubus idaeus,OpenDryPoor
65003,Rubus idaeus,OpenDryPoor
65004,Rubus idaeus,OpenDryPoor
65005,Rubus idaeus,OpenDryPoor
65006,Rubus idaeus,OpenDryPoor
65007,Rubus idaeus,OpenDryPoor
65008,Rubus idaeus,OpenDryPoor
65588,Rubus idaeus,OpenDryPoor
65589,Rubus idaeus,OpenDryPoor
65590,Rubus idaeus,OpenDryPoor
65591,Rubus idaeus,OpenDryPoor
65592,Rubus idaeus,OpenDryPoor
65593,Rubus idaeus,OpenDryPoor
65594,Rubus idaeus,OpenDryPoor
65595,Rubus idaeus,OpenDryPoor
65596,Rubus idaeus,OpenDryPoor
65597,Rubus idaeus,OpenDryPoor
65598,Rubus idaeus,OpenDryPoor
65599,Rubus idaeus,OpenDryPoor
65600,Rubus idaeus,OpenDryPoor
65601,Rubus idaeus,OpenDryPoor
65602,Rubus idaeus,OpenDryPoor
65603,Rubus idaeus,OpenDryPoor
65604,Rubus idaeus,OpenDryPoor
65605,Rubus idaeus,OpenDryPoor
65606,Rubus idaeus,OpenDryPoor
65607,Rubus idaeus,OpenDryPoor
66187,Rubus idaeus,OpenDryPoor
66188,Rubus idaeus,OpenDryPoor
66189,Rubus idaeus,OpenDryPoor
66190,Rubus idaeus,OpenDryPoor
66191,Rubus idaeus,OpenDryPoor
66192,Rubus idaeus,OpenDryPoor
66193,Rubus idaeus,OpenDryPoor
66194,Rubus idaeus,OpenDryPoor
66195,Rubus idaeus,OpenDryPoor
66196,Rubus idaeus,OpenDryPoor
66197,Rubus idaeus,OpenDryPoor
66198,Rubus idaeus,OpenDryPoor
66199,Rubus idaeus,OpenDryPoor
66200,Rubus idaeus,OpenDryPoor
66201,Rubus idaeus,OpenDryPoor
66202,Rubus idaeus,OpenDryPoor
66203,Rubus idaeus,OpenDryPoor
66204,Rubus idaeus,OpenDryPoor
66205,Rubus idaeus,OpenDryPoor
66206,Rubus idaeus,OpenDryPoor
66786,Rubus idaeus,OpenDryPoor
66787,Rubus idaeus,OpenDryPoor
66788,Rubus idaeus,OpenDryPoor
66789,Rubus idaeus,OpenDryPoor
66790,Rubus idaeus,OpenDryPoor
66791,Rubus idaeus,OpenDryPoor
66792,Rubus idaeus,OpenDryPoor
66793,Rubus idaeus,OpenDryPoor
66794,Rubus idaeus,OpenDryPoor
66795,Rubus idaeus,OpenDryPoor
66796,Rubus idaeus,OpenDryPoor
66797,Rubus idaeus,OpenDryPoor
66798,Rubus idaeus,OpenDryPoor
66799,Rubus idaeus,OpenDryPoor
66800,Rubus idaeus,OpenDryPoor
66801,Rubus idaeus,OpenDryPoor
66802,Rubus idaeus,OpenDryPoor
66803,Rubus idaeus,OpenDryPoor
66804,Rubus idaeus,OpenDryPoor
66805,Rubus idaeus,OpenDryPoor
67385aeus,OpenDryPoor
98624,Rubus idaeus,OpenDryPoor
99182,Rubus idaeus,OpenDryPoor
99183,Rubus idaeus,OpenDryPoor
99184,Rubus idaeus,OpenDryPoor
99185,Rubus idaeus,OpenDryPoor
99186,Rubus idaeus,OpenDryPoor
99187,Rubus idaeus,OpenDryPoor
99188,Rubus idaeus,OpenDryPoor
99189,Rubus idaeus,OpenDryPoor
99190,Rubus idaeus,OpenDryPoor
99191,Rubus idaeus,OpenDryPoor
99192,Rubus idaeus,OpenDryPoor
99193,Rubus idaeus,OpenDryPoor
99194,Rubus idaeus,OpenDryPoor
99195,Rubus idaeus,OpenDryPoor
99196,Rubus idaeus,OpenDryPoor
99197,Rubus idaeus,OpenDryPoor
99198,Rubus idaeus,OpenDryPoor
99199,Rubus idaeus,OpenDryPoor
99200,Rubus idaeus,OpenDryPoor
99201,Rubus idaeus,OpenDryPoor
99202,Rubus idaeus,OpenDryPoor
99203,Rubus idaeus,OpenDryPoor
99204,Rubus idaeus,OpenDryPoor
99205,Rubus idaeus,OpenDryPoor
99206,Rubus idaeus,OpenDryPoor
99207,Rubus idaeus,OpenDryPoor
99208,Rubus idaeus,OpenDryPoor
99209,Rubus idaeus,OpenDryPoor
99210,Rubus idaeus,OpenDryPoor
99211,Rubus idaeus,OpenDryPoor
99212,Rubus idaeus,OpenDryPoor
99213,Rubus idaeus,OpenDryPoor
99214,Rubus idaeus,OpenDryPoor
99215,Rubus idaeus,OpenDryPoor
99216,Rubus idaeus,OpenDryPoor
99217,Rubus idaeus,OpenDryPoor
99218,Rubus idaeus,OpenDryPoor
99219,Rubus idaeus,OpenDryPoor
99220,Rubus idaeus,OpenDryPoor
99221,Rubus idaeus,OpenDryPoor
99783,Rubus idaeus,OpenDryPoor
99784,Rubus idaeus,OpenDryPoor
99785,Rubus idaeus,OpenDryPoor
99786,Rubus idaeus,OpenDryPoor
99787,Rubus idaeus,OpenDryPoor
99788,Rubus idaeus,OpenDryPoor
99789,Rubus idaeus,OpenDryPoor
99790,Rubus idaeus,OpenDryPoor
99791,Rubus idaeus,OpenDryPoor
99792,Rubus idaeus,OpenDryPoor
99793,Rubus idaeus,OpenDryPoor
99794,Rubus idaeus,OpenDryPoor
99795,Rubus idaeus,OpenDryPoor
99796,Rubus idaeus,OpenDryPoor
99797,Rubus idaeus,OpenDryPoor
99798,Rubus idaeus,OpenDryPoor
99799,Rubus idaeus,OpenDryPoor
99800,Rubus idaeus,OpenDryPoor
99801,Rubus idaeus,OpenDryPoor
99802,Rubus idaeus,OpenDryPoor
99803,Rubus idaeus,OpenDryPoor
99804,Rubus idaeus,OpenDryPoor
99805,Rubus idaeus,OpenDryPoor
99806,Rubus idaeus,OpenDryPoor
99807,Rubus idaeus,OpenDryPoor
99808,Rubus idaeus,OpenDryPoor
99809,Rubus idaeus,OpenDryPoor
99810,Rubus idaeus,OpenDryPoor
99811,Rubus idaeus,OpenDryPoor
99812,Rubus idaeus,OpenDryPoor
99813,Rubus idaeus,OpenDryPoor
99814,Rubus idaeus,OpenDryPoor
99815,Rubus idaeus,OpenDryPoor
99816,Rubus idaeus,OpenDryPoor
99817,Rubus idaeus,OpenDryPoor
100385,Rubus idaeus,OpenDryPoor
100386,Rubus idaeus,OpenDryPoor
100387,Rubus idaeus,OpenDryPoor
100388,Rubus idaeus,OpenDryPoor
100389,Rubus idaeus,OpenDryPoor
100390,Rubus idaeus,OpenDryPoor
100391,Rubus idaeus,OpenDryPoor
100392,Rubus idaeus,OpenDryPoor
100393,Rubus idaeus,OpenDryPoor
100394,Rubus idaeus,OpenDryPoor
100395,Rubus idaeus,OpenDryPoor
100396,Rubus idaeus,OpenDryPoor
100397,Rubus idaeus,OpenDryPoor
100398,Rubus idaeus,OpenDryPoor
100399,Rubus idaeus,OpenDryPoor
100400,Rubus idaeus,OpenDryPoor
100401,Rubus idaeus,OpenDryPoor
100402,Rubus idaeus,OpenDryPoor
100403,Rubus idaeus,OpenDryPoor
100404,Rubus idaeus,OpenDryPoor
100405,Rubus idaeus,OpenDryPoor
100406,Rubus idaeus,OpenDryPoor
100407,Rubus idaeus,OpenDryPoor
100408,Rubus idaeus,OpenDryPoor
100409,Rubus idaeus,OpenDryPoor
100410,Rubus idaeus,OpenDryPoor
100411,Rubus idaeus,OpenDryPoor
100412,Rubus idaeus,OpenDryPoor
100413,Rubus idaeus,OpenDryPoor
100414,Rubus idaeus,OpenDryPoor
100988,Rubus idaeus,OpenDryPoor
100989,Rubus idaeus,OpenDryPoor
100990,Rubus idaeus,OpenDryPoor
100991,Rubus idaeus,OpenDryPoor
100992,Rubus idaeus,OpenDryPoor
100993,Rubus idaeus,OpenDryPoor
100994,Rubus idaeus,OpenDryPoor
100995,Rubus idaeus,OpenDryPoor
100996,Rubus idaeus,OpenDryPoor
100997,Rubus idaeus,OpenDryPoor
100998,Rubus idaeus,OpenDryPoor
100999,Rubus idaeus,OpenDryPoor
101000,Rubus idaeus,OpenDryPoor
101001,Rubus idaeus,OpenDryPoor
101002,Rubus idaeus,OpenDryPoor
101003,Rubus idaeus,OpenDryPoor
101004,Rubus idaeus,OpenDryPoor
101005,Rubus idaeus,OpenDryPoor
101006,Rubus idaeus,OpenDryPoor
101007,Rubus idaeus,OpenDryPoor
101008,Rubus idaeus,OpenDryPoor
101594,Rubus idaeus,OpenDryPoor
101595,Rubus idaeus,OpenDryPoor
101596,Rubus idaeus,OpenDryPoor
101597,Rubus idaeus,OpenDryPoor
101598,Rubus idaeus,OpenDryPoor
101599,Rubus idaeus,OpenDryPoor
101600,Rubus idaeus,OpenDryPoor
101601,Rubus idaeus,OpenDryPoor
110694,Rubus idaeus,OpenDryPoor
110695,Rubus idaeus,OpenDryPoor
110696,Rubus idaeus,OpenDryPoor
110697,Rubus idaeus,OpenDryPoor
110698,Rubus idaeus,OpenDryPoor
110699,Rubus idaeus,OpenDryPoor
110700,Rubus idaeus,OpenDryPoor
110701,Rubus idaeus,OpenDryPoor
110702,Rubus idaeus,OpenDryPoor
110703,Rubus idaeus,OpenDryPoor
110704,Rubus idaeus,OpenDryPoor
110705,Rubus idaeus,OpenDryPoor
110706,Rubus idaeus,OpenDryPoor
110707,Rubus idaeus,OpenDryPoor
110708,Rubus idaeus,OpenDryPoor
110709,Rubus idaeus,OpenDryPoor
110710,Rubus idaeus,OpenDryPoor
110711,Rubus idaeus,OpenDryPoor
110712,Rubus idaeus,OpenDryPoor
111265,Rubus idaeus,OpenDryPoor
111266,Rubus idaeus,OpenDryPoor
111267,Rubus idaeus,OpenDryPoor
111268,Rubus idaeus,OpenDryPoor
111269,Rubus idaeus,OpenDryPoor
111270,Rubus idaeus,OpenDryPoor
111271,Rubus idaeus,OpenDryPoor
111272,Rubus idaeus,OpenDryPoor
111273,Rubus idaeus,OpenDryPoor
111274,Rubus idaeus,OpenDryPoor
111275,Rubus idaeus,OpenDryPoor
111276,Rubus idaeus,OpenDryPoor
111277,Rubus idaeus,OpenDryPoor
111278,Rubus idaeus,OpenDryPoor
111279,Rubus idaeus,OpenDryPoor
111280,Rubus idaeus,OpenDryPoor
111281,Rubus idaeus,OpenDryPoor
111282,Rubus idaeus,OpenDryPoor
111283,Rubus idaeus,OpenDryPoor
111284,Rubus idaeus,OpenDryPoor
111285,Rubus idaeus,OpenDryPoor
111286,Rubus idaeus,OpenDryPoor
111287,Rubus idaeus,OpenDryPoor
111288,Rubus idaeus,OpenDryPoor
111289,Rubus idaeus,OpenDryPoor
111290,Rubus idaeus,OpenDryPoor
111291,Rubus idaeus,OpenDryPoor
111292,Rubus idaeus,OpenDryPoor
111293,Rubus idaeus,OpenDryPoor
111294,Rubus idaeus,OpenDryPoor
111295,Rubus idaeus,OpenDryPoor
111296,Rubus idaeus,OpenDryPoor
111297,Rubus idaeus,OpenDryPoor
111298,Rubus idaeus,OpenDryPoor
111299,Rubus idaeus,OpenDryPoor
111300,Rubus idaeus,OpenDryPoor
111301,Rubus idaeus,OpenDryPoor
111302,Rubus idaeus,OpenDryPoor
111303,Rubus idaeus,OpenDryPoor
111304,Rubus idaeus,OpenDryPoor
111305,Rubus idaeus,OpenDryPoor
111306,Rubus idaeus,OpenDryPoor
111307,Rubus idaeus,OpenDryPoor
111308,Rubus idaeus,OpenDryPoor
111309,Rubus idaeus,OpenDryPoor
111310,Rubus idaeus,OpenDryPoor
111311,Rubus idaeus,OpenDryPoor
111863,Rubus idaeus,OpenDryPoor
111864,Rubus idaeus,OpenDryPoor
111865,Rubus idaeus,OpenDryPoor
111866,Rubus idaeus,OpenDryPoor
111867,Rubus idaeus,OpenDryPoor
111868,Rubus idaeus,OpenDryPoor
111869,Rubus idaeus,OpenDryPoor
111870,Rubus idaeus,OpenDryPoor
111871,Rubus idaeus,OpenDryPoor
111872,Rubus idaeus,OpenDryPoor
111873,Rubus idaeus,OpenDryPoor
111874,Rubus idaeus,OpenDryPoor
111875,Rubus idaeus,OpenDryPoor
111876,Rubus idaeus,OpenDryPoor
111877,Rubus idaeus,OpenDryPoor
111878,Rubus idaeus,OpenDryPoor
111879,Rubus idaeus,OpenDryPoor
111880,Rubus idaeus,OpenDryPoor
111881,Rubus idaeus,OpenDryPoor
111882,Rubus idaeus,OpenDryPoor
111883,Rubus idaeus,OpenDryPoor
111884,Rubus idaeus,OpenDryPoor
111885,Rubus idaeus,OpenDryPoor
111886,Rubus idaeus,OpenDryPoor
111887,Rubus idaeus,OpenDryPoor
111888,Rubus idaeus,OpenDryPoor
111889,Rubus idaeus,OpenDryPoor
111890,Rubus idaeus,OpenDryPoor
111891,Rubus idaeus,OpenDryPoor
111892,Rubus idaeus,OpenDryPoor
111893,Rubus idaeus,OpenDryPoor
111894,Rubus idaeus,OpenDryPoor
111895,Rubus idaeus,OpenDryPoor
111896,Rubus idaeus,OpenDryPoor
111897,Rubus idaeus,OpenDryPoor
111898,Rubus idaeus,OpenDryPoor
111899,Rubus idaeus,OpenDryPoor
111900,Rubus idaeus,OpenDryPoor
111901,Rubus idaeus,OpenDryPoor
111902,Rubus idaeus,OpenDryPoor
111903,Rubus idaeus,OpenDryPoor
111904,Rubus idaeus,OpenDryPoor
111905,Rubus idaeus,OpenDryPoor
111906,Rubus idaeus,OpenDryPoor
111907,Rubus idaeus,OpenDryPoor
111908,Rubus idaeus,OpenDryPoor
111909,Rubus idaeus,OpenDryPoor
111910,Rubus idaeus,OpenDryPoor
112461,Rubus idaeus,OpenDryPoor
112462,Rubus idaeus,OpenDryPoor
112463,Rubus idaeus,OpenDryPoor
112464,Rubus idaeus,OpenDryPoor
112465,Rubus idaeus,OpenDryPoor
112466,Rubus idaeus,OpenDryPoor
112467,Rubus idaeus,OpenDryPoor
112468,Rubus idaeus,OpenDryPoor
112469,Rubus idaeus,OpenDryPoor
112470,Rubus idaeus,OpenDryPoor
112471,Rubus idaeus,OpenDryPoor
112472,Rubus idaeus,OpenDryPoor
112473,Rubus idaeus,OpenDryPoor
112474,Rubus idaeus,OpenDryPoor
,Rubus idaeus,OpenDryPoor
67386,Rubus idaeus,OpenDryPoor
67387,Rubus idaeus,OpenDryPoor
67388,Rubus idaeus,OpenDryPoor
67389,Rubus idaeus,OpenDryPoor
67390,Rubus idaeus,OpenDryPoor
67391,Rubus idaeus,OpenDryPoor
67392,Rubus idaeus,OpenDryPoor
67393,Rubus idaeus,OpenDryPoor
67394,Rubus idaeus,OpenDryPoor
67395,Rubus idaeus,OpenDryPoor
67396,Rubus idaeus,OpenDryPoor
67397,Rubus idaeus,OpenDryPoor
67398,Rubus idaeus,OpenDryPoor
67399,Rubus idaeus,OpenDryPoor
67400,Rubus idaeus,OpenDryPoor
67401,Rubus idaeus,OpenDryPoor
67402,Rubus idaeus,OpenDryPoor
67403,Rubus idaeus,OpenDryPoor
67404,Rubus idaeus,OpenDryPoor
67984,Rubus idaeus,OpenDryPoor
67985,Rubus idaeus,OpenDryPoor
67986,Rubus idaeus,OpenDryPoor
67987,Rubus idaeus,OpenDryPoor
67988,Rubus idaeus,OpenDryPoor
67989,Rubus idaeus,OpenDryPoor
67990,Rubus idaeus,OpenDryPoor
67991,Rubus idaeus,OpenDryPoor
67992,Rubus idaeus,OpenDryPoor
67993,Rubus idaeus,OpenDryPoor
67994,Rubus idaeus,OpenDryPoor
67995,Rubus idaeus,OpenDryPoor
67996,Rubus idaeus,OpenDryPoor
67997,Rubus idaeus,OpenDryPoor
67998,Rubus idaeus,OpenDryPoor
67999,Rubus idaeus,OpenDryPoor
68000,Rubus idaeus,OpenDryPoor
68001,Rubus idaeus,OpenDryPoor
68002,Rubus idaeus,OpenDryPoor
68003,Rubus idaeus,OpenDryPoor
68583,Rubus idaeus,OpenDryPoor
68584,Rubus idaeus,OpenDryPoor
68585,Rubus idaeus,OpenDryPoor
68586,Rubus idaeus,OpenDryPoor
68587,Rubus idaeus,OpenDryPoor
68588,Rubus idaeus,OpenDryPoor
68589,Rubus idaeus,OpenDryPoor
68590,Rubus idaeus,OpenDryPoor
68591,Rubus idaeus,OpenDryPoor
68592,Rubus idaeus,OpenDryPoor
68593,Rubus idaeus,OpenDryPoor
68594,Rubus idaeus,OpenDryPoor
68595,Rubus idaeus,OpenDryPoor
68596,Rubus idaeus,OpenDryPoor
68597,Rubus idaeus,OpenDryPoor
68598,Rubus idaeus,OpenDryPoor
68599,Rubus idaeus,OpenDryPoor
68600,Rubus idaeus,OpenDryPoor
68601,Rubus idaeus,OpenDryPoor
68602,Rubus idaeus,OpenDryPoor
69182,Rubus idaeus,OpenDryPoor
69183,Rubus idaeus,OpenDryPoor
69184,Rubus idaeus,OpenDryPoor
69185,Rubus idaeus,OpenDryPoor
69186,Rubus idaeus,OpenDryPoor
69187,Rubus idaeus,OpenDryPoor
69188,Rubus idaeus,OpenDryPoor
69189,Rubus idaeus,OpenDryPoor
69190,Rubus idaeus,OpenDryPoor
69191,Rubus idaeus,OpenDryPoor
69192,Rubus idaeus,OpenDryPoor
69193,Rubus idaeus,OpenDryPoor
69194,Rubus idaeus,OpenDryPoor
69195,Rubus idaeus,OpenDryPoor
69196,Rubus idaeus,OpenDryPoor
69197,Rubus idaeus,OpenDryPoor
69198,Rubus idaeus,OpenDryPoor
69199,Rubus idaeus,OpenDryPoor
69200,Rubus idaeus,OpenDryPoor
69201,Rubus idaeus,OpenDryPoor
69781,Rubus idaeus,OpenDryPoor
69782,Rubus idaeus,OpenDryPoor
69783,Rubus idaeus,OpenDryPoor
69784,Rubus idaeus,OpenDryPoor
69785,Rubus idaeus,OpenDryPoor
69786,Rubus idaeus,OpenDryPoor
69787,Rubus idaeus,OpenDryPoor
69788,Rubus idaeus,OpenDryPoor
69789,Rubus idaeus,OpenDryPoor
69790,Rubus idaeus,OpenDryPoor
69791,Rubus idaeus,OpenDryPoor
69792,Rubus idaeus,OpenDryPoor
69793,Rubus idaeus,OpenDryPoor
69794,Rubus idaeus,OpenDryPoor
69795,Rubus idaeus,OpenDryPoor
69796,Rubus idaeus,OpenDryPoor
69797,Rubus idaeus,OpenDryPoor
69798,Rubus idaeus,OpenDryPoor
69799,Rubus idaeus,OpenDryPoor
69800,Rubus idaeus,OpenDryPoor
70380,Rubus idaeus,OpenDryPoor
70381,Rubus idaeus,OpenDryPoor
70382,Rubus idaeus,OpenDryPoor
70383,Rubus idaeus,OpenDryPoor
70384,Rubus idaeus,OpenDryPoor
70385,Rubus idaeus,OpenDryPoor
70386,Rubus idaeus,OpenDryPoor
70387,Rubus idaeus,OpenDryPoor
70388,Rubus idaeus,OpenDryPoor
70389,Rubus idaeus,OpenDryPoor
70390,Rubus idaeus,OpenDryPoor
70391,Rubus idaeus,OpenDryPoor
70392,Rubus idaeus,OpenDryPoor
70393,Rubus idaeus,OpenDryPoor
70394,Rubus idaeus,OpenDryPoor
70395,Rubus idaeus,OpenDryPoor
70396,Rubus idaeus,OpenDryPoor
70397,Rubus idaeus,OpenDryPoor
70398,Rubus idaeus,OpenDryPoor
70399,Rubus idaeus,OpenDryPoor
70979,Rubus idaeus,OpenDryPoor
70980,Rubus idaeus,OpenDryPoor
70981,Rubus idaeus,OpenDryPoor
70982,Rubus idaeus,OpenDryPoor
70983,Rubus idaeus,OpenDryPoor
70984,Rubus idaeus,OpenDryPoor
70985,Rubus idaeus,OpenDryPoor
70986,Rubus idaeus,OpenDryPoor
70987,Rubus idaeus,OpenDryPoor
70988,Rubus idaeus,OpenDryPoor
70989,Rubus idaeus,OpenDryPoor
70990,Rubus idaeus,OpenDryPoor
70991,Rub112475,Rubus idaeus,OpenDryPoor
112476,Rubus idaeus,OpenDryPoor
112477,Rubus idaeus,OpenDryPoor
112478,Rubus idaeus,OpenDryPoor
112479,Rubus idaeus,OpenDryPoor
112480,Rubus idaeus,OpenDryPoor
112481,Rubus idaeus,OpenDryPoor
112482,Rubus idaeus,OpenDryPoor
112483,Rubus idaeus,OpenDryPoor
112484,Rubus idaeus,OpenDryPoor
112485,Rubus idaeus,OpenDryPoor
112486,Rubus idaeus,OpenDryPoor
112487,Rubus idaeus,OpenDryPoor
112488,Rubus idaeus,OpenDryPoor
112489,Rubus idaeus,OpenDryPoor
112490,Rubus idaeus,OpenDryPoor
112491,Rubus idaeus,OpenDryPoor
112492,Rubus idaeus,OpenDryPoor
112493,Rubus idaeus,OpenDryPoor
112494,Rubus idaeus,OpenDryPoor
112495,Rubus idaeus,OpenDryPoor
112496,Rubus idaeus,OpenDryPoor
112497,Rubus idaeus,OpenDryPoor
112498,Rubus idaeus,OpenDryPoor
112499,Rubus idaeus,OpenDryPoor
112500,Rubus idaeus,OpenDryPoor
112501,Rubus idaeus,OpenDryPoor
112502,Rubus idaeus,OpenDryPoor
112503,Rubus idaeus,OpenDryPoor
112504,Rubus idaeus,OpenDryPoor
112505,Rubus idaeus,OpenDryPoor
112506,Rubus idaeus,OpenDryPoor
112507,Rubus idaeus,OpenDryPoor
112508,Rubus idaeus,OpenDryPoor
112509,Rubus idaeus,OpenDryPoor
113059,Rubus idaeus,OpenDryPoor
113060,Rubus idaeus,OpenDryPoor
113061,Rubus idaeus,OpenDryPoor
113062,Rubus idaeus,OpenDryPoor
113063,Rubus idaeus,OpenDryPoor
113064,Rubus idaeus,OpenDryPoor
113065,Rubus idaeus,OpenDryPoor
113066,Rubus idaeus,OpenDryPoor
113067,Rubus idaeus,OpenDryPoor
113068,Rubus idaeus,OpenDryPoor
113069,Rubus idaeus,OpenDryPoor
113070,Rubus idaeus,OpenDryPoor
113071,Rubus idaeus,OpenDryPoor
113072,Rubus idaeus,OpenDryPoor
113073,Rubus idaeus,OpenDryPoor
113074,Rubus idaeus,OpenDryPoor
113075,Rubus idaeus,OpenDryPoor
113076,Rubus idaeus,OpenDryPoor
113077,Rubus idaeus,OpenDryPoor
113078,Rubus idaeus,OpenDryPoor
113079,Rubus idaeus,OpenDryPoor
113080,Rubus idaeus,OpenDryPoor
113081,Rubus idaeus,OpenDryPoor
113082,Rubus idaeus,OpenDryPoor
113083,Rubus idaeus,OpenDryPoor
113084,Rubus idaeus,OpenDryPoor
113085,Rubus idaeus,OpenDryPoor
113086,Rubus idaeus,OpenDryPoor
113087,Rubus idaeus,OpenDryPoor
113088,Rubus idaeus,OpenDryPoor
113089,Rubus idaeus,OpenDryPoor
113090,Rubus idaeus,OpenDryPoor
113091,Rubus idaeus,OpenDryPoor
113092,Rubus idaeus,OpenDryPoor
113093,Rubus idaeus,OpenDryPoor
113094,Rubus idaeus,OpenDryPoor
113095,Rubus idaeus,OpenDryPoor
113096,Rubus idaeus,OpenDryPoor
113097,Rubus idaeus,OpenDryPoor
113098,Rubus idaeus,OpenDryPoor
113099,Rubus idaeus,OpenDryPoor
113100,Rubus idaeus,OpenDryPoor
113101,Rubus idaeus,OpenDryPoor
113102,Rubus idaeus,OpenDryPoor
113103,Rubus idaeus,OpenDryPoor
113104,Rubus idaeus,OpenDryPoor
113105,Rubus idaeus,OpenDryPoor
113106,Rubus idaeus,OpenDryPoor
113107,Rubus idaeus,OpenDryPoor
113108,Rubus idaeus,OpenDryPoor
113658,Rubus idaeus,OpenDryPoor
113659,Rubus idaeus,OpenDryPoor
113660,Rubus idaeus,OpenDryPoor
113661,Rubus idaeus,OpenDryPoor
113662,Rubus idaeus,OpenDryPoor
113663,Rubus idaeus,OpenDryPoor
113664,Rubus idaeus,OpenDryPoor
113665,Rubus idaeus,OpenDryPoor
113666,Rubus idaeus,OpenDryPoor
113667,Rubus idaeus,OpenDryPoor
113668,Rubus idaeus,OpenDryPoor
113669,Rubus idaeus,OpenDryPoor
113670,Rubus idaeus,OpenDryPoor
113671,Rubus idaeus,OpenDryPoor
113672,Rubus idaeus,OpenDryPoor
113673,Rubus idaeus,OpenDryPoor
113674,Rubus idaeus,OpenDryPoor
113675,Rubus idaeus,OpenDryPoor
113676,Rubus idaeus,OpenDryPoor
113677,Rubus idaeus,OpenDryPoor
113678,Rubus idaeus,OpenDryPoor
113679,Rubus idaeus,OpenDryPoor
113680,Rubus idaeus,OpenDryPoor
113681,Rubus idaeus,OpenDryPoor
113682,Rubus idaeus,OpenDryPoor
113683,Rubus idaeus,OpenDryPoor
113684,Rubus idaeus,OpenDryPoor
113685,Rubus idaeus,OpenDryPoor
113686,Rubus idaeus,OpenDryPoor
113687,Rubus idaeus,OpenDryPoor
113688,Rubus idaeus,OpenDryPoor
113689,Rubus idaeus,OpenDryPoor
113690,Rubus idaeus,OpenDryPoor
113691,Rubus idaeus,OpenDryPoor
113692,Rubus idaeus,OpenDryPoor
113693,Rubus idaeus,OpenDryPoor
113694,Rubus idaeus,OpenDryPoor
113695,Rubus idaeus,OpenDryPoor
113696,Rubus idaeus,OpenDryPoor
113697,Rubus idaeus,OpenDryPoor
113698,Rubus idaeus,OpenDryPoor
113699,Rubus idaeus,OpenDryPoor
113700,Rubus idaeus,OpenDryPoor
us idaeus,OpenDryPoor
70992,Rubus idaeus,OpenDryPoor
70993,Rubus idaeus,OpenDryPoor
70994,Rubus idaeus,OpenDryPoor
70995,Rubus idaeus,OpenDryPoor
70996,Rubus idaeus,OpenDryPoor
70997,Rubus idaeus,OpenDryPoor
70998,Rubus idaeus,OpenDryPoor
71578,Rubus idaeus,OpenDryPoor
71579,Rubus idaeus,OpenDryPoor
71580,Rubus idaeus,OpenDryPoor
71581,Rubus idaeus,OpenDryPoor
71582,Rubus idaeus,OpenDryPoor
71583,Rubus idaeus,OpenDryPoor
71584,Rubus idaeus,OpenDryPoor
71585,Rubus idaeus,OpenDryPoor
71586,Rubus idaeus,OpenDryPoor
71587,Rubus idaeus,OpenDryPoor
71588,Rubus idaeus,OpenDryPoor
71589,Rubus idaeus,OpenDryPoor
71590,Rubus idaeus,OpenDryPoor
71591,Rubus idaeus,OpenDryPoor
71592,Rubus idaeus,OpenDryPoor
71593,Rubus idaeus,OpenDryPoor
71594,Rubus idaeus,OpenDryPoor
71595,Rubus idaeus,OpenDryPoor
71596,Rubus idaeus,OpenDryPoor
71597,Rubus idaeus,OpenDryPoor
72177,Rubus idaeus,OpenDryPoor
72178,Rubus idaeus,OpenDryPoor
72179,Rubus idaeus,OpenDryPoor
72180,Rubus idaeus,OpenDryPoor
72181,Rubus idaeus,OpenDryPoor
72182,Rubus idaeus,OpenDryPoor
72183,Rubus idaeus,OpenDryPoor
72184,Rubus idaeus,OpenDryPoor
72185,Rubus idaeus,OpenDryPoor
72186,Rubus idaeus,OpenDryPoor
72187,Rubus idaeus,OpenDryPoor
72188,Rubus idaeus,OpenDryPoor
72189,Rubus idaeus,OpenDryPoor
72190,Rubus idaeus,OpenDryPoor
72191,Rubus idaeus,OpenDryPoor
72192,Rubus idaeus,OpenDryPoor
72193,Rubus idaeus,OpenDryPoor
72194,Rubus idaeus,OpenDryPoor
72195,Rubus idaeus,OpenDryPoor
72196,Rubus idaeus,OpenDryPoor
72776,Rubus idaeus,OpenDryPoor
72777,Rubus idaeus,OpenDryPoor
72778,Rubus idaeus,OpenDryPoor
72779,Rubus idaeus,OpenDryPoor
72780,Rubus idaeus,OpenDryPoor
72781,Rubus idaeus,OpenDryPoor
72782,Rubus idaeus,OpenDryPoor
72783,Rubus idaeus,OpenDryPoor
72784,Rubus idaeus,OpenDryPoor
72785,Rubus idaeus,OpenDryPoor
72786,Rubus idaeus,OpenDryPoor
72787,Rubus idaeus,OpenDryPoor
72788,Rubus idaeus,OpenDryPoor
72789,Rubus idaeus,OpenDryPoor
72790,Rubus idaeus,OpenDryPoor
72791,Rubus idaeus,OpenDryPoor
72792,Rubus idaeus,OpenDryPoor
72793,Rubus idaeus,OpenDryPoor
72794,Rubus idaeus,OpenDryPoor
72795,Rubus idaeus,OpenDryPoor
73375,Rubus idaeus,OpenDryPoor
73376,Rubus idaeus,OpenDryPoor
73377,Rubus idaeus,OpenDryPoor
73378,Rubus idaeus,OpenDryPoor
73379,Rubus idaeus,OpenDryPoor
73380,Rubus idaeus,OpenDryPoor
73381,Rubus idaeus,OpenDryPoor
73382,Rubus idaeus,OpenDryPoor
73383,Rubus idaeus,OpenDryPoor
73384,Rubus idaeus,OpenDryPoor
73385,Rubus idaeus,OpenDryPoor
73386,Rubus idaeus,OpenDryPoor
73387,Rubus idaeus,OpenDryPoor
73388,Rubus idaeus,OpenDryPoor
73389,Rubus idaeus,OpenDryPoor
73390,Rubus idaeus,OpenDryPoor
73391,Rubus idaeus,OpenDryPoor
73392,Rubus idaeus,OpenDryPoor
73393,Rubus idaeus,OpenDryPoor
73394,Rubus idaeus,OpenDryPoor
73974,Rubus idaeus,OpenDryPoor
73975,Rubus idaeus,OpenDryPoor
73976,Rubus idaeus,OpenDryPoor
73977,Rubus idaeus,OpenDryPoor
73978,Rubus idaeus,OpenDryPoor
73979,Rubus idaeus,OpenDryPoor
73980,Rubus idaeus,OpenDryPoor
73981,Rubus idaeus,OpenDryPoor
73982,Rubus idaeus,OpenDryPoor
73983,Rubus idaeus,OpenDryPoor
73984,Rubus idaeus,OpenDryPoor
73985,Rubus idaeus,OpenDryPoor
73986,Rubus idaeus,OpenDryPoor
73987,Rubus idaeus,OpenDryPoor
73988,Rubus idaeus,OpenDryPoor
73989,Rubus idaeus,OpenDryPoor
73990,Rubus idaeus,OpenDryPoor
73991,Rubus idaeus,OpenDryPoor
73992,Rubus idaeus,OpenDryPoor
73993,Rubus idaeus,OpenDryPoor
74593,Rubus idaeus,OpenDryPoor
74594,Rubus idaeus,OpenDryPoor
74595,Rubus idaeus,OpenDryPoor
74596,Rubus idaeus,OpenDryPoor
74597,Rubus idaeus,OpenDryPoor
74598,Rubus idaeus,OpenDryPoor
74599,Rubus idaeus,OpenDryPoor
74600,Rubus idaeus,OpenDryPoor
74601,Rubus idaeus,OpenDryPoor
74602,Rubus idaeus,OpenDryPoor
74603,Rubus idaeus,OpenDryPoor
74604,Rubus idaeus,OpenDryPoor
74605,Rubus idaeus,OpenDryPoor
74606,Rubus idaeus,OpenDryPoor
74607,Rubus idaeus,OpenDryPoor
74608,Rubus idaeus,OpenDryPoor
74609,Rubus idaeus,OpenDryPoor
74610,Rubus idaeus,OpenDryPoor
74611,Rubus idaeus,OpenDryPoor
74612,Rubus idaeus,OpenDryPoor
75192,Rubus idaeus,OpenDryPoor
75193,Rubus idaeus,OpenDryPoor
75194,Rubus idaeus,OpenDryPoor
75195,Rubus idaeus,OpenDryPoor
75196,Rubus i113701,Rubus idaeus,OpenDryPoor
113702,Rubus idaeus,OpenDryPoor
113703,Rubus idaeus,OpenDryPoor
113704,Rubus idaeus,OpenDryPoor
113705,Rubus idaeus,OpenDryPoor
113706,Rubus idaeus,OpenDryPoor
113707,Rubus idaeus,OpenDryPoor
114256,Rubus idaeus,OpenDryPoor
114257,Rubus idaeus,OpenDryPoor
114258,Rubus idaeus,OpenDryPoor
114259,Rubus idaeus,OpenDryPoor
114260,Rubus idaeus,OpenDryPoor
114261,Rubus idaeus,OpenDryPoor
114262,Rubus idaeus,OpenDryPoor
114263,Rubus idaeus,OpenDryPoor
114264,Rubus idaeus,OpenDryPoor
114265,Rubus idaeus,OpenDryPoor
114266,Rubus idaeus,OpenDryPoor
114267,Rubus idaeus,OpenDryPoor
114268,Rubus idaeus,OpenDryPoor
114269,Rubus idaeus,OpenDryPoor
114270,Rubus idaeus,OpenDryPoor
114271,Rubus idaeus,OpenDryPoor
114272,Rubus idaeus,OpenDryPoor
114273,Rubus idaeus,OpenDryPoor
114274,Rubus idaeus,OpenDryPoor
114275,Rubus idaeus,OpenDryPoor
114276,Rubus idaeus,OpenDryPoor
114277,Rubus idaeus,OpenDryPoor
114278,Rubus idaeus,OpenDryPoor
114279,Rubus idaeus,OpenDryPoor
114280,Rubus idaeus,OpenDryPoor
114281,Rubus idaeus,OpenDryPoor
114282,Rubus idaeus,OpenDryPoor
114283,Rubus idaeus,OpenDryPoor
114284,Rubus idaeus,OpenDryPoor
114285,Rubus idaeus,OpenDryPoor
114286,Rubus idaeus,OpenDryPoor
114287,Rubus idaeus,OpenDryPoor
114288,Rubus idaeus,OpenDryPoor
114289,Rubus idaeus,OpenDryPoor
114290,Rubus idaeus,OpenDryPoor
114291,Rubus idaeus,OpenDryPoor
114292,Rubus idaeus,OpenDryPoor
114293,Rubus idaeus,OpenDryPoor
114294,Rubus idaeus,OpenDryPoor
114295,Rubus idaeus,OpenDryPoor
114296,Rubus idaeus,OpenDryPoor
114297,Rubus idaeus,OpenDryPoor
114298,Rubus idaeus,OpenDryPoor
114299,Rubus idaeus,OpenDryPoor
114300,Rubus idaeus,OpenDryPoor
114301,Rubus idaeus,OpenDryPoor
114302,Rubus idaeus,OpenDryPoor
114303,Rubus idaeus,OpenDryPoor
114304,Rubus idaeus,OpenDryPoor
114305,Rubus idaeus,OpenDryPoor
114306,Rubus idaeus,OpenDryPoor
114854,Rubus idaeus,OpenDryPoor
114855,Rubus idaeus,OpenDryPoor
114856,Rubus idaeus,OpenDryPoor
114857,Rubus idaeus,OpenDryPoor
114858,Rubus idaeus,OpenDryPoor
114859,Rubus idaeus,OpenDryPoor
114860,Rubus idaeus,OpenDryPoor
114861,Rubus idaeus,OpenDryPoor
114862,Rubus idaeus,OpenDryPoor
114863,Rubus idaeus,OpenDryPoor
114864,Rubus idaeus,OpenDryPoor
114865,Rubus idaeus,OpenDryPoor
114866,Rubus idaeus,OpenDryPoor
114867,Rubus idaeus,OpenDryPoor
114868,Rubus idaeus,OpenDryPoor
114869,Rubus idaeus,OpenDryPoor
114870,Rubus idaeus,OpenDryPoor
114871,Rubus idaeus,OpenDryPoor
114872,Rubus idaeus,OpenDryPoor
114873,Rubus idaeus,OpenDryPoor
114874,Rubus idaeus,OpenDryPoor
114875,Rubus idaeus,OpenDryPoor
114876,Rubus idaeus,OpenDryPoor
114877,Rubus idaeus,OpenDryPoor
114878,Rubus idaeus,OpenDryPoor
114879,Rubus idaeus,OpenDryPoor
114880,Rubus idaeus,OpenDryPoor
114881,Rubus idaeus,OpenDryPoor
114882,Rubus idaeus,OpenDryPoor
114883,Rubus idaeus,OpenDryPoor
114884,Rubus idaeus,OpenDryPoor
114885,Rubus idaeus,OpenDryPoor
114886,Rubus idaeus,OpenDryPoor
114887,Rubus idaeus,OpenDryPoor
114888,Rubus idaeus,OpenDryPoor
114889,Rubus idaeus,OpenDryPoor
114890,Rubus idaeus,OpenDryPoor
114891,Rubus idaeus,OpenDryPoor
114892,Rubus idaeus,OpenDryPoor
114893,Rubus idaeus,OpenDryPoor
114894,Rubus idaeus,OpenDryPoor
114895,Rubus idaeus,OpenDryPoor
114896,Rubus idaeus,OpenDryPoor
114897,Rubus idaeus,OpenDryPoor
114898,Rubus idaeus,OpenDryPoor
114899,Rubus idaeus,OpenDryPoor
114900,Rubus idaeus,OpenDryPoor
114901,Rubus idaeus,OpenDryPoor
114902,Rubus idaeus,OpenDryPoor
114903,Rubus idaeus,OpenDryPoor
114904,Rubus idaeus,OpenDryPoor
114905,Rubus idaeus,OpenDryPoor
115452,Rubus idaeus,OpenDryPoor
115453,Rubus idaeus,OpenDryPoor
115454,Rubus idaeus,OpenDryPoor
115455,Rubus idaeus,OpenDryPoor
115456,Rubus idaeus,OpenDryPoor
115457,Rubus idaeus,OpenDryPoor
115458,Rubus idaeus,OpenDryPoor
115459,Rubus idaeus,OpenDryPoor
115460,Rubus idaeus,OpenDryPoor
115461,Rubus idaeus,OpenDryPoor
115462,Rubus idaeus,OpenDryPoor
115463,Rubus idaeus,OpenDryPoor
115464,Rubus idaeus,OpenDryPoor
115465,Rubus idaeus,OpenDryPoor
115466,Rubus idaeus,OpenDryPoor
115467,Rubus idaeus,OpenDryPoor
115468,Rubus idaeus,OpenDryPoor
115469,Rubus idaeus,OpenDryPoor
daeus,OpenDryPoor
75197,Rubus idaeus,OpenDryPoor
75198,Rubus idaeus,OpenDryPoor
75199,Rubus idaeus,OpenDryPoor
75200,Rubus idaeus,OpenDryPoor
75201,Rubus idaeus,OpenDryPoor
75202,Rubus idaeus,OpenDryPoor
75203,Rubus idaeus,OpenDryPoor
75204,Rubus idaeus,OpenDryPoor
75205,Rubus idaeus,OpenDryPoor
75206,Rubus idaeus,OpenDryPoor
75207,Rubus idaeus,OpenDryPoor
75208,Rubus idaeus,OpenDryPoor
75209,Rubus idaeus,OpenDryPoor
75210,Rubus idaeus,OpenDryPoor
75211,Rubus idaeus,OpenDryPoor
75791,Rubus idaeus,OpenDryPoor
75792,Rubus idaeus,OpenDryPoor
75793,Rubus idaeus,OpenDryPoor
75794,Rubus idaeus,OpenDryPoor
75795,Rubus idaeus,OpenDryPoor
75796,Rubus idaeus,OpenDryPoor
75797,Rubus idaeus,OpenDryPoor
75798,Rubus idaeus,OpenDryPoor
75799,Rubus idaeus,OpenDryPoor
75800,Rubus idaeus,OpenDryPoor
75801,Rubus idaeus,OpenDryPoor
75802,Rubus idaeus,OpenDryPoor
75803,Rubus idaeus,OpenDryPoor
75804,Rubus idaeus,OpenDryPoor
75805,Rubus idaeus,OpenDryPoor
75806,Rubus idaeus,OpenDryPoor
75807,Rubus idaeus,OpenDryPoor
75808,Rubus idaeus,OpenDryPoor
75809,Rubus idaeus,OpenDryPoor
75810,Rubus idaeus,OpenDryPoor
76390,Rubus idaeus,OpenDryPoor
76391,Rubus idaeus,OpenDryPoor
76392,Rubus idaeus,OpenDryPoor
76393,Rubus idaeus,OpenDryPoor
76394,Rubus idaeus,OpenDryPoor
76395,Rubus idaeus,OpenDryPoor
76396,Rubus idaeus,OpenDryPoor
76397,Rubus idaeus,OpenDryPoor
76398,Rubus idaeus,OpenDryPoor
76399,Rubus idaeus,OpenDryPoor
76400,Rubus idaeus,OpenDryPoor
76401,Rubus idaeus,OpenDryPoor
76402,Rubus idaeus,OpenDryPoor
76403,Rubus idaeus,OpenDryPoor
76404,Rubus idaeus,OpenDryPoor
76405,Rubus idaeus,OpenDryPoor
76406,Rubus idaeus,OpenDryPoor
76407,Rubus idaeus,OpenDryPoor
76408,Rubus idaeus,OpenDryPoor
76409,Rubus idaeus,OpenDryPoor
76989,Rubus idaeus,OpenDryPoor
76990,Rubus idaeus,OpenDryPoor
76991,Rubus idaeus,OpenDryPoor
76992,Rubus idaeus,OpenDryPoor
76993,Rubus idaeus,OpenDryPoor
76994,Rubus idaeus,OpenDryPoor
76995,Rubus idaeus,OpenDryPoor
76996,Rubus idaeus,OpenDryPoor
76997,Rubus idaeus,OpenDryPoor
76998,Rubus idaeus,OpenDryPoor
76999,Rubus idaeus,OpenDryPoor
77000,Rubus idaeus,OpenDryPoor
77001,Rubus idaeus,OpenDryPoor
77002,Rubus idaeus,OpenDryPoor
77003,Rubus idaeus,OpenDryPoor
77004,Rubus idaeus,OpenDryPoor
77005,Rubus idaeus,OpenDryPoor
77006,Rubus idaeus,OpenDryPoor
77007,Rubus idaeus,OpenDryPoor
77008,Rubus idaeus,OpenDryPoor
77588,Rubus idaeus,OpenDryPoor
77589,Rubus idaeus,OpenDryPoor
77590,Rubus idaeus,OpenDryPoor
77591,Rubus idaeus,OpenDryPoor
77592,Rubus idaeus,OpenDryPoor
77593,Rubus idaeus,OpenDryPoor
77594,Rubus idaeus,OpenDryPoor
77595,Rubus idaeus,OpenDryPoor
77596,Rubus idaeus,OpenDryPoor
77597,Rubus idaeus,OpenDryPoor
77598,Rubus idaeus,OpenDryPoor
77599,Rubus idaeus,OpenDryPoor
77600,Rubus idaeus,OpenDryPoor
77601,Rubus idaeus,OpenDryPoor
77602,Rubus idaeus,OpenDryPoor
77603,Rubus idaeus,OpenDryPoor
77604,Rubus idaeus,OpenDryPoor
77605,Rubus idaeus,OpenDryPoor
77606,Rubus idaeus,OpenDryPoor
77607,Rubus idaeus,OpenDryPoor
78187,Rubus idaeus,OpenDryPoor
78188,Rubus idaeus,OpenDryPoor
78189,Rubus idaeus,OpenDryPoor
78190,Rubus idaeus,OpenDryPoor
78191,Rubus idaeus,OpenDryPoor
78192,Rubus idaeus,OpenDryPoor
78193,Rubus idaeus,OpenDryPoor
78194,Rubus idaeus,OpenDryPoor
78195,Rubus idaeus,OpenDryPoor
78196,Rubus idaeus,OpenDryPoor
78197,Rubus idaeus,OpenDryPoor
78198,Rubus idaeus,OpenDryPoor
78199,Rubus idaeus,OpenDryPoor
78200,Rubus idaeus,OpenDryPoor
78201,Rubus idaeus,OpenDryPoor
78202,Rubus idaeus,OpenDryPoor
78203,Rubus idaeus,OpenDryPoor
78204,Rubus idaeus,OpenDryPoor
78205,Rubus idaeus,OpenDryPoor
78206,Rubus idaeus,OpenDryPoor
78786,Rubus idaeus,OpenDryPoor
78787,Rubus idaeus,OpenDryPoor
78788,Rubus idaeus,OpenDryPoor
78789,Rubus idaeus,OpenDryPoor
78790,Rubus idaeus,OpenDryPoor
78791,Rubus idaeus,OpenDryPoor
78792,Rubus idaeus,OpenDryPoor
78793,Rubus idaeus,OpenDryPoor
78794,Rubus idaeus,OpenDryPoor
78795,Rubus idaeus,OpenDryPoor
78796,Rubus idaeus,OpenDryPoor
78797,Rubus idaeus,OpenDryPoor
78798,Rubus idaeus,OpenDryPoor
78799,Rubus idaeus,OpenDryPoor
78800,Rubus idaeus,OpenDryPoor
78801,Rubus idaeus,OpenDryPoor
78802,Rubus idaeu115470,Rubus idaeus,OpenDryPoor
115471,Rubus idaeus,OpenDryPoor
115472,Rubus idaeus,OpenDryPoor
115473,Rubus idaeus,OpenDryPoor
115474,Rubus idaeus,OpenDryPoor
115475,Rubus idaeus,OpenDryPoor
115476,Rubus idaeus,OpenDryPoor
115477,Rubus idaeus,OpenDryPoor
115478,Rubus idaeus,OpenDryPoor
115479,Rubus idaeus,OpenDryPoor
115480,Rubus idaeus,OpenDryPoor
115481,Rubus idaeus,OpenDryPoor
115482,Rubus idaeus,OpenDryPoor
115483,Rubus idaeus,OpenDryPoor
115484,Rubus idaeus,OpenDryPoor
115485,Rubus idaeus,OpenDryPoor
115486,Rubus idaeus,OpenDryPoor
115487,Rubus idaeus,OpenDryPoor
115488,Rubus idaeus,OpenDryPoor
115489,Rubus idaeus,OpenDryPoor
115490,Rubus idaeus,OpenDryPoor
115491,Rubus idaeus,OpenDryPoor
115492,Rubus idaeus,OpenDryPoor
115493,Rubus idaeus,OpenDryPoor
115494,Rubus idaeus,OpenDryPoor
115495,Rubus idaeus,OpenDryPoor
115496,Rubus idaeus,OpenDryPoor
115497,Rubus idaeus,OpenDryPoor
115498,Rubus idaeus,OpenDryPoor
115499,Rubus idaeus,OpenDryPoor
115500,Rubus idaeus,OpenDryPoor
115501,Rubus idaeus,OpenDryPoor
115502,Rubus idaeus,OpenDryPoor
115503,Rubus idaeus,OpenDryPoor
115504,Rubus idaeus,OpenDryPoor
116051,Rubus idaeus,OpenDryPoor
116052,Rubus idaeus,OpenDryPoor
116053,Rubus idaeus,OpenDryPoor
116054,Rubus idaeus,OpenDryPoor
116055,Rubus idaeus,OpenDryPoor
116056,Rubus idaeus,OpenDryPoor
116057,Rubus idaeus,OpenDryPoor
116058,Rubus idaeus,OpenDryPoor
116059,Rubus idaeus,OpenDryPoor
116060,Rubus idaeus,OpenDryPoor
116061,Rubus idaeus,OpenDryPoor
116062,Rubus idaeus,OpenDryPoor
116063,Rubus idaeus,OpenDryPoor
116064,Rubus idaeus,OpenDryPoor
116065,Rubus idaeus,OpenDryPoor
116066,Rubus idaeus,OpenDryPoor
116067,Rubus idaeus,OpenDryPoor
116068,Rubus idaeus,OpenDryPoor
116069,Rubus idaeus,OpenDryPoor
116070,Rubus idaeus,OpenDryPoor
116071,Rubus idaeus,OpenDryPoor
116072,Rubus idaeus,OpenDryPoor
116073,Rubus idaeus,OpenDryPoor
116074,Rubus idaeus,OpenDryPoor
116075,Rubus idaeus,OpenDryPoor
116076,Rubus idaeus,OpenDryPoor
116077,Rubus idaeus,OpenDryPoor
116078,Rubus idaeus,OpenDryPoor
116079,Rubus idaeus,OpenDryPoor
116080,Rubus idaeus,OpenDryPoor
116081,Rubus idaeus,OpenDryPoor
116082,Rubus idaeus,OpenDryPoor
116083,Rubus idaeus,OpenDryPoor
116084,Rubus idaeus,OpenDryPoor
116085,Rubus idaeus,OpenDryPoor
116086,Rubus idaeus,OpenDryPoor
116087,Rubus idaeus,OpenDryPoor
116088,Rubus idaeus,OpenDryPoor
116089,Rubus idaeus,OpenDryPoor
116090,Rubus idaeus,OpenDryPoor
116091,Rubus idaeus,OpenDryPoor
116092,Rubus idaeus,OpenDryPoor
116093,Rubus idaeus,OpenDryPoor
116094,Rubus idaeus,OpenDryPoor
116095,Rubus idaeus,OpenDryPoor
116096,Rubus idaeus,OpenDryPoor
116097,Rubus idaeus,OpenDryPoor
116098,Rubus idaeus,OpenDryPoor
116099,Rubus idaeus,OpenDryPoor
116100,Rubus idaeus,OpenDryPoor
116101,Rubus idaeus,OpenDryPoor
116102,Rubus idaeus,OpenDryPoor
116103,Rubus idaeus,OpenDryPoor
116649,Rubus idaeus,OpenDryPoor
116650,Rubus idaeus,OpenDryPoor
116651,Rubus idaeus,OpenDryPoor
116652,Rubus idaeus,OpenDryPoor
116653,Rubus idaeus,OpenDryPoor
116654,Rubus idaeus,OpenDryPoor
116655,Rubus idaeus,OpenDryPoor
116656,Rubus idaeus,OpenDryPoor
116657,Rubus idaeus,OpenDryPoor
116658,Rubus idaeus,OpenDryPoor
116659,Rubus idaeus,OpenDryPoor
116660,Rubus idaeus,OpenDryPoor
116661,Rubus idaeus,OpenDryPoor
116662,Rubus idaeus,OpenDryPoor
116663,Rubus idaeus,OpenDryPoor
116664,Rubus idaeus,OpenDryPoor
116665,Rubus idaeus,OpenDryPoor
116666,Rubus idaeus,OpenDryPoor
116667,Rubus idaeus,OpenDryPoor
116668,Rubus idaeus,OpenDryPoor
116669,Rubus idaeus,OpenDryPoor
116670,Rubus idaeus,OpenDryPoor
116671,Rubus idaeus,OpenDryPoor
116672,Rubus idaeus,OpenDryPoor
116673,Rubus idaeus,OpenDryPoor
116674,Rubus idaeus,OpenDryPoor
116675,Rubus idaeus,OpenDryPoor
116676,Rubus idaeus,OpenDryPoor
116677,Rubus idaeus,OpenDryPoor
116678,Rubus idaeus,OpenDryPoor
116679,Rubus idaeus,OpenDryPoor
116680,Rubus idaeus,OpenDryPoor
116681,Rubus idaeus,OpenDryPoor
116682,Rubus idaeus,OpenDryPoor
116683,Rubus idaeus,OpenDryPoor
116684,Rubus idaeus,OpenDryPoor
116685,Rubus idaeus,OpenDryPoor
116686,Rubus idaeus,OpenDryPoor
116687,Rubus idaeus,OpenDryPoor
116688,Rubus idaeus,OpenDryPoor
s,OpenDryPoor
78803,Rubus idaeus,OpenDryPoor
78804,Rubus idaeus,OpenDryPoor
78805,Rubus idaeus,OpenDryPoor
79385,Rubus idaeus,OpenDryPoor
79386,Rubus idaeus,OpenDryPoor
79387,Rubus idaeus,OpenDryPoor
79388,Rubus idaeus,OpenDryPoor
79389,Rubus idaeus,OpenDryPoor
79390,Rubus idaeus,OpenDryPoor
79391,Rubus idaeus,OpenDryPoor
79392,Rubus idaeus,OpenDryPoor
79393,Rubus idaeus,OpenDryPoor
79394,Rubus idaeus,OpenDryPoor
79395,Rubus idaeus,OpenDryPoor
79396,Rubus idaeus,OpenDryPoor
79397,Rubus idaeus,OpenDryPoor
79398,Rubus idaeus,OpenDryPoor
79399,Rubus idaeus,OpenDryPoor
79400,Rubus idaeus,OpenDryPoor
79401,Rubus idaeus,OpenDryPoor
79402,Rubus idaeus,OpenDryPoor
79403,Rubus idaeus,OpenDryPoor
79404,Rubus idaeus,OpenDryPoor
79984,Rubus idaeus,OpenDryPoor
79985,Rubus idaeus,OpenDryPoor
79986,Rubus idaeus,OpenDryPoor
79987,Rubus idaeus,OpenDryPoor
79988,Rubus idaeus,OpenDryPoor
79989,Rubus idaeus,OpenDryPoor
79990,Rubus idaeus,OpenDryPoor
79991,Rubus idaeus,OpenDryPoor
79992,Rubus idaeus,OpenDryPoor
79993,Rubus idaeus,OpenDryPoor
79994,Rubus idaeus,OpenDryPoor
79995,Rubus idaeus,OpenDryPoor
79996,Rubus idaeus,OpenDryPoor
79997,Rubus idaeus,OpenDryPoor
79998,Rubus idaeus,OpenDryPoor
79999,Rubus idaeus,OpenDryPoor
80000,Rubus idaeus,OpenDryPoor
80001,Rubus idaeus,OpenDryPoor
80002,Rubus idaeus,OpenDryPoor
80003,Rubus idaeus,OpenDryPoor
80583,Rubus idaeus,OpenDryPoor
80584,Rubus idaeus,OpenDryPoor
80585,Rubus idaeus,OpenDryPoor
80586,Rubus idaeus,OpenDryPoor
80587,Rubus idaeus,OpenDryPoor
80588,Rubus idaeus,OpenDryPoor
80589,Rubus idaeus,OpenDryPoor
80590,Rubus idaeus,OpenDryPoor
80591,Rubus idaeus,OpenDryPoor
80592,Rubus idaeus,OpenDryPoor
80593,Rubus idaeus,OpenDryPoor
80594,Rubus idaeus,OpenDryPoor
80595,Rubus idaeus,OpenDryPoor
80596,Rubus idaeus,OpenDryPoor
80597,Rubus idaeus,OpenDryPoor
80598,Rubus idaeus,OpenDryPoor
80599,Rubus idaeus,OpenDryPoor
80600,Rubus idaeus,OpenDryPoor
80601,Rubus idaeus,OpenDryPoor
80602,Rubus idaeus,OpenDryPoor
81182,Rubus idaeus,OpenDryPoor
81183,Rubus idaeus,OpenDryPoor
81184,Rubus idaeus,OpenDryPoor
81185,Rubus idaeus,OpenDryPoor
81186,Rubus idaeus,OpenDryPoor
81187,Rubus idaeus,OpenDryPoor
81188,Rubus idaeus,OpenDryPoor
81189,Rubus idaeus,OpenDryPoor
81190,Rubus idaeus,OpenDryPoor
81191,Rubus idaeus,OpenDryPoor
81192,Rubus idaeus,OpenDryPoor
81193,Rubus idaeus,OpenDryPoor
81194,Rubus idaeus,OpenDryPoor
81195,Rubus idaeus,OpenDryPoor
81196,Rubus idaeus,OpenDryPoor
81197,Rubus idaeus,OpenDryPoor
81198,Rubus idaeus,OpenDryPoor
81199,Rubus idaeus,OpenDryPoor
81200,Rubus idaeus,OpenDryPoor
81201,Rubus idaeus,OpenDryPoor
81781,Rubus idaeus,OpenDryPoor
81782,Rubus idaeus,OpenDryPoor
81783,Rubus idaeus,OpenDryPoor
81784,Rubus idaeus,OpenDryPoor
81785,Rubus idaeus,OpenDryPoor
81786,Rubus idaeus,OpenDryPoor
81787,Rubus idaeus,OpenDryPoor
81788,Rubus idaeus,OpenDryPoor
81789,Rubus idaeus,OpenDryPoor
81790,Rubus idaeus,OpenDryPoor
81791,Rubus idaeus,OpenDryPoor
81792,Rubus idaeus,OpenDryPoor
81793,Rubus idaeus,OpenDryPoor
81794,Rubus idaeus,OpenDryPoor
81795,Rubus idaeus,OpenDryPoor
81796,Rubus idaeus,OpenDryPoor
81797,Rubus idaeus,OpenDryPoor
81798,Rubus idaeus,OpenDryPoor
81799,Rubus idaeus,OpenDryPoor
81800,Rubus idaeus,OpenDryPoor
82380,Rubus idaeus,OpenDryPoor
82381,Rubus idaeus,OpenDryPoor
82382,Rubus idaeus,OpenDryPoor
82383,Rubus idaeus,OpenDryPoor
82384,Rubus idaeus,OpenDryPoor
82385,Rubus idaeus,OpenDryPoor
82386,Rubus idaeus,OpenDryPoor
82387,Rubus idaeus,OpenDryPoor
82388,Rubus idaeus,OpenDryPoor
82389,Rubus idaeus,OpenDryPoor
82390,Rubus idaeus,OpenDryPoor
82391,Rubus idaeus,OpenDryPoor
82392,Rubus idaeus,OpenDryPoor
82393,Rubus idaeus,OpenDryPoor
82394,Rubus idaeus,OpenDryPoor
82395,Rubus idaeus,OpenDryPoor
82396,Rubus idaeus,OpenDryPoor
82397,Rubus idaeus,OpenDryPoor
82398,Rubus idaeus,OpenDryPoor
82399,Rubus idaeus,OpenDryPoor
82979,Rubus idaeus,OpenDryPoor
82980,Rubus idaeus,OpenDryPoor
82981,Rubus idaeus,OpenDryPoor
82982,Rubus idaeus,OpenDryPoor
82983,Rubus idaeus,OpenDryPoor
82984,Rubus idaeus,OpenDryPoor
82985,Rubus idaeus,OpenDryPoor
82986,Rubus idaeus,OpenDryPoor
82987,Rubus idaeus,Op116689,Rubus idaeus,OpenDryPoor
116690,Rubus idaeus,OpenDryPoor
116691,Rubus idaeus,OpenDryPoor
116692,Rubus idaeus,OpenDryPoor
116693,Rubus idaeus,OpenDryPoor
116694,Rubus idaeus,OpenDryPoor
116695,Rubus idaeus,OpenDryPoor
116696,Rubus idaeus,OpenDryPoor
116697,Rubus idaeus,OpenDryPoor
116698,Rubus idaeus,OpenDryPoor
116699,Rubus idaeus,OpenDryPoor
116700,Rubus idaeus,OpenDryPoor
116701,Rubus idaeus,OpenDryPoor
116702,Rubus idaeus,OpenDryPoor
117247,Rubus idaeus,OpenDryPoor
117248,Rubus idaeus,OpenDryPoor
117249,Rubus idaeus,OpenDryPoor
117250,Rubus idaeus,OpenDryPoor
117251,Rubus idaeus,OpenDryPoor
117252,Rubus idaeus,OpenDryPoor
117253,Rubus idaeus,OpenDryPoor
117254,Rubus idaeus,OpenDryPoor
117255,Rubus idaeus,OpenDryPoor
117256,Rubus idaeus,OpenDryPoor
117257,Rubus idaeus,OpenDryPoor
117258,Rubus idaeus,OpenDryPoor
117259,Rubus idaeus,OpenDryPoor
117260,Rubus idaeus,OpenDryPoor
117261,Rubus idaeus,OpenDryPoor
117262,Rubus idaeus,OpenDryPoor
117263,Rubus idaeus,OpenDryPoor
117264,Rubus idaeus,OpenDryPoor
117265,Rubus idaeus,OpenDryPoor
117266,Rubus idaeus,OpenDryPoor
117267,Rubus idaeus,OpenDryPoor
117268,Rubus idaeus,OpenDryPoor
117269,Rubus idaeus,OpenDryPoor
117270,Rubus idaeus,OpenDryPoor
117271,Rubus idaeus,OpenDryPoor
117272,Rubus idaeus,OpenDryPoor
117273,Rubus idaeus,OpenDryPoor
117274,Rubus idaeus,OpenDryPoor
117275,Rubus idaeus,OpenDryPoor
117276,Rubus idaeus,OpenDryPoor
117277,Rubus idaeus,OpenDryPoor
117278,Rubus idaeus,OpenDryPoor
117279,Rubus idaeus,OpenDryPoor
117280,Rubus idaeus,OpenDryPoor
117281,Rubus idaeus,OpenDryPoor
117282,Rubus idaeus,OpenDryPoor
117283,Rubus idaeus,OpenDryPoor
117284,Rubus idaeus,OpenDryPoor
117285,Rubus idaeus,OpenDryPoor
117286,Rubus idaeus,OpenDryPoor
117287,Rubus idaeus,OpenDryPoor
117288,Rubus idaeus,OpenDryPoor
117289,Rubus idaeus,OpenDryPoor
117290,Rubus idaeus,OpenDryPoor
117291,Rubus idaeus,OpenDryPoor
117292,Rubus idaeus,OpenDryPoor
117293,Rubus idaeus,OpenDryPoor
117294,Rubus idaeus,OpenDryPoor
117295,Rubus idaeus,OpenDryPoor
117296,Rubus idaeus,OpenDryPoor
117297,Rubus idaeus,OpenDryPoor
117298,Rubus idaeus,OpenDryPoor
117299,Rubus idaeus,OpenDryPoor
117300,Rubus idaeus,OpenDryPoor
117301,Rubus idaeus,OpenDryPoor
117846,Rubus idaeus,OpenDryPoor
117847,Rubus idaeus,OpenDryPoor
117848,Rubus idaeus,OpenDryPoor
117849,Rubus idaeus,OpenDryPoor
117850,Rubus idaeus,OpenDryPoor
117851,Rubus idaeus,OpenDryPoor
117852,Rubus idaeus,OpenDryPoor
117853,Rubus idaeus,OpenDryPoor
117854,Rubus idaeus,OpenDryPoor
117855,Rubus idaeus,OpenDryPoor
117856,Rubus idaeus,OpenDryPoor
117857,Rubus idaeus,OpenDryPoor
117858,Rubus idaeus,OpenDryPoor
117859,Rubus idaeus,OpenDryPoor
117860,Rubus idaeus,OpenDryPoor
117861,Rubus idaeus,OpenDryPoor
117862,Rubus idaeus,OpenDryPoor
117863,Rubus idaeus,OpenDryPoor
117864,Rubus idaeus,OpenDryPoor
117865,Rubus idaeus,OpenDryPoor
117866,Rubus idaeus,OpenDryPoor
117867,Rubus idaeus,OpenDryPoor
117868,Rubus idaeus,OpenDryPoor
117869,Rubus idaeus,OpenDryPoor
117870,Rubus idaeus,OpenDryPoor
117871,Rubus idaeus,OpenDryPoor
117872,Rubus idaeus,OpenDryPoor
117873,Rubus idaeus,OpenDryPoor
117874,Rubus idaeus,OpenDryPoor
117875,Rubus idaeus,OpenDryPoor
117876,Rubus idaeus,OpenDryPoor
117877,Rubus idaeus,OpenDryPoor
117878,Rubus idaeus,OpenDryPoor
117879,Rubus idaeus,OpenDryPoor
117880,Rubus idaeus,OpenDryPoor
117881,Rubus idaeus,OpenDryPoor
117882,Rubus idaeus,OpenDryPoor
117883,Rubus idaeus,OpenDryPoor
117884,Rubus idaeus,OpenDryPoor
117885,Rubus idaeus,OpenDryPoor
117886,Rubus idaeus,OpenDryPoor
117887,Rubus idaeus,OpenDryPoor
117888,Rubus idaeus,OpenDryPoor
117889,Rubus idaeus,OpenDryPoor
117890,Rubus idaeus,OpenDryPoor
117891,Rubus idaeus,OpenDryPoor
117892,Rubus idaeus,OpenDryPoor
117893,Rubus idaeus,OpenDryPoor
117894,Rubus idaeus,OpenDryPoor
117895,Rubus idaeus,OpenDryPoor
117896,Rubus idaeus,OpenDryPoor
117897,Rubus idaeus,OpenDryPoor
117898,Rubus idaeus,OpenDryPoor
117899,Rubus idaeus,OpenDryPoor
117900,Rubus idaeus,OpenDryPoor
118444,Rubus idaeus,OpenDryPoor
118445,Rubus idaeus,OpenDryPoor
118446,Rubus idaeus,OpenDryPoor
118447,Rubus idaeus,OpenDryPoor
enDryPoor
82988,Rubus idaeus,OpenDryPoor
82989,Rubus idaeus,OpenDryPoor
82990,Rubus idaeus,OpenDryPoor
82991,Rubus idaeus,OpenDryPoor
82992,Rubus idaeus,OpenDryPoor
82993,Rubus idaeus,OpenDryPoor
82994,Rubus idaeus,OpenDryPoor
82995,Rubus idaeus,OpenDryPoor
82996,Rubus idaeus,OpenDryPoor
82997,Rubus idaeus,OpenDryPoor
82998,Rubus idaeus,OpenDryPoor
83578,Rubus idaeus,OpenDryPoor
83579,Rubus idaeus,OpenDryPoor
83580,Rubus idaeus,OpenDryPoor
83581,Rubus idaeus,OpenDryPoor
83582,Rubus idaeus,OpenDryPoor
83583,Rubus idaeus,OpenDryPoor
83584,Rubus idaeus,OpenDryPoor
83585,Rubus idaeus,OpenDryPoor
83586,Rubus idaeus,OpenDryPoor
83587,Rubus idaeus,OpenDryPoor
83588,Rubus idaeus,OpenDryPoor
83589,Rubus idaeus,OpenDryPoor
83590,Rubus idaeus,OpenDryPoor
83591,Rubus idaeus,OpenDryPoor
83592,Rubus idaeus,OpenDryPoor
83593,Rubus idaeus,OpenDryPoor
83594,Rubus idaeus,OpenDryPoor
83595,Rubus idaeus,OpenDryPoor
83596,Rubus idaeus,OpenDryPoor
83597,Rubus idaeus,OpenDryPoor
84177,Rubus idaeus,OpenDryPoor
84178,Rubus idaeus,OpenDryPoor
84179,Rubus idaeus,OpenDryPoor
84180,Rubus idaeus,OpenDryPoor
84181,Rubus idaeus,OpenDryPoor
84182,Rubus idaeus,OpenDryPoor
84183,Rubus idaeus,OpenDryPoor
84184,Rubus idaeus,OpenDryPoor
84185,Rubus idaeus,OpenDryPoor
84186,Rubus idaeus,OpenDryPoor
84187,Rubus idaeus,OpenDryPoor
84188,Rubus idaeus,OpenDryPoor
84189,Rubus idaeus,OpenDryPoor
84190,Rubus idaeus,OpenDryPoor
84191,Rubus idaeus,OpenDryPoor
84192,Rubus idaeus,OpenDryPoor
84193,Rubus idaeus,OpenDryPoor
84194,Rubus idaeus,OpenDryPoor
84195,Rubus idaeus,OpenDryPoor
84196,Rubus idaeus,OpenDryPoor
84776,Rubus idaeus,OpenDryPoor
84777,Rubus idaeus,OpenDryPoor
84778,Rubus idaeus,OpenDryPoor
84779,Rubus idaeus,OpenDryPoor
84780,Rubus idaeus,OpenDryPoor
84781,Rubus idaeus,OpenDryPoor
84782,Rubus idaeus,OpenDryPoor
84783,Rubus idaeus,OpenDryPoor
84784,Rubus idaeus,OpenDryPoor
84785,Rubus idaeus,OpenDryPoor
84786,Rubus idaeus,OpenDryPoor
84787,Rubus idaeus,OpenDryPoor
84788,Rubus idaeus,OpenDryPoor
84789,Rubus idaeus,OpenDryPoor
84790,Rubus idaeus,OpenDryPoor
84791,Rubus idaeus,OpenDryPoor
84792,Rubus idaeus,OpenDryPoor
84793,Rubus idaeus,OpenDryPoor
84794,Rubus idaeus,OpenDryPoor
84795,Rubus idaeus,OpenDryPoor
85375,Rubus idaeus,OpenDryPoor
85376,Rubus idaeus,OpenDryPoor
85377,Rubus idaeus,OpenDryPoor
85378,Rubus idaeus,OpenDryPoor
85379,Rubus idaeus,OpenDryPoor
85380,Rubus idaeus,OpenDryPoor
85381,Rubus idaeus,OpenDryPoor
85382,Rubus idaeus,OpenDryPoor
85383,Rubus idaeus,OpenDryPoor
85384,Rubus idaeus,OpenDryPoor
85385,Rubus idaeus,OpenDryPoor
85386,Rubus idaeus,OpenDryPoor
85387,Rubus idaeus,OpenDryPoor
85388,Rubus idaeus,OpenDryPoor
85389,Rubus idaeus,OpenDryPoor
85390,Rubus idaeus,OpenDryPoor
85391,Rubus idaeus,OpenDryPoor
85392,Rubus idaeus,OpenDryPoor
85393,Rubus idaeus,OpenDryPoor
85394,Rubus idaeus,OpenDryPoor
85974,Rubus idaeus,OpenDryPoor
85975,Rubus idaeus,OpenDryPoor
85976,Rubus idaeus,OpenDryPoor
85977,Rubus idaeus,OpenDryPoor
85978,Rubus idaeus,OpenDryPoor
85979,Rubus idaeus,OpenDryPoor
85980,Rubus idaeus,OpenDryPoor
85981,Rubus idaeus,OpenDryPoor
85982,Rubus idaeus,OpenDryPoor
85983,Rubus idaeus,OpenDryPoor
85984,Rubus idaeus,OpenDryPoor
85985,Rubus idaeus,OpenDryPoor
85986,Rubus idaeus,OpenDryPoor
85987,Rubus idaeus,OpenDryPoor
85988,Rubus idaeus,OpenDryPoor
85989,Rubus idaeus,OpenDryPoor
85990,Rubus idaeus,OpenDryPoor
85991,Rubus idaeus,OpenDryPoor
85992,Rubus idaeus,OpenDryPoor
85993,Rubus idaeus,OpenDryPoor
86553,Rubus idaeus,OpenDryPoor
86554,Rubus idaeus,OpenDryPoor
86555,Rubus idaeus,OpenDryPoor
86556,Rubus idaeus,OpenDryPoor
86557,Rubus idaeus,OpenDryPoor
86558,Rubus idaeus,OpenDryPoor
86559,Rubus idaeus,OpenDryPoor
86560,Rubus idaeus,OpenDryPoor
86561,Rubus idaeus,OpenDryPoor
86562,Rubus idaeus,OpenDryPoor
86563,Rubus idaeus,OpenDryPoor
86564,Rubus idaeus,OpenDryPoor
86565,Rubus idaeus,OpenDryPoor
86566,Rubus idaeus,OpenDryPoor
86567,Rubus idaeus,OpenDryPoor
86568,Rubus idaeus,OpenDryPoor
86569,Rubus idaeus,OpenDryPoor
86570,Rubus idaeus,OpenDryPoor
86571,Rubus idaeus,OpenDryPoor
86572,Rubus idaeus,OpenDryPoor
86573,Rubus idaeus,OpenDr118448,Rubus idaeus,OpenDryPoor
118449,Rubus idaeus,OpenDryPoor
118450,Rubus idaeus,OpenDryPoor
118451,Rubus idaeus,OpenDryPoor
118452,Rubus idaeus,OpenDryPoor
118453,Rubus idaeus,OpenDryPoor
118454,Rubus idaeus,OpenDryPoor
118455,Rubus idaeus,OpenDryPoor
118456,Rubus idaeus,OpenDryPoor
118457,Rubus idaeus,OpenDryPoor
118458,Rubus idaeus,OpenDryPoor
118459,Rubus idaeus,OpenDryPoor
118460,Rubus idaeus,OpenDryPoor
118461,Rubus idaeus,OpenDryPoor
118462,Rubus idaeus,OpenDryPoor
118463,Rubus idaeus,OpenDryPoor
118464,Rubus idaeus,OpenDryPoor
118465,Rubus idaeus,OpenDryPoor
118466,Rubus idaeus,OpenDryPoor
118467,Rubus idaeus,OpenDryPoor
118468,Rubus idaeus,OpenDryPoor
118469,Rubus idaeus,OpenDryPoor
118470,Rubus idaeus,OpenDryPoor
118471,Rubus idaeus,OpenDryPoor
118472,Rubus idaeus,OpenDryPoor
118473,Rubus idaeus,OpenDryPoor
118474,Rubus idaeus,OpenDryPoor
118475,Rubus idaeus,OpenDryPoor
118476,Rubus idaeus,OpenDryPoor
118477,Rubus idaeus,OpenDryPoor
118478,Rubus idaeus,OpenDryPoor
118479,Rubus idaeus,OpenDryPoor
118480,Rubus idaeus,OpenDryPoor
118481,Rubus idaeus,OpenDryPoor
118482,Rubus idaeus,OpenDryPoor
118483,Rubus idaeus,OpenDryPoor
118484,Rubus idaeus,OpenDryPoor
118485,Rubus idaeus,OpenDryPoor
118486,Rubus idaeus,OpenDryPoor
118487,Rubus idaeus,OpenDryPoor
118488,Rubus idaeus,OpenDryPoor
118489,Rubus idaeus,OpenDryPoor
118490,Rubus idaeus,OpenDryPoor
118491,Rubus idaeus,OpenDryPoor
118492,Rubus idaeus,OpenDryPoor
118493,Rubus idaeus,OpenDryPoor
118494,Rubus idaeus,OpenDryPoor
118495,Rubus idaeus,OpenDryPoor
118496,Rubus idaeus,OpenDryPoor
118497,Rubus idaeus,OpenDryPoor
118498,Rubus idaeus,OpenDryPoor
118499,Rubus idaeus,OpenDryPoor
119043,Rubus idaeus,OpenDryPoor
119044,Rubus idaeus,OpenDryPoor
119045,Rubus idaeus,OpenDryPoor
119046,Rubus idaeus,OpenDryPoor
119047,Rubus idaeus,OpenDryPoor
119048,Rubus idaeus,OpenDryPoor
119049,Rubus idaeus,OpenDryPoor
119050,Rubus idaeus,OpenDryPoor
119051,Rubus idaeus,OpenDryPoor
119052,Rubus idaeus,OpenDryPoor
119053,Rubus idaeus,OpenDryPoor
119054,Rubus idaeus,OpenDryPoor
119055,Rubus idaeus,OpenDryPoor
119056,Rubus idaeus,OpenDryPoor
119057,Rubus idaeus,OpenDryPoor
119058,Rubus idaeus,OpenDryPoor
119059,Rubus idaeus,OpenDryPoor
119060,Rubus idaeus,OpenDryPoor
119061,Rubus idaeus,OpenDryPoor
119062,Rubus idaeus,OpenDryPoor
119063,Rubus idaeus,OpenDryPoor
119064,Rubus idaeus,OpenDryPoor
119065,Rubus idaeus,OpenDryPoor
119066,Rubus idaeus,OpenDryPoor
119067,Rubus idaeus,OpenDryPoor
119068,Rubus idaeus,OpenDryPoor
119069,Rubus idaeus,OpenDryPoor
119070,Rubus idaeus,OpenDryPoor
119071,Rubus idaeus,OpenDryPoor
119072,Rubus idaeus,OpenDryPoor
119073,Rubus idaeus,OpenDryPoor
119074,Rubus idaeus,OpenDryPoor
119075,Rubus idaeus,OpenDryPoor
119076,Rubus idaeus,OpenDryPoor
119077,Rubus idaeus,OpenDryPoor
119078,Rubus idaeus,OpenDryPoor
119079,Rubus idaeus,OpenDryPoor
119080,Rubus idaeus,OpenDryPoor
119081,Rubus idaeus,OpenDryPoor
119082,Rubus idaeus,OpenDryPoor
119083,Rubus idaeus,OpenDryPoor
119084,Rubus idaeus,OpenDryPoor
119085,Rubus idaeus,OpenDryPoor
119086,Rubus idaeus,OpenDryPoor
119087,Rubus idaeus,OpenDryPoor
119088,Rubus idaeus,OpenDryPoor
119089,Rubus idaeus,OpenDryPoor
119090,Rubus idaeus,OpenDryPoor
119091,Rubus idaeus,OpenDryPoor
119092,Rubus idaeus,OpenDryPoor
119093,Rubus idaeus,OpenDryPoor
119094,Rubus idaeus,OpenDryPoor
119095,Rubus idaeus,OpenDryPoor
119096,Rubus idaeus,OpenDryPoor
119097,Rubus idaeus,OpenDryPoor
119098,Rubus idaeus,OpenDryPoor
119641,Rubus idaeus,OpenDryPoor
119642,Rubus idaeus,OpenDryPoor
119643,Rubus idaeus,OpenDryPoor
119644,Rubus idaeus,OpenDryPoor
119645,Rubus idaeus,OpenDryPoor
119646,Rubus idaeus,OpenDryPoor
119647,Rubus idaeus,OpenDryPoor
119648,Rubus idaeus,OpenDryPoor
119649,Rubus idaeus,OpenDryPoor
119650,Rubus idaeus,OpenDryPoor
119651,Rubus idaeus,OpenDryPoor
119652,Rubus idaeus,OpenDryPoor
119653,Rubus idaeus,OpenDryPoor
119654,Rubus idaeus,OpenDryPoor
119655,Rubus idaeus,OpenDryPoor
119656,Rubus idaeus,OpenDryPoor
119657,Rubus idaeus,OpenDryPoor
119658,Rubus idaeus,OpenDryPoor
119659,Rubus idaeus,OpenDryPoor
119660,Rubus idaeus,OpenDryPoor
62174,Rubus idaeus,OpenDryPoor
62175,Rubus idaeus,OpenDryPoor
62176,Rubus idaeus,OpenDryPoor
62177,Rubus idaeus,OpenDryPoor
62178,Rubus idaeus,OpenDryPoor
62179,Rubus idaeus,OpenDryPoor
62180,Rubus idaeus,OpenDryPoor
62181,Rubus idaeus,OpenDryPoor
62182,Rubus idaeus,OpenDryPoor
62183,Rubus idaeus,OpenDryPoor
62184,Rubus idaeus,OpenDryPoor
62185,Rubus idaeus,OpenDryPoor
62186,Rubus idaeus,OpenDryPoor
62187,Rubus idaeus,OpenDryPoor
62188,Rubus idaeus,OpenDryPoor
62189,Rubus idaeus,OpenDryPoor
62190,Rubus idaeus,OpenDryPoor
62769,Rubus idaeus,OpenDryPoor
62770,Rubus idaeus,OpenDryPoor
62771,Rubus idaeus,OpenDryPoor
62772,Rubus idaeus,OpenDryPoor
62773,Rubus idaeus,OpenDryPoor
62774,Rubus idaeus,OpenDryPoor
62775,Rubus idaeus,OpenDryPoor
62776,Rubus idaeus,OpenDryPoor
62777,Rubus idaeus,OpenDryPoor
62778,Rubus idaeus,OpenDryPoor
62779,Rubus idaeus,OpenDryPoor
62780,Rubus idaeus,OpenDryPoor
62781,Rubus idaeus,OpenDryPoor
62782,Rubus idaeus,OpenDryPoor
62783,Rubus idaeus,OpenDryPoor
62784,Rubus idaeus,OpenDryPoor
62785,Rubus idaeus,OpenDryPoor
62786,Rubus idaeus,OpenDryPoor
62787,Rubus idaeus,OpenDryPoor
62788,Rubus idaeus,OpenDryPoor
62789,Rubus idaeus,OpenDryPoor
62790,Rubus idaeus,OpenDryPoor
62791,Rubus idaeus,OpenDryPoor
62792,Rubus idaeus,OpenDryPoor
62793,Rubus idaeus,OpenDryPoor
63364,Rubus idaeus,OpenDryPoor
63365,Rubus idaeus,OpenDryPoor
63366,Rubus idaeus,OpenDryPoor
63367,Rubus idaeus,OpenDryPoor
63368,Rubus idaeus,OpenDryPoor
63369,Rubus idaeus,OpenDryPoor
63370,Rubus idaeus,OpenDryPoor
63371,Rubus idaeus,OpenDryPoor
63372,Rubus idaeus,OpenDryPoor
63373,Rubus idaeus,OpenDryPoor
63374,Rubus idaeus,OpenDryPoor
63375,Rubus idaeus,OpenDryPoor
63376,Rubus idaeus,OpenDryPoor
63377,Rubus idaeus,OpenDryPoor
63378,Rubus idaeus,OpenDryPoor
63379,Rubus idaeus,OpenDryPoor
63380,Rubus idaeus,OpenDryPoor
63381,Rubus idaeus,OpenDryPoor
63382,Rubus idaeus,OpenDryPoor
63383,Rubus idaeus,OpenDryPoor
63384,Rubus idaeus,OpenDryPoor
63385,Rubus idaeus,OpenDryPoor
63386,Rubus idaeus,OpenDryPoor
63387,Rubus idaeus,OpenDryPoor
63388,Rubus idaeus,OpenDryPoor
63389,Rubus idaeus,OpenDryPoor
63390,Rubus idaeus,OpenDryPoor
63391,Rubus idaeus,OpenDryPoor
63392,Rubus idaeus,OpenDryPoor
63393,Rubus idaeus,OpenDryPoor
63394,Rubus idaeus,OpenDryPoor
63395,Rubus idaeus,OpenDryPoor
63396,Rubus idaeus,OpenDryPoor
63961,Rubus idaeus,OpenDryPoor
63962,Rubus idaeus,OpenDryPoor
63963,Rubus idaeus,OpenDryPoor
63964,Rubus idaeus,OpenDryPoor
63965,Rubus idaeus,OpenDryPoor
63966,Rubus idaeus,OpenDryPoor
63967,Rubus idaeus,OpenDryPoor
63968,Rubus idaeus,OpenDryPoor
63969,Rubus idaeus,OpenDryPoor
63970,Rubus idaeus,OpenDryPoor
63971,Rubus idaeus,OpenDryPoor
63972,Rubus idaeus,OpenDryPoor
63973,Rubus idaeus,OpenDryPoor
63974,Rubus idaeus,OpenDryPoor
63975,Rubus idaeus,OpenDryPoor
63976,Rubus idaeus,OpenDryPoor
63977,Rubus idaeus,OpenDryPoor
63978,Rubus idaeus,OpenDryPoor
63979,Rubus idaeus,OpenDryPoor
63980,Rubus idaeus,OpenDryPoor
63981,Rubus idaeus,OpenDryPoor
63982,Rubus idaeus,OpenDryPoor
63983,Rubus idaeus,OpenDryPoor
63984,Rubus idaeus,OpenDryPoor
63985,Rubus idaeus,OpenDryPoor
63986,Rubus idaeus,OpenDryPoor
63987,Rubus idaeus,OpenDryPoor
63988,Rubus idaeus,OpenDryPoor
63989,Rubus idaeus,OpenDryPoor
63990,Rubus idaeus,OpenDryPoor
63991,Rubus idaeus,OpenDryPoor
63992,Rubus idaeus,OpenDryPoor
63993,Rubus idaeus,OpenDryPoor
63994,Rubus idaeus,OpenDryPoor
63995,Rubus idaeus,OpenDryPoor
63996,Rubus idaeus,OpenDryPoor
63997,Rubus idaeus,OpenDryPoor
64558,Rubus idaeus,OpenDryPoor
64559,Rubus idaeus,OpenDryPoor
64560,Rubus idaeus,OpenDryPoor
64561,Rubus idaeus,OpenDryPoor
64562,Rubus idaeus,OpenDryPoor
64563,Rubus idaeus,OpenDryPoor
64564,Rubus idaeus,OpenDryPoor
64565,Rubus idaeus,OpenDryPoor
64566,Rubus idaeus,OpenDryPoor
64567,Rubus idaeus,OpenDryPoor
64568,Rubus idaeus,OpenDryPoor
64569,Rubus idaeus,OpenDryPoor
64570,Rubus idaeus,OpenDryPoor
64571,Rubus idaeus,OpenDryPoor
64572,Rubus idaeus,OpenDryPoor
64573,Rubus idaeus,OpenDryPoor
64574,Rubus idaeus,OpenDryPoor
64575,Rubus idaeus,OpenDryPoor
64576,Rubus idaeus,OpenDryPoor
64577,Rubus idaeus,OpenDryPoor
6457yPoor
86574,Rubus idaeus,OpenDryPoor
86575,Rubus idaeus,OpenDryPoor
86576,Rubus idaeus,OpenDryPoor
86577,Rubus idaeus,OpenDryPoor
86578,Rubus idaeus,OpenDryPoor
86579,Rubus idaeus,OpenDryPoor
86580,Rubus idaeus,OpenDryPoor
86581,Rubus idaeus,OpenDryPoor
86582,Rubus idaeus,OpenDryPoor
86583,Rubus idaeus,OpenDryPoor
86584,Rubus idaeus,OpenDryPoor
86585,Rubus idaeus,OpenDryPoor
86586,Rubus idaeus,OpenDryPoor
86587,Rubus idaeus,OpenDryPoor
86588,Rubus idaeus,OpenDryPoor
86589,Rubus idaeus,OpenDryPoor
86590,Rubus idaeus,OpenDryPoor
86591,Rubus idaeus,OpenDryPoor
86592,Rubus idaeus,OpenDryPoor
86593,Rubus idaeus,OpenDryPoor
86594,Rubus idaeus,OpenDryPoor
86595,Rubus idaeus,OpenDryPoor
86596,Rubus idaeus,OpenDryPoor
86597,Rubus idaeus,OpenDryPoor
86598,Rubus idaeus,OpenDryPoor
86599,Rubus idaeus,OpenDryPoor
86600,Rubus idaeus,OpenDryPoor
86601,Rubus idaeus,OpenDryPoor
86602,Rubus idaeus,OpenDryPoor
86603,Rubus idaeus,OpenDryPoor
86604,Rubus idaeus,OpenDryPoor
86605,Rubus idaeus,OpenDryPoor
86606,Rubus idaeus,OpenDryPoor
86607,Rubus idaeus,OpenDryPoor
86608,Rubus idaeus,OpenDryPoor
86609,Rubus idaeus,OpenDryPoor
86610,Rubus idaeus,OpenDryPoor
86611,Rubus idaeus,OpenDryPoor
86612,Rubus idaeus,OpenDryPoor
86613,Rubus idaeus,OpenDryPoor
86614,Rubus idaeus,OpenDryPoor
87152,Rubus idaeus,OpenDryPoor
87153,Rubus idaeus,OpenDryPoor
87154,Rubus idaeus,OpenDryPoor
87155,Rubus idaeus,OpenDryPoor
87156,Rubus idaeus,OpenDryPoor
87157,Rubus idaeus,OpenDryPoor
87158,Rubus idaeus,OpenDryPoor
87159,Rubus idaeus,OpenDryPoor
87160,Rubus idaeus,OpenDryPoor
87161,Rubus idaeus,OpenDryPoor
87162,Rubus idaeus,OpenDryPoor
87163,Rubus idaeus,OpenDryPoor
87164,Rubus idaeus,OpenDryPoor
87165,Rubus idaeus,OpenDryPoor
87166,Rubus idaeus,OpenDryPoor
87167,Rubus idaeus,OpenDryPoor
87168,Rubus idaeus,OpenDryPoor
87169,Rubus idaeus,OpenDryPoor
87170,Rubus idaeus,OpenDryPoor
87171,Rubus idaeus,OpenDryPoor
87172,Rubus idaeus,OpenDryPoor
87173,Rubus idaeus,OpenDryPoor
87174,Rubus idaeus,OpenDryPoor
87175,Rubus idaeus,OpenDryPoor
87176,Rubus idaeus,OpenDryPoor
87177,Rubus idaeus,OpenDryPoor
87178,Rubus idaeus,OpenDryPoor
87179,Rubus idaeus,OpenDryPoor
87180,Rubus idaeus,OpenDryPoor
87181,Rubus idaeus,OpenDryPoor
87182,Rubus idaeus,OpenDryPoor
87183,Rubus idaeus,OpenDryPoor
87184,Rubus idaeus,OpenDryPoor
87185,Rubus idaeus,OpenDryPoor
87186,Rubus idaeus,OpenDryPoor
87187,Rubus idaeus,OpenDryPoor
87188,Rubus idaeus,OpenDryPoor
87189,Rubus idaeus,OpenDryPoor
87190,Rubus idaeus,OpenDryPoor
87191,Rubus idaeus,OpenDryPoor
87192,Rubus idaeus,OpenDryPoor
87193,Rubus idaeus,OpenDryPoor
87194,Rubus idaeus,OpenDryPoor
87195,Rubus idaeus,OpenDryPoor
87196,Rubus idaeus,OpenDryPoor
87197,Rubus idaeus,OpenDryPoor
87198,Rubus idaeus,OpenDryPoor
87199,Rubus idaeus,OpenDryPoor
87200,Rubus idaeus,OpenDryPoor
87201,Rubus idaeus,OpenDryPoor
87202,Rubus idaeus,OpenDryPoor
87203,Rubus idaeus,OpenDryPoor
87204,Rubus idaeus,OpenDryPoor
87205,Rubus idaeus,OpenDryPoor
87206,Rubus idaeus,OpenDryPoor
87207,Rubus idaeus,OpenDryPoor
87208,Rubus idaeus,OpenDryPoor
87209,Rubus idaeus,OpenDryPoor
87210,Rubus idaeus,OpenDryPoor
87211,Rubus idaeus,OpenDryPoor
87212,Rubus idaeus,OpenDryPoor
87751,Rubus idaeus,OpenDryPoor
87752,Rubus idaeus,OpenDryPoor
87753,Rubus idaeus,OpenDryPoor
87754,Rubus idaeus,OpenDryPoor
87755,Rubus idaeus,OpenDryPoor
87756,Rubus idaeus,OpenDryPoor
87757,Rubus idaeus,OpenDryPoor
87758,Rubus idaeus,OpenDryPoor
87759,Rubus idaeus,OpenDryPoor
87760,Rubus idaeus,OpenDryPoor
87761,Rubus idaeus,OpenDryPoor
87762,Rubus idaeus,OpenDryPoor
87763,Rubus idaeus,OpenDryPoor
87764,Rubus idaeus,OpenDryPoor
87765,Rubus idaeus,OpenDryPoor
87766,Rubus idaeus,OpenDryPoor
87767,Rubus idaeus,OpenDryPoor
87768,Rubus idaeus,OpenDryPoor
87769,Rubus idaeus,OpenDryPoor
87770,Rubus idaeus,OpenDryPoor
87771,Rubus idaeus,OpenDryPoor
87772,Rubus idaeus,OpenDryPoor
87773,Rubus idaeus,OpenDryPoor
87774,Rubus idaeus,OpenDryPoor
87775,Rubus idaeus,OpenDryPoor
87776,Rubus idaeus,OpenDryPoor
87777,Rubus idaeus,OpenDryPoor
87778,Rubus idaeus,OpenDryPoor
87779,Rubus idaeus,OpenDryPoor
87780,Rubus idaeus,OpenDryPoo119661,Rubus idaeus,OpenDryPoor
119662,Rubus idaeus,OpenDryPoor
119663,Rubus idaeus,OpenDryPoor
119664,Rubus idaeus,OpenDryPoor
119665,Rubus idaeus,OpenDryPoor
119666,Rubus idaeus,OpenDryPoor
119667,Rubus idaeus,OpenDryPoor
119668,Rubus idaeus,OpenDryPoor
119669,Rubus idaeus,OpenDryPoor
119670,Rubus idaeus,OpenDryPoor
119671,Rubus idaeus,OpenDryPoor
119672,Rubus idaeus,OpenDryPoor
119673,Rubus idaeus,OpenDryPoor
119674,Rubus idaeus,OpenDryPoor
119675,Rubus idaeus,OpenDryPoor
119676,Rubus idaeus,OpenDryPoor
119677,Rubus idaeus,OpenDryPoor
119678,Rubus idaeus,OpenDryPoor
119679,Rubus idaeus,OpenDryPoor
119680,Rubus idaeus,OpenDryPoor
119681,Rubus idaeus,OpenDryPoor
119682,Rubus idaeus,OpenDryPoor
119683,Rubus idaeus,OpenDryPoor
119684,Rubus idaeus,OpenDryPoor
119685,Rubus idaeus,OpenDryPoor
119686,Rubus idaeus,OpenDryPoor
119687,Rubus idaeus,OpenDryPoor
119688,Rubus idaeus,OpenDryPoor
119689,Rubus idaeus,OpenDryPoor
119690,Rubus idaeus,OpenDryPoor
119691,Rubus idaeus,OpenDryPoor
119692,Rubus idaeus,OpenDryPoor
119693,Rubus idaeus,OpenDryPoor
119694,Rubus idaeus,OpenDryPoor
119695,Rubus idaeus,OpenDryPoor
119696,Rubus idaeus,OpenDryPoor
119697,Rubus idaeus,OpenDryPoor
120240,Rubus idaeus,OpenDryPoor
120241,Rubus idaeus,OpenDryPoor
120242,Rubus idaeus,OpenDryPoor
120243,Rubus idaeus,OpenDryPoor
120244,Rubus idaeus,OpenDryPoor
120245,Rubus idaeus,OpenDryPoor
120246,Rubus idaeus,OpenDryPoor
120247,Rubus idaeus,OpenDryPoor
120248,Rubus idaeus,OpenDryPoor
120249,Rubus idaeus,OpenDryPoor
120250,Rubus idaeus,OpenDryPoor
120251,Rubus idaeus,OpenDryPoor
120252,Rubus idaeus,OpenDryPoor
120253,Rubus idaeus,OpenDryPoor
120254,Rubus idaeus,OpenDryPoor
120255,Rubus idaeus,OpenDryPoor
120256,Rubus idaeus,OpenDryPoor
120257,Rubus idaeus,OpenDryPoor
120258,Rubus idaeus,OpenDryPoor
120259,Rubus idaeus,OpenDryPoor
120260,Rubus idaeus,OpenDryPoor
120261,Rubus idaeus,OpenDryPoor
120262,Rubus idaeus,OpenDryPoor
120263,Rubus idaeus,OpenDryPoor
120264,Rubus idaeus,OpenDryPoor
120265,Rubus idaeus,OpenDryPoor
120266,Rubus idaeus,OpenDryPoor
120267,Rubus idaeus,OpenDryPoor
120268,Rubus idaeus,OpenDryPoor
120269,Rubus idaeus,OpenDryPoor
120270,Rubus idaeus,OpenDryPoor
120271,Rubus idaeus,OpenDryPoor
120272,Rubus idaeus,OpenDryPoor
120273,Rubus idaeus,OpenDryPoor
120274,Rubus idaeus,OpenDryPoor
120275,Rubus idaeus,OpenDryPoor
120276,Rubus idaeus,OpenDryPoor
120277,Rubus idaeus,OpenDryPoor
120278,Rubus idaeus,OpenDryPoor
120279,Rubus idaeus,OpenDryPoor
120280,Rubus idaeus,OpenDryPoor
120281,Rubus idaeus,OpenDryPoor
120282,Rubus idaeus,OpenDryPoor
120283,Rubus idaeus,OpenDryPoor
120284,Rubus idaeus,OpenDryPoor
120285,Rubus idaeus,OpenDryPoor
120286,Rubus idaeus,OpenDryPoor
120287,Rubus idaeus,OpenDryPoor
120288,Rubus idaeus,OpenDryPoor
120289,Rubus idaeus,OpenDryPoor
120290,Rubus idaeus,OpenDryPoor
120291,Rubus idaeus,OpenDryPoor
120292,Rubus idaeus,OpenDryPoor
120293,Rubus idaeus,OpenDryPoor
120294,Rubus idaeus,OpenDryPoor
120295,Rubus idaeus,OpenDryPoor
120296,Rubus idaeus,OpenDryPoor
120839,Rubus idaeus,OpenDryPoor
120840,Rubus idaeus,OpenDryPoor
120841,Rubus idaeus,OpenDryPoor
120842,Rubus idaeus,OpenDryPoor
120843,Rubus idaeus,OpenDryPoor
120844,Rubus idaeus,OpenDryPoor
120845,Rubus idaeus,OpenDryPoor
120846,Rubus idaeus,OpenDryPoor
120847,Rubus idaeus,OpenDryPoor
120848,Rubus idaeus,OpenDryPoor
120849,Rubus idaeus,OpenDryPoor
120850,Rubus idaeus,OpenDryPoor
120851,Rubus idaeus,OpenDryPoor
120852,Rubus idaeus,OpenDryPoor
120853,Rubus idaeus,OpenDryPoor
120854,Rubus idaeus,OpenDryPoor
120855,Rubus idaeus,OpenDryPoor
120856,Rubus idaeus,OpenDryPoor
120857,Rubus idaeus,OpenDryPoor
120858,Rubus idaeus,OpenDryPoor
120859,Rubus idaeus,OpenDryPoor
120860,Rubus idaeus,OpenDryPoor
120861,Rubus idaeus,OpenDryPoor
120862,Rubus idaeus,OpenDryPoor
120863,Rubus idaeus,OpenDryPoor
120864,Rubus idaeus,OpenDryPoor
120865,Rubus idaeus,OpenDryPoor
120866,Rubus idaeus,OpenDryPoor
120867,Rubus idaeus,OpenDryPoor
120868,Rubus idaeus,OpenDryPoor
120869,Rubus idaeus,OpenDryPoor
120870,Rubus idaeus,OpenDryPoor
120871,Rubus idaeus,OpenDryPoor
120872,Rubus idaeus,OpenDryPoor
8,Rubus idaeus,OpenDryPoor
64579,Rubus idaeus,OpenDryPoor
64580,Rubus idaeus,OpenDryPoor
64581,Rubus idaeus,OpenDryPoor
64582,Rubus idaeus,OpenDryPoor
64583,Rubus idaeus,OpenDryPoor
64584,Rubus idaeus,OpenDryPoor
64585,Rubus idaeus,OpenDryPoor
64586,Rubus idaeus,OpenDryPoor
64587,Rubus idaeus,OpenDryPoor
64588,Rubus idaeus,OpenDryPoor
64589,Rubus idaeus,OpenDryPoor
64590,Rubus idaeus,OpenDryPoor
64591,Rubus idaeus,OpenDryPoor
64592,Rubus idaeus,OpenDryPoor
64593,Rubus idaeus,OpenDryPoor
64594,Rubus idaeus,OpenDryPoor
64595,Rubus idaeus,OpenDryPoor
64596,Rubus idaeus,OpenDryPoor
64597,Rubus idaeus,OpenDryPoor
64598,Rubus idaeus,OpenDryPoor
64599,Rubus idaeus,OpenDryPoor
65154,Rubus idaeus,OpenDryPoor
65155,Rubus idaeus,OpenDryPoor
65156,Rubus idaeus,OpenDryPoor
65157,Rubus idaeus,OpenDryPoor
65158,Rubus idaeus,OpenDryPoor
65159,Rubus idaeus,OpenDryPoor
65160,Rubus idaeus,OpenDryPoor
65161,Rubus idaeus,OpenDryPoor
65162,Rubus idaeus,OpenDryPoor
65163,Rubus idaeus,OpenDryPoor
65164,Rubus idaeus,OpenDryPoor
65165,Rubus idaeus,OpenDryPoor
65166,Rubus idaeus,OpenDryPoor
65167,Rubus idaeus,OpenDryPoor
65168,Rubus idaeus,OpenDryPoor
65169,Rubus idaeus,OpenDryPoor
65170,Rubus idaeus,OpenDryPoor
65171,Rubus idaeus,OpenDryPoor
65172,Rubus idaeus,OpenDryPoor
65173,Rubus idaeus,OpenDryPoor
65174,Rubus idaeus,OpenDryPoor
65175,Rubus idaeus,OpenDryPoor
65176,Rubus idaeus,OpenDryPoor
65177,Rubus idaeus,OpenDryPoor
65178,Rubus idaeus,OpenDryPoor
65179,Rubus idaeus,OpenDryPoor
65180,Rubus idaeus,OpenDryPoor
65181,Rubus idaeus,OpenDryPoor
65182,Rubus idaeus,OpenDryPoor
65183,Rubus idaeus,OpenDryPoor
65184,Rubus idaeus,OpenDryPoor
65185,Rubus idaeus,OpenDryPoor
65186,Rubus idaeus,OpenDryPoor
65187,Rubus idaeus,OpenDryPoor
65188,Rubus idaeus,OpenDryPoor
65189,Rubus idaeus,OpenDryPoor
65190,Rubus idaeus,OpenDryPoor
65191,Rubus idaeus,OpenDryPoor
65192,Rubus idaeus,OpenDryPoor
65193,Rubus idaeus,OpenDryPoor
65194,Rubus idaeus,OpenDryPoor
65195,Rubus idaeus,OpenDryPoor
65196,Rubus idaeus,OpenDryPoor
65197,Rubus idaeus,OpenDryPoor
65198,Rubus idaeus,OpenDryPoor
65199,Rubus idaeus,OpenDryPoor
65200,Rubus idaeus,OpenDryPoor
65752,Rubus idaeus,OpenDryPoor
65753,Rubus idaeus,OpenDryPoor
65754,Rubus idaeus,OpenDryPoor
65755,Rubus idaeus,OpenDryPoor
65756,Rubus idaeus,OpenDryPoor
65757,Rubus idaeus,OpenDryPoor
65758,Rubus idaeus,OpenDryPoor
65759,Rubus idaeus,OpenDryPoor
65760,Rubus idaeus,OpenDryPoor
65761,Rubus idaeus,OpenDryPoor
65762,Rubus idaeus,OpenDryPoor
65763,Rubus idaeus,OpenDryPoor
65764,Rubus idaeus,OpenDryPoor
65765,Rubus idaeus,OpenDryPoor
65766,Rubus idaeus,OpenDryPoor
65767,Rubus idaeus,OpenDryPoor
65768,Rubus idaeus,OpenDryPoor
65769,Rubus idaeus,OpenDryPoor
65770,Rubus idaeus,OpenDryPoor
65771,Rubus idaeus,OpenDryPoor
65772,Rubus idaeus,OpenDryPoor
65773,Rubus idaeus,OpenDryPoor
65774,Rubus idaeus,OpenDryPoor
65775,Rubus idaeus,OpenDryPoor
65776,Rubus idaeus,OpenDryPoor
65777,Rubus idaeus,OpenDryPoor
65778,Rubus idaeus,OpenDryPoor
65779,Rubus idaeus,OpenDryPoor
65780,Rubus idaeus,OpenDryPoor
65781,Rubus idaeus,OpenDryPoor
65782,Rubus idaeus,OpenDryPoor
65783,Rubus idaeus,OpenDryPoor
65784,Rubus idaeus,OpenDryPoor
65785,Rubus idaeus,OpenDryPoor
65786,Rubus idaeus,OpenDryPoor
65787,Rubus idaeus,OpenDryPoor
65788,Rubus idaeus,OpenDryPoor
65789,Rubus idaeus,OpenDryPoor
65790,Rubus idaeus,OpenDryPoor
65791,Rubus idaeus,OpenDryPoor
65792,Rubus idaeus,OpenDryPoor
65793,Rubus idaeus,OpenDryPoor
65794,Rubus idaeus,OpenDryPoor
65795,Rubus idaeus,OpenDryPoor
65796,Rubus idaeus,OpenDryPoor
65797,Rubus idaeus,OpenDryPoor
65798,Rubus idaeus,OpenDryPoor
65799,Rubus idaeus,OpenDryPoor
65800,Rubus idaeus,OpenDryPoor
65801,Rubus idaeus,OpenDryPoor
66349,Rubus idaeus,OpenDryPoor
66350,Rubus idaeus,OpenDryPoor
66351,Rubus idaeus,OpenDryPoor
66352,Rubus idaeus,OpenDryPoor
66353,Rubus idaeus,OpenDryPoor
66354,Rubus idaeus,OpenDryPoor
66355,Rubus idaeus,OpenDryPoor
66356,Rubus idaeus,OpenDryPoor
66357,Rubus idaeus,OpenDryPoor
66358,Rubus idaeus,OpenDryPoor
66359,Rubus idaeus,OpenDryPoor
66360,Rubus idaeus,OpenDryPoor
66361,Rubus idaeus,OpenDryPoor
66362,Rur
87781,Rubus idaeus,OpenDryPoor
87782,Rubus idaeus,OpenDryPoor
87783,Rubus idaeus,OpenDryPoor
87784,Rubus idaeus,OpenDryPoor
87785,Rubus idaeus,OpenDryPoor
87786,Rubus idaeus,OpenDryPoor
87787,Rubus idaeus,OpenDryPoor
87788,Rubus idaeus,OpenDryPoor
87789,Rubus idaeus,OpenDryPoor
87790,Rubus idaeus,OpenDryPoor
87791,Rubus idaeus,OpenDryPoor
87792,Rubus idaeus,OpenDryPoor
87793,Rubus idaeus,OpenDryPoor
87794,Rubus idaeus,OpenDryPoor
87795,Rubus idaeus,OpenDryPoor
87796,Rubus idaeus,OpenDryPoor
87797,Rubus idaeus,OpenDryPoor
87798,Rubus idaeus,OpenDryPoor
87799,Rubus idaeus,OpenDryPoor
87800,Rubus idaeus,OpenDryPoor
87801,Rubus idaeus,OpenDryPoor
87802,Rubus idaeus,OpenDryPoor
87803,Rubus idaeus,OpenDryPoor
87804,Rubus idaeus,OpenDryPoor
87805,Rubus idaeus,OpenDryPoor
87806,Rubus idaeus,OpenDryPoor
87807,Rubus idaeus,OpenDryPoor
87808,Rubus idaeus,OpenDryPoor
87809,Rubus idaeus,OpenDryPoor
87810,Rubus idaeus,OpenDryPoor
88350,Rubus idaeus,OpenDryPoor
88351,Rubus idaeus,OpenDryPoor
88352,Rubus idaeus,OpenDryPoor
88353,Rubus idaeus,OpenDryPoor
88354,Rubus idaeus,OpenDryPoor
88355,Rubus idaeus,OpenDryPoor
88356,Rubus idaeus,OpenDryPoor
88357,Rubus idaeus,OpenDryPoor
88358,Rubus idaeus,OpenDryPoor
88359,Rubus idaeus,OpenDryPoor
88360,Rubus idaeus,OpenDryPoor
88361,Rubus idaeus,OpenDryPoor
88362,Rubus idaeus,OpenDryPoor
88363,Rubus idaeus,OpenDryPoor
88364,Rubus idaeus,OpenDryPoor
88365,Rubus idaeus,OpenDryPoor
88366,Rubus idaeus,OpenDryPoor
88367,Rubus idaeus,OpenDryPoor
88368,Rubus idaeus,OpenDryPoor
88369,Rubus idaeus,OpenDryPoor
88370,Rubus idaeus,OpenDryPoor
88371,Rubus idaeus,OpenDryPoor
88372,Rubus idaeus,OpenDryPoor
88373,Rubus idaeus,OpenDryPoor
88374,Rubus idaeus,OpenDryPoor
88375,Rubus idaeus,OpenDryPoor
88376,Rubus idaeus,OpenDryPoor
88377,Rubus idaeus,OpenDryPoor
88378,Rubus idaeus,OpenDryPoor
88379,Rubus idaeus,OpenDryPoor
88380,Rubus idaeus,OpenDryPoor
88381,Rubus idaeus,OpenDryPoor
88382,Rubus idaeus,OpenDryPoor
88383,Rubus idaeus,OpenDryPoor
88384,Rubus idaeus,OpenDryPoor
88385,Rubus idaeus,OpenDryPoor
88386,Rubus idaeus,OpenDryPoor
88387,Rubus idaeus,OpenDryPoor
88388,Rubus idaeus,OpenDryPoor
88389,Rubus idaeus,OpenDryPoor
88390,Rubus idaeus,OpenDryPoor
88391,Rubus idaeus,OpenDryPoor
88392,Rubus idaeus,OpenDryPoor
88393,Rubus idaeus,OpenDryPoor
88394,Rubus idaeus,OpenDryPoor
88395,Rubus idaeus,OpenDryPoor
88396,Rubus idaeus,OpenDryPoor
88397,Rubus idaeus,OpenDryPoor
88398,Rubus idaeus,OpenDryPoor
88399,Rubus idaeus,OpenDryPoor
88400,Rubus idaeus,OpenDryPoor
88401,Rubus idaeus,OpenDryPoor
88402,Rubus idaeus,OpenDryPoor
88403,Rubus idaeus,OpenDryPoor
88404,Rubus idaeus,OpenDryPoor
88405,Rubus idaeus,OpenDryPoor
88406,Rubus idaeus,OpenDryPoor
88407,Rubus idaeus,OpenDryPoor
88408,Rubus idaeus,OpenDryPoor
88949,Rubus idaeus,OpenDryPoor
88950,Rubus idaeus,OpenDryPoor
88951,Rubus idaeus,OpenDryPoor
88952,Rubus idaeus,OpenDryPoor
88953,Rubus idaeus,OpenDryPoor
88954,Rubus idaeus,OpenDryPoor
88955,Rubus idaeus,OpenDryPoor
88956,Rubus idaeus,OpenDryPoor
88957,Rubus idaeus,OpenDryPoor
88958,Rubus idaeus,OpenDryPoor
88959,Rubus idaeus,OpenDryPoor
88960,Rubus idaeus,OpenDryPoor
88961,Rubus idaeus,OpenDryPoor
88962,Rubus idaeus,OpenDryPoor
88963,Rubus idaeus,OpenDryPoor
88964,Rubus idaeus,OpenDryPoor
88965,Rubus idaeus,OpenDryPoor
88966,Rubus idaeus,OpenDryPoor
88967,Rubus idaeus,OpenDryPoor
88968,Rubus idaeus,OpenDryPoor
88969,Rubus idaeus,OpenDryPoor
88970,Rubus idaeus,OpenDryPoor
88971,Rubus idaeus,OpenDryPoor
88972,Rubus idaeus,OpenDryPoor
88973,Rubus idaeus,OpenDryPoor
88974,Rubus idaeus,OpenDryPoor
88975,Rubus idaeus,OpenDryPoor
88976,Rubus idaeus,OpenDryPoor
88977,Rubus idaeus,OpenDryPoor
88978,Rubus idaeus,OpenDryPoor
88979,Rubus idaeus,OpenDryPoor
88980,Rubus idaeus,OpenDryPoor
88981,Rubus idaeus,OpenDryPoor
88982,Rubus idaeus,OpenDryPoor
88983,Rubus idaeus,OpenDryPoor
88984,Rubus idaeus,OpenDryPoor
88985,Rubus idaeus,OpenDryPoor
88986,Rubus idaeus,OpenDryPoor
88987,Rubus idaeus,OpenDryPoor
88988,Rubus idaeus,OpenDryPoor
88989,Rubus idaeus,OpenDryPoor
88990,Rubus idaeus,OpenDryPoor
88991,Rubus idaeus,OpenDryPoor
88120873,Rubus idaeus,OpenDryPoor
120874,Rubus idaeus,OpenDryPoor
120875,Rubus idaeus,OpenDryPoor
120876,Rubus idaeus,OpenDryPoor
120877,Rubus idaeus,OpenDryPoor
120878,Rubus idaeus,OpenDryPoor
120879,Rubus idaeus,OpenDryPoor
120880,Rubus idaeus,OpenDryPoor
120881,Rubus idaeus,OpenDryPoor
120882,Rubus idaeus,OpenDryPoor
120883,Rubus idaeus,OpenDryPoor
120884,Rubus idaeus,OpenDryPoor
120885,Rubus idaeus,OpenDryPoor
120886,Rubus idaeus,OpenDryPoor
120887,Rubus idaeus,OpenDryPoor
120888,Rubus idaeus,OpenDryPoor
120889,Rubus idaeus,OpenDryPoor
120890,Rubus idaeus,OpenDryPoor
120891,Rubus idaeus,OpenDryPoor
120892,Rubus idaeus,OpenDryPoor
120893,Rubus idaeus,OpenDryPoor
120894,Rubus idaeus,OpenDryPoor
120895,Rubus idaeus,OpenDryPoor
121437,Rubus idaeus,OpenDryPoor
121438,Rubus idaeus,OpenDryPoor
121439,Rubus idaeus,OpenDryPoor
121440,Rubus idaeus,OpenDryPoor
121441,Rubus idaeus,OpenDryPoor
121442,Rubus idaeus,OpenDryPoor
121443,Rubus idaeus,OpenDryPoor
121444,Rubus idaeus,OpenDryPoor
121445,Rubus idaeus,OpenDryPoor
121446,Rubus idaeus,OpenDryPoor
121447,Rubus idaeus,OpenDryPoor
121448,Rubus idaeus,OpenDryPoor
121449,Rubus idaeus,OpenDryPoor
121450,Rubus idaeus,OpenDryPoor
121451,Rubus idaeus,OpenDryPoor
121452,Rubus idaeus,OpenDryPoor
121453,Rubus idaeus,OpenDryPoor
121454,Rubus idaeus,OpenDryPoor
121455,Rubus idaeus,OpenDryPoor
121456,Rubus idaeus,OpenDryPoor
121457,Rubus idaeus,OpenDryPoor
121458,Rubus idaeus,OpenDryPoor
121459,Rubus idaeus,OpenDryPoor
121460,Rubus idaeus,OpenDryPoor
121461,Rubus idaeus,OpenDryPoor
121462,Rubus idaeus,OpenDryPoor
121463,Rubus idaeus,OpenDryPoor
121464,Rubus idaeus,OpenDryPoor
121465,Rubus idaeus,OpenDryPoor
121466,Rubus idaeus,OpenDryPoor
121467,Rubus idaeus,OpenDryPoor
121468,Rubus idaeus,OpenDryPoor
121469,Rubus idaeus,OpenDryPoor
121470,Rubus idaeus,OpenDryPoor
121471,Rubus idaeus,OpenDryPoor
121472,Rubus idaeus,OpenDryPoor
121473,Rubus idaeus,OpenDryPoor
121474,Rubus idaeus,OpenDryPoor
121475,Rubus idaeus,OpenDryPoor
121476,Rubus idaeus,OpenDryPoor
121477,Rubus idaeus,OpenDryPoor
121478,Rubus idaeus,OpenDryPoor
121479,Rubus idaeus,OpenDryPoor
121480,Rubus idaeus,OpenDryPoor
121481,Rubus idaeus,OpenDryPoor
121482,Rubus idaeus,OpenDryPoor
121483,Rubus idaeus,OpenDryPoor
121484,Rubus idaeus,OpenDryPoor
121485,Rubus idaeus,OpenDryPoor
121486,Rubus idaeus,OpenDryPoor
121487,Rubus idaeus,OpenDryPoor
121488,Rubus idaeus,OpenDryPoor
121489,Rubus idaeus,OpenDryPoor
121490,Rubus idaeus,OpenDryPoor
121491,Rubus idaeus,OpenDryPoor
121492,Rubus idaeus,OpenDryPoor
121493,Rubus idaeus,OpenDryPoor
121494,Rubus idaeus,OpenDryPoor
122036,Rubus idaeus,OpenDryPoor
122037,Rubus idaeus,OpenDryPoor
122038,Rubus idaeus,OpenDryPoor
122039,Rubus idaeus,OpenDryPoor
122040,Rubus idaeus,OpenDryPoor
122041,Rubus idaeus,OpenDryPoor
122042,Rubus idaeus,OpenDryPoor
122043,Rubus idaeus,OpenDryPoor
122044,Rubus idaeus,OpenDryPoor
122045,Rubus idaeus,OpenDryPoor
122046,Rubus idaeus,OpenDryPoor
122047,Rubus idaeus,OpenDryPoor
122048,Rubus idaeus,OpenDryPoor
122049,Rubus idaeus,OpenDryPoor
122050,Rubus idaeus,OpenDryPoor
122051,Rubus idaeus,OpenDryPoor
122052,Rubus idaeus,OpenDryPoor
122053,Rubus idaeus,OpenDryPoor
122054,Rubus idaeus,OpenDryPoor
122055,Rubus idaeus,OpenDryPoor
122056,Rubus idaeus,OpenDryPoor
122057,Rubus idaeus,OpenDryPoor
122058,Rubus idaeus,OpenDryPoor
122059,Rubus idaeus,OpenDryPoor
122060,Rubus idaeus,OpenDryPoor
122061,Rubus idaeus,OpenDryPoor
122062,Rubus idaeus,OpenDryPoor
122063,Rubus idaeus,OpenDryPoor
122064,Rubus idaeus,OpenDryPoor
122065,Rubus idaeus,OpenDryPoor
122066,Rubus idaeus,OpenDryPoor
122067,Rubus idaeus,OpenDryPoor
122068,Rubus idaeus,OpenDryPoor
122069,Rubus idaeus,OpenDryPoor
122070,Rubus idaeus,OpenDryPoor
122071,Rubus idaeus,OpenDryPoor
122072,Rubus idaeus,OpenDryPoor
122073,Rubus idaeus,OpenDryPoor
122074,Rubus idaeus,OpenDryPoor
122075,Rubus idaeus,OpenDryPoor
122076,Rubus idaeus,OpenDryPoor
122077,Rubus idaeus,OpenDryPoor
122078,Rubus idaeus,OpenDryPoor
122079,Rubus idaeus,OpenDryPoor
122080,Rubus idaeus,OpenDryPoor
122081,Rubus idaeus,OpenDryPoor
122082,Rubus idaeus,OpenDryPoor
302053,Rubus idaeus,OpenDryPoor
302054,Rubus idaeus,OpenDryPoor
302055,Rubus idaeus,OpenDryPoor
302056,Rubus idaeus,OpenDryPoor
302057,Rubus idaeus,OpenDryPoor
302058,Rubus idaeus,OpenDryPoor
302059,Rubus idaeus,OpenDryPoor
302060,Rubus idaeus,OpenDryPoor
302061,Rubus idaeus,OpenDryPoor
302062,Rubus idaeus,OpenDryPoor
302063,Rubus idaeus,OpenDryPoor
302064,Rubus idaeus,OpenDryPoor
302065,Rubus idaeus,OpenDryPoor
302066,Rubus idaeus,OpenDryPoor
302067,Rubus idaeus,OpenDryPoor
302068,Rubus idaeus,OpenDryPoor
302069,Rubus idaeus,OpenDryPoor
302070,Rubus idaeus,OpenDryPoor
302071,Rubus idaeus,OpenDryPoor
302072,Rubus idaeus,OpenDryPoor
302652,Rubus idaeus,OpenDryPoor
302653,Rubus idaeus,OpenDryPoor
302654,Rubus idaeus,OpenDryPoor
302655,Rubus idaeus,OpenDryPoor
302656,Rubus idaeus,OpenDryPoor
302657,Rubus idaeus,OpenDryPoor
302658,Rubus idaeus,OpenDryPoor
302659,Rubus idaeus,OpenDryPoor
302660,Rubus idaeus,OpenDryPoor
302661,Rubus idaeus,OpenDryPoor
302662,Rubus idaeus,OpenDryPoor
302663,Rubus idaeus,OpenDryPoor
302664,Rubus idaeus,OpenDryPoor
302665,Rubus idaeus,OpenDryPoor
302666,Rubus idaeus,OpenDryPoor
302667,Rubus idaeus,OpenDryPoor
302668,Rubus idaeus,OpenDryPoor
302669,Rubus idaeus,OpenDryPoor
302670,Rubus idaeus,OpenDryPoor
302671,Rubus idaeus,OpenDryPoor
303251,Rubus idaeus,OpenDryPoor
303252,Rubus idaeus,OpenDryPoor
303253,Rubus idaeus,OpenDryPoor
303254,Rubus idaeus,OpenDryPoor
303255,Rubus idaeus,OpenDryPoor
303256,Rubus idaeus,OpenDryPoor
303257,Rubus idaeus,OpenDryPoor
303258,Rubus idaeus,OpenDryPoor
303259,Rubus idaeus,OpenDryPoor
303260,Rubus idaeus,OpenDryPoor
303261,Rubus idaeus,OpenDryPoor
303262,Rubus idaeus,OpenDryPoor
303263,Rubus idaeus,OpenDryPoor
303264,Rubus idaeus,OpenDryPoor
303265,Rubus idaeus,OpenDryPoor
303266,Rubus idaeus,OpenDryPoor
303267,Rubus idaeus,OpenDryPoor
303268,Rubus idaeus,OpenDryPoor
303269,Rubus idaeus,OpenDryPoor
303270,Rubus idaeus,OpenDryPoor
303850,Rubus idaeus,OpenDryPoor
303851,Rubus idaeus,OpenDryPoor
303852,Rubus idaeus,OpenDryPoor
303853,Rubus idaeus,OpenDryPoor
303854,Rubus idaeus,OpenDryPoor
303855,Rubus idaeus,OpenDryPoor
303856,Rubus idaeus,OpenDryPoor
303857,Rubus idaeus,OpenDryPoor
303858,Rubus idaeus,OpenDryPoor
303859,Rubus idaeus,OpenDryPoor
303860,Rubus idaeus,OpenDryPoor
303861,Rubus idaeus,OpenDryPoor
303862,Rubus idaeus,OpenDryPoor
303863,Rubus idaeus,OpenDryPoor
303864,Rubus idaeus,OpenDryPoor
303865,Rubus idaeus,OpenDryPoor
303866,Rubus idaeus,OpenDryPoor
303867,Rubus idaeus,OpenDryPoor
303868,Rubus idaeus,OpenDryPoor
304449,Rubus idaeus,OpenDryPoor
304450,Rubus idaeus,OpenDryPoor
304451,Rubus idaeus,OpenDryPoor
304452,Rubus idaeus,OpenDryPoor
304453,Rubus idaeus,OpenDryPoor
304454,Rubus idaeus,OpenDryPoor
304455,Rubus idaeus,OpenDryPoor
304456,Rubus idaeus,OpenDryPoor
304457,Rubus idaeus,OpenDryPoor
304458,Rubus idaeus,OpenDryPoor
304459,Rubus idaeus,OpenDryPoor
304460,Rubus idaeus,OpenDryPoor
304461,Rubus idaeus,OpenDryPoor
304462,Rubus idaeus,OpenDryPoor
304463,Rubus idaeus,OpenDryPoor
304464,Rubus idaeus,OpenDryPoor
304465,Rubus idaeus,OpenDryPoor
304466,Rubus idaeus,OpenDryPoor
304467,Rubus idaeus,OpenDryPoor
305048,Rubus idaeus,OpenDryPoor
305049,Rubus idaeus,OpenDryPoor
305050,Rubus idaeus,OpenDryPoor
305051,Rubus idaeus,OpenDryPoor
305052,Rubus idaeus,OpenDryPoor
305053,Rubus idaeus,OpenDryPoor
305054,Rubus idaeus,OpenDryPoor
305055,Rubus idaeus,OpenDryPoor
305056,Rubus idaeus,OpenDryPoor
305057,Rubus idaeus,OpenDryPoor
305058,Rubus idaeus,OpenDryPoor
305059,Rubus idaeus,OpenDryPoor
305060,Rubus idaeus,OpenDryPoor
305061,Rubus idaeus,OpenDryPoor
305062,Rubus idaeus,OpenDryPoor
305063,Rubus idaeus,OpenDryPoor
305064,Rubus idaeus,OpenDryPoor
305065,Rubus idaeus,OpenDryPoor
305647,Rubus idaeus,OpenDryPoor
305648,Rubus idaeus,OpenDryPoor
305649,Rubus idaeus,OpenDryPoor
305650,Rubus idaeus,OpenDryPoor
305651,Rubus idaeus,OpenDryPoor
305652,Rubus idaeus,OpenDryPoor
305653,Rubus idaeus,OpenDryPoor
305654,Rubus idaeus,OpenDryPoor
305655,Rubus idaeus,OpenDryPoor
305656,Rubus idaeus,OpenDryPoor
305657,Rubus idaeus,OpenDryPoor
305658,Rubus idaeus,OpenDryPoor
bus idaeus,OpenDryPoor
66363,Rubus idaeus,OpenDryPoor
66364,Rubus idaeus,OpenDryPoor
66365,Rubus idaeus,OpenDryPoor
66366,Rubus idaeus,OpenDryPoor
66367,Rubus idaeus,OpenDryPoor
66368,Rubus idaeus,OpenDryPoor
66369,Rubus idaeus,OpenDryPoor
66370,Rubus idaeus,OpenDryPoor
66371,Rubus idaeus,OpenDryPoor
66372,Rubus idaeus,OpenDryPoor
66373,Rubus idaeus,OpenDryPoor
66374,Rubus idaeus,OpenDryPoor
66375,Rubus idaeus,OpenDryPoor
66376,Rubus idaeus,OpenDryPoor
66377,Rubus idaeus,OpenDryPoor
66378,Rubus idaeus,OpenDryPoor
66379,Rubus idaeus,OpenDryPoor
66380,Rubus idaeus,OpenDryPoor
66381,Rubus idaeus,OpenDryPoor
66382,Rubus idaeus,OpenDryPoor
66383,Rubus idaeus,OpenDryPoor
66384,Rubus idaeus,OpenDryPoor
66385,Rubus idaeus,OpenDryPoor
66386,Rubus idaeus,OpenDryPoor
66387,Rubus idaeus,OpenDryPoor
66388,Rubus idaeus,OpenDryPoor
66389,Rubus idaeus,OpenDryPoor
66390,Rubus idaeus,OpenDryPoor
66391,Rubus idaeus,OpenDryPoor
66392,Rubus idaeus,OpenDryPoor
66393,Rubus idaeus,OpenDryPoor
66394,Rubus idaeus,OpenDryPoor
66395,Rubus idaeus,OpenDryPoor
66396,Rubus idaeus,OpenDryPoor
66397,Rubus idaeus,OpenDryPoor
66398,Rubus idaeus,OpenDryPoor
66399,Rubus idaeus,OpenDryPoor
66400,Rubus idaeus,OpenDryPoor
66401,Rubus idaeus,OpenDryPoor
66947,Rubus idaeus,OpenDryPoor
66948,Rubus idaeus,OpenDryPoor
66949,Rubus idaeus,OpenDryPoor
66950,Rubus idaeus,OpenDryPoor
66951,Rubus idaeus,OpenDryPoor
66952,Rubus idaeus,OpenDryPoor
66953,Rubus idaeus,OpenDryPoor
66954,Rubus idaeus,OpenDryPoor
66955,Rubus idaeus,OpenDryPoor
66956,Rubus idaeus,OpenDryPoor
66957,Rubus idaeus,OpenDryPoor
66958,Rubus idaeus,OpenDryPoor
66959,Rubus idaeus,OpenDryPoor
66960,Rubus idaeus,OpenDryPoor
66961,Rubus idaeus,OpenDryPoor
66962,Rubus idaeus,OpenDryPoor
66963,Rubus idaeus,OpenDryPoor
66964,Rubus idaeus,OpenDryPoor
66965,Rubus idaeus,OpenDryPoor
66966,Rubus idaeus,OpenDryPoor
66967,Rubus idaeus,OpenDryPoor
66968,Rubus idaeus,OpenDryPoor
66969,Rubus idaeus,OpenDryPoor
66970,Rubus idaeus,OpenDryPoor
66971,Rubus idaeus,OpenDryPoor
66972,Rubus idaeus,OpenDryPoor
66973,Rubus idaeus,OpenDryPoor
66974,Rubus idaeus,OpenDryPoor
66975,Rubus idaeus,OpenDryPoor
66976,Rubus idaeus,OpenDryPoor
66977,Rubus idaeus,OpenDryPoor
66978,Rubus idaeus,OpenDryPoor
66979,Rubus idaeus,OpenDryPoor
66980,Rubus idaeus,OpenDryPoor
66981,Rubus idaeus,OpenDryPoor
66982,Rubus idaeus,OpenDryPoor
66983,Rubus idaeus,OpenDryPoor
66984,Rubus idaeus,OpenDryPoor
66985,Rubus idaeus,OpenDryPoor
66986,Rubus idaeus,OpenDryPoor
66987,Rubus idaeus,OpenDryPoor
66988,Rubus idaeus,OpenDryPoor
66989,Rubus idaeus,OpenDryPoor
66990,Rubus idaeus,OpenDryPoor
66991,Rubus idaeus,OpenDryPoor
66992,Rubus idaeus,OpenDryPoor
66993,Rubus idaeus,OpenDryPoor
66994,Rubus idaeus,OpenDryPoor
66995,Rubus idaeus,OpenDryPoor
66996,Rubus idaeus,OpenDryPoor
66997,Rubus idaeus,OpenDryPoor
66998,Rubus idaeus,OpenDryPoor
66999,Rubus idaeus,OpenDryPoor
67000,Rubus idaeus,OpenDryPoor
67001,Rubus idaeus,OpenDryPoor
67002,Rubus idaeus,OpenDryPoor
67545,Rubus idaeus,OpenDryPoor
67546,Rubus idaeus,OpenDryPoor
67547,Rubus idaeus,OpenDryPoor
67548,Rubus idaeus,OpenDryPoor
67549,Rubus idaeus,OpenDryPoor
67550,Rubus idaeus,OpenDryPoor
67551,Rubus idaeus,OpenDryPoor
67552,Rubus idaeus,OpenDryPoor
67553,Rubus idaeus,OpenDryPoor
67554,Rubus idaeus,OpenDryPoor
67555,Rubus idaeus,OpenDryPoor
67556,Rubus idaeus,OpenDryPoor
67557,Rubus idaeus,OpenDryPoor
67558,Rubus idaeus,OpenDryPoor
67559,Rubus idaeus,OpenDryPoor
67560,Rubus idaeus,OpenDryPoor
67561,Rubus idaeus,OpenDryPoor
67562,Rubus idaeus,OpenDryPoor
67563,Rubus idaeus,OpenDryPoor
67564,Rubus idaeus,OpenDryPoor
67565,Rubus idaeus,OpenDryPoor
67566,Rubus idaeus,OpenDryPoor
67567,Rubus idaeus,OpenDryPoor
67568,Rubus idaeus,OpenDryPoor
67569,Rubus idaeus,OpenDryPoor
67570,Rubus idaeus,OpenDryPoor
67571,Rubus idaeus,OpenDryPoor
67572,Rubus idaeus,OpenDryPoor
67573,Rubus idaeus,OpenDryPoor
67574,Rubus idaeus,OpenDryPoor
67575,Rubus idaeus,OpenDryPoor
67576,Rubus idaeus,OpenDryPoor
67577,Rubus idaeus,OpenDryPoor
67578,Rubus idaeus,OpenDryPoor
67579,Rubus idaeus,OpenDryPoor
67580,Rubus idaeus,OpenDryPoor
67581,Rubus 992,Rubus idaeus,OpenDryPoor
88993,Rubus idaeus,OpenDryPoor
88994,Rubus idaeus,OpenDryPoor
88995,Rubus idaeus,OpenDryPoor
88996,Rubus idaeus,OpenDryPoor
88997,Rubus idaeus,OpenDryPoor
88998,Rubus idaeus,OpenDryPoor
88999,Rubus idaeus,OpenDryPoor
89000,Rubus idaeus,OpenDryPoor
89001,Rubus idaeus,OpenDryPoor
89002,Rubus idaeus,OpenDryPoor
89003,Rubus idaeus,OpenDryPoor
89004,Rubus idaeus,OpenDryPoor
89005,Rubus idaeus,OpenDryPoor
89006,Rubus idaeus,OpenDryPoor
89007,Rubus idaeus,OpenDryPoor
89548,Rubus idaeus,OpenDryPoor
89549,Rubus idaeus,OpenDryPoor
89550,Rubus idaeus,OpenDryPoor
89551,Rubus idaeus,OpenDryPoor
89552,Rubus idaeus,OpenDryPoor
89553,Rubus idaeus,OpenDryPoor
89554,Rubus idaeus,OpenDryPoor
89555,Rubus idaeus,OpenDryPoor
89556,Rubus idaeus,OpenDryPoor
89557,Rubus idaeus,OpenDryPoor
89558,Rubus idaeus,OpenDryPoor
89559,Rubus idaeus,OpenDryPoor
89560,Rubus idaeus,OpenDryPoor
89561,Rubus idaeus,OpenDryPoor
89562,Rubus idaeus,OpenDryPoor
89563,Rubus idaeus,OpenDryPoor
89564,Rubus idaeus,OpenDryPoor
89565,Rubus idaeus,OpenDryPoor
89566,Rubus idaeus,OpenDryPoor
89567,Rubus idaeus,OpenDryPoor
89568,Rubus idaeus,OpenDryPoor
89569,Rubus idaeus,OpenDryPoor
89570,Rubus idaeus,OpenDryPoor
89571,Rubus idaeus,OpenDryPoor
89572,Rubus idaeus,OpenDryPoor
89573,Rubus idaeus,OpenDryPoor
89574,Rubus idaeus,OpenDryPoor
89575,Rubus idaeus,OpenDryPoor
89576,Rubus idaeus,OpenDryPoor
89577,Rubus idaeus,OpenDryPoor
89578,Rubus idaeus,OpenDryPoor
89579,Rubus idaeus,OpenDryPoor
89580,Rubus idaeus,OpenDryPoor
89581,Rubus idaeus,OpenDryPoor
89582,Rubus idaeus,OpenDryPoor
89583,Rubus idaeus,OpenDryPoor
89584,Rubus idaeus,OpenDryPoor
89585,Rubus idaeus,OpenDryPoor
89586,Rubus idaeus,OpenDryPoor
89587,Rubus idaeus,OpenDryPoor
89588,Rubus idaeus,OpenDryPoor
89589,Rubus idaeus,OpenDryPoor
89590,Rubus idaeus,OpenDryPoor
89591,Rubus idaeus,OpenDryPoor
89592,Rubus idaeus,OpenDryPoor
89593,Rubus idaeus,OpenDryPoor
89594,Rubus idaeus,OpenDryPoor
89595,Rubus idaeus,OpenDryPoor
89596,Rubus idaeus,OpenDryPoor
89597,Rubus idaeus,OpenDryPoor
89598,Rubus idaeus,OpenDryPoor
89599,Rubus idaeus,OpenDryPoor
89600,Rubus idaeus,OpenDryPoor
89601,Rubus idaeus,OpenDryPoor
89602,Rubus idaeus,OpenDryPoor
89603,Rubus idaeus,OpenDryPoor
89604,Rubus idaeus,OpenDryPoor
89605,Rubus idaeus,OpenDryPoor
90147,Rubus idaeus,OpenDryPoor
90148,Rubus idaeus,OpenDryPoor
90149,Rubus idaeus,OpenDryPoor
90150,Rubus idaeus,OpenDryPoor
90151,Rubus idaeus,OpenDryPoor
90152,Rubus idaeus,OpenDryPoor
90153,Rubus idaeus,OpenDryPoor
90154,Rubus idaeus,OpenDryPoor
90155,Rubus idaeus,OpenDryPoor
90156,Rubus idaeus,OpenDryPoor
90157,Rubus idaeus,OpenDryPoor
90158,Rubus idaeus,OpenDryPoor
90159,Rubus idaeus,OpenDryPoor
90160,Rubus idaeus,OpenDryPoor
90161,Rubus idaeus,OpenDryPoor
90162,Rubus idaeus,OpenDryPoor
90163,Rubus idaeus,OpenDryPoor
90164,Rubus idaeus,OpenDryPoor
90165,Rubus idaeus,OpenDryPoor
90166,Rubus idaeus,OpenDryPoor
90167,Rubus idaeus,OpenDryPoor
90168,Rubus idaeus,OpenDryPoor
90169,Rubus idaeus,OpenDryPoor
90170,Rubus idaeus,OpenDryPoor
90171,Rubus idaeus,OpenDryPoor
90172,Rubus idaeus,OpenDryPoor
90173,Rubus idaeus,OpenDryPoor
90174,Rubus idaeus,OpenDryPoor
90175,Rubus idaeus,OpenDryPoor
90176,Rubus idaeus,OpenDryPoor
90177,Rubus idaeus,OpenDryPoor
90178,Rubus idaeus,OpenDryPoor
90179,Rubus idaeus,OpenDryPoor
90180,Rubus idaeus,OpenDryPoor
90181,Rubus idaeus,OpenDryPoor
90182,Rubus idaeus,OpenDryPoor
90183,Rubus idaeus,OpenDryPoor
90184,Rubus idaeus,OpenDryPoor
90185,Rubus idaeus,OpenDryPoor
90186,Rubus idaeus,OpenDryPoor
90187,Rubus idaeus,OpenDryPoor
90188,Rubus idaeus,OpenDryPoor
90189,Rubus idaeus,OpenDryPoor
90190,Rubus idaeus,OpenDryPoor
90191,Rubus idaeus,OpenDryPoor
90192,Rubus idaeus,OpenDryPoor
90193,Rubus idaeus,OpenDryPoor
90194,Rubus idaeus,OpenDryPoor
90195,Rubus idaeus,OpenDryPoor
90196,Rubus idaeus,OpenDryPoor
90197,Rubus idaeus,OpenDryPoor
90198,Rubus idaeus,OpenDryPoor
90199,Rubus idaeus,OpenDryPoor
90200,Rubus idaeus,OpenDryPoor
90201,Rubus idaeus,OpenDryPoor
90202,Rubus idaeus,OpenDryPoor
90203,Rubus idaeus,OpenDryPoor
90746,Rubus idaeus,OpenDryPoor
90747,122083,Rubus idaeus,OpenDryPoor
122084,Rubus idaeus,OpenDryPoor
122085,Rubus idaeus,OpenDryPoor
122086,Rubus idaeus,OpenDryPoor
122087,Rubus idaeus,OpenDryPoor
122088,Rubus idaeus,OpenDryPoor
122089,Rubus idaeus,OpenDryPoor
122090,Rubus idaeus,OpenDryPoor
122091,Rubus idaeus,OpenDryPoor
122092,Rubus idaeus,OpenDryPoor
122093,Rubus idaeus,OpenDryPoor
122634,Rubus idaeus,OpenDryPoor
122635,Rubus idaeus,OpenDryPoor
122636,Rubus idaeus,OpenDryPoor
122637,Rubus idaeus,OpenDryPoor
122638,Rubus idaeus,OpenDryPoor
122639,Rubus idaeus,OpenDryPoor
122640,Rubus idaeus,OpenDryPoor
122641,Rubus idaeus,OpenDryPoor
122642,Rubus idaeus,OpenDryPoor
122643,Rubus idaeus,OpenDryPoor
122644,Rubus idaeus,OpenDryPoor
122645,Rubus idaeus,OpenDryPoor
122646,Rubus idaeus,OpenDryPoor
122647,Rubus idaeus,OpenDryPoor
122648,Rubus idaeus,OpenDryPoor
122649,Rubus idaeus,OpenDryPoor
122650,Rubus idaeus,OpenDryPoor
122651,Rubus idaeus,OpenDryPoor
122652,Rubus idaeus,OpenDryPoor
122653,Rubus idaeus,OpenDryPoor
122654,Rubus idaeus,OpenDryPoor
122655,Rubus idaeus,OpenDryPoor
122656,Rubus idaeus,OpenDryPoor
122657,Rubus idaeus,OpenDryPoor
122658,Rubus idaeus,OpenDryPoor
122659,Rubus idaeus,OpenDryPoor
122660,Rubus idaeus,OpenDryPoor
122661,Rubus idaeus,OpenDryPoor
122662,Rubus idaeus,OpenDryPoor
122663,Rubus idaeus,OpenDryPoor
122664,Rubus idaeus,OpenDryPoor
122665,Rubus idaeus,OpenDryPoor
122666,Rubus idaeus,OpenDryPoor
122667,Rubus idaeus,OpenDryPoor
122668,Rubus idaeus,OpenDryPoor
122669,Rubus idaeus,OpenDryPoor
122670,Rubus idaeus,OpenDryPoor
122671,Rubus idaeus,OpenDryPoor
122672,Rubus idaeus,OpenDryPoor
122673,Rubus idaeus,OpenDryPoor
122674,Rubus idaeus,OpenDryPoor
122675,Rubus idaeus,OpenDryPoor
122676,Rubus idaeus,OpenDryPoor
122677,Rubus idaeus,OpenDryPoor
122678,Rubus idaeus,OpenDryPoor
122679,Rubus idaeus,OpenDryPoor
122680,Rubus idaeus,OpenDryPoor
122681,Rubus idaeus,OpenDryPoor
122682,Rubus idaeus,OpenDryPoor
122683,Rubus idaeus,OpenDryPoor
122684,Rubus idaeus,OpenDryPoor
122685,Rubus idaeus,OpenDryPoor
122686,Rubus idaeus,OpenDryPoor
122687,Rubus idaeus,OpenDryPoor
122688,Rubus idaeus,OpenDryPoor
122689,Rubus idaeus,OpenDryPoor
122690,Rubus idaeus,OpenDryPoor
122691,Rubus idaeus,OpenDryPoor
122692,Rubus idaeus,OpenDryPoor
122693,Rubus idaeus,OpenDryPoor
122694,Rubus idaeus,OpenDryPoor
122695,Rubus idaeus,OpenDryPoor
122696,Rubus idaeus,OpenDryPoor
122697,Rubus idaeus,OpenDryPoor
122698,Rubus idaeus,OpenDryPoor
122699,Rubus idaeus,OpenDryPoor
122700,Rubus idaeus,OpenDryPoor
122701,Rubus idaeus,OpenDryPoor
122702,Rubus idaeus,OpenDryPoor
122703,Rubus idaeus,OpenDryPoor
122704,Rubus idaeus,OpenDryPoor
122705,Rubus idaeus,OpenDryPoor
122706,Rubus idaeus,OpenDryPoor
122707,Rubus idaeus,OpenDryPoor
122708,Rubus idaeus,OpenDryPoor
122709,Rubus idaeus,OpenDryPoor
122710,Rubus idaeus,OpenDryPoor
122711,Rubus idaeus,OpenDryPoor
122712,Rubus idaeus,OpenDryPoor
123233,Rubus idaeus,OpenDryPoor
123234,Rubus idaeus,OpenDryPoor
123235,Rubus idaeus,OpenDryPoor
123236,Rubus idaeus,OpenDryPoor
123237,Rubus idaeus,OpenDryPoor
123238,Rubus idaeus,OpenDryPoor
123239,Rubus idaeus,OpenDryPoor
123240,Rubus idaeus,OpenDryPoor
123241,Rubus idaeus,OpenDryPoor
123242,Rubus idaeus,OpenDryPoor
123243,Rubus idaeus,OpenDryPoor
123244,Rubus idaeus,OpenDryPoor
123245,Rubus idaeus,OpenDryPoor
123246,Rubus idaeus,OpenDryPoor
123247,Rubus idaeus,OpenDryPoor
123248,Rubus idaeus,OpenDryPoor
123249,Rubus idaeus,OpenDryPoor
123250,Rubus idaeus,OpenDryPoor
123251,Rubus idaeus,OpenDryPoor
123252,Rubus idaeus,OpenDryPoor
123253,Rubus idaeus,OpenDryPoor
123254,Rubus idaeus,OpenDryPoor
123255,Rubus idaeus,OpenDryPoor
123256,Rubus idaeus,OpenDryPoor
123257,Rubus idaeus,OpenDryPoor
123258,Rubus idaeus,OpenDryPoor
123259,Rubus idaeus,OpenDryPoor
123260,Rubus idaeus,OpenDryPoor
123261,Rubus idaeus,OpenDryPoor
123262,Rubus idaeus,OpenDryPoor
123263,Rubus idaeus,OpenDryPoor
123264,Rubus idaeus,OpenDryPoor
123265,Rubus idaeus,OpenDryPoor
123266,Rubus idaeus,OpenDryPoor
123267,Rubus idaeus,OpenDryPoor
123268,Rubus idaeus,OpenDryPoor
123269,Rubus idaeus,OpenDryPoor
123270,Rubus idaeus,OpenDryPoor
305659,Rubus idaeus,OpenDryPoor
305660,Rubus idaeus,OpenDryPoor
305661,Rubus idaeus,OpenDryPoor
305662,Rubus idaeus,OpenDryPoor
305663,Rubus idaeus,OpenDryPoor
306246,Rubus idaeus,OpenDryPoor
306247,Rubus idaeus,OpenDryPoor
306248,Rubus idaeus,OpenDryPoor
306249,Rubus idaeus,OpenDryPoor
306250,Rubus idaeus,OpenDryPoor
306251,Rubus idaeus,OpenDryPoor
306252,Rubus idaeus,OpenDryPoor
306253,Rubus idaeus,OpenDryPoor
306254,Rubus idaeus,OpenDryPoor
306255,Rubus idaeus,OpenDryPoor
306256,Rubus idaeus,OpenDryPoor
306257,Rubus idaeus,OpenDryPoor
306258,Rubus idaeus,OpenDryPoor
306259,Rubus idaeus,OpenDryPoor
306260,Rubus idaeus,OpenDryPoor
306261,Rubus idaeus,OpenDryPoor
306845,Rubus idaeus,OpenDryPoor
306846,Rubus idaeus,OpenDryPoor
306847,Rubus idaeus,OpenDryPoor
306848,Rubus idaeus,OpenDryPoor
306849,Rubus idaeus,OpenDryPoor
306850,Rubus idaeus,OpenDryPoor
306851,Rubus idaeus,OpenDryPoor
306852,Rubus idaeus,OpenDryPoor
306853,Rubus idaeus,OpenDryPoor
306854,Rubus idaeus,OpenDryPoor
306855,Rubus idaeus,OpenDryPoor
306856,Rubus idaeus,OpenDryPoor
306857,Rubus idaeus,OpenDryPoor
306858,Rubus idaeus,OpenDryPoor
306859,Rubus idaeus,OpenDryPoor
306860,Rubus idaeus,OpenDryPoor
307444,Rubus idaeus,OpenDryPoor
307445,Rubus idaeus,OpenDryPoor
307446,Rubus idaeus,OpenDryPoor
307447,Rubus idaeus,OpenDryPoor
307448,Rubus idaeus,OpenDryPoor
307449,Rubus idaeus,OpenDryPoor
307450,Rubus idaeus,OpenDryPoor
307451,Rubus idaeus,OpenDryPoor
307452,Rubus idaeus,OpenDryPoor
307453,Rubus idaeus,OpenDryPoor
307454,Rubus idaeus,OpenDryPoor
307455,Rubus idaeus,OpenDryPoor
307456,Rubus idaeus,OpenDryPoor
307457,Rubus idaeus,OpenDryPoor
307458,Rubus idaeus,OpenDryPoor
308043,Rubus idaeus,OpenDryPoor
308044,Rubus idaeus,OpenDryPoor
308045,Rubus idaeus,OpenDryPoor
308046,Rubus idaeus,OpenDryPoor
308047,Rubus idaeus,OpenDryPoor
308048,Rubus idaeus,OpenDryPoor
308049,Rubus idaeus,OpenDryPoor
308050,Rubus idaeus,OpenDryPoor
308051,Rubus idaeus,OpenDryPoor
308052,Rubus idaeus,OpenDryPoor
308053,Rubus idaeus,OpenDryPoor
308054,Rubus idaeus,OpenDryPoor
308055,Rubus idaeus,OpenDryPoor
308056,Rubus idaeus,OpenDryPoor
308642,Rubus idaeus,OpenDryPoor
308643,Rubus idaeus,OpenDryPoor
308644,Rubus idaeus,OpenDryPoor
308645,Rubus idaeus,OpenDryPoor
308646,Rubus idaeus,OpenDryPoor
308647,Rubus idaeus,OpenDryPoor
308648,Rubus idaeus,OpenDryPoor
308649,Rubus idaeus,OpenDryPoor
308650,Rubus idaeus,OpenDryPoor
308651,Rubus idaeus,OpenDryPoor
308652,Rubus idaeus,OpenDryPoor
308653,Rubus idaeus,OpenDryPoor
308654,Rubus idaeus,OpenDryPoor
309241,Rubus idaeus,OpenDryPoor
309242,Rubus idaeus,OpenDryPoor
309243,Rubus idaeus,OpenDryPoor
309244,Rubus idaeus,OpenDryPoor
309245,Rubus idaeus,OpenDryPoor
309246,Rubus idaeus,OpenDryPoor
309247,Rubus idaeus,OpenDryPoor
309248,Rubus idaeus,OpenDryPoor
309249,Rubus idaeus,OpenDryPoor
309250,Rubus idaeus,OpenDryPoor
309251,Rubus idaeus,OpenDryPoor
309252,Rubus idaeus,OpenDryPoor
309840,Rubus idaeus,OpenDryPoor
309841,Rubus idaeus,OpenDryPoor
309842,Rubus idaeus,OpenDryPoor
309843,Rubus idaeus,OpenDryPoor
309844,Rubus idaeus,OpenDryPoor
309845,Rubus idaeus,OpenDryPoor
309846,Rubus idaeus,OpenDryPoor
309847,Rubus idaeus,OpenDryPoor
309848,Rubus idaeus,OpenDryPoor
309849,Rubus idaeus,OpenDryPoor
309850,Rubus idaeus,OpenDryPoor
310439,Rubus idaeus,OpenDryPoor
310440,Rubus idaeus,OpenDryPoor
310441,Rubus idaeus,OpenDryPoor
310442,Rubus idaeus,OpenDryPoor
310443,Rubus idaeus,OpenDryPoor
310444,Rubus idaeus,OpenDryPoor
310445,Rubus idaeus,OpenDryPoor
310446,Rubus idaeus,OpenDryPoor
310447,Rubus idaeus,OpenDryPoor
310448,Rubus idaeus,OpenDryPoor
311038,Rubus idaeus,OpenDryPoor
311039,Rubus idaeus,OpenDryPoor
311040,Rubus idaeus,OpenDryPoor
311041,Rubus idaeus,OpenDryPoor
311042,Rubus idaeus,OpenDryPoor
311043,Rubus idaeus,OpenDryPoor
311044,Rubus idaeus,OpenDryPoor
311045,Rubus idaeus,OpenDryPoor
311046,Rubus idaeus,OpenDryPoor
311637,Rubus idaeus,OpenDryPoor
311638,Rubus idaeus,OpenDryPoor
311639,Rubus idaeus,OpenDryPoor
311640,Rubus idaeus,OpenDryPoor
311641,Rubus idaeus,OpenDryPoor
311642,Rubus idaeus,OpenDryPoor
311643,Rubus idaeus,OpenDryPoor
idaeus,OpenDryPoor
67582,Rubus idaeus,OpenDryPoor
67583,Rubus idaeus,OpenDryPoor
67584,Rubus idaeus,OpenDryPoor
67585,Rubus idaeus,OpenDryPoor
67586,Rubus idaeus,OpenDryPoor
67587,Rubus idaeus,OpenDryPoor
67588,Rubus idaeus,OpenDryPoor
67589,Rubus idaeus,OpenDryPoor
67590,Rubus idaeus,OpenDryPoor
67591,Rubus idaeus,OpenDryPoor
67592,Rubus idaeus,OpenDryPoor
67593,Rubus idaeus,OpenDryPoor
67594,Rubus idaeus,OpenDryPoor
67595,Rubus idaeus,OpenDryPoor
67596,Rubus idaeus,OpenDryPoor
67597,Rubus idaeus,OpenDryPoor
67598,Rubus idaeus,OpenDryPoor
67599,Rubus idaeus,OpenDryPoor
67600,Rubus idaeus,OpenDryPoor
67601,Rubus idaeus,OpenDryPoor
67602,Rubus idaeus,OpenDryPoor
68144,Rubus idaeus,OpenDryPoor
68145,Rubus idaeus,OpenDryPoor
68146,Rubus idaeus,OpenDryPoor
68147,Rubus idaeus,OpenDryPoor
68148,Rubus idaeus,OpenDryPoor
68149,Rubus idaeus,OpenDryPoor
68150,Rubus idaeus,OpenDryPoor
68151,Rubus idaeus,OpenDryPoor
68152,Rubus idaeus,OpenDryPoor
68153,Rubus idaeus,OpenDryPoor
68154,Rubus idaeus,OpenDryPoor
68155,Rubus idaeus,OpenDryPoor
68156,Rubus idaeus,OpenDryPoor
68157,Rubus idaeus,OpenDryPoor
68158,Rubus idaeus,OpenDryPoor
68159,Rubus idaeus,OpenDryPoor
68160,Rubus idaeus,OpenDryPoor
68161,Rubus idaeus,OpenDryPoor
68162,Rubus idaeus,OpenDryPoor
68163,Rubus idaeus,OpenDryPoor
68164,Rubus idaeus,OpenDryPoor
68165,Rubus idaeus,OpenDryPoor
68166,Rubus idaeus,OpenDryPoor
68167,Rubus idaeus,OpenDryPoor
68168,Rubus idaeus,OpenDryPoor
68169,Rubus idaeus,OpenDryPoor
68170,Rubus idaeus,OpenDryPoor
68171,Rubus idaeus,OpenDryPoor
68172,Rubus idaeus,OpenDryPoor
68173,Rubus idaeus,OpenDryPoor
68174,Rubus idaeus,OpenDryPoor
68175,Rubus idaeus,OpenDryPoor
68176,Rubus idaeus,OpenDryPoor
68177,Rubus idaeus,OpenDryPoor
68178,Rubus idaeus,OpenDryPoor
68179,Rubus idaeus,OpenDryPoor
68180,Rubus idaeus,OpenDryPoor
68181,Rubus idaeus,OpenDryPoor
68182,Rubus idaeus,OpenDryPoor
68183,Rubus idaeus,OpenDryPoor
68184,Rubus idaeus,OpenDryPoor
68185,Rubus idaeus,OpenDryPoor
68186,Rubus idaeus,OpenDryPoor
68187,Rubus idaeus,OpenDryPoor
68188,Rubus idaeus,OpenDryPoor
68189,Rubus idaeus,OpenDryPoor
68190,Rubus idaeus,OpenDryPoor
68191,Rubus idaeus,OpenDryPoor
68192,Rubus idaeus,OpenDryPoor
68193,Rubus idaeus,OpenDryPoor
68194,Rubus idaeus,OpenDryPoor
68195,Rubus idaeus,OpenDryPoor
68196,Rubus idaeus,OpenDryPoor
68197,Rubus idaeus,OpenDryPoor
68198,Rubus idaeus,OpenDryPoor
68199,Rubus idaeus,OpenDryPoor
68200,Rubus idaeus,OpenDryPoor
68201,Rubus idaeus,OpenDryPoor
68202,Rubus idaeus,OpenDryPoor
68203,Rubus idaeus,OpenDryPoor
68743,Rubus idaeus,OpenDryPoor
68744,Rubus idaeus,OpenDryPoor
68745,Rubus idaeus,OpenDryPoor
68746,Rubus idaeus,OpenDryPoor
68747,Rubus idaeus,OpenDryPoor
68748,Rubus idaeus,OpenDryPoor
68749,Rubus idaeus,OpenDryPoor
68750,Rubus idaeus,OpenDryPoor
68751,Rubus idaeus,OpenDryPoor
68752,Rubus idaeus,OpenDryPoor
68753,Rubus idaeus,OpenDryPoor
68754,Rubus idaeus,OpenDryPoor
68755,Rubus idaeus,OpenDryPoor
68756,Rubus idaeus,OpenDryPoor
68757,Rubus idaeus,OpenDryPoor
68758,Rubus idaeus,OpenDryPoor
68759,Rubus idaeus,OpenDryPoor
68760,Rubus idaeus,OpenDryPoor
68761,Rubus idaeus,OpenDryPoor
68762,Rubus idaeus,OpenDryPoor
68763,Rubus idaeus,OpenDryPoor
68764,Rubus idaeus,OpenDryPoor
68765,Rubus idaeus,OpenDryPoor
68766,Rubus idaeus,OpenDryPoor
68767,Rubus idaeus,OpenDryPoor
68768,Rubus idaeus,OpenDryPoor
68769,Rubus idaeus,OpenDryPoor
68770,Rubus idaeus,OpenDryPoor
68771,Rubus idaeus,OpenDryPoor
68772,Rubus idaeus,OpenDryPoor
68773,Rubus idaeus,OpenDryPoor
68774,Rubus idaeus,OpenDryPoor
68775,Rubus idaeus,OpenDryPoor
68776,Rubus idaeus,OpenDryPoor
68777,Rubus idaeus,OpenDryPoor
68778,Rubus idaeus,OpenDryPoor
68779,Rubus idaeus,OpenDryPoor
68780,Rubus idaeus,OpenDryPoor
68781,Rubus idaeus,OpenDryPoor
68782,Rubus idaeus,OpenDryPoor
68783,Rubus idaeus,OpenDryPoor
68784,Rubus idaeus,OpenDryPoor
68785,Rubus idaeus,OpenDryPoor
68786,Rubus idaeus,OpenDryPoor
68787,Rubus idaeus,OpenDryPoor
68788,Rubus idaeus,OpenDryPoor
68789,Rubus idaeus,OpenDryPoor
68790,Rubus idaeus,OpenDryPoor
68791,Rubus idaeus,OpenDryPoor
68792,Rubus idaeus,OpenDryPoor
68793,Rubus idae311644,Rubus idaeus,OpenDryPoor
312236,Rubus idaeus,OpenDryPoor
312237,Rubus idaeus,OpenDryPoor
312238,Rubus idaeus,OpenDryPoor
312239,Rubus idaeus,OpenDryPoor
312240,Rubus idaeus,OpenDryPoor
312241,Rubus idaeus,OpenDryPoor
312835,Rubus idaeus,OpenDryPoor
312836,Rubus idaeus,OpenDryPoor
312837,Rubus idaeus,OpenDryPoor
312838,Rubus idaeus,OpenDryPoor
312839,Rubus idaeus,OpenDryPoor
313434,Rubus idaeus,OpenDryPoor
313435,Rubus idaeus,OpenDryPoor
313436,Rubus idaeus,OpenDryPoor
314013,Rubus idaeus,OpenDryPoor
314014,Rubus idaeus,OpenDryPoor
314015,Rubus idaeus,OpenDryPoor
314016,Rubus idaeus,OpenDryPoor
314017,Rubus idaeus,OpenDryPoor
314018,Rubus idaeus,OpenDryPoor
314019,Rubus idaeus,OpenDryPoor
314020,Rubus idaeus,OpenDryPoor
314021,Rubus idaeus,OpenDryPoor
314022,Rubus idaeus,OpenDryPoor
314023,Rubus idaeus,OpenDryPoor
314024,Rubus idaeus,OpenDryPoor
314025,Rubus idaeus,OpenDryPoor
314026,Rubus idaeus,OpenDryPoor
314027,Rubus idaeus,OpenDryPoor
314028,Rubus idaeus,OpenDryPoor
314029,Rubus idaeus,OpenDryPoor
314030,Rubus idaeus,OpenDryPoor
314031,Rubus idaeus,OpenDryPoor
314032,Rubus idaeus,OpenDryPoor
314033,Rubus idaeus,OpenDryPoor
314034,Rubus idaeus,OpenDryPoor
314612,Rubus idaeus,OpenDryPoor
314613,Rubus idaeus,OpenDryPoor
314614,Rubus idaeus,OpenDryPoor
314615,Rubus idaeus,OpenDryPoor
314616,Rubus idaeus,OpenDryPoor
314617,Rubus idaeus,OpenDryPoor
314618,Rubus idaeus,OpenDryPoor
314619,Rubus idaeus,OpenDryPoor
314620,Rubus idaeus,OpenDryPoor
314621,Rubus idaeus,OpenDryPoor
314622,Rubus idaeus,OpenDryPoor
314623,Rubus idaeus,OpenDryPoor
314624,Rubus idaeus,OpenDryPoor
314625,Rubus idaeus,OpenDryPoor
314626,Rubus idaeus,OpenDryPoor
314627,Rubus idaeus,OpenDryPoor
314628,Rubus idaeus,OpenDryPoor
314629,Rubus idaeus,OpenDryPoor
314630,Rubus idaeus,OpenDryPoor
314631,Rubus idaeus,OpenDryPoor
315211,Rubus idaeus,OpenDryPoor
315212,Rubus idaeus,OpenDryPoor
315213,Rubus idaeus,OpenDryPoor
315214,Rubus idaeus,OpenDryPoor
315215,Rubus idaeus,OpenDryPoor
315216,Rubus idaeus,OpenDryPoor
315217,Rubus idaeus,OpenDryPoor
315218,Rubus idaeus,OpenDryPoor
315219,Rubus idaeus,OpenDryPoor
315220,Rubus idaeus,OpenDryPoor
315221,Rubus idaeus,OpenDryPoor
315222,Rubus idaeus,OpenDryPoor
315223,Rubus idaeus,OpenDryPoor
315224,Rubus idaeus,OpenDryPoor
315225,Rubus idaeus,OpenDryPoor
315226,Rubus idaeus,OpenDryPoor
315227,Rubus idaeus,OpenDryPoor
315228,Rubus idaeus,OpenDryPoor
315810,Rubus idaeus,OpenDryPoor
315811,Rubus idaeus,OpenDryPoor
315812,Rubus idaeus,OpenDryPoor
315813,Rubus idaeus,OpenDryPoor
315814,Rubus idaeus,OpenDryPoor
315815,Rubus idaeus,OpenDryPoor
315816,Rubus idaeus,OpenDryPoor
315817,Rubus idaeus,OpenDryPoor
315818,Rubus idaeus,OpenDryPoor
315819,Rubus idaeus,OpenDryPoor
315820,Rubus idaeus,OpenDryPoor
315821,Rubus idaeus,OpenDryPoor
315822,Rubus idaeus,OpenDryPoor
315823,Rubus idaeus,OpenDryPoor
315824,Rubus idaeus,OpenDryPoor
316409,Rubus idaeus,OpenDryPoor
316410,Rubus idaeus,OpenDryPoor
316411,Rubus idaeus,OpenDryPoor
316412,Rubus idaeus,OpenDryPoor
316413,Rubus idaeus,OpenDryPoor
316414,Rubus idaeus,OpenDryPoor
316415,Rubus idaeus,OpenDryPoor
316416,Rubus idaeus,OpenDryPoor
316417,Rubus idaeus,OpenDryPoor
316418,Rubus idaeus,OpenDryPoor
316419,Rubus idaeus,OpenDryPoor
316420,Rubus idaeus,OpenDryPoor
316421,Rubus idaeus,OpenDryPoor
317008,Rubus idaeus,OpenDryPoor
317009,Rubus idaeus,OpenDryPoor
317010,Rubus idaeus,OpenDryPoor
317011,Rubus idaeus,OpenDryPoor
317012,Rubus idaeus,OpenDryPoor
317013,Rubus idaeus,OpenDryPoor
317014,Rubus idaeus,OpenDryPoor
317015,Rubus idaeus,OpenDryPoor
317016,Rubus idaeus,OpenDryPoor
317607,Rubus idaeus,OpenDryPoor
317608,Rubus idaeus,OpenDryPoor
317609,Rubus idaeus,OpenDryPoor
317610,Rubus idaeus,OpenDryPoor
317611,Rubus idaeus,OpenDryPoor
Rubus idaeus,OpenDryPoor
90748,Rubus idaeus,OpenDryPoor
90749,Rubus idaeus,OpenDryPoor
90750,Rubus idaeus,OpenDryPoor
90751,Rubus idaeus,OpenDryPoor
90752,Rubus idaeus,OpenDryPoor
90753,Rubus idaeus,OpenDryPoor
90754,Rubus idaeus,OpenDryPoor
90755,Rubus idaeus,OpenDryPoor
90756,Rubus idaeus,OpenDryPoor
90757,Rubus idaeus,OpenDryPoor
90758,Rubus idaeus,OpenDryPoor
90759,Rubus idaeus,OpenDryPoor
90760,Rubus idaeus,OpenDryPoor
90761,Rubus idaeus,OpenDryPoor
90762,Rubus idaeus,OpenDryPoor
90763,Rubus idaeus,OpenDryPoor
90764,Rubus idaeus,OpenDryPoor
90765,Rubus idaeus,OpenDryPoor
90766,Rubus idaeus,OpenDryPoor
90767,Rubus idaeus,OpenDryPoor
90768,Rubus idaeus,OpenDryPoor
90769,Rubus idaeus,OpenDryPoor
90770,Rubus idaeus,OpenDryPoor
90771,Rubus idaeus,OpenDryPoor
90772,Rubus idaeus,OpenDryPoor
90773,Rubus idaeus,OpenDryPoor
90774,Rubus idaeus,OpenDryPoor
90775,Rubus idaeus,OpenDryPoor
90776,Rubus idaeus,OpenDryPoor
90777,Rubus idaeus,OpenDryPoor
90778,Rubus idaeus,OpenDryPoor
90779,Rubus idaeus,OpenDryPoor
90780,Rubus idaeus,OpenDryPoor
90781,Rubus idaeus,OpenDryPoor
90782,Rubus idaeus,OpenDryPoor
90783,Rubus idaeus,OpenDryPoor
90784,Rubus idaeus,OpenDryPoor
90785,Rubus idaeus,OpenDryPoor
90786,Rubus idaeus,OpenDryPoor
90787,Rubus idaeus,OpenDryPoor
90788,Rubus idaeus,OpenDryPoor
90789,Rubus idaeus,OpenDryPoor
90790,Rubus idaeus,OpenDryPoor
90791,Rubus idaeus,OpenDryPoor
90792,Rubus idaeus,OpenDryPoor
90793,Rubus idaeus,OpenDryPoor
90794,Rubus idaeus,OpenDryPoor
90795,Rubus idaeus,OpenDryPoor
90796,Rubus idaeus,OpenDryPoor
90797,Rubus idaeus,OpenDryPoor
90798,Rubus idaeus,OpenDryPoor
90799,Rubus idaeus,OpenDryPoor
90800,Rubus idaeus,OpenDryPoor
91345,Rubus idaeus,OpenDryPoor
91346,Rubus idaeus,OpenDryPoor
91347,Rubus idaeus,OpenDryPoor
91348,Rubus idaeus,OpenDryPoor
91349,Rubus idaeus,OpenDryPoor
91350,Rubus idaeus,OpenDryPoor
91351,Rubus idaeus,OpenDryPoor
91352,Rubus idaeus,OpenDryPoor
91353,Rubus idaeus,OpenDryPoor
91354,Rubus idaeus,OpenDryPoor
91355,Rubus idaeus,OpenDryPoor
91356,Rubus idaeus,OpenDryPoor
91357,Rubus idaeus,OpenDryPoor
91358,Rubus idaeus,OpenDryPoor
91359,Rubus idaeus,OpenDryPoor
91360,Rubus idaeus,OpenDryPoor
91361,Rubus idaeus,OpenDryPoor
91362,Rubus idaeus,OpenDryPoor
91363,Rubus idaeus,OpenDryPoor
91364,Rubus idaeus,OpenDryPoor
91365,Rubus idaeus,OpenDryPoor
91366,Rubus idaeus,OpenDryPoor
91367,Rubus idaeus,OpenDryPoor
91368,Rubus idaeus,OpenDryPoor
91369,Rubus idaeus,OpenDryPoor
91370,Rubus idaeus,OpenDryPoor
91371,Rubus idaeus,OpenDryPoor
91372,Rubus idaeus,OpenDryPoor
91373,Rubus idaeus,OpenDryPoor
91374,Rubus idaeus,OpenDryPoor
91375,Rubus idaeus,OpenDryPoor
91376,Rubus idaeus,OpenDryPoor
91377,Rubus idaeus,OpenDryPoor
91378,Rubus idaeus,OpenDryPoor
91379,Rubus idaeus,OpenDryPoor
91380,Rubus idaeus,OpenDryPoor
91381,Rubus idaeus,OpenDryPoor
91382,Rubus idaeus,OpenDryPoor
91383,Rubus idaeus,OpenDryPoor
91384,Rubus idaeus,OpenDryPoor
91385,Rubus idaeus,OpenDryPoor
91386,Rubus idaeus,OpenDryPoor
91387,Rubus idaeus,OpenDryPoor
91388,Rubus idaeus,OpenDryPoor
91389,Rubus idaeus,OpenDryPoor
91390,Rubus idaeus,OpenDryPoor
91391,Rubus idaeus,OpenDryPoor
91392,Rubus idaeus,OpenDryPoor
91393,Rubus idaeus,OpenDryPoor
91394,Rubus idaeus,OpenDryPoor
91395,Rubus idaeus,OpenDryPoor
91396,Rubus idaeus,OpenDryPoor
91397,Rubus idaeus,OpenDryPoor
91398,Rubus idaeus,OpenDryPoor
91944,Rubus idaeus,OpenDryPoor
91945,Rubus idaeus,OpenDryPoor
91946,Rubus idaeus,OpenDryPoor
91947,Rubus idaeus,OpenDryPoor
91948,Rubus idaeus,OpenDryPoor
91949,Rubus idaeus,OpenDryPoor
91950,Rubus idaeus,OpenDryPoor
91951,Rubus idaeus,OpenDryPoor
91952,Rubus idaeus,OpenDryPoor
91953,Rubus idaeus,OpenDryPoor
91954,Rubus idaeus,OpenDryPoor
91955,Rubus idaeus,OpenDryPoor
91956,Rubus idaeus,OpenDryPoor
91957,Rubus idaeus,OpenDryPoor
91958,Rubus idaeus,OpenDryPoor
91959,Rubus idaeus,OpenDryPoor
91960,Rubus idaeus,OpenDryPoor
91961,Rubus idaeus,OpenDryPoor
91962,Rubus idaeus,OpenDryPoor
91963,Rubus idaeus,OpenDryPoor
91964,Rubus idaeus,OpenDryPoor
91965,Rubus idaeus,OpenDryPoor
91966,Rubus idaeus,OpenDryPoor
91967,Rubus idaeus,OpenDryPoor
91968,Rubu123271,Rubus idaeus,OpenDryPoor
123272,Rubus idaeus,OpenDryPoor
123273,Rubus idaeus,OpenDryPoor
123274,Rubus idaeus,OpenDryPoor
123275,Rubus idaeus,OpenDryPoor
123276,Rubus idaeus,OpenDryPoor
123277,Rubus idaeus,OpenDryPoor
123278,Rubus idaeus,OpenDryPoor
123279,Rubus idaeus,OpenDryPoor
123280,Rubus idaeus,OpenDryPoor
123281,Rubus idaeus,OpenDryPoor
123282,Rubus idaeus,OpenDryPoor
123283,Rubus idaeus,OpenDryPoor
123284,Rubus idaeus,OpenDryPoor
123285,Rubus idaeus,OpenDryPoor
123286,Rubus idaeus,OpenDryPoor
123287,Rubus idaeus,OpenDryPoor
123288,Rubus idaeus,OpenDryPoor
123289,Rubus idaeus,OpenDryPoor
123290,Rubus idaeus,OpenDryPoor
123291,Rubus idaeus,OpenDryPoor
123292,Rubus idaeus,OpenDryPoor
123293,Rubus idaeus,OpenDryPoor
123294,Rubus idaeus,OpenDryPoor
123295,Rubus idaeus,OpenDryPoor
123296,Rubus idaeus,OpenDryPoor
123297,Rubus idaeus,OpenDryPoor
123298,Rubus idaeus,OpenDryPoor
123299,Rubus idaeus,OpenDryPoor
123300,Rubus idaeus,OpenDryPoor
123301,Rubus idaeus,OpenDryPoor
123302,Rubus idaeus,OpenDryPoor
123303,Rubus idaeus,OpenDryPoor
123304,Rubus idaeus,OpenDryPoor
123305,Rubus idaeus,OpenDryPoor
123306,Rubus idaeus,OpenDryPoor
123307,Rubus idaeus,OpenDryPoor
123308,Rubus idaeus,OpenDryPoor
123309,Rubus idaeus,OpenDryPoor
123310,Rubus idaeus,OpenDryPoor
123311,Rubus idaeus,OpenDryPoor
123832,Rubus idaeus,OpenDryPoor
123833,Rubus idaeus,OpenDryPoor
123834,Rubus idaeus,OpenDryPoor
123835,Rubus idaeus,OpenDryPoor
123836,Rubus idaeus,OpenDryPoor
123837,Rubus idaeus,OpenDryPoor
123838,Rubus idaeus,OpenDryPoor
123839,Rubus idaeus,OpenDryPoor
123840,Rubus idaeus,OpenDryPoor
123841,Rubus idaeus,OpenDryPoor
123842,Rubus idaeus,OpenDryPoor
123843,Rubus idaeus,OpenDryPoor
123844,Rubus idaeus,OpenDryPoor
123845,Rubus idaeus,OpenDryPoor
123846,Rubus idaeus,OpenDryPoor
123847,Rubus idaeus,OpenDryPoor
123848,Rubus idaeus,OpenDryPoor
123849,Rubus idaeus,OpenDryPoor
123850,Rubus idaeus,OpenDryPoor
123851,Rubus idaeus,OpenDryPoor
123852,Rubus idaeus,OpenDryPoor
123853,Rubus idaeus,OpenDryPoor
123854,Rubus idaeus,OpenDryPoor
123855,Rubus idaeus,OpenDryPoor
123856,Rubus idaeus,OpenDryPoor
123857,Rubus idaeus,OpenDryPoor
123858,Rubus idaeus,OpenDryPoor
123859,Rubus idaeus,OpenDryPoor
123860,Rubus idaeus,OpenDryPoor
123861,Rubus idaeus,OpenDryPoor
123862,Rubus idaeus,OpenDryPoor
123863,Rubus idaeus,OpenDryPoor
123864,Rubus idaeus,OpenDryPoor
123865,Rubus idaeus,OpenDryPoor
123866,Rubus idaeus,OpenDryPoor
123867,Rubus idaeus,OpenDryPoor
123868,Rubus idaeus,OpenDryPoor
123869,Rubus idaeus,OpenDryPoor
123870,Rubus idaeus,OpenDryPoor
123871,Rubus idaeus,OpenDryPoor
123872,Rubus idaeus,OpenDryPoor
123873,Rubus idaeus,OpenDryPoor
123874,Rubus idaeus,OpenDryPoor
123875,Rubus idaeus,OpenDryPoor
123876,Rubus idaeus,OpenDryPoor
123877,Rubus idaeus,OpenDryPoor
123878,Rubus idaeus,OpenDryPoor
123879,Rubus idaeus,OpenDryPoor
123880,Rubus idaeus,OpenDryPoor
123881,Rubus idaeus,OpenDryPoor
123882,Rubus idaeus,OpenDryPoor
123883,Rubus idaeus,OpenDryPoor
123884,Rubus idaeus,OpenDryPoor
123885,Rubus idaeus,OpenDryPoor
123886,Rubus idaeus,OpenDryPoor
123887,Rubus idaeus,OpenDryPoor
123888,Rubus idaeus,OpenDryPoor
123889,Rubus idaeus,OpenDryPoor
123890,Rubus idaeus,OpenDryPoor
123891,Rubus idaeus,OpenDryPoor
123892,Rubus idaeus,OpenDryPoor
123893,Rubus idaeus,OpenDryPoor
123894,Rubus idaeus,OpenDryPoor
123895,Rubus idaeus,OpenDryPoor
123896,Rubus idaeus,OpenDryPoor
123897,Rubus idaeus,OpenDryPoor
123898,Rubus idaeus,OpenDryPoor
123899,Rubus idaeus,OpenDryPoor
123900,Rubus idaeus,OpenDryPoor
123901,Rubus idaeus,OpenDryPoor
123902,Rubus idaeus,OpenDryPoor
123903,Rubus idaeus,OpenDryPoor
123904,Rubus idaeus,OpenDryPoor
123905,Rubus idaeus,OpenDryPoor
123906,Rubus idaeus,OpenDryPoor
123907,Rubus idaeus,OpenDryPoor
123908,Rubus idaeus,OpenDryPoor
123909,Rubus idaeus,OpenDryPoor
123910,Rubus idaeus,OpenDryPoor
124430,Rubus idaeus,OpenDryPoor
124431,Rubus idaeus,OpenDryPoor
124432,Rubus idaeus,OpenDryPoor
124433,Rubus idaeus,OpenDryPoor
124434,Rubus idaeus,OpenDryPoor
124435,Rubus idaeus,OpenDryPoor
124436,Rubus idaeus,OpenDryPoor
124437,Rubus idaeus,OpenDryPoor
us,OpenDryPoor
68794,Rubus idaeus,OpenDryPoor
68795,Rubus idaeus,OpenDryPoor
68796,Rubus idaeus,OpenDryPoor
68797,Rubus idaeus,OpenDryPoor
68798,Rubus idaeus,OpenDryPoor
68799,Rubus idaeus,OpenDryPoor
68800,Rubus idaeus,OpenDryPoor
68801,Rubus idaeus,OpenDryPoor
68802,Rubus idaeus,OpenDryPoor
68803,Rubus idaeus,OpenDryPoor
69342,Rubus idaeus,OpenDryPoor
69343,Rubus idaeus,OpenDryPoor
69344,Rubus idaeus,OpenDryPoor
69345,Rubus idaeus,OpenDryPoor
69346,Rubus idaeus,OpenDryPoor
69347,Rubus idaeus,OpenDryPoor
69348,Rubus idaeus,OpenDryPoor
69349,Rubus idaeus,OpenDryPoor
69350,Rubus idaeus,OpenDryPoor
69351,Rubus idaeus,OpenDryPoor
69352,Rubus idaeus,OpenDryPoor
69353,Rubus idaeus,OpenDryPoor
69354,Rubus idaeus,OpenDryPoor
69355,Rubus idaeus,OpenDryPoor
69356,Rubus idaeus,OpenDryPoor
69357,Rubus idaeus,OpenDryPoor
69358,Rubus idaeus,OpenDryPoor
69359,Rubus idaeus,OpenDryPoor
69360,Rubus idaeus,OpenDryPoor
69361,Rubus idaeus,OpenDryPoor
69362,Rubus idaeus,OpenDryPoor
69363,Rubus idaeus,OpenDryPoor
69364,Rubus idaeus,OpenDryPoor
69365,Rubus idaeus,OpenDryPoor
69366,Rubus idaeus,OpenDryPoor
69367,Rubus idaeus,OpenDryPoor
69368,Rubus idaeus,OpenDryPoor
69369,Rubus idaeus,OpenDryPoor
69370,Rubus idaeus,OpenDryPoor
69371,Rubus idaeus,OpenDryPoor
69372,Rubus idaeus,OpenDryPoor
69373,Rubus idaeus,OpenDryPoor
69374,Rubus idaeus,OpenDryPoor
69375,Rubus idaeus,OpenDryPoor
69376,Rubus idaeus,OpenDryPoor
69377,Rubus idaeus,OpenDryPoor
69378,Rubus idaeus,OpenDryPoor
69379,Rubus idaeus,OpenDryPoor
69380,Rubus idaeus,OpenDryPoor
69381,Rubus idaeus,OpenDryPoor
69382,Rubus idaeus,OpenDryPoor
69383,Rubus idaeus,OpenDryPoor
69384,Rubus idaeus,OpenDryPoor
69385,Rubus idaeus,OpenDryPoor
69386,Rubus idaeus,OpenDryPoor
69387,Rubus idaeus,OpenDryPoor
69388,Rubus idaeus,OpenDryPoor
69389,Rubus idaeus,OpenDryPoor
69390,Rubus idaeus,OpenDryPoor
69391,Rubus idaeus,OpenDryPoor
69392,Rubus idaeus,OpenDryPoor
69393,Rubus idaeus,OpenDryPoor
69394,Rubus idaeus,OpenDryPoor
69395,Rubus idaeus,OpenDryPoor
69396,Rubus idaeus,OpenDryPoor
69397,Rubus idaeus,OpenDryPoor
69398,Rubus idaeus,OpenDryPoor
69399,Rubus idaeus,OpenDryPoor
69400,Rubus idaeus,OpenDryPoor
69401,Rubus idaeus,OpenDryPoor
69402,Rubus idaeus,OpenDryPoor
69403,Rubus idaeus,OpenDryPoor
69941,Rubus idaeus,OpenDryPoor
69942,Rubus idaeus,OpenDryPoor
69943,Rubus idaeus,OpenDryPoor
69944,Rubus idaeus,OpenDryPoor
69945,Rubus idaeus,OpenDryPoor
69946,Rubus idaeus,OpenDryPoor
69947,Rubus idaeus,OpenDryPoor
69948,Rubus idaeus,OpenDryPoor
69949,Rubus idaeus,OpenDryPoor
69950,Rubus idaeus,OpenDryPoor
69951,Rubus idaeus,OpenDryPoor
69952,Rubus idaeus,OpenDryPoor
69953,Rubus idaeus,OpenDryPoor
69954,Rubus idaeus,OpenDryPoor
69955,Rubus idaeus,OpenDryPoor
69956,Rubus idaeus,OpenDryPoor
69957,Rubus idaeus,OpenDryPoor
69958,Rubus idaeus,OpenDryPoor
69959,Rubus idaeus,OpenDryPoor
69960,Rubus idaeus,OpenDryPoor
69961,Rubus idaeus,OpenDryPoor
69962,Rubus idaeus,OpenDryPoor
69963,Rubus idaeus,OpenDryPoor
69964,Rubus idaeus,OpenDryPoor
69965,Rubus idaeus,OpenDryPoor
69966,Rubus idaeus,OpenDryPoor
69967,Rubus idaeus,OpenDryPoor
69968,Rubus idaeus,OpenDryPoor
69969,Rubus idaeus,OpenDryPoor
69970,Rubus idaeus,OpenDryPoor
69971,Rubus idaeus,OpenDryPoor
69972,Rubus idaeus,OpenDryPoor
69973,Rubus idaeus,OpenDryPoor
69974,Rubus idaeus,OpenDryPoor
69975,Rubus idaeus,OpenDryPoor
69976,Rubus idaeus,OpenDryPoor
69977,Rubus idaeus,OpenDryPoor
69978,Rubus idaeus,OpenDryPoor
69979,Rubus idaeus,OpenDryPoor
69980,Rubus idaeus,OpenDryPoor
69981,Rubus idaeus,OpenDryPoor
69982,Rubus idaeus,OpenDryPoor
69983,Rubus idaeus,OpenDryPoor
69984,Rubus idaeus,OpenDryPoor
69985,Rubus idaeus,OpenDryPoor
69986,Rubus idaeus,OpenDryPoor
69987,Rubus idaeus,OpenDryPoor
69988,Rubus idaeus,OpenDryPoor
69989,Rubus idaeus,OpenDryPoor
69990,Rubus idaeus,OpenDryPoor
69991,Rubus idaeus,OpenDryPoor
69992,Rubus idaeus,OpenDryPoor
69993,Rubus idaeus,OpenDryPoor
69994,Rubus idaeus,OpenDryPoor
69995,Rubus idaeus,OpenDryPoor
69996,Rubus idaeus,OpenDryPoor
69997,Rubus idaeus,OpenDryPoor
69998,Rubus idaeus,OpenDryPoor
69999,Rubus idaeus,OpenDryPoor
70000,Rubus idaeus,Os idaeus,OpenDryPoor
91969,Rubus idaeus,OpenDryPoor
91970,Rubus idaeus,OpenDryPoor
91971,Rubus idaeus,OpenDryPoor
91972,Rubus idaeus,OpenDryPoor
91973,Rubus idaeus,OpenDryPoor
91974,Rubus idaeus,OpenDryPoor
91975,Rubus idaeus,OpenDryPoor
91976,Rubus idaeus,OpenDryPoor
91977,Rubus idaeus,OpenDryPoor
91978,Rubus idaeus,OpenDryPoor
91979,Rubus idaeus,OpenDryPoor
91980,Rubus idaeus,OpenDryPoor
91981,Rubus idaeus,OpenDryPoor
91982,Rubus idaeus,OpenDryPoor
91983,Rubus idaeus,OpenDryPoor
91984,Rubus idaeus,OpenDryPoor
91985,Rubus idaeus,OpenDryPoor
91986,Rubus idaeus,OpenDryPoor
91987,Rubus idaeus,OpenDryPoor
91988,Rubus idaeus,OpenDryPoor
91989,Rubus idaeus,OpenDryPoor
91990,Rubus idaeus,OpenDryPoor
91991,Rubus idaeus,OpenDryPoor
91992,Rubus idaeus,OpenDryPoor
91993,Rubus idaeus,OpenDryPoor
91994,Rubus idaeus,OpenDryPoor
91995,Rubus idaeus,OpenDryPoor
91996,Rubus idaeus,OpenDryPoor
92543,Rubus idaeus,OpenDryPoor
92544,Rubus idaeus,OpenDryPoor
92545,Rubus idaeus,OpenDryPoor
92546,Rubus idaeus,OpenDryPoor
92547,Rubus idaeus,OpenDryPoor
92548,Rubus idaeus,OpenDryPoor
92549,Rubus idaeus,OpenDryPoor
92550,Rubus idaeus,OpenDryPoor
92551,Rubus idaeus,OpenDryPoor
92552,Rubus idaeus,OpenDryPoor
92553,Rubus idaeus,OpenDryPoor
92554,Rubus idaeus,OpenDryPoor
92555,Rubus idaeus,OpenDryPoor
92556,Rubus idaeus,OpenDryPoor
92557,Rubus idaeus,OpenDryPoor
92558,Rubus idaeus,OpenDryPoor
92559,Rubus idaeus,OpenDryPoor
92560,Rubus idaeus,OpenDryPoor
92561,Rubus idaeus,OpenDryPoor
92562,Rubus idaeus,OpenDryPoor
92563,Rubus idaeus,OpenDryPoor
92564,Rubus idaeus,OpenDryPoor
92565,Rubus idaeus,OpenDryPoor
92566,Rubus idaeus,OpenDryPoor
92567,Rubus idaeus,OpenDryPoor
92568,Rubus idaeus,OpenDryPoor
92569,Rubus idaeus,OpenDryPoor
92570,Rubus idaeus,OpenDryPoor
92571,Rubus idaeus,OpenDryPoor
92572,Rubus idaeus,OpenDryPoor
92573,Rubus idaeus,OpenDryPoor
92574,Rubus idaeus,OpenDryPoor
92575,Rubus idaeus,OpenDryPoor
92576,Rubus idaeus,OpenDryPoor
92577,Rubus idaeus,OpenDryPoor
92578,Rubus idaeus,OpenDryPoor
92579,Rubus idaeus,OpenDryPoor
92580,Rubus idaeus,OpenDryPoor
92581,Rubus idaeus,OpenDryPoor
92582,Rubus idaeus,OpenDryPoor
92583,Rubus idaeus,OpenDryPoor
92584,Rubus idaeus,OpenDryPoor
92585,Rubus idaeus,OpenDryPoor
92586,Rubus idaeus,OpenDryPoor
92587,Rubus idaeus,OpenDryPoor
92588,Rubus idaeus,OpenDryPoor
92589,Rubus idaeus,OpenDryPoor
92590,Rubus idaeus,OpenDryPoor
92591,Rubus idaeus,OpenDryPoor
92592,Rubus idaeus,OpenDryPoor
92593,Rubus idaeus,OpenDryPoor
92594,Rubus idaeus,OpenDryPoor
93142,Rubus idaeus,OpenDryPoor
93143,Rubus idaeus,OpenDryPoor
93144,Rubus idaeus,OpenDryPoor
93145,Rubus idaeus,OpenDryPoor
93146,Rubus idaeus,OpenDryPoor
93147,Rubus idaeus,OpenDryPoor
93148,Rubus idaeus,OpenDryPoor
93149,Rubus idaeus,OpenDryPoor
93150,Rubus idaeus,OpenDryPoor
93151,Rubus idaeus,OpenDryPoor
93152,Rubus idaeus,OpenDryPoor
93153,Rubus idaeus,OpenDryPoor
93154,Rubus idaeus,OpenDryPoor
93155,Rubus idaeus,OpenDryPoor
93156,Rubus idaeus,OpenDryPoor
93157,Rubus idaeus,OpenDryPoor
93158,Rubus idaeus,OpenDryPoor
93159,Rubus idaeus,OpenDryPoor
93160,Rubus idaeus,OpenDryPoor
93161,Rubus idaeus,OpenDryPoor
93162,Rubus idaeus,OpenDryPoor
93163,Rubus idaeus,OpenDryPoor
93164,Rubus idaeus,OpenDryPoor
93165,Rubus idaeus,OpenDryPoor
93166,Rubus idaeus,OpenDryPoor
93167,Rubus idaeus,OpenDryPoor
93168,Rubus idaeus,OpenDryPoor
93169,Rubus idaeus,OpenDryPoor
93170,Rubus idaeus,OpenDryPoor
93171,Rubus idaeus,OpenDryPoor
93172,Rubus idaeus,OpenDryPoor
93173,Rubus idaeus,OpenDryPoor
93174,Rubus idaeus,OpenDryPoor
93175,Rubus idaeus,OpenDryPoor
93176,Rubus idaeus,OpenDryPoor
93177,Rubus idaeus,OpenDryPoor
93178,Rubus idaeus,OpenDryPoor
93179,Rubus idaeus,OpenDryPoor
93180,Rubus idaeus,OpenDryPoor
93181,Rubus idaeus,OpenDryPoor
93182,Rubus idaeus,OpenDryPoor
93183,Rubus idaeus,OpenDryPoor
93184,Rubus idaeus,OpenDryPoor
93185,Rubus idaeus,OpenDryPoor
93186,Rubus idaeus,OpenDryPoor
93187,Rubus idaeus,OpenDryPoor
93188,Rubus idaeus,OpenDryPoor
93189,Rubus idaeus,OpenDryPoor
93190,Rubus idaeus,OpenDryPoor
93191,Rubus idaeus,OpenDryPoor
93192,Rubus idaeus,OpenDryPoor
93741,Rubus id124438,Rubus idaeus,OpenDryPoor
124439,Rubus idaeus,OpenDryPoor
124440,Rubus idaeus,OpenDryPoor
124441,Rubus idaeus,OpenDryPoor
124442,Rubus idaeus,OpenDryPoor
124443,Rubus idaeus,OpenDryPoor
124444,Rubus idaeus,OpenDryPoor
124445,Rubus idaeus,OpenDryPoor
124446,Rubus idaeus,OpenDryPoor
124447,Rubus idaeus,OpenDryPoor
124448,Rubus idaeus,OpenDryPoor
124449,Rubus idaeus,OpenDryPoor
124450,Rubus idaeus,OpenDryPoor
124451,Rubus idaeus,OpenDryPoor
124452,Rubus idaeus,OpenDryPoor
124453,Rubus idaeus,OpenDryPoor
124454,Rubus idaeus,OpenDryPoor
124455,Rubus idaeus,OpenDryPoor
124456,Rubus idaeus,OpenDryPoor
124457,Rubus idaeus,OpenDryPoor
124458,Rubus idaeus,OpenDryPoor
124459,Rubus idaeus,OpenDryPoor
124460,Rubus idaeus,OpenDryPoor
124461,Rubus idaeus,OpenDryPoor
124462,Rubus idaeus,OpenDryPoor
124463,Rubus idaeus,OpenDryPoor
124464,Rubus idaeus,OpenDryPoor
124465,Rubus idaeus,OpenDryPoor
124466,Rubus idaeus,OpenDryPoor
124467,Rubus idaeus,OpenDryPoor
124468,Rubus idaeus,OpenDryPoor
124469,Rubus idaeus,OpenDryPoor
124470,Rubus idaeus,OpenDryPoor
124471,Rubus idaeus,OpenDryPoor
124472,Rubus idaeus,OpenDryPoor
124473,Rubus idaeus,OpenDryPoor
124474,Rubus idaeus,OpenDryPoor
124475,Rubus idaeus,OpenDryPoor
124476,Rubus idaeus,OpenDryPoor
124477,Rubus idaeus,OpenDryPoor
124478,Rubus idaeus,OpenDryPoor
124479,Rubus idaeus,OpenDryPoor
124480,Rubus idaeus,OpenDryPoor
124481,Rubus idaeus,OpenDryPoor
124482,Rubus idaeus,OpenDryPoor
124483,Rubus idaeus,OpenDryPoor
124484,Rubus idaeus,OpenDryPoor
124485,Rubus idaeus,OpenDryPoor
124486,Rubus idaeus,OpenDryPoor
124487,Rubus idaeus,OpenDryPoor
124488,Rubus idaeus,OpenDryPoor
124489,Rubus idaeus,OpenDryPoor
124490,Rubus idaeus,OpenDryPoor
124491,Rubus idaeus,OpenDryPoor
124492,Rubus idaeus,OpenDryPoor
124493,Rubus idaeus,OpenDryPoor
124494,Rubus idaeus,OpenDryPoor
124495,Rubus idaeus,OpenDryPoor
124496,Rubus idaeus,OpenDryPoor
124497,Rubus idaeus,OpenDryPoor
124498,Rubus idaeus,OpenDryPoor
124499,Rubus idaeus,OpenDryPoor
124500,Rubus idaeus,OpenDryPoor
124501,Rubus idaeus,OpenDryPoor
124502,Rubus idaeus,OpenDryPoor
124503,Rubus idaeus,OpenDryPoor
124504,Rubus idaeus,OpenDryPoor
124505,Rubus idaeus,OpenDryPoor
124506,Rubus idaeus,OpenDryPoor
124507,Rubus idaeus,OpenDryPoor
124508,Rubus idaeus,OpenDryPoor
124509,Rubus idaeus,OpenDryPoor
125029,Rubus idaeus,OpenDryPoor
125030,Rubus idaeus,OpenDryPoor
125031,Rubus idaeus,OpenDryPoor
125032,Rubus idaeus,OpenDryPoor
125033,Rubus idaeus,OpenDryPoor
125034,Rubus idaeus,OpenDryPoor
125035,Rubus idaeus,OpenDryPoor
125036,Rubus idaeus,OpenDryPoor
125037,Rubus idaeus,OpenDryPoor
125038,Rubus idaeus,OpenDryPoor
125039,Rubus idaeus,OpenDryPoor
125040,Rubus idaeus,OpenDryPoor
125041,Rubus idaeus,OpenDryPoor
125042,Rubus idaeus,OpenDryPoor
125043,Rubus idaeus,OpenDryPoor
125044,Rubus idaeus,OpenDryPoor
125045,Rubus idaeus,OpenDryPoor
125046,Rubus idaeus,OpenDryPoor
125047,Rubus idaeus,OpenDryPoor
125048,Rubus idaeus,OpenDryPoor
125049,Rubus idaeus,OpenDryPoor
125050,Rubus idaeus,OpenDryPoor
125051,Rubus idaeus,OpenDryPoor
125052,Rubus idaeus,OpenDryPoor
125053,Rubus idaeus,OpenDryPoor
125054,Rubus idaeus,OpenDryPoor
125055,Rubus idaeus,OpenDryPoor
125056,Rubus idaeus,OpenDryPoor
125057,Rubus idaeus,OpenDryPoor
125058,Rubus idaeus,OpenDryPoor
125059,Rubus idaeus,OpenDryPoor
125060,Rubus idaeus,OpenDryPoor
125061,Rubus idaeus,OpenDryPoor
125062,Rubus idaeus,OpenDryPoor
125063,Rubus idaeus,OpenDryPoor
125064,Rubus idaeus,OpenDryPoor
125065,Rubus idaeus,OpenDryPoor
125066,Rubus idaeus,OpenDryPoor
125067,Rubus idaeus,OpenDryPoor
125068,Rubus idaeus,OpenDryPoor
125069,Rubus idaeus,OpenDryPoor
125070,Rubus idaeus,OpenDryPoor
125071,Rubus idaeus,OpenDryPoor
125072,Rubus idaeus,OpenDryPoor
125073,Rubus idaeus,OpenDryPoor
125074,Rubus idaeus,OpenDryPoor
125075,Rubus idaeus,OpenDryPoor
125076,Rubus idaeus,OpenDryPoor
125077,Rubus idaeus,OpenDryPoor
125078,Rubus idaeus,OpenDryPoor
125079,Rubus idaeus,OpenDryPoor
125080,Rubus idaeus,OpenDryPoor
125081,Rubus idaeus,OpenDryPoor
125082,Rubus idaeus,OpenDryPoor
125083,Rubus idaeus,OpenDryPoor
125084,Rubus idaeus,OpenDryPoor
penDryPoor
70001,Rubus idaeus,OpenDryPoor
70002,Rubus idaeus,OpenDryPoor
70003,Rubus idaeus,OpenDryPoor
70540,Rubus idaeus,OpenDryPoor
70541,Rubus idaeus,OpenDryPoor
70542,Rubus idaeus,OpenDryPoor
70543,Rubus idaeus,OpenDryPoor
70544,Rubus idaeus,OpenDryPoor
70545,Rubus idaeus,OpenDryPoor
70546,Rubus idaeus,OpenDryPoor
70547,Rubus idaeus,OpenDryPoor
70548,Rubus idaeus,OpenDryPoor
70549,Rubus idaeus,OpenDryPoor
70550,Rubus idaeus,OpenDryPoor
70551,Rubus idaeus,OpenDryPoor
70552,Rubus idaeus,OpenDryPoor
70553,Rubus idaeus,OpenDryPoor
70554,Rubus idaeus,OpenDryPoor
70555,Rubus idaeus,OpenDryPoor
70556,Rubus idaeus,OpenDryPoor
70557,Rubus idaeus,OpenDryPoor
70558,Rubus idaeus,OpenDryPoor
70559,Rubus idaeus,OpenDryPoor
70560,Rubus idaeus,OpenDryPoor
70561,Rubus idaeus,OpenDryPoor
70562,Rubus idaeus,OpenDryPoor
70563,Rubus idaeus,OpenDryPoor
70564,Rubus idaeus,OpenDryPoor
70565,Rubus idaeus,OpenDryPoor
70566,Rubus idaeus,OpenDryPoor
70567,Rubus idaeus,OpenDryPoor
70568,Rubus idaeus,OpenDryPoor
70569,Rubus idaeus,OpenDryPoor
70570,Rubus idaeus,OpenDryPoor
70571,Rubus idaeus,OpenDryPoor
70572,Rubus idaeus,OpenDryPoor
70573,Rubus idaeus,OpenDryPoor
70574,Rubus idaeus,OpenDryPoor
70575,Rubus idaeus,OpenDryPoor
70576,Rubus idaeus,OpenDryPoor
70577,Rubus idaeus,OpenDryPoor
70578,Rubus idaeus,OpenDryPoor
70579,Rubus idaeus,OpenDryPoor
70580,Rubus idaeus,OpenDryPoor
70581,Rubus idaeus,OpenDryPoor
70582,Rubus idaeus,OpenDryPoor
70583,Rubus idaeus,OpenDryPoor
70584,Rubus idaeus,OpenDryPoor
70585,Rubus idaeus,OpenDryPoor
70586,Rubus idaeus,OpenDryPoor
70587,Rubus idaeus,OpenDryPoor
70588,Rubus idaeus,OpenDryPoor
70589,Rubus idaeus,OpenDryPoor
70590,Rubus idaeus,OpenDryPoor
70591,Rubus idaeus,OpenDryPoor
70592,Rubus idaeus,OpenDryPoor
70593,Rubus idaeus,OpenDryPoor
70594,Rubus idaeus,OpenDryPoor
70595,Rubus idaeus,OpenDryPoor
70596,Rubus idaeus,OpenDryPoor
70597,Rubus idaeus,OpenDryPoor
70598,Rubus idaeus,OpenDryPoor
70599,Rubus idaeus,OpenDryPoor
70600,Rubus idaeus,OpenDryPoor
70601,Rubus idaeus,OpenDryPoor
70602,Rubus idaeus,OpenDryPoor
70603,Rubus idaeus,OpenDryPoor
71139,Rubus idaeus,OpenDryPoor
71140,Rubus idaeus,OpenDryPoor
71141,Rubus idaeus,OpenDryPoor
71142,Rubus idaeus,OpenDryPoor
71143,Rubus idaeus,OpenDryPoor
71144,Rubus idaeus,OpenDryPoor
71145,Rubus idaeus,OpenDryPoor
71146,Rubus idaeus,OpenDryPoor
71147,Rubus idaeus,OpenDryPoor
71148,Rubus idaeus,OpenDryPoor
71149,Rubus idaeus,OpenDryPoor
71150,Rubus idaeus,OpenDryPoor
71151,Rubus idaeus,OpenDryPoor
71152,Rubus idaeus,OpenDryPoor
71153,Rubus idaeus,OpenDryPoor
71154,Rubus idaeus,OpenDryPoor
71155,Rubus idaeus,OpenDryPoor
71156,Rubus idaeus,OpenDryPoor
71157,Rubus idaeus,OpenDryPoor
71158,Rubus idaeus,OpenDryPoor
71159,Rubus idaeus,OpenDryPoor
71160,Rubus idaeus,OpenDryPoor
71161,Rubus idaeus,OpenDryPoor
71162,Rubus idaeus,OpenDryPoor
71163,Rubus idaeus,OpenDryPoor
71164,Rubus idaeus,OpenDryPoor
71165,Rubus idaeus,OpenDryPoor
71166,Rubus idaeus,OpenDryPoor
71167,Rubus idaeus,OpenDryPoor
71168,Rubus idaeus,OpenDryPoor
71169,Rubus idaeus,OpenDryPoor
71170,Rubus idaeus,OpenDryPoor
71171,Rubus idaeus,OpenDryPoor
71172,Rubus idaeus,OpenDryPoor
71173,Rubus idaeus,OpenDryPoor
71174,Rubus idaeus,OpenDryPoor
71175,Rubus idaeus,OpenDryPoor
71176,Rubus idaeus,OpenDryPoor
71177,Rubus idaeus,OpenDryPoor
71178,Rubus idaeus,OpenDryPoor
71179,Rubus idaeus,OpenDryPoor
71180,Rubus idaeus,OpenDryPoor
71181,Rubus idaeus,OpenDryPoor
71182,Rubus idaeus,OpenDryPoor
71183,Rubus idaeus,OpenDryPoor
71184,Rubus idaeus,OpenDryPoor
71185,Rubus idaeus,OpenDryPoor
71186,Rubus idaeus,OpenDryPoor
71187,Rubus idaeus,OpenDryPoor
71188,Rubus idaeus,OpenDryPoor
71189,Rubus idaeus,OpenDryPoor
71190,Rubus idaeus,OpenDryPoor
71191,Rubus idaeus,OpenDryPoor
71192,Rubus idaeus,OpenDryPoor
71193,Rubus idaeus,OpenDryPoor
71194,Rubus idaeus,OpenDryPoor
71195,Rubus idaeus,OpenDryPoor
71196,Rubus idaeus,OpenDryPoor
71197,Rubus idaeus,OpenDryPoor
71198,Rubus idaeus,OpenDryPoor
71199,Rubus idaeus,OpenDryPoor
71200,Rubus idaeus,OpenDryPoor
71201,Rubus idaeus,OpenDryPoor
71202,Rubus idaeus,OpenDryPoor
71203,Rubus idaeus,OpenDaeus,OpenDryPoor
93742,Rubus idaeus,OpenDryPoor
93743,Rubus idaeus,OpenDryPoor
93744,Rubus idaeus,OpenDryPoor
93745,Rubus idaeus,OpenDryPoor
93746,Rubus idaeus,OpenDryPoor
93747,Rubus idaeus,OpenDryPoor
93748,Rubus idaeus,OpenDryPoor
93749,Rubus idaeus,OpenDryPoor
93750,Rubus idaeus,OpenDryPoor
93751,Rubus idaeus,OpenDryPoor
93752,Rubus idaeus,OpenDryPoor
93753,Rubus idaeus,OpenDryPoor
93754,Rubus idaeus,OpenDryPoor
93755,Rubus idaeus,OpenDryPoor
93756,Rubus idaeus,OpenDryPoor
93757,Rubus idaeus,OpenDryPoor
93758,Rubus idaeus,OpenDryPoor
93759,Rubus idaeus,OpenDryPoor
93760,Rubus idaeus,OpenDryPoor
93761,Rubus idaeus,OpenDryPoor
93762,Rubus idaeus,OpenDryPoor
93763,Rubus idaeus,OpenDryPoor
93764,Rubus idaeus,OpenDryPoor
93765,Rubus idaeus,OpenDryPoor
93766,Rubus idaeus,OpenDryPoor
93767,Rubus idaeus,OpenDryPoor
93768,Rubus idaeus,OpenDryPoor
93769,Rubus idaeus,OpenDryPoor
93770,Rubus idaeus,OpenDryPoor
93771,Rubus idaeus,OpenDryPoor
93772,Rubus idaeus,OpenDryPoor
93773,Rubus idaeus,OpenDryPoor
93774,Rubus idaeus,OpenDryPoor
93775,Rubus idaeus,OpenDryPoor
93776,Rubus idaeus,OpenDryPoor
93777,Rubus idaeus,OpenDryPoor
93778,Rubus idaeus,OpenDryPoor
93779,Rubus idaeus,OpenDryPoor
93780,Rubus idaeus,OpenDryPoor
93781,Rubus idaeus,OpenDryPoor
93782,Rubus idaeus,OpenDryPoor
93783,Rubus idaeus,OpenDryPoor
93784,Rubus idaeus,OpenDryPoor
93785,Rubus idaeus,OpenDryPoor
93786,Rubus idaeus,OpenDryPoor
93787,Rubus idaeus,OpenDryPoor
93788,Rubus idaeus,OpenDryPoor
93789,Rubus idaeus,OpenDryPoor
94340,Rubus idaeus,OpenDryPoor
94341,Rubus idaeus,OpenDryPoor
94342,Rubus idaeus,OpenDryPoor
94343,Rubus idaeus,OpenDryPoor
94344,Rubus idaeus,OpenDryPoor
94345,Rubus idaeus,OpenDryPoor
94346,Rubus idaeus,OpenDryPoor
94347,Rubus idaeus,OpenDryPoor
94348,Rubus idaeus,OpenDryPoor
94349,Rubus idaeus,OpenDryPoor
94350,Rubus idaeus,OpenDryPoor
94351,Rubus idaeus,OpenDryPoor
94352,Rubus idaeus,OpenDryPoor
94353,Rubus idaeus,OpenDryPoor
94354,Rubus idaeus,OpenDryPoor
94355,Rubus idaeus,OpenDryPoor
94356,Rubus idaeus,OpenDryPoor
94357,Rubus idaeus,OpenDryPoor
94358,Rubus idaeus,OpenDryPoor
94359,Rubus idaeus,OpenDryPoor
94360,Rubus idaeus,OpenDryPoor
94361,Rubus idaeus,OpenDryPoor
94362,Rubus idaeus,OpenDryPoor
94363,Rubus idaeus,OpenDryPoor
94364,Rubus idaeus,OpenDryPoor
94365,Rubus idaeus,OpenDryPoor
94366,Rubus idaeus,OpenDryPoor
94367,Rubus idaeus,OpenDryPoor
94368,Rubus idaeus,OpenDryPoor
94369,Rubus idaeus,OpenDryPoor
94370,Rubus idaeus,OpenDryPoor
94371,Rubus idaeus,OpenDryPoor
94372,Rubus idaeus,OpenDryPoor
94373,Rubus idaeus,OpenDryPoor
94374,Rubus idaeus,OpenDryPoor
94375,Rubus idaeus,OpenDryPoor
94376,Rubus idaeus,OpenDryPoor
94377,Rubus idaeus,OpenDryPoor
94378,Rubus idaeus,OpenDryPoor
94379,Rubus idaeus,OpenDryPoor
94380,Rubus idaeus,OpenDryPoor
94381,Rubus idaeus,OpenDryPoor
94382,Rubus idaeus,OpenDryPoor
94383,Rubus idaeus,OpenDryPoor
94384,Rubus idaeus,OpenDryPoor
94385,Rubus idaeus,OpenDryPoor
94386,Rubus idaeus,OpenDryPoor
94939,Rubus idaeus,OpenDryPoor
94940,Rubus idaeus,OpenDryPoor
94941,Rubus idaeus,OpenDryPoor
94942,Rubus idaeus,OpenDryPoor
94943,Rubus idaeus,OpenDryPoor
94944,Rubus idaeus,OpenDryPoor
94945,Rubus idaeus,OpenDryPoor
94946,Rubus idaeus,OpenDryPoor
94947,Rubus idaeus,OpenDryPoor
94948,Rubus idaeus,OpenDryPoor
94949,Rubus idaeus,OpenDryPoor
94950,Rubus idaeus,OpenDryPoor
94951,Rubus idaeus,OpenDryPoor
94952,Rubus idaeus,OpenDryPoor
94953,Rubus idaeus,OpenDryPoor
94954,Rubus idaeus,OpenDryPoor
94955,Rubus idaeus,OpenDryPoor
94956,Rubus idaeus,OpenDryPoor
94957,Rubus idaeus,OpenDryPoor
94958,Rubus idaeus,OpenDryPoor
94959,Rubus idaeus,OpenDryPoor
94960,Rubus idaeus,OpenDryPoor
94961,Rubus idaeus,OpenDryPoor
94962,Rubus idaeus,OpenDryPoor
94963,Rubus idaeus,OpenDryPoor
94964,Rubus idaeus,OpenDryPoor
94965,Rubus idaeus,OpenDryPoor
94966,Rubus idaeus,OpenDryPoor
94967,Rubus idaeus,OpenDryPoor
94968,Rubus idaeus,OpenDryPoor
94969,Rubus idaeus,OpenDryPoor
94970,Rubus idaeus,OpenDryPoor
94971,Rubus idaeus,OpenDryPoor
94972,Rubus idaeus,OpenDryPoor
94973,Rubus idaeus,OpenDryPoor
94974,Rubus idaeus,OpenDryPoor
94975,Rubus idaeus125085,Rubus idaeus,OpenDryPoor
125086,Rubus idaeus,OpenDryPoor
125087,Rubus idaeus,OpenDryPoor
125088,Rubus idaeus,OpenDryPoor
125089,Rubus idaeus,OpenDryPoor
125090,Rubus idaeus,OpenDryPoor
125091,Rubus idaeus,OpenDryPoor
125092,Rubus idaeus,OpenDryPoor
125093,Rubus idaeus,OpenDryPoor
125094,Rubus idaeus,OpenDryPoor
125095,Rubus idaeus,OpenDryPoor
125096,Rubus idaeus,OpenDryPoor
125097,Rubus idaeus,OpenDryPoor
125098,Rubus idaeus,OpenDryPoor
125099,Rubus idaeus,OpenDryPoor
125100,Rubus idaeus,OpenDryPoor
125101,Rubus idaeus,OpenDryPoor
125102,Rubus idaeus,OpenDryPoor
125103,Rubus idaeus,OpenDryPoor
125104,Rubus idaeus,OpenDryPoor
125105,Rubus idaeus,OpenDryPoor
125106,Rubus idaeus,OpenDryPoor
125107,Rubus idaeus,OpenDryPoor
125108,Rubus idaeus,OpenDryPoor
125628,Rubus idaeus,OpenDryPoor
125629,Rubus idaeus,OpenDryPoor
125630,Rubus idaeus,OpenDryPoor
125631,Rubus idaeus,OpenDryPoor
125632,Rubus idaeus,OpenDryPoor
125633,Rubus idaeus,OpenDryPoor
125634,Rubus idaeus,OpenDryPoor
125635,Rubus idaeus,OpenDryPoor
125636,Rubus idaeus,OpenDryPoor
125637,Rubus idaeus,OpenDryPoor
125638,Rubus idaeus,OpenDryPoor
125639,Rubus idaeus,OpenDryPoor
125640,Rubus idaeus,OpenDryPoor
125641,Rubus idaeus,OpenDryPoor
125642,Rubus idaeus,OpenDryPoor
125643,Rubus idaeus,OpenDryPoor
125644,Rubus idaeus,OpenDryPoor
125645,Rubus idaeus,OpenDryPoor
125646,Rubus idaeus,OpenDryPoor
125647,Rubus idaeus,OpenDryPoor
125648,Rubus idaeus,OpenDryPoor
125649,Rubus idaeus,OpenDryPoor
125650,Rubus idaeus,OpenDryPoor
125651,Rubus idaeus,OpenDryPoor
125652,Rubus idaeus,OpenDryPoor
125653,Rubus idaeus,OpenDryPoor
125654,Rubus idaeus,OpenDryPoor
125655,Rubus idaeus,OpenDryPoor
125656,Rubus idaeus,OpenDryPoor
125657,Rubus idaeus,OpenDryPoor
125658,Rubus idaeus,OpenDryPoor
125659,Rubus idaeus,OpenDryPoor
125660,Rubus idaeus,OpenDryPoor
125661,Rubus idaeus,OpenDryPoor
125662,Rubus idaeus,OpenDryPoor
125663,Rubus idaeus,OpenDryPoor
125664,Rubus idaeus,OpenDryPoor
125665,Rubus idaeus,OpenDryPoor
125666,Rubus idaeus,OpenDryPoor
125667,Rubus idaeus,OpenDryPoor
125668,Rubus idaeus,OpenDryPoor
125669,Rubus idaeus,OpenDryPoor
125670,Rubus idaeus,OpenDryPoor
125671,Rubus idaeus,OpenDryPoor
125672,Rubus idaeus,OpenDryPoor
125673,Rubus idaeus,OpenDryPoor
125674,Rubus idaeus,OpenDryPoor
125675,Rubus idaeus,OpenDryPoor
125676,Rubus idaeus,OpenDryPoor
125677,Rubus idaeus,OpenDryPoor
125678,Rubus idaeus,OpenDryPoor
125679,Rubus idaeus,OpenDryPoor
125680,Rubus idaeus,OpenDryPoor
125681,Rubus idaeus,OpenDryPoor
125682,Rubus idaeus,OpenDryPoor
125683,Rubus idaeus,OpenDryPoor
125684,Rubus idaeus,OpenDryPoor
125685,Rubus idaeus,OpenDryPoor
125686,Rubus idaeus,OpenDryPoor
125687,Rubus idaeus,OpenDryPoor
125688,Rubus idaeus,OpenDryPoor
125689,Rubus idaeus,OpenDryPoor
125690,Rubus idaeus,OpenDryPoor
125691,Rubus idaeus,OpenDryPoor
125692,Rubus idaeus,OpenDryPoor
125693,Rubus idaeus,OpenDryPoor
125694,Rubus idaeus,OpenDryPoor
125695,Rubus idaeus,OpenDryPoor
125696,Rubus idaeus,OpenDryPoor
125697,Rubus idaeus,OpenDryPoor
125698,Rubus idaeus,OpenDryPoor
125699,Rubus idaeus,OpenDryPoor
125700,Rubus idaeus,OpenDryPoor
125701,Rubus idaeus,OpenDryPoor
125702,Rubus idaeus,OpenDryPoor
125703,Rubus idaeus,OpenDryPoor
125704,Rubus idaeus,OpenDryPoor
125705,Rubus idaeus,OpenDryPoor
125706,Rubus idaeus,OpenDryPoor
125707,Rubus idaeus,OpenDryPoor
126227,Rubus idaeus,OpenDryPoor
126228,Rubus idaeus,OpenDryPoor
126229,Rubus idaeus,OpenDryPoor
126230,Rubus idaeus,OpenDryPoor
126231,Rubus idaeus,OpenDryPoor
126232,Rubus idaeus,OpenDryPoor
126233,Rubus idaeus,OpenDryPoor
126234,Rubus idaeus,OpenDryPoor
126235,Rubus idaeus,OpenDryPoor
126236,Rubus idaeus,OpenDryPoor
126237,Rubus idaeus,OpenDryPoor
126238,Rubus idaeus,OpenDryPoor
126239,Rubus idaeus,OpenDryPoor
126240,Rubus idaeus,OpenDryPoor
126241,Rubus idaeus,OpenDryPoor
126242,Rubus idaeus,OpenDryPoor
126243,Rubus idaeus,OpenDryPoor
126244,Rubus idaeus,OpenDryPoor
126245,Rubus idaeus,OpenDryPoor
126246,Rubus idaeus,OpenDryPoor
126247,Rubus idaeus,OpenDryPoor
126248,Rubus idaeus,OpenDryPoor
126249,Rubus idaeus,OpenDryPoor
126250,Rubus idaeus,OpenDryPoor
ryPoor
71738,Rubus idaeus,OpenDryPoor
71739,Rubus idaeus,OpenDryPoor
71740,Rubus idaeus,OpenDryPoor
71741,Rubus idaeus,OpenDryPoor
71742,Rubus idaeus,OpenDryPoor
71743,Rubus idaeus,OpenDryPoor
71744,Rubus idaeus,OpenDryPoor
71745,Rubus idaeus,OpenDryPoor
71746,Rubus idaeus,OpenDryPoor
71747,Rubus idaeus,OpenDryPoor
71748,Rubus idaeus,OpenDryPoor
71749,Rubus idaeus,OpenDryPoor
71750,Rubus idaeus,OpenDryPoor
71751,Rubus idaeus,OpenDryPoor
71752,Rubus idaeus,OpenDryPoor
71753,Rubus idaeus,OpenDryPoor
71754,Rubus idaeus,OpenDryPoor
71755,Rubus idaeus,OpenDryPoor
71756,Rubus idaeus,OpenDryPoor
71757,Rubus idaeus,OpenDryPoor
71758,Rubus idaeus,OpenDryPoor
71759,Rubus idaeus,OpenDryPoor
71760,Rubus idaeus,OpenDryPoor
71761,Rubus idaeus,OpenDryPoor
71762,Rubus idaeus,OpenDryPoor
71763,Rubus idaeus,OpenDryPoor
71764,Rubus idaeus,OpenDryPoor
71765,Rubus idaeus,OpenDryPoor
71766,Rubus idaeus,OpenDryPoor
71767,Rubus idaeus,OpenDryPoor
71768,Rubus idaeus,OpenDryPoor
71769,Rubus idaeus,OpenDryPoor
71770,Rubus idaeus,OpenDryPoor
71771,Rubus idaeus,OpenDryPoor
71772,Rubus idaeus,OpenDryPoor
71773,Rubus idaeus,OpenDryPoor
71774,Rubus idaeus,OpenDryPoor
71775,Rubus idaeus,OpenDryPoor
71776,Rubus idaeus,OpenDryPoor
71777,Rubus idaeus,OpenDryPoor
71778,Rubus idaeus,OpenDryPoor
71779,Rubus idaeus,OpenDryPoor
71780,Rubus idaeus,OpenDryPoor
71781,Rubus idaeus,OpenDryPoor
71782,Rubus idaeus,OpenDryPoor
71783,Rubus idaeus,OpenDryPoor
71784,Rubus idaeus,OpenDryPoor
71785,Rubus idaeus,OpenDryPoor
71786,Rubus idaeus,OpenDryPoor
71787,Rubus idaeus,OpenDryPoor
71788,Rubus idaeus,OpenDryPoor
71789,Rubus idaeus,OpenDryPoor
71790,Rubus idaeus,OpenDryPoor
71791,Rubus idaeus,OpenDryPoor
71792,Rubus idaeus,OpenDryPoor
71793,Rubus idaeus,OpenDryPoor
71794,Rubus idaeus,OpenDryPoor
71795,Rubus idaeus,OpenDryPoor
71796,Rubus idaeus,OpenDryPoor
71797,Rubus idaeus,OpenDryPoor
71798,Rubus idaeus,OpenDryPoor
71799,Rubus idaeus,OpenDryPoor
71800,Rubus idaeus,OpenDryPoor
71801,Rubus idaeus,OpenDryPoor
71802,Rubus idaeus,OpenDryPoor
71803,Rubus idaeus,OpenDryPoor
72337,Rubus idaeus,OpenDryPoor
72338,Rubus idaeus,OpenDryPoor
72339,Rubus idaeus,OpenDryPoor
72340,Rubus idaeus,OpenDryPoor
72341,Rubus idaeus,OpenDryPoor
72342,Rubus idaeus,OpenDryPoor
72343,Rubus idaeus,OpenDryPoor
72344,Rubus idaeus,OpenDryPoor
72345,Rubus idaeus,OpenDryPoor
72346,Rubus idaeus,OpenDryPoor
72347,Rubus idaeus,OpenDryPoor
72348,Rubus idaeus,OpenDryPoor
72349,Rubus idaeus,OpenDryPoor
72350,Rubus idaeus,OpenDryPoor
72351,Rubus idaeus,OpenDryPoor
72352,Rubus idaeus,OpenDryPoor
72353,Rubus idaeus,OpenDryPoor
72354,Rubus idaeus,OpenDryPoor
72355,Rubus idaeus,OpenDryPoor
72356,Rubus idaeus,OpenDryPoor
72357,Rubus idaeus,OpenDryPoor
72358,Rubus idaeus,OpenDryPoor
72359,Rubus idaeus,OpenDryPoor
72360,Rubus idaeus,OpenDryPoor
72361,Rubus idaeus,OpenDryPoor
72362,Rubus idaeus,OpenDryPoor
72363,Rubus idaeus,OpenDryPoor
72364,Rubus idaeus,OpenDryPoor
72365,Rubus idaeus,OpenDryPoor
72366,Rubus idaeus,OpenDryPoor
72367,Rubus idaeus,OpenDryPoor
72368,Rubus idaeus,OpenDryPoor
72369,Rubus idaeus,OpenDryPoor
72370,Rubus idaeus,OpenDryPoor
72371,Rubus idaeus,OpenDryPoor
72372,Rubus idaeus,OpenDryPoor
72373,Rubus idaeus,OpenDryPoor
72374,Rubus idaeus,OpenDryPoor
72375,Rubus idaeus,OpenDryPoor
72376,Rubus idaeus,OpenDryPoor
72377,Rubus idaeus,OpenDryPoor
72378,Rubus idaeus,OpenDryPoor
72379,Rubus idaeus,OpenDryPoor
72380,Rubus idaeus,OpenDryPoor
72381,Rubus idaeus,OpenDryPoor
72382,Rubus idaeus,OpenDryPoor
72383,Rubus idaeus,OpenDryPoor
72384,Rubus idaeus,OpenDryPoor
72385,Rubus idaeus,OpenDryPoor
72386,Rubus idaeus,OpenDryPoor
72387,Rubus idaeus,OpenDryPoor
72388,Rubus idaeus,OpenDryPoor
72389,Rubus idaeus,OpenDryPoor
72390,Rubus idaeus,OpenDryPoor
72391,Rubus idaeus,OpenDryPoor
72392,Rubus idaeus,OpenDryPoor
72393,Rubus idaeus,OpenDryPoor
72394,Rubus idaeus,OpenDryPoor
72395,Rubus idaeus,OpenDryPoor
72396,Rubus idaeus,OpenDryPoor
72397,Rubus idaeus,OpenDryPoor
72398,Rubus idaeus,OpenDryPoor
72399,Rubus idaeus,OpenDryPoor
72400,Rubus idaeus,OpenDryPoor
72401,Rubus idaeus,OpenDryPoor
72402,Rubus idaeus,OpenDryPo126251,Rubus idaeus,OpenDryPoor
126252,Rubus idaeus,OpenDryPoor
126253,Rubus idaeus,OpenDryPoor
126254,Rubus idaeus,OpenDryPoor
126255,Rubus idaeus,OpenDryPoor
126256,Rubus idaeus,OpenDryPoor
126257,Rubus idaeus,OpenDryPoor
126258,Rubus idaeus,OpenDryPoor
126259,Rubus idaeus,OpenDryPoor
126260,Rubus idaeus,OpenDryPoor
126261,Rubus idaeus,OpenDryPoor
126262,Rubus idaeus,OpenDryPoor
126263,Rubus idaeus,OpenDryPoor
126264,Rubus idaeus,OpenDryPoor
126265,Rubus idaeus,OpenDryPoor
126266,Rubus idaeus,OpenDryPoor
126267,Rubus idaeus,OpenDryPoor
126268,Rubus idaeus,OpenDryPoor
126269,Rubus idaeus,OpenDryPoor
126270,Rubus idaeus,OpenDryPoor
126271,Rubus idaeus,OpenDryPoor
126272,Rubus idaeus,OpenDryPoor
126273,Rubus idaeus,OpenDryPoor
126274,Rubus idaeus,OpenDryPoor
126275,Rubus idaeus,OpenDryPoor
126276,Rubus idaeus,OpenDryPoor
126277,Rubus idaeus,OpenDryPoor
126278,Rubus idaeus,OpenDryPoor
126279,Rubus idaeus,OpenDryPoor
126280,Rubus idaeus,OpenDryPoor
126281,Rubus idaeus,OpenDryPoor
126282,Rubus idaeus,OpenDryPoor
126283,Rubus idaeus,OpenDryPoor
126284,Rubus idaeus,OpenDryPoor
126285,Rubus idaeus,OpenDryPoor
126286,Rubus idaeus,OpenDryPoor
126287,Rubus idaeus,OpenDryPoor
126288,Rubus idaeus,OpenDryPoor
126289,Rubus idaeus,OpenDryPoor
126290,Rubus idaeus,OpenDryPoor
126291,Rubus idaeus,OpenDryPoor
126292,Rubus idaeus,OpenDryPoor
126293,Rubus idaeus,OpenDryPoor
126294,Rubus idaeus,OpenDryPoor
126295,Rubus idaeus,OpenDryPoor
126296,Rubus idaeus,OpenDryPoor
126297,Rubus idaeus,OpenDryPoor
126298,Rubus idaeus,OpenDryPoor
126299,Rubus idaeus,OpenDryPoor
126300,Rubus idaeus,OpenDryPoor
126301,Rubus idaeus,OpenDryPoor
126302,Rubus idaeus,OpenDryPoor
126303,Rubus idaeus,OpenDryPoor
126304,Rubus idaeus,OpenDryPoor
126305,Rubus idaeus,OpenDryPoor
126306,Rubus idaeus,OpenDryPoor
126825,Rubus idaeus,OpenDryPoor
126826,Rubus idaeus,OpenDryPoor
126827,Rubus idaeus,OpenDryPoor
126828,Rubus idaeus,OpenDryPoor
126829,Rubus idaeus,OpenDryPoor
126830,Rubus idaeus,OpenDryPoor
126831,Rubus idaeus,OpenDryPoor
126832,Rubus idaeus,OpenDryPoor
126833,Rubus idaeus,OpenDryPoor
126834,Rubus idaeus,OpenDryPoor
126835,Rubus idaeus,OpenDryPoor
126836,Rubus idaeus,OpenDryPoor
126837,Rubus idaeus,OpenDryPoor
126838,Rubus idaeus,OpenDryPoor
126839,Rubus idaeus,OpenDryPoor
126840,Rubus idaeus,OpenDryPoor
126841,Rubus idaeus,OpenDryPoor
126842,Rubus idaeus,OpenDryPoor
126843,Rubus idaeus,OpenDryPoor
126844,Rubus idaeus,OpenDryPoor
126845,Rubus idaeus,OpenDryPoor
126846,Rubus idaeus,OpenDryPoor
126847,Rubus idaeus,OpenDryPoor
126848,Rubus idaeus,OpenDryPoor
126849,Rubus idaeus,OpenDryPoor
126850,Rubus idaeus,OpenDryPoor
126851,Rubus idaeus,OpenDryPoor
126852,Rubus idaeus,OpenDryPoor
126853,Rubus idaeus,OpenDryPoor
126854,Rubus idaeus,OpenDryPoor
126855,Rubus idaeus,OpenDryPoor
126856,Rubus idaeus,OpenDryPoor
126857,Rubus idaeus,OpenDryPoor
126858,Rubus idaeus,OpenDryPoor
126859,Rubus idaeus,OpenDryPoor
126860,Rubus idaeus,OpenDryPoor
126861,Rubus idaeus,OpenDryPoor
126862,Rubus idaeus,OpenDryPoor
126863,Rubus idaeus,OpenDryPoor
126864,Rubus idaeus,OpenDryPoor
126865,Rubus idaeus,OpenDryPoor
126866,Rubus idaeus,OpenDryPoor
126867,Rubus idaeus,OpenDryPoor
126868,Rubus idaeus,OpenDryPoor
126869,Rubus idaeus,OpenDryPoor
126870,Rubus idaeus,OpenDryPoor
126871,Rubus idaeus,OpenDryPoor
126872,Rubus idaeus,OpenDryPoor
126873,Rubus idaeus,OpenDryPoor
126874,Rubus idaeus,OpenDryPoor
126875,Rubus idaeus,OpenDryPoor
126876,Rubus idaeus,OpenDryPoor
126877,Rubus idaeus,OpenDryPoor
126878,Rubus idaeus,OpenDryPoor
126879,Rubus idaeus,OpenDryPoor
126880,Rubus idaeus,OpenDryPoor
126881,Rubus idaeus,OpenDryPoor
126882,Rubus idaeus,OpenDryPoor
126883,Rubus idaeus,OpenDryPoor
126884,Rubus idaeus,OpenDryPoor
126885,Rubus idaeus,OpenDryPoor
126886,Rubus idaeus,OpenDryPoor
126887,Rubus idaeus,OpenDryPoor
126888,Rubus idaeus,OpenDryPoor
126889,Rubus idaeus,OpenDryPoor
126890,Rubus idaeus,OpenDryPoor
126891,Rubus idaeus,OpenDryPoor
126892,Rubus idaeus,OpenDryPoor
126893,Rubus idaeus,OpenDryPoor
126894,Rubus idaeus,OpenDryPoor
126895,Rubus idaeus,OpenDryPoor
126896,Rubus idaeus,OpenDryPoor
,OpenDryPoor
94976,Rubus idaeus,OpenDryPoor
94977,Rubus idaeus,OpenDryPoor
94978,Rubus idaeus,OpenDryPoor
94979,Rubus idaeus,OpenDryPoor
94980,Rubus idaeus,OpenDryPoor
94981,Rubus idaeus,OpenDryPoor
94982,Rubus idaeus,OpenDryPoor
94983,Rubus idaeus,OpenDryPoor
94984,Rubus idaeus,OpenDryPoor
95538,Rubus idaeus,OpenDryPoor
95539,Rubus idaeus,OpenDryPoor
95540,Rubus idaeus,OpenDryPoor
95541,Rubus idaeus,OpenDryPoor
95542,Rubus idaeus,OpenDryPoor
95543,Rubus idaeus,OpenDryPoor
95544,Rubus idaeus,OpenDryPoor
95545,Rubus idaeus,OpenDryPoor
95546,Rubus idaeus,OpenDryPoor
95547,Rubus idaeus,OpenDryPoor
95548,Rubus idaeus,OpenDryPoor
95549,Rubus idaeus,OpenDryPoor
95550,Rubus idaeus,OpenDryPoor
95551,Rubus idaeus,OpenDryPoor
95552,Rubus idaeus,OpenDryPoor
95553,Rubus idaeus,OpenDryPoor
95554,Rubus idaeus,OpenDryPoor
95555,Rubus idaeus,OpenDryPoor
95556,Rubus idaeus,OpenDryPoor
95557,Rubus idaeus,OpenDryPoor
95558,Rubus idaeus,OpenDryPoor
95559,Rubus idaeus,OpenDryPoor
95560,Rubus idaeus,OpenDryPoor
95561,Rubus idaeus,OpenDryPoor
95562,Rubus idaeus,OpenDryPoor
95563,Rubus idaeus,OpenDryPoor
95564,Rubus idaeus,OpenDryPoor
95565,Rubus idaeus,OpenDryPoor
95566,Rubus idaeus,OpenDryPoor
95567,Rubus idaeus,OpenDryPoor
95568,Rubus idaeus,OpenDryPoor
95569,Rubus idaeus,OpenDryPoor
95570,Rubus idaeus,OpenDryPoor
95571,Rubus idaeus,OpenDryPoor
95572,Rubus idaeus,OpenDryPoor
95573,Rubus idaeus,OpenDryPoor
95574,Rubus idaeus,OpenDryPoor
95575,Rubus idaeus,OpenDryPoor
95576,Rubus idaeus,OpenDryPoor
95577,Rubus idaeus,OpenDryPoor
95578,Rubus idaeus,OpenDryPoor
95579,Rubus idaeus,OpenDryPoor
95580,Rubus idaeus,OpenDryPoor
95581,Rubus idaeus,OpenDryPoor
96139,Rubus idaeus,OpenDryPoor
96140,Rubus idaeus,OpenDryPoor
96141,Rubus idaeus,OpenDryPoor
96142,Rubus idaeus,OpenDryPoor
96143,Rubus idaeus,OpenDryPoor
96144,Rubus idaeus,OpenDryPoor
96145,Rubus idaeus,OpenDryPoor
96146,Rubus idaeus,OpenDryPoor
96147,Rubus idaeus,OpenDryPoor
96148,Rubus idaeus,OpenDryPoor
96149,Rubus idaeus,OpenDryPoor
96150,Rubus idaeus,OpenDryPoor
96151,Rubus idaeus,OpenDryPoor
96152,Rubus idaeus,OpenDryPoor
96153,Rubus idaeus,OpenDryPoor
96154,Rubus idaeus,OpenDryPoor
96155,Rubus idaeus,OpenDryPoor
96156,Rubus idaeus,OpenDryPoor
96157,Rubus idaeus,OpenDryPoor
96158,Rubus idaeus,OpenDryPoor
96159,Rubus idaeus,OpenDryPoor
96160,Rubus idaeus,OpenDryPoor
96161,Rubus idaeus,OpenDryPoor
96162,Rubus idaeus,OpenDryPoor
96163,Rubus idaeus,OpenDryPoor
96164,Rubus idaeus,OpenDryPoor
96165,Rubus idaeus,OpenDryPoor
96166,Rubus idaeus,OpenDryPoor
96167,Rubus idaeus,OpenDryPoor
96168,Rubus idaeus,OpenDryPoor
96169,Rubus idaeus,OpenDryPoor
96170,Rubus idaeus,OpenDryPoor
96171,Rubus idaeus,OpenDryPoor
96172,Rubus idaeus,OpenDryPoor
96173,Rubus idaeus,OpenDryPoor
96174,Rubus idaeus,OpenDryPoor
96175,Rubus idaeus,OpenDryPoor
96176,Rubus idaeus,OpenDryPoor
96177,Rubus idaeus,OpenDryPoor
96741,Rubus idaeus,OpenDryPoor
96742,Rubus idaeus,OpenDryPoor
96743,Rubus idaeus,OpenDryPoor
96744,Rubus idaeus,OpenDryPoor
96745,Rubus idaeus,OpenDryPoor
96746,Rubus idaeus,OpenDryPoor
96747,Rubus idaeus,OpenDryPoor
96748,Rubus idaeus,OpenDryPoor
96749,Rubus idaeus,OpenDryPoor
96750,Rubus idaeus,OpenDryPoor
96751,Rubus idaeus,OpenDryPoor
96752,Rubus idaeus,OpenDryPoor
96753,Rubus idaeus,OpenDryPoor
96754,Rubus idaeus,OpenDryPoor
96755,Rubus idaeus,OpenDryPoor
96756,Rubus idaeus,OpenDryPoor
96757,Rubus idaeus,OpenDryPoor
96758,Rubus idaeus,OpenDryPoor
96759,Rubus idaeus,OpenDryPoor
96760,Rubus idaeus,OpenDryPoor
96761,Rubus idaeus,OpenDryPoor
96762,Rubus idaeus,OpenDryPoor
96763,Rubus idaeus,OpenDryPoor
96764,Rubus idaeus,OpenDryPoor
96765,Rubus idaeus,OpenDryPoor
96766,Rubus idaeus,OpenDryPoor
96767,Rubus idaeus,OpenDryPoor
96768,Rubus idaeus,OpenDryPoor
96769,Rubus idaeus,OpenDryPoor
96770,Rubus idaeus,OpenDryPoor
96771,Rubus idaeus,OpenDryPoor
96772,Rubus idaeus,OpenDryPoor
96773,Rubus idaeus,OpenDryPoor
96774,Rubus idaeus,OpenDryPoor
97343,Rubus idaeus,OpenDryPoor
97344,Rubus idaeus,OpenDryPoor
97345,Rubus idaeus,OpenDryPoor
97346,Rubus idaeus,OpenDryPoor
97347,Rubus idaeus,OpenDryPoor
97348,Rubus idaeus,OpenDryPoor
97349,Rubus idaeus,OpenDryPoor
97350,Rubus idaeus,OpenDryPoor
97351,Rubus idaeus,OpenDryPoor
97352,Rubus idaeus,OpenDryPoor
97353,Rubus idaeus,OpenDryPoor
97354,Rubus idaeus,OpenDryPoor
97355,Rubus idaeus,OpenDryPoor
97356,Rubus idaeus,OpenDryPoor
97357,Rubus idaeus,OpenDryPoor
97358,Rubus idaeus,OpenDryPoor
97359,Rubus idaeus,OpenDryPoor
97360,Rubus idaeus,OpenDryPoor
97361,Rubus idaeus,OpenDryPoor
97362,Rubus idaeus,OpenDryPoor
97363,Rubus idaeus,OpenDryPoor
97364,Rubus idaeus,OpenDryPoor
97365,Rubus idaeus,OpenDryPoor
97366,Rubus idaeus,OpenDryPoor
97367,Rubus idaeus,OpenDryPoor
97368,Rubus idaeus,OpenDryPoor
97369,Rubus idaeus,OpenDryPoor
97370,Rubus idaeus,OpenDryPoor
97946,Rubus idaeus,OpenDryPoor
97947,Rubus idaeus,OpenDryPoor
97948,Rubus idaeus,OpenDryPoor
97949,Rubus idaeus,OpenDryPoor
97950,Rubus idaeus,OpenDryPoor
97951,Rubus idaeus,OpenDryPoor
97952,Rubus idaeus,OpenDryPoor
97953,Rubus idaeus,OpenDryPoor
97954,Rubus idaeus,OpenDryPoor
97955,Rubus idaeus,OpenDryPoor
97956,Rubus idaeus,OpenDryPoor
97957,Rubus idaeus,OpenDryPoor
97958,Rubus idaeus,OpenDryPoor
97959,Rubus idaeus,OpenDryPoor
97960,Rubus idaeus,OpenDryPoor
97961,Rubus idaeus,OpenDryPoor
97962,Rubus idaeus,OpenDryPoor
97963,Rubus idaeus,OpenDryPoor
97964,Rubus idaeus,OpenDryPoor
97965,Rubus idaeus,OpenDryPoor
98553,Rubus idaeus,OpenDryPoor
98554,Rubus idaeus,OpenDryPoor
98555,Rubus idaeus,OpenDryPoor
98556,Rubus idaeus,OpenDryPoor
or
72403,Rubus idaeus,OpenDryPoor
72936,Rubus idaeus,OpenDryPoor
72937,Rubus idaeus,OpenDryPoor
72938,Rubus idaeus,OpenDryPoor
72939,Rubus idaeus,OpenDryPoor
72940,Rubus idaeus,OpenDryPoor
72941,Rubus idaeus,OpenDryPoor
72942,Rubus idaeus,OpenDryPoor
72943,Rubus idaeus,OpenDryPoor
72944,Rubus idaeus,OpenDryPoor
72945,Rubus idaeus,OpenDryPoor
72946,Rubus idaeus,OpenDryPoor
72947,Rubus idaeus,OpenDryPoor
72948,Rubus idaeus,OpenDryPoor
72949,Rubus idaeus,OpenDryPoor
72950,Rubus idaeus,OpenDryPoor
72951,Rubus idaeus,OpenDryPoor
72952,Rubus idaeus,OpenDryPoor
72953,Rubus idaeus,OpenDryPoor
72954,Rubus idaeus,OpenDryPoor
72955,Rubus idaeus,OpenDryPoor
72956,Rubus idaeus,OpenDryPoor
72957,Rubus idaeus,OpenDryPoor
72958,Rubus idaeus,OpenDryPoor
72959,Rubus idaeus,OpenDryPoor
72960,Rubus idaeus,OpenDryPoor
72961,Rubus idaeus,OpenDryPoor
72962,Rubus idaeus,OpenDryPoor
72963,Rubus idaeus,OpenDryPoor
72964,Rubus idaeus,OpenDryPoor
72965,Rubus idaeus,OpenDryPoor
72966,Rubus idaeus,OpenDryPoor
72967,Rubus idaeus,OpenDryPoor
72968,Rubus idaeus,OpenDryPoor
72969,Rubus idaeus,OpenDryPoor
72970,Rubus idaeus,OpenDryPoor
72971,Rubus idaeus,OpenDryPoor
72972,Rubus idaeus,OpenDryPoor
72973,Rubus idaeus,OpenDryPoor
72974,Rubus idaeus,OpenDryPoor
72975,Rubus idaeus,OpenDryPoor
72976,Rubus idaeus,OpenDryPoor
72977,Rubus idaeus,OpenDryPoor
72978,Rubus idaeus,OpenDryPoor
72979,Rubus idaeus,OpenDryPoor
72980,Rubus idaeus,OpenDryPoor
72981,Rubus idaeus,OpenDryPoor
72982,Rubus idaeus,OpenDryPoor
72983,Rubus idaeus,OpenDryPoor
72984,Rubus idaeus,OpenDryPoor
72985,Rubus idaeus,OpenDryPoor
72986,Rubus idaeus,OpenDryPoor
72987,Rubus idaeus,OpenDryPoor
72988,Rubus idaeus,OpenDryPoor
72989,Rubus idaeus,OpenDryPoor
72990,Rubus idaeus,OpenDryPoor
72991,Rubus idaeus,OpenDryPoor
72992,Rubus idaeus,OpenDryPoor
72993,Rubus idaeus,OpenDryPoor
72994,Rubus idaeus,OpenDryPoor
72995,Rubus idaeus,OpenDryPoor
72996,Rubus idaeus,OpenDryPoor
72997,Rubus idaeus,OpenDryPoor
72998,Rubus idaeus,OpenDryPoor
72999,Rubus idaeus,OpenDryPoor
73000,Rubus idaeus,OpenDryPoor
73001,Rubus idaeus,OpenDryPoor
73002,Rubus idaeus,OpenDryPoor
73003,Rubus idaeus,OpenDryPoor
73535,Rubus idaeus,OpenDryPoor
73536,Rubus idaeus,OpenDryPoor
73537,Rubus idaeus,OpenDryPoor
73538,Rubus idaeus,OpenDryPoor
73539,Rubus idaeus,OpenDryPoor
73540,Rubus idaeus,OpenDryPoor
73541,Rubus idaeus,OpenDryPoor
73542,Rubus idaeus,OpenDryPoor
73543,Rubus idaeus,OpenDryPoor
73544,Rubus idaeus,OpenDryPoor
73545,Rubus idaeus,OpenDryPoor
73546,Rubus idaeus,OpenDryPoor
73547,Rubus idaeus,OpenDryPoor
73548,Rubus idaeus,OpenDryPoor
73549,Rubus idaeus,OpenDryPoor
73550,Rubus idaeus,OpenDryPoor
73551,Rubus idaeus,OpenDryPoor
73552,Rubus idaeus,OpenDryPoor
73553,Rubus idaeus,OpenDryPoor
73554,Rubus idaeus,OpenDryPoor
73555,Rubus idaeus,OpenDryPoor
73556,Rubus idaeus,OpenDryPoor
73557,Rubus idaeus,OpenDryPoor
73558,Rubus idaeus,OpenDryPoor
73559,Rubus idaeus,OpenDryPoor
73560,Rubus idaeus,OpenDryPoor
73561,Rubus idaeus,OpenDryPoor
73562,Rubus idaeus,OpenDryPoor
73563,Rubus idaeus,OpenDryPoor
73564,Rubus idaeus,OpenDryPoor
73565,Rubus idaeus,OpenDryPoor
73566,Rubus idaeus,OpenDryPoor
73567,Rubus idaeus,OpenDryPoor
73568,Rubus idaeus,OpenDryPoor
73569,Rubus idaeus,OpenDryPoor
73570,Rubus idaeus,OpenDryPoor
73571,Rubus idaeus,OpenDryPoor
73572,Rubus idaeus,OpenDryPoor
73573,Rubus idaeus,OpenDryPoor
73574,Rubus idaeus,OpenDryPoor
73575,Rubus idaeus,OpenDryPoor
73576,Rubus idaeus,OpenDryPoor
73577,Rubus idaeus,OpenDryPoor
73578,Rubus idaeus,OpenDryPoor
73579,Rubus idaeus,OpenDryPoor
73580,Rubus idaeus,OpenDryPoor
73581,Rubus idaeus,OpenDryPoor
73582,Rubus idaeus,OpenDryPoor
73583,Rubus idaeus,OpenDryPoor
73584,Rubus idaeus,OpenDryPoor
73585,Rubus idaeus,OpenDryPoor
73586,Rubus idaeus,OpenDryPoor
73587,Rubus idaeus,OpenDryPoor
73588,Rubus idaeus,OpenDryPoor
73589,Rubus idaeus,OpenDryPoor
73590,Rubus idaeus,OpenDryPoor
73591,Rubus idaeus,OpenDryPoor
73592,Rubus idaeus,OpenDryPoor
73593,Rubus idaeus,OpenDryPoor
73594,Rubus idaeus,OpenDryPoor
73595,Rubus idaeus,OpenDryPoor
73596,Rubus idaeus,OpenDryPoor
73597,Rubus idaeus,OpenDryPoor
7126897,Rubus idaeus,OpenDryPoor
126898,Rubus idaeus,OpenDryPoor
126899,Rubus idaeus,OpenDryPoor
126900,Rubus idaeus,OpenDryPoor
126901,Rubus idaeus,OpenDryPoor
126902,Rubus idaeus,OpenDryPoor
126903,Rubus idaeus,OpenDryPoor
126904,Rubus idaeus,OpenDryPoor
126905,Rubus idaeus,OpenDryPoor
127424,Rubus idaeus,OpenDryPoor
127425,Rubus idaeus,OpenDryPoor
127426,Rubus idaeus,OpenDryPoor
127427,Rubus idaeus,OpenDryPoor
127428,Rubus idaeus,OpenDryPoor
127429,Rubus idaeus,OpenDryPoor
127430,Rubus idaeus,OpenDryPoor
127431,Rubus idaeus,OpenDryPoor
127432,Rubus idaeus,OpenDryPoor
127433,Rubus idaeus,OpenDryPoor
127434,Rubus idaeus,OpenDryPoor
127435,Rubus idaeus,OpenDryPoor
127436,Rubus idaeus,OpenDryPoor
127437,Rubus idaeus,OpenDryPoor
127438,Rubus idaeus,OpenDryPoor
127439,Rubus idaeus,OpenDryPoor
127440,Rubus idaeus,OpenDryPoor
127441,Rubus idaeus,OpenDryPoor
127442,Rubus idaeus,OpenDryPoor
127443,Rubus idaeus,OpenDryPoor
127444,Rubus idaeus,OpenDryPoor
127445,Rubus idaeus,OpenDryPoor
127446,Rubus idaeus,OpenDryPoor
127447,Rubus idaeus,OpenDryPoor
127448,Rubus idaeus,OpenDryPoor
127449,Rubus idaeus,OpenDryPoor
127450,Rubus idaeus,OpenDryPoor
127451,Rubus idaeus,OpenDryPoor
127452,Rubus idaeus,OpenDryPoor
127453,Rubus idaeus,OpenDryPoor
127454,Rubus idaeus,OpenDryPoor
127455,Rubus idaeus,OpenDryPoor
127456,Rubus idaeus,OpenDryPoor
127457,Rubus idaeus,OpenDryPoor
127458,Rubus idaeus,OpenDryPoor
127459,Rubus idaeus,OpenDryPoor
127460,Rubus idaeus,OpenDryPoor
127461,Rubus idaeus,OpenDryPoor
127462,Rubus idaeus,OpenDryPoor
127463,Rubus idaeus,OpenDryPoor
127464,Rubus idaeus,OpenDryPoor
127465,Rubus idaeus,OpenDryPoor
127466,Rubus idaeus,OpenDryPoor
127467,Rubus idaeus,OpenDryPoor
127468,Rubus idaeus,OpenDryPoor
127469,Rubus idaeus,OpenDryPoor
127470,Rubus idaeus,OpenDryPoor
127471,Rubus idaeus,OpenDryPoor
127472,Rubus idaeus,OpenDryPoor
127473,Rubus idaeus,OpenDryPoor
127474,Rubus idaeus,OpenDryPoor
127475,Rubus idaeus,OpenDryPoor
127476,Rubus idaeus,OpenDryPoor
127477,Rubus idaeus,OpenDryPoor
127478,Rubus idaeus,OpenDryPoor
127479,Rubus idaeus,OpenDryPoor
127480,Rubus idaeus,OpenDryPoor
127481,Rubus idaeus,OpenDryPoor
127482,Rubus idaeus,OpenDryPoor
127483,Rubus idaeus,OpenDryPoor
127484,Rubus idaeus,OpenDryPoor
127485,Rubus idaeus,OpenDryPoor
127486,Rubus idaeus,OpenDryPoor
127487,Rubus idaeus,OpenDryPoor
127488,Rubus idaeus,OpenDryPoor
127489,Rubus idaeus,OpenDryPoor
127490,Rubus idaeus,OpenDryPoor
127491,Rubus idaeus,OpenDryPoor
127492,Rubus idaeus,OpenDryPoor
127493,Rubus idaeus,OpenDryPoor
127494,Rubus idaeus,OpenDryPoor
127495,Rubus idaeus,OpenDryPoor
127496,Rubus idaeus,OpenDryPoor
127497,Rubus idaeus,OpenDryPoor
127498,Rubus idaeus,OpenDryPoor
127499,Rubus idaeus,OpenDryPoor
127500,Rubus idaeus,OpenDryPoor
127501,Rubus idaeus,OpenDryPoor
127502,Rubus idaeus,OpenDryPoor
127503,Rubus idaeus,OpenDryPoor
127504,Rubus idaeus,OpenDryPoor
128023,Rubus idaeus,OpenDryPoor
128024,Rubus idaeus,OpenDryPoor
128025,Rubus idaeus,OpenDryPoor
128026,Rubus idaeus,OpenDryPoor
128027,Rubus idaeus,OpenDryPoor
128028,Rubus idaeus,OpenDryPoor
128029,Rubus idaeus,OpenDryPoor
128030,Rubus idaeus,OpenDryPoor
128031,Rubus idaeus,OpenDryPoor
128032,Rubus idaeus,OpenDryPoor
128033,Rubus idaeus,OpenDryPoor
128034,Rubus idaeus,OpenDryPoor
128035,Rubus idaeus,OpenDryPoor
128036,Rubus idaeus,OpenDryPoor
128037,Rubus idaeus,OpenDryPoor
128038,Rubus idaeus,OpenDryPoor
128039,Rubus idaeus,OpenDryPoor
128040,Rubus idaeus,OpenDryPoor
128041,Rubus idaeus,OpenDryPoor
128042,Rubus idaeus,OpenDryPoor
128043,Rubus idaeus,OpenDryPoor
128044,Rubus idaeus,OpenDryPoor
128045,Rubus idaeus,OpenDryPoor
128046,Rubus idaeus,OpenDryPoor
128047,Rubus idaeus,OpenDryPoor
128048,Rubus idaeus,OpenDryPoor
128049,Rubus idaeus,OpenDryPoor
128050,Rubus idaeus,OpenDryPoor
128051,Rubus idaeus,OpenDryPoor
128052,Rubus idaeus,OpenDryPoor
128053,Rubus idaeus,OpenDryPoor
128054,Rubus idaeus,OpenDryPoor
128055,Rubus idaeus,OpenDryPoor
128056,Rubus idaeus,OpenDryPoor
128057,Rubus idaeus,OpenDryPoor
128058,Rubus idaeus,OpenDryPoor
128059,Rubus idaeus,OpenDryPoor
128060,Rubus idaeus,OpenDryPoor
3598,Rubus idaeus,OpenDryPoor
73599,Rubus idaeus,OpenDryPoor
73600,Rubus idaeus,OpenDryPoor
73601,Rubus idaeus,OpenDryPoor
73602,Rubus idaeus,OpenDryPoor
74134,Rubus idaeus,OpenDryPoor
74135,Rubus idaeus,OpenDryPoor
74136,Rubus idaeus,OpenDryPoor
74137,Rubus idaeus,OpenDryPoor
74138,Rubus idaeus,OpenDryPoor
74139,Rubus idaeus,OpenDryPoor
74140,Rubus idaeus,OpenDryPoor
74141,Rubus idaeus,OpenDryPoor
74142,Rubus idaeus,OpenDryPoor
74143,Rubus idaeus,OpenDryPoor
74144,Rubus idaeus,OpenDryPoor
74145,Rubus idaeus,OpenDryPoor
74146,Rubus idaeus,OpenDryPoor
74147,Rubus idaeus,OpenDryPoor
74148,Rubus idaeus,OpenDryPoor
74149,Rubus idaeus,OpenDryPoor
74150,Rubus idaeus,OpenDryPoor
74151,Rubus idaeus,OpenDryPoor
74152,Rubus idaeus,OpenDryPoor
74153,Rubus idaeus,OpenDryPoor
74154,Rubus idaeus,OpenDryPoor
74155,Rubus idaeus,OpenDryPoor
74156,Rubus idaeus,OpenDryPoor
74157,Rubus idaeus,OpenDryPoor
74158,Rubus idaeus,OpenDryPoor
74159,Rubus idaeus,OpenDryPoor
74160,Rubus idaeus,OpenDryPoor
74161,Rubus idaeus,OpenDryPoor
74162,Rubus idaeus,OpenDryPoor
74163,Rubus idaeus,OpenDryPoor
74164,Rubus idaeus,OpenDryPoor
74165,Rubus idaeus,OpenDryPoor
74166,Rubus idaeus,OpenDryPoor
74167,Rubus idaeus,OpenDryPoor
74168,Rubus idaeus,OpenDryPoor
74169,Rubus idaeus,OpenDryPoor
74170,Rubus idaeus,OpenDryPoor
74171,Rubus idaeus,OpenDryPoor
74172,Rubus idaeus,OpenDryPoor
74173,Rubus idaeus,OpenDryPoor
74174,Rubus idaeus,OpenDryPoor
74175,Rubus idaeus,OpenDryPoor
74176,Rubus idaeus,OpenDryPoor
74177,Rubus idaeus,OpenDryPoor
74178,Rubus idaeus,OpenDryPoor
74179,Rubus idaeus,OpenDryPoor
74180,Rubus idaeus,OpenDryPoor
74181,Rubus idaeus,OpenDryPoor
74182,Rubus idaeus,OpenDryPoor
74183,Rubus idaeus,OpenDryPoor
74184,Rubus idaeus,OpenDryPoor
74185,Rubus idaeus,OpenDryPoor
74186,Rubus idaeus,OpenDryPoor
74187,Rubus idaeus,OpenDryPoor
74188,Rubus idaeus,OpenDryPoor
74189,Rubus idaeus,OpenDryPoor
74190,Rubus idaeus,OpenDryPoor
74191,Rubus idaeus,OpenDryPoor
74192,Rubus idaeus,OpenDryPoor
74193,Rubus idaeus,OpenDryPoor
74194,Rubus idaeus,OpenDryPoor
74195,Rubus idaeus,OpenDryPoor
74196,Rubus idaeus,OpenDryPoor
74197,Rubus idaeus,OpenDryPoor
74198,Rubus idaeus,OpenDryPoor
74199,Rubus idaeus,OpenDryPoor
74200,Rubus idaeus,OpenDryPoor
74201,Rubus idaeus,OpenDryPoor
74202,Rubus idaeus,OpenDryPoor
74733,Rubus idaeus,OpenDryPoor
74734,Rubus idaeus,OpenDryPoor
74735,Rubus idaeus,OpenDryPoor
74736,Rubus idaeus,OpenDryPoor
74737,Rubus idaeus,OpenDryPoor
74738,Rubus idaeus,OpenDryPoor
74739,Rubus idaeus,OpenDryPoor
74740,Rubus idaeus,OpenDryPoor
74741,Rubus idaeus,OpenDryPoor
74742,Rubus idaeus,OpenDryPoor
74743,Rubus idaeus,OpenDryPoor
74744,Rubus idaeus,OpenDryPoor
74745,Rubus idaeus,OpenDryPoor
74746,Rubus idaeus,OpenDryPoor
74747,Rubus idaeus,OpenDryPoor
74748,Rubus idaeus,OpenDryPoor
74749,Rubus idaeus,OpenDryPoor
74750,Rubus idaeus,OpenDryPoor
74751,Rubus idaeus,OpenDryPoor
74752,Rubus idaeus,OpenDryPoor
74753,Rubus idaeus,OpenDryPoor
74754,Rubus idaeus,OpenDryPoor
74755,Rubus idaeus,OpenDryPoor
74756,Rubus idaeus,OpenDryPoor
74757,Rubus idaeus,OpenDryPoor
74758,Rubus idaeus,OpenDryPoor
74759,Rubus idaeus,OpenDryPoor
74760,Rubus idaeus,OpenDryPoor
74761,Rubus idaeus,OpenDryPoor
74762,Rubus idaeus,OpenDryPoor
74763,Rubus idaeus,OpenDryPoor
74764,Rubus idaeus,OpenDryPoor
74765,Rubus idaeus,OpenDryPoor
74766,Rubus idaeus,OpenDryPoor
74767,Rubus idaeus,OpenDryPoor
74768,Rubus idaeus,OpenDryPoor
74769,Rubus idaeus,OpenDryPoor
74770,Rubus idaeus,OpenDryPoor
74771,Rubus idaeus,OpenDryPoor
74772,Rubus idaeus,OpenDryPoor
74773,Rubus idaeus,OpenDryPoor
74774,Rubus idaeus,OpenDryPoor
74775,Rubus idaeus,OpenDryPoor
74776,Rubus idaeus,OpenDryPoor
74777,Rubus idaeus,OpenDryPoor
74778,Rubus idaeus,OpenDryPoor
74779,Rubus idaeus,OpenDryPoor
74780,Rubus idaeus,OpenDryPoor
74781,Rubus idaeus,OpenDryPoor
74782,Rubus idaeus,OpenDryPoor
74783,Rubus idaeus,OpenDryPoor
74784,Rubus idaeus,OpenDryPoor
74785,Rubus idaeus,OpenDryPoor
74786,Rubus idaeus,OpenDryPoor
74787,Rubus idaeus,OpenDryPoor
74788,Rubus idaeus,OpenDryPoor
74789,Rubus idaeus,OpenDryPoor
74790,Rubus idaeus,OpenDryPoor
74791128061,Rubus idaeus,OpenDryPoor
128062,Rubus idaeus,OpenDryPoor
128063,Rubus idaeus,OpenDryPoor
128064,Rubus idaeus,OpenDryPoor
128065,Rubus idaeus,OpenDryPoor
128066,Rubus idaeus,OpenDryPoor
128067,Rubus idaeus,OpenDryPoor
128068,Rubus idaeus,OpenDryPoor
128069,Rubus idaeus,OpenDryPoor
128070,Rubus idaeus,OpenDryPoor
128071,Rubus idaeus,OpenDryPoor
128072,Rubus idaeus,OpenDryPoor
128073,Rubus idaeus,OpenDryPoor
128074,Rubus idaeus,OpenDryPoor
128075,Rubus idaeus,OpenDryPoor
128076,Rubus idaeus,OpenDryPoor
128077,Rubus idaeus,OpenDryPoor
128078,Rubus idaeus,OpenDryPoor
128079,Rubus idaeus,OpenDryPoor
128080,Rubus idaeus,OpenDryPoor
128081,Rubus idaeus,OpenDryPoor
128082,Rubus idaeus,OpenDryPoor
128083,Rubus idaeus,OpenDryPoor
128084,Rubus idaeus,OpenDryPoor
128085,Rubus idaeus,OpenDryPoor
128086,Rubus idaeus,OpenDryPoor
128087,Rubus idaeus,OpenDryPoor
128088,Rubus idaeus,OpenDryPoor
128089,Rubus idaeus,OpenDryPoor
128090,Rubus idaeus,OpenDryPoor
128091,Rubus idaeus,OpenDryPoor
128092,Rubus idaeus,OpenDryPoor
128093,Rubus idaeus,OpenDryPoor
128094,Rubus idaeus,OpenDryPoor
128095,Rubus idaeus,OpenDryPoor
128096,Rubus idaeus,OpenDryPoor
128097,Rubus idaeus,OpenDryPoor
128098,Rubus idaeus,OpenDryPoor
128099,Rubus idaeus,OpenDryPoor
128100,Rubus idaeus,OpenDryPoor
128101,Rubus idaeus,OpenDryPoor
128102,Rubus idaeus,OpenDryPoor
128103,Rubus idaeus,OpenDryPoor
128622,Rubus idaeus,OpenDryPoor
128623,Rubus idaeus,OpenDryPoor
128624,Rubus idaeus,OpenDryPoor
128625,Rubus idaeus,OpenDryPoor
128626,Rubus idaeus,OpenDryPoor
128627,Rubus idaeus,OpenDryPoor
128628,Rubus idaeus,OpenDryPoor
128629,Rubus idaeus,OpenDryPoor
128630,Rubus idaeus,OpenDryPoor
128631,Rubus idaeus,OpenDryPoor
128632,Rubus idaeus,OpenDryPoor
128633,Rubus idaeus,OpenDryPoor
128634,Rubus idaeus,OpenDryPoor
128635,Rubus idaeus,OpenDryPoor
128636,Rubus idaeus,OpenDryPoor
128637,Rubus idaeus,OpenDryPoor
128638,Rubus idaeus,OpenDryPoor
128639,Rubus idaeus,OpenDryPoor
128640,Rubus idaeus,OpenDryPoor
128641,Rubus idaeus,OpenDryPoor
128642,Rubus idaeus,OpenDryPoor
128643,Rubus idaeus,OpenDryPoor
128644,Rubus idaeus,OpenDryPoor
128645,Rubus idaeus,OpenDryPoor
128646,Rubus idaeus,OpenDryPoor
128647,Rubus idaeus,OpenDryPoor
128648,Rubus idaeus,OpenDryPoor
128649,Rubus idaeus,OpenDryPoor
128650,Rubus idaeus,OpenDryPoor
128651,Rubus idaeus,OpenDryPoor
128652,Rubus idaeus,OpenDryPoor
128653,Rubus idaeus,OpenDryPoor
128654,Rubus idaeus,OpenDryPoor
128655,Rubus idaeus,OpenDryPoor
128656,Rubus idaeus,OpenDryPoor
128657,Rubus idaeus,OpenDryPoor
128658,Rubus idaeus,OpenDryPoor
128659,Rubus idaeus,OpenDryPoor
128660,Rubus idaeus,OpenDryPoor
128661,Rubus idaeus,OpenDryPoor
128662,Rubus idaeus,OpenDryPoor
128663,Rubus idaeus,OpenDryPoor
128664,Rubus idaeus,OpenDryPoor
128665,Rubus idaeus,OpenDryPoor
128666,Rubus idaeus,OpenDryPoor
128667,Rubus idaeus,OpenDryPoor
128668,Rubus idaeus,OpenDryPoor
128669,Rubus idaeus,OpenDryPoor
128670,Rubus idaeus,OpenDryPoor
128671,Rubus idaeus,OpenDryPoor
128672,Rubus idaeus,OpenDryPoor
128673,Rubus idaeus,OpenDryPoor
128674,Rubus idaeus,OpenDryPoor
128675,Rubus idaeus,OpenDryPoor
128676,Rubus idaeus,OpenDryPoor
128677,Rubus idaeus,OpenDryPoor
128678,Rubus idaeus,OpenDryPoor
128679,Rubus idaeus,OpenDryPoor
128680,Rubus idaeus,OpenDryPoor
128681,Rubus idaeus,OpenDryPoor
128682,Rubus idaeus,OpenDryPoor
128683,Rubus idaeus,OpenDryPoor
128684,Rubus idaeus,OpenDryPoor
128685,Rubus idaeus,OpenDryPoor
128686,Rubus idaeus,OpenDryPoor
128687,Rubus idaeus,OpenDryPoor
128688,Rubus idaeus,OpenDryPoor
128689,Rubus idaeus,OpenDryPoor
128690,Rubus idaeus,OpenDryPoor
128691,Rubus idaeus,OpenDryPoor
128692,Rubus idaeus,OpenDryPoor
128693,Rubus idaeus,OpenDryPoor
128694,Rubus idaeus,OpenDryPoor
128695,Rubus idaeus,OpenDryPoor
128696,Rubus idaeus,OpenDryPoor
128697,Rubus idaeus,OpenDryPoor
128698,Rubus idaeus,OpenDryPoor
128699,Rubus idaeus,OpenDryPoor
128700,Rubus idaeus,OpenDryPoor
128701,Rubus idaeus,OpenDryPoor
128702,Rubus idaeus,OpenDryPoor
129221,Rubus idaeus,OpenDryPoor
129222,Rubus idaeus,OpenDryPoor
129223,Rubus idaeus,OpenDryPoor
129224,Rubus idaeus,OpenDryPoor
,Rubus idaeus,OpenDryPoor
74792,Rubus idaeus,OpenDryPoor
74793,Rubus idaeus,OpenDryPoor
74794,Rubus idaeus,OpenDryPoor
74795,Rubus idaeus,OpenDryPoor
74796,Rubus idaeus,OpenDryPoor
74797,Rubus idaeus,OpenDryPoor
74798,Rubus idaeus,OpenDryPoor
74799,Rubus idaeus,OpenDryPoor
74800,Rubus idaeus,OpenDryPoor
74801,Rubus idaeus,OpenDryPoor
74802,Rubus idaeus,OpenDryPoor
75332,Rubus idaeus,OpenDryPoor
75333,Rubus idaeus,OpenDryPoor
75334,Rubus idaeus,OpenDryPoor
75335,Rubus idaeus,OpenDryPoor
75336,Rubus idaeus,OpenDryPoor
75337,Rubus idaeus,OpenDryPoor
75338,Rubus idaeus,OpenDryPoor
75339,Rubus idaeus,OpenDryPoor
75340,Rubus idaeus,OpenDryPoor
75341,Rubus idaeus,OpenDryPoor
75342,Rubus idaeus,OpenDryPoor
75343,Rubus idaeus,OpenDryPoor
75344,Rubus idaeus,OpenDryPoor
75345,Rubus idaeus,OpenDryPoor
75346,Rubus idaeus,OpenDryPoor
75347,Rubus idaeus,OpenDryPoor
75348,Rubus idaeus,OpenDryPoor
75349,Rubus idaeus,OpenDryPoor
75350,Rubus idaeus,OpenDryPoor
75351,Rubus idaeus,OpenDryPoor
75352,Rubus idaeus,OpenDryPoor
75353,Rubus idaeus,OpenDryPoor
75354,Rubus idaeus,OpenDryPoor
75355,Rubus idaeus,OpenDryPoor
75356,Rubus idaeus,OpenDryPoor
75357,Rubus idaeus,OpenDryPoor
75358,Rubus idaeus,OpenDryPoor
75359,Rubus idaeus,OpenDryPoor
75360,Rubus idaeus,OpenDryPoor
75361,Rubus idaeus,OpenDryPoor
75362,Rubus idaeus,OpenDryPoor
75363,Rubus idaeus,OpenDryPoor
75364,Rubus idaeus,OpenDryPoor
75365,Rubus idaeus,OpenDryPoor
75366,Rubus idaeus,OpenDryPoor
75367,Rubus idaeus,OpenDryPoor
75368,Rubus idaeus,OpenDryPoor
75369,Rubus idaeus,OpenDryPoor
75370,Rubus idaeus,OpenDryPoor
75371,Rubus idaeus,OpenDryPoor
75372,Rubus idaeus,OpenDryPoor
75373,Rubus idaeus,OpenDryPoor
75374,Rubus idaeus,OpenDryPoor
75375,Rubus idaeus,OpenDryPoor
75376,Rubus idaeus,OpenDryPoor
75377,Rubus idaeus,OpenDryPoor
75378,Rubus idaeus,OpenDryPoor
75379,Rubus idaeus,OpenDryPoor
75380,Rubus idaeus,OpenDryPoor
75381,Rubus idaeus,OpenDryPoor
75382,Rubus idaeus,OpenDryPoor
75383,Rubus idaeus,OpenDryPoor
75384,Rubus idaeus,OpenDryPoor
75385,Rubus idaeus,OpenDryPoor
75386,Rubus idaeus,OpenDryPoor
75387,Rubus idaeus,OpenDryPoor
75388,Rubus idaeus,OpenDryPoor
75389,Rubus idaeus,OpenDryPoor
75390,Rubus idaeus,OpenDryPoor
75391,Rubus idaeus,OpenDryPoor
75392,Rubus idaeus,OpenDryPoor
75393,Rubus idaeus,OpenDryPoor
75394,Rubus idaeus,OpenDryPoor
75395,Rubus idaeus,OpenDryPoor
75396,Rubus idaeus,OpenDryPoor
75397,Rubus idaeus,OpenDryPoor
75398,Rubus idaeus,OpenDryPoor
75399,Rubus idaeus,OpenDryPoor
75400,Rubus idaeus,OpenDryPoor
75401,Rubus idaeus,OpenDryPoor
75931,Rubus idaeus,OpenDryPoor
75932,Rubus idaeus,OpenDryPoor
75933,Rubus idaeus,OpenDryPoor
75934,Rubus idaeus,OpenDryPoor
75935,Rubus idaeus,OpenDryPoor
75936,Rubus idaeus,OpenDryPoor
75937,Rubus idaeus,OpenDryPoor
75938,Rubus idaeus,OpenDryPoor
75939,Rubus idaeus,OpenDryPoor
75940,Rubus idaeus,OpenDryPoor
75941,Rubus idaeus,OpenDryPoor
75942,Rubus idaeus,OpenDryPoor
75943,Rubus idaeus,OpenDryPoor
75944,Rubus idaeus,OpenDryPoor
75945,Rubus idaeus,OpenDryPoor
75946,Rubus idaeus,OpenDryPoor
75947,Rubus idaeus,OpenDryPoor
75948,Rubus idaeus,OpenDryPoor
75949,Rubus idaeus,OpenDryPoor
75950,Rubus idaeus,OpenDryPoor
75951,Rubus idaeus,OpenDryPoor
75952,Rubus idaeus,OpenDryPoor
75953,Rubus idaeus,OpenDryPoor
75954,Rubus idaeus,OpenDryPoor
75955,Rubus idaeus,OpenDryPoor
75956,Rubus idaeus,OpenDryPoor
75957,Rubus idaeus,OpenDryPoor
75958,Rubus idaeus,OpenDryPoor
75959,Rubus idaeus,OpenDryPoor
75960,Rubus idaeus,OpenDryPoor
75961,Rubus idaeus,OpenDryPoor
75962,Rubus idaeus,OpenDryPoor
75963,Rubus idaeus,OpenDryPoor
75964,Rubus idaeus,OpenDryPoor
75965,Rubus idaeus,OpenDryPoor
75966,Rubus idaeus,OpenDryPoor
75967,Rubus idaeus,OpenDryPoor
75968,Rubus idaeus,OpenDryPoor
75969,Rubus idaeus,OpenDryPoor
75970,Rubus idaeus,OpenDryPoor
75971,Rubus idaeus,OpenDryPoor
75972,Rubus idaeus,OpenDryPoor
75973,Rubus idaeus,OpenDryPoor
75974,Rubus idaeus,OpenDryPoor
75975,Rubus idaeus,OpenDryPoor
75976,Rubus idaeus,OpenDryPoor
75977,Rubus idaeus,OpenDryPoor
75978,Rubus idaeus,OpenDryPoor
75979,Rubus idaeus,OpenDryPoor
75980,Rubus idaeus,OpenDryPoor
75981,Rub129225,Rubus idaeus,OpenDryPoor
129226,Rubus idaeus,OpenDryPoor
129227,Rubus idaeus,OpenDryPoor
129228,Rubus idaeus,OpenDryPoor
129229,Rubus idaeus,OpenDryPoor
129230,Rubus idaeus,OpenDryPoor
129231,Rubus idaeus,OpenDryPoor
129232,Rubus idaeus,OpenDryPoor
129233,Rubus idaeus,OpenDryPoor
129234,Rubus idaeus,OpenDryPoor
129235,Rubus idaeus,OpenDryPoor
129236,Rubus idaeus,OpenDryPoor
129237,Rubus idaeus,OpenDryPoor
129238,Rubus idaeus,OpenDryPoor
129239,Rubus idaeus,OpenDryPoor
129240,Rubus idaeus,OpenDryPoor
129241,Rubus idaeus,OpenDryPoor
129242,Rubus idaeus,OpenDryPoor
129243,Rubus idaeus,OpenDryPoor
129244,Rubus idaeus,OpenDryPoor
129245,Rubus idaeus,OpenDryPoor
129246,Rubus idaeus,OpenDryPoor
129247,Rubus idaeus,OpenDryPoor
129248,Rubus idaeus,OpenDryPoor
129249,Rubus idaeus,OpenDryPoor
129250,Rubus idaeus,OpenDryPoor
129251,Rubus idaeus,OpenDryPoor
129252,Rubus idaeus,OpenDryPoor
129253,Rubus idaeus,OpenDryPoor
129254,Rubus idaeus,OpenDryPoor
129255,Rubus idaeus,OpenDryPoor
129256,Rubus idaeus,OpenDryPoor
129257,Rubus idaeus,OpenDryPoor
129258,Rubus idaeus,OpenDryPoor
129259,Rubus idaeus,OpenDryPoor
129260,Rubus idaeus,OpenDryPoor
129261,Rubus idaeus,OpenDryPoor
129262,Rubus idaeus,OpenDryPoor
129263,Rubus idaeus,OpenDryPoor
129264,Rubus idaeus,OpenDryPoor
129265,Rubus idaeus,OpenDryPoor
129266,Rubus idaeus,OpenDryPoor
129267,Rubus idaeus,OpenDryPoor
129268,Rubus idaeus,OpenDryPoor
129269,Rubus idaeus,OpenDryPoor
129270,Rubus idaeus,OpenDryPoor
129271,Rubus idaeus,OpenDryPoor
129272,Rubus idaeus,OpenDryPoor
129273,Rubus idaeus,OpenDryPoor
129274,Rubus idaeus,OpenDryPoor
129275,Rubus idaeus,OpenDryPoor
129276,Rubus idaeus,OpenDryPoor
129277,Rubus idaeus,OpenDryPoor
129278,Rubus idaeus,OpenDryPoor
129279,Rubus idaeus,OpenDryPoor
129280,Rubus idaeus,OpenDryPoor
129281,Rubus idaeus,OpenDryPoor
129282,Rubus idaeus,OpenDryPoor
129283,Rubus idaeus,OpenDryPoor
129284,Rubus idaeus,OpenDryPoor
129285,Rubus idaeus,OpenDryPoor
129286,Rubus idaeus,OpenDryPoor
129287,Rubus idaeus,OpenDryPoor
129288,Rubus idaeus,OpenDryPoor
129289,Rubus idaeus,OpenDryPoor
129290,Rubus idaeus,OpenDryPoor
129291,Rubus idaeus,OpenDryPoor
129292,Rubus idaeus,OpenDryPoor
129293,Rubus idaeus,OpenDryPoor
129294,Rubus idaeus,OpenDryPoor
129295,Rubus idaeus,OpenDryPoor
129296,Rubus idaeus,OpenDryPoor
129297,Rubus idaeus,OpenDryPoor
129298,Rubus idaeus,OpenDryPoor
129299,Rubus idaeus,OpenDryPoor
129300,Rubus idaeus,OpenDryPoor
129301,Rubus idaeus,OpenDryPoor
129820,Rubus idaeus,OpenDryPoor
129821,Rubus idaeus,OpenDryPoor
129822,Rubus idaeus,OpenDryPoor
129823,Rubus idaeus,OpenDryPoor
129824,Rubus idaeus,OpenDryPoor
129825,Rubus idaeus,OpenDryPoor
129826,Rubus idaeus,OpenDryPoor
129827,Rubus idaeus,OpenDryPoor
129828,Rubus idaeus,OpenDryPoor
129829,Rubus idaeus,OpenDryPoor
129830,Rubus idaeus,OpenDryPoor
129831,Rubus idaeus,OpenDryPoor
129832,Rubus idaeus,OpenDryPoor
129833,Rubus idaeus,OpenDryPoor
129834,Rubus idaeus,OpenDryPoor
129835,Rubus idaeus,OpenDryPoor
129836,Rubus idaeus,OpenDryPoor
129837,Rubus idaeus,OpenDryPoor
129838,Rubus idaeus,OpenDryPoor
129839,Rubus idaeus,OpenDryPoor
129840,Rubus idaeus,OpenDryPoor
129841,Rubus idaeus,OpenDryPoor
129842,Rubus idaeus,OpenDryPoor
129843,Rubus idaeus,OpenDryPoor
129844,Rubus idaeus,OpenDryPoor
129845,Rubus idaeus,OpenDryPoor
129846,Rubus idaeus,OpenDryPoor
129847,Rubus idaeus,OpenDryPoor
129848,Rubus idaeus,OpenDryPoor
129849,Rubus idaeus,OpenDryPoor
129850,Rubus idaeus,OpenDryPoor
129851,Rubus idaeus,OpenDryPoor
129852,Rubus idaeus,OpenDryPoor
129853,Rubus idaeus,OpenDryPoor
129854,Rubus idaeus,OpenDryPoor
129855,Rubus idaeus,OpenDryPoor
129856,Rubus idaeus,OpenDryPoor
129857,Rubus idaeus,OpenDryPoor
129858,Rubus idaeus,OpenDryPoor
129859,Rubus idaeus,OpenDryPoor
129860,Rubus idaeus,OpenDryPoor
129861,Rubus idaeus,OpenDryPoor
129862,Rubus idaeus,OpenDryPoor
129863,Rubus idaeus,OpenDryPoor
129864,Rubus idaeus,OpenDryPoor
129865,Rubus idaeus,OpenDryPoor
129866,Rubus idaeus,OpenDryPoor
129867,Rubus idaeus,OpenDryPoor
129868,Rubus idaeus,OpenDryPoor
129869,Rubus idaeus,OpenDryPoor
129870,Rubus idaeus,OpenDryPoor
us idaeus,OpenDryPoor
75982,Rubus idaeus,OpenDryPoor
75983,Rubus idaeus,OpenDryPoor
75984,Rubus idaeus,OpenDryPoor
75985,Rubus idaeus,OpenDryPoor
75986,Rubus idaeus,OpenDryPoor
75987,Rubus idaeus,OpenDryPoor
75988,Rubus idaeus,OpenDryPoor
75989,Rubus idaeus,OpenDryPoor
75990,Rubus idaeus,OpenDryPoor
75991,Rubus idaeus,OpenDryPoor
75992,Rubus idaeus,OpenDryPoor
75993,Rubus idaeus,OpenDryPoor
75994,Rubus idaeus,OpenDryPoor
75995,Rubus idaeus,OpenDryPoor
75996,Rubus idaeus,OpenDryPoor
75997,Rubus idaeus,OpenDryPoor
75998,Rubus idaeus,OpenDryPoor
75999,Rubus idaeus,OpenDryPoor
76000,Rubus idaeus,OpenDryPoor
76001,Rubus idaeus,OpenDryPoor
76530,Rubus idaeus,OpenDryPoor
76531,Rubus idaeus,OpenDryPoor
76532,Rubus idaeus,OpenDryPoor
76533,Rubus idaeus,OpenDryPoor
76534,Rubus idaeus,OpenDryPoor
76535,Rubus idaeus,OpenDryPoor
76536,Rubus idaeus,OpenDryPoor
76537,Rubus idaeus,OpenDryPoor
76538,Rubus idaeus,OpenDryPoor
76539,Rubus idaeus,OpenDryPoor
76540,Rubus idaeus,OpenDryPoor
76541,Rubus idaeus,OpenDryPoor
76542,Rubus idaeus,OpenDryPoor
76543,Rubus idaeus,OpenDryPoor
76544,Rubus idaeus,OpenDryPoor
76545,Rubus idaeus,OpenDryPoor
76546,Rubus idaeus,OpenDryPoor
76547,Rubus idaeus,OpenDryPoor
76548,Rubus idaeus,OpenDryPoor
76549,Rubus idaeus,OpenDryPoor
76550,Rubus idaeus,OpenDryPoor
76551,Rubus idaeus,OpenDryPoor
76552,Rubus idaeus,OpenDryPoor
76553,Rubus idaeus,OpenDryPoor
76554,Rubus idaeus,OpenDryPoor
76555,Rubus idaeus,OpenDryPoor
76556,Rubus idaeus,OpenDryPoor
76557,Rubus idaeus,OpenDryPoor
76558,Rubus idaeus,OpenDryPoor
76559,Rubus idaeus,OpenDryPoor
76560,Rubus idaeus,OpenDryPoor
76561,Rubus idaeus,OpenDryPoor
76562,Rubus idaeus,OpenDryPoor
76563,Rubus idaeus,OpenDryPoor
76564,Rubus idaeus,OpenDryPoor
76565,Rubus idaeus,OpenDryPoor
76566,Rubus idaeus,OpenDryPoor
76567,Rubus idaeus,OpenDryPoor
76568,Rubus idaeus,OpenDryPoor
76569,Rubus idaeus,OpenDryPoor
76570,Rubus idaeus,OpenDryPoor
76571,Rubus idaeus,OpenDryPoor
76572,Rubus idaeus,OpenDryPoor
76573,Rubus idaeus,OpenDryPoor
76574,Rubus idaeus,OpenDryPoor
76575,Rubus idaeus,OpenDryPoor
76576,Rubus idaeus,OpenDryPoor
76577,Rubus idaeus,OpenDryPoor
76578,Rubus idaeus,OpenDryPoor
76579,Rubus idaeus,OpenDryPoor
76580,Rubus idaeus,OpenDryPoor
76581,Rubus idaeus,OpenDryPoor
76582,Rubus idaeus,OpenDryPoor
76583,Rubus idaeus,OpenDryPoor
76584,Rubus idaeus,OpenDryPoor
76585,Rubus idaeus,OpenDryPoor
76586,Rubus idaeus,OpenDryPoor
76587,Rubus idaeus,OpenDryPoor
76588,Rubus idaeus,OpenDryPoor
76589,Rubus idaeus,OpenDryPoor
76590,Rubus idaeus,OpenDryPoor
76591,Rubus idaeus,OpenDryPoor
76592,Rubus idaeus,OpenDryPoor
76593,Rubus idaeus,OpenDryPoor
76594,Rubus idaeus,OpenDryPoor
76595,Rubus idaeus,OpenDryPoor
76596,Rubus idaeus,OpenDryPoor
76597,Rubus idaeus,OpenDryPoor
76598,Rubus idaeus,OpenDryPoor
76599,Rubus idaeus,OpenDryPoor
76600,Rubus idaeus,OpenDryPoor
76601,Rubus idaeus,OpenDryPoor
77129,Rubus idaeus,OpenDryPoor
77130,Rubus idaeus,OpenDryPoor
77131,Rubus idaeus,OpenDryPoor
77132,Rubus idaeus,OpenDryPoor
77133,Rubus idaeus,OpenDryPoor
77134,Rubus idaeus,OpenDryPoor
77135,Rubus idaeus,OpenDryPoor
77136,Rubus idaeus,OpenDryPoor
77137,Rubus idaeus,OpenDryPoor
77138,Rubus idaeus,OpenDryPoor
77139,Rubus idaeus,OpenDryPoor
77140,Rubus idaeus,OpenDryPoor
77141,Rubus idaeus,OpenDryPoor
77142,Rubus idaeus,OpenDryPoor
77143,Rubus idaeus,OpenDryPoor
77144,Rubus idaeus,OpenDryPoor
77145,Rubus idaeus,OpenDryPoor
77146,Rubus idaeus,OpenDryPoor
77147,Rubus idaeus,OpenDryPoor
77148,Rubus idaeus,OpenDryPoor
77149,Rubus idaeus,OpenDryPoor
77150,Rubus idaeus,OpenDryPoor
77151,Rubus idaeus,OpenDryPoor
77152,Rubus idaeus,OpenDryPoor
77153,Rubus idaeus,OpenDryPoor
77154,Rubus idaeus,OpenDryPoor
77155,Rubus idaeus,OpenDryPoor
77156,Rubus idaeus,OpenDryPoor
77157,Rubus idaeus,OpenDryPoor
77158,Rubus idaeus,OpenDryPoor
77159,Rubus idaeus,OpenDryPoor
77160,Rubus idaeus,OpenDryPoor
77161,Rubus idaeus,OpenDryPoor
77162,Rubus idaeus,OpenDryPoor
77163,Rubus idaeus,OpenDryPoor
77164,Rubus idaeus,OpenDryPoor
77165,Rubus idaeus,OpenDryPoor
77166,Rubus idaeus,OpenDryPoor
77167,Rubus idaeus,OpenDryPoor
77168,Rubus i129871,Rubus idaeus,OpenDryPoor
129872,Rubus idaeus,OpenDryPoor
129873,Rubus idaeus,OpenDryPoor
129874,Rubus idaeus,OpenDryPoor
129875,Rubus idaeus,OpenDryPoor
129876,Rubus idaeus,OpenDryPoor
129877,Rubus idaeus,OpenDryPoor
129878,Rubus idaeus,OpenDryPoor
129879,Rubus idaeus,OpenDryPoor
129880,Rubus idaeus,OpenDryPoor
129881,Rubus idaeus,OpenDryPoor
129882,Rubus idaeus,OpenDryPoor
129883,Rubus idaeus,OpenDryPoor
129884,Rubus idaeus,OpenDryPoor
129885,Rubus idaeus,OpenDryPoor
129886,Rubus idaeus,OpenDryPoor
129887,Rubus idaeus,OpenDryPoor
129888,Rubus idaeus,OpenDryPoor
129889,Rubus idaeus,OpenDryPoor
129890,Rubus idaeus,OpenDryPoor
129891,Rubus idaeus,OpenDryPoor
129892,Rubus idaeus,OpenDryPoor
129893,Rubus idaeus,OpenDryPoor
129894,Rubus idaeus,OpenDryPoor
129895,Rubus idaeus,OpenDryPoor
129896,Rubus idaeus,OpenDryPoor
129897,Rubus idaeus,OpenDryPoor
129898,Rubus idaeus,OpenDryPoor
129899,Rubus idaeus,OpenDryPoor
129900,Rubus idaeus,OpenDryPoor
130419,Rubus idaeus,OpenDryPoor
130420,Rubus idaeus,OpenDryPoor
130421,Rubus idaeus,OpenDryPoor
130422,Rubus idaeus,OpenDryPoor
130423,Rubus idaeus,OpenDryPoor
130424,Rubus idaeus,OpenDryPoor
130425,Rubus idaeus,OpenDryPoor
130426,Rubus idaeus,OpenDryPoor
130427,Rubus idaeus,OpenDryPoor
130428,Rubus idaeus,OpenDryPoor
130429,Rubus idaeus,OpenDryPoor
130430,Rubus idaeus,OpenDryPoor
130431,Rubus idaeus,OpenDryPoor
130432,Rubus idaeus,OpenDryPoor
130433,Rubus idaeus,OpenDryPoor
130434,Rubus idaeus,OpenDryPoor
130435,Rubus idaeus,OpenDryPoor
130436,Rubus idaeus,OpenDryPoor
130437,Rubus idaeus,OpenDryPoor
130438,Rubus idaeus,OpenDryPoor
130439,Rubus idaeus,OpenDryPoor
130440,Rubus idaeus,OpenDryPoor
130441,Rubus idaeus,OpenDryPoor
130442,Rubus idaeus,OpenDryPoor
130443,Rubus idaeus,OpenDryPoor
130444,Rubus idaeus,OpenDryPoor
130445,Rubus idaeus,OpenDryPoor
130446,Rubus idaeus,OpenDryPoor
130447,Rubus idaeus,OpenDryPoor
130448,Rubus idaeus,OpenDryPoor
130449,Rubus idaeus,OpenDryPoor
130450,Rubus idaeus,OpenDryPoor
130451,Rubus idaeus,OpenDryPoor
130452,Rubus idaeus,OpenDryPoor
130453,Rubus idaeus,OpenDryPoor
130454,Rubus idaeus,OpenDryPoor
130455,Rubus idaeus,OpenDryPoor
130456,Rubus idaeus,OpenDryPoor
130457,Rubus idaeus,OpenDryPoor
130458,Rubus idaeus,OpenDryPoor
130459,Rubus idaeus,OpenDryPoor
130460,Rubus idaeus,OpenDryPoor
130461,Rubus idaeus,OpenDryPoor
130462,Rubus idaeus,OpenDryPoor
130463,Rubus idaeus,OpenDryPoor
130464,Rubus idaeus,OpenDryPoor
130465,Rubus idaeus,OpenDryPoor
130466,Rubus idaeus,OpenDryPoor
130467,Rubus idaeus,OpenDryPoor
130468,Rubus idaeus,OpenDryPoor
130469,Rubus idaeus,OpenDryPoor
130470,Rubus idaeus,OpenDryPoor
130471,Rubus idaeus,OpenDryPoor
130472,Rubus idaeus,OpenDryPoor
130473,Rubus idaeus,OpenDryPoor
130474,Rubus idaeus,OpenDryPoor
130475,Rubus idaeus,OpenDryPoor
130476,Rubus idaeus,OpenDryPoor
130477,Rubus idaeus,OpenDryPoor
130478,Rubus idaeus,OpenDryPoor
130479,Rubus idaeus,OpenDryPoor
130480,Rubus idaeus,OpenDryPoor
130481,Rubus idaeus,OpenDryPoor
130482,Rubus idaeus,OpenDryPoor
130483,Rubus idaeus,OpenDryPoor
130484,Rubus idaeus,OpenDryPoor
130485,Rubus idaeus,OpenDryPoor
130486,Rubus idaeus,OpenDryPoor
130487,Rubus idaeus,OpenDryPoor
130488,Rubus idaeus,OpenDryPoor
130489,Rubus idaeus,OpenDryPoor
130490,Rubus idaeus,OpenDryPoor
130491,Rubus idaeus,OpenDryPoor
130492,Rubus idaeus,OpenDryPoor
130493,Rubus idaeus,OpenDryPoor
130494,Rubus idaeus,OpenDryPoor
130495,Rubus idaeus,OpenDryPoor
130496,Rubus idaeus,OpenDryPoor
130497,Rubus idaeus,OpenDryPoor
130498,Rubus idaeus,OpenDryPoor
130499,Rubus idaeus,OpenDryPoor
131018,Rubus idaeus,OpenDryPoor
131019,Rubus idaeus,OpenDryPoor
131020,Rubus idaeus,OpenDryPoor
131021,Rubus idaeus,OpenDryPoor
131022,Rubus idaeus,OpenDryPoor
131023,Rubus idaeus,OpenDryPoor
131024,Rubus idaeus,OpenDryPoor
131025,Rubus idaeus,OpenDryPoor
131026,Rubus idaeus,OpenDryPoor
131027,Rubus idaeus,OpenDryPoor
131028,Rubus idaeus,OpenDryPoor
131029,Rubus idaeus,OpenDryPoor
131030,Rubus idaeus,OpenDryPoor
131031,Rubus idaeus,OpenDryPoor
131032,Rubus idaeus,OpenDryPoor
131033,Rubus idaeus,OpenDryPoor
131034,Rubus idaeus,OpenDryPoor
daeus,OpenDryPoor
77169,Rubus idaeus,OpenDryPoor
77170,Rubus idaeus,OpenDryPoor
77171,Rubus idaeus,OpenDryPoor
77172,Rubus idaeus,OpenDryPoor
77173,Rubus idaeus,OpenDryPoor
77174,Rubus idaeus,OpenDryPoor
77175,Rubus idaeus,OpenDryPoor
77176,Rubus idaeus,OpenDryPoor
77177,Rubus idaeus,OpenDryPoor
77178,Rubus idaeus,OpenDryPoor
77179,Rubus idaeus,OpenDryPoor
77180,Rubus idaeus,OpenDryPoor
77181,Rubus idaeus,OpenDryPoor
77182,Rubus idaeus,OpenDryPoor
77183,Rubus idaeus,OpenDryPoor
77184,Rubus idaeus,OpenDryPoor
77185,Rubus idaeus,OpenDryPoor
77186,Rubus idaeus,OpenDryPoor
77187,Rubus idaeus,OpenDryPoor
77188,Rubus idaeus,OpenDryPoor
77189,Rubus idaeus,OpenDryPoor
77190,Rubus idaeus,OpenDryPoor
77191,Rubus idaeus,OpenDryPoor
77192,Rubus idaeus,OpenDryPoor
77193,Rubus idaeus,OpenDryPoor
77194,Rubus idaeus,OpenDryPoor
77195,Rubus idaeus,OpenDryPoor
77196,Rubus idaeus,OpenDryPoor
77197,Rubus idaeus,OpenDryPoor
77198,Rubus idaeus,OpenDryPoor
77199,Rubus idaeus,OpenDryPoor
77200,Rubus idaeus,OpenDryPoor
77728,Rubus idaeus,OpenDryPoor
77729,Rubus idaeus,OpenDryPoor
77730,Rubus idaeus,OpenDryPoor
77731,Rubus idaeus,OpenDryPoor
77732,Rubus idaeus,OpenDryPoor
77733,Rubus idaeus,OpenDryPoor
77734,Rubus idaeus,OpenDryPoor
77735,Rubus idaeus,OpenDryPoor
77736,Rubus idaeus,OpenDryPoor
77737,Rubus idaeus,OpenDryPoor
77738,Rubus idaeus,OpenDryPoor
77739,Rubus idaeus,OpenDryPoor
77740,Rubus idaeus,OpenDryPoor
77741,Rubus idaeus,OpenDryPoor
77742,Rubus idaeus,OpenDryPoor
77743,Rubus idaeus,OpenDryPoor
77744,Rubus idaeus,OpenDryPoor
77745,Rubus idaeus,OpenDryPoor
77746,Rubus idaeus,OpenDryPoor
77747,Rubus idaeus,OpenDryPoor
77748,Rubus idaeus,OpenDryPoor
77749,Rubus idaeus,OpenDryPoor
77750,Rubus idaeus,OpenDryPoor
77751,Rubus idaeus,OpenDryPoor
77752,Rubus idaeus,OpenDryPoor
77753,Rubus idaeus,OpenDryPoor
77754,Rubus idaeus,OpenDryPoor
77755,Rubus idaeus,OpenDryPoor
77756,Rubus idaeus,OpenDryPoor
77757,Rubus idaeus,OpenDryPoor
77758,Rubus idaeus,OpenDryPoor
77759,Rubus idaeus,OpenDryPoor
77760,Rubus idaeus,OpenDryPoor
77761,Rubus idaeus,OpenDryPoor
77762,Rubus idaeus,OpenDryPoor
77763,Rubus idaeus,OpenDryPoor
77764,Rubus idaeus,OpenDryPoor
77765,Rubus idaeus,OpenDryPoor
77766,Rubus idaeus,OpenDryPoor
77767,Rubus idaeus,OpenDryPoor
77768,Rubus idaeus,OpenDryPoor
77769,Rubus idaeus,OpenDryPoor
77770,Rubus idaeus,OpenDryPoor
77771,Rubus idaeus,OpenDryPoor
77772,Rubus idaeus,OpenDryPoor
77773,Rubus idaeus,OpenDryPoor
77774,Rubus idaeus,OpenDryPoor
77775,Rubus idaeus,OpenDryPoor
77776,Rubus idaeus,OpenDryPoor
77777,Rubus idaeus,OpenDryPoor
77778,Rubus idaeus,OpenDryPoor
77779,Rubus idaeus,OpenDryPoor
77780,Rubus idaeus,OpenDryPoor
77781,Rubus idaeus,OpenDryPoor
77782,Rubus idaeus,OpenDryPoor
77783,Rubus idaeus,OpenDryPoor
77784,Rubus idaeus,OpenDryPoor
77785,Rubus idaeus,OpenDryPoor
77786,Rubus idaeus,OpenDryPoor
77787,Rubus idaeus,OpenDryPoor
77788,Rubus idaeus,OpenDryPoor
77789,Rubus idaeus,OpenDryPoor
77790,Rubus idaeus,OpenDryPoor
77791,Rubus idaeus,OpenDryPoor
77792,Rubus idaeus,OpenDryPoor
77793,Rubus idaeus,OpenDryPoor
77794,Rubus idaeus,OpenDryPoor
77795,Rubus idaeus,OpenDryPoor
77796,Rubus idaeus,OpenDryPoor
77797,Rubus idaeus,OpenDryPoor
77798,Rubus idaeus,OpenDryPoor
77799,Rubus idaeus,OpenDryPoor
77800,Rubus idaeus,OpenDryPoor
78327,Rubus idaeus,OpenDryPoor
78328,Rubus idaeus,OpenDryPoor
78329,Rubus idaeus,OpenDryPoor
78330,Rubus idaeus,OpenDryPoor
78331,Rubus idaeus,OpenDryPoor
78332,Rubus idaeus,OpenDryPoor
78333,Rubus idaeus,OpenDryPoor
78334,Rubus idaeus,OpenDryPoor
78335,Rubus idaeus,OpenDryPoor
78336,Rubus idaeus,OpenDryPoor
78337,Rubus idaeus,OpenDryPoor
78338,Rubus idaeus,OpenDryPoor
78339,Rubus idaeus,OpenDryPoor
78340,Rubus idaeus,OpenDryPoor
78341,Rubus idaeus,OpenDryPoor
78342,Rubus idaeus,OpenDryPoor
78343,Rubus idaeus,OpenDryPoor
78344,Rubus idaeus,OpenDryPoor
78345,Rubus idaeus,OpenDryPoor
78346,Rubus idaeus,OpenDryPoor
78347,Rubus idaeus,OpenDryPoor
78348,Rubus idaeus,OpenDryPoor
78349,Rubus idaeus,OpenDryPoor
78350,Rubus idaeus,OpenDryPoor
78351,Rubus idaeus,OpenDryPoor
78352,Rubus idaeus,OpenDryPoor
78353,Rubus idaeu131035,Rubus idaeus,OpenDryPoor
131036,Rubus idaeus,OpenDryPoor
131037,Rubus idaeus,OpenDryPoor
131038,Rubus idaeus,OpenDryPoor
131039,Rubus idaeus,OpenDryPoor
131040,Rubus idaeus,OpenDryPoor
131041,Rubus idaeus,OpenDryPoor
131042,Rubus idaeus,OpenDryPoor
131043,Rubus idaeus,OpenDryPoor
131044,Rubus idaeus,OpenDryPoor
131045,Rubus idaeus,OpenDryPoor
131046,Rubus idaeus,OpenDryPoor
131047,Rubus idaeus,OpenDryPoor
131048,Rubus idaeus,OpenDryPoor
131049,Rubus idaeus,OpenDryPoor
131050,Rubus idaeus,OpenDryPoor
131051,Rubus idaeus,OpenDryPoor
131052,Rubus idaeus,OpenDryPoor
131053,Rubus idaeus,OpenDryPoor
131054,Rubus idaeus,OpenDryPoor
131055,Rubus idaeus,OpenDryPoor
131056,Rubus idaeus,OpenDryPoor
131057,Rubus idaeus,OpenDryPoor
131058,Rubus idaeus,OpenDryPoor
131059,Rubus idaeus,OpenDryPoor
131060,Rubus idaeus,OpenDryPoor
131061,Rubus idaeus,OpenDryPoor
131062,Rubus idaeus,OpenDryPoor
131063,Rubus idaeus,OpenDryPoor
131064,Rubus idaeus,OpenDryPoor
131065,Rubus idaeus,OpenDryPoor
131066,Rubus idaeus,OpenDryPoor
131067,Rubus idaeus,OpenDryPoor
131068,Rubus idaeus,OpenDryPoor
131069,Rubus idaeus,OpenDryPoor
131070,Rubus idaeus,OpenDryPoor
131071,Rubus idaeus,OpenDryPoor
131072,Rubus idaeus,OpenDryPoor
131073,Rubus idaeus,OpenDryPoor
131074,Rubus idaeus,OpenDryPoor
131075,Rubus idaeus,OpenDryPoor
131076,Rubus idaeus,OpenDryPoor
131077,Rubus idaeus,OpenDryPoor
131078,Rubus idaeus,OpenDryPoor
131079,Rubus idaeus,OpenDryPoor
131080,Rubus idaeus,OpenDryPoor
131081,Rubus idaeus,OpenDryPoor
131082,Rubus idaeus,OpenDryPoor
131083,Rubus idaeus,OpenDryPoor
131084,Rubus idaeus,OpenDryPoor
131085,Rubus idaeus,OpenDryPoor
131086,Rubus idaeus,OpenDryPoor
131087,Rubus idaeus,OpenDryPoor
131088,Rubus idaeus,OpenDryPoor
131089,Rubus idaeus,OpenDryPoor
131090,Rubus idaeus,OpenDryPoor
131091,Rubus idaeus,OpenDryPoor
131092,Rubus idaeus,OpenDryPoor
131093,Rubus idaeus,OpenDryPoor
131094,Rubus idaeus,OpenDryPoor
131095,Rubus idaeus,OpenDryPoor
131096,Rubus idaeus,OpenDryPoor
131097,Rubus idaeus,OpenDryPoor
131098,Rubus idaeus,OpenDryPoor
131617,Rubus idaeus,OpenDryPoor
131618,Rubus idaeus,OpenDryPoor
131619,Rubus idaeus,OpenDryPoor
131620,Rubus idaeus,OpenDryPoor
131621,Rubus idaeus,OpenDryPoor
131622,Rubus idaeus,OpenDryPoor
131623,Rubus idaeus,OpenDryPoor
131624,Rubus idaeus,OpenDryPoor
131625,Rubus idaeus,OpenDryPoor
131626,Rubus idaeus,OpenDryPoor
131627,Rubus idaeus,OpenDryPoor
131628,Rubus idaeus,OpenDryPoor
131629,Rubus idaeus,OpenDryPoor
131630,Rubus idaeus,OpenDryPoor
131631,Rubus idaeus,OpenDryPoor
131632,Rubus idaeus,OpenDryPoor
131633,Rubus idaeus,OpenDryPoor
131634,Rubus idaeus,OpenDryPoor
131635,Rubus idaeus,OpenDryPoor
131636,Rubus idaeus,OpenDryPoor
131637,Rubus idaeus,OpenDryPoor
131638,Rubus idaeus,OpenDryPoor
131639,Rubus idaeus,OpenDryPoor
131640,Rubus idaeus,OpenDryPoor
131641,Rubus idaeus,OpenDryPoor
131642,Rubus idaeus,OpenDryPoor
131643,Rubus idaeus,OpenDryPoor
131644,Rubus idaeus,OpenDryPoor
131645,Rubus idaeus,OpenDryPoor
131646,Rubus idaeus,OpenDryPoor
131647,Rubus idaeus,OpenDryPoor
131648,Rubus idaeus,OpenDryPoor
131649,Rubus idaeus,OpenDryPoor
131650,Rubus idaeus,OpenDryPoor
131651,Rubus idaeus,OpenDryPoor
131652,Rubus idaeus,OpenDryPoor
131653,Rubus idaeus,OpenDryPoor
131654,Rubus idaeus,OpenDryPoor
131655,Rubus idaeus,OpenDryPoor
131656,Rubus idaeus,OpenDryPoor
131657,Rubus idaeus,OpenDryPoor
131658,Rubus idaeus,OpenDryPoor
131659,Rubus idaeus,OpenDryPoor
131660,Rubus idaeus,OpenDryPoor
131661,Rubus idaeus,OpenDryPoor
131662,Rubus idaeus,OpenDryPoor
131663,Rubus idaeus,OpenDryPoor
131664,Rubus idaeus,OpenDryPoor
131665,Rubus idaeus,OpenDryPoor
131666,Rubus idaeus,OpenDryPoor
131667,Rubus idaeus,OpenDryPoor
131668,Rubus idaeus,OpenDryPoor
131669,Rubus idaeus,OpenDryPoor
131670,Rubus idaeus,OpenDryPoor
131671,Rubus idaeus,OpenDryPoor
131672,Rubus idaeus,OpenDryPoor
131673,Rubus idaeus,OpenDryPoor
131674,Rubus idaeus,OpenDryPoor
131675,Rubus idaeus,OpenDryPoor
131676,Rubus idaeus,OpenDryPoor
131677,Rubus idaeus,OpenDryPoor
131678,Rubus idaeus,OpenDryPoor
131679,Rubus idaeus,OpenDryPoor
131680,Rubus idaeus,OpenDryPoor
131681,Rubus idaeus,OpenDryPoor
131682,Rubus idaeus,OpenDryPoor
131683,Rubus idaeus,OpenDryPoor
131684,Rubus idaeus,OpenDryPoor
131685,Rubus idaeus,OpenDryPoor
131686,Rubus idaeus,OpenDryPoor
131687,Rubus idaeus,OpenDryPoor
131688,Rubus idaeus,OpenDryPoor
131689,Rubus idaeus,OpenDryPoor
131690,Rubus idaeus,OpenDryPoor
131691,Rubus idaeus,OpenDryPoor
131692,Rubus idaeus,OpenDryPoor
131693,Rubus idaeus,OpenDryPoor
131694,Rubus idaeus,OpenDryPoor
131695,Rubus idaeus,OpenDryPoor
131696,Rubus idaeus,OpenDryPoor
131697,Rubus idaeus,OpenDryPoor
132216,Rubus idaeus,OpenDryPoor
132217,Rubus idaeus,OpenDryPoor
132218,Rubus idaeus,OpenDryPoor
132219,Rubus idaeus,OpenDryPoor
132220,Rubus idaeus,OpenDryPoor
132221,Rubus idaeus,OpenDryPoor
132222,Rubus idaeus,OpenDryPoor
132223,Rubus idaeus,OpenDryPoor
132224,Rubus idaeus,OpenDryPoor
132225,Rubus idaeus,OpenDryPoor
132226,Rubus idaeus,OpenDryPoor
132227,Rubus idaeus,OpenDryPoor
132228,Rubus idaeus,OpenDryPoor
132229,Rubus idaeus,OpenDryPoor
132230,Rubus idaeus,OpenDryPoor
132231,Rubus idaeus,OpenDryPoor
132232,Rubus idaeus,OpenDryPoor
132233,Rubus idaeus,OpenDryPoor
132234,Rubus idaeus,OpenDryPoor
132235,Rubus idaeus,OpenDryPoor
132236,Rubus idaeus,OpenDryPoor
132237,Rubus idaeus,OpenDryPoor
132238,Rubus idaeus,OpenDryPoor
132239,Rubus idaeus,OpenDryPoor
132240,Rubus idaeus,OpenDryPoor
132241,Rubus idaeus,OpenDryPoor
132242,Rubus idaeus,OpenDryPoor
132243,Rubus idaeus,OpenDryPoor
132244,Rubus idaeus,OpenDryPoor
132245,Rubus idaeus,OpenDryPoor
132246,Rubus idaeus,OpenDryPoor
132247,Rubus idaeus,OpenDryPoor
132248,Rubus idaeus,OpenDryPoor
132249,Rubus idaeus,OpenDryPoor
132250,Rubus idaeus,OpenDryPoor
132251,Rubus idaeus,OpenDryPoor
132252,Rubus idaeus,OpenDryPoor
132253,Rubus idaeus,OpenDryPoor
132254,Rubus idaeus,OpenDryPoor
132255,Rubus idaeus,OpenDryPoor
132256,Rubus idaeus,OpenDryPoor
132257,Rubus idaeus,OpenDryPoor
132258,Rubus idaeus,OpenDryPoor
132259,Rubus idaeus,OpenDryPoor
132260,Rubus idaeus,OpenDryPoor
132261,Rubus idaeus,OpenDryPoor
132262,Rubus idaeus,OpenDryPoor
132263,Rubus idaeus,OpenDryPoor
132264,Rubus idaeus,OpenDryPoor
132265,Rubus idaeus,OpenDryPoor
132266,Rubus idaeus,OpenDryPoor
132267,Rubus idaeus,OpenDryPoor
132268,Rubus idaeus,OpenDryPoor
132269,Rubus idaeus,OpenDryPoor
132270,Rubus idaeus,OpenDryPoor
132271,Rubus idaeus,OpenDryPoor
132272,Rubus idaeus,OpenDryPoor
132273,Rubus idaeus,OpenDryPoor
132274,Rubus idaeus,OpenDryPoor
132275,Rubus idaeus,OpenDryPoor
132276,Rubus idaeus,OpenDryPoor
132277,Rubus idaeus,OpenDryPoor
132278,Rubus idaeus,OpenDryPoor
132279,Rubus idaeus,OpenDryPoor
132280,Rubus idaeus,OpenDryPoor
132281,Rubus idaeus,OpenDryPoor
132282,Rubus idaeus,OpenDryPoor
132283,Rubus idaeus,OpenDryPoor
132284,Rubus idaeus,OpenDryPoor
132285,Rubus idaeus,OpenDryPoor
132286,Rubus idaeus,OpenDryPoor
132287,Rubus idaeus,OpenDryPoor
132288,Rubus idaeus,OpenDryPoor
132289,Rubus idaeus,OpenDryPoor
132290,Rubus idaeus,OpenDryPoor
132291,Rubus idaeus,OpenDryPoor
132292,Rubus idaeus,OpenDryPoor
132293,Rubus idaeus,OpenDryPoor
132294,Rubus idaeus,OpenDryPoor
132295,Rubus idaeus,OpenDryPoor
132296,Rubus idaeus,OpenDryPoor
132815,Rubus idaeus,OpenDryPoor
132816,Rubus idaeus,OpenDryPoor
132817,Rubus idaeus,OpenDryPoor
132818,Rubus idaeus,OpenDryPoor
132819,Rubus idaeus,OpenDryPoor
132820,Rubus idaeus,OpenDryPoor
132821,Rubus idaeus,OpenDryPoor
132822,Rubus idaeus,OpenDryPoor
132823,Rubus idaeus,OpenDryPoor
132824,Rubus idaeus,OpenDryPoor
132825,Rubus idaeus,OpenDryPoor
132826,Rubus idaeus,OpenDryPoor
132827,Rubus idaeus,OpenDryPoor
132828,Rubus idaeus,OpenDryPoor
132829,Rubus idaeus,OpenDryPoor
132830,Rubus idaeus,OpenDryPoor
132831,Rubus idaeus,OpenDryPoor
132832,Rubus idaeus,OpenDryPoor
132833,Rubus idaeus,OpenDryPoor
132834,Rubus idaeus,OpenDryPoor
132835,Rubus idaeus,OpenDryPoor
132836,Rubus idaeus,OpenDryPoor
132837,Rubus idaeus,OpenDryPoor
132838,Rubus idaeus,OpenDryPoor
132839,Rubus idaeus,OpenDryPoor
132840,Rubus idaeus,OpenDryPoor
132841,Rubus idaeus,OpenDryPoor
132842,Rubus idaeus,OpenDryPoor
132843,Rubus idaeus,OpenDryPoor
132844,Rubus idaeus,OpenDryPoor
s,OpenDryPoor
78354,Rubus idaeus,OpenDryPoor
78355,Rubus idaeus,OpenDryPoor
78356,Rubus idaeus,OpenDryPoor
78357,Rubus idaeus,OpenDryPoor
78358,Rubus idaeus,OpenDryPoor
78359,Rubus idaeus,OpenDryPoor
78360,Rubus idaeus,OpenDryPoor
78361,Rubus idaeus,OpenDryPoor
78362,Rubus idaeus,OpenDryPoor
78363,Rubus idaeus,OpenDryPoor
78364,Rubus idaeus,OpenDryPoor
78365,Rubus idaeus,OpenDryPoor
78366,Rubus idaeus,OpenDryPoor
78367,Rubus idaeus,OpenDryPoor
78368,Rubus idaeus,OpenDryPoor
78369,Rubus idaeus,OpenDryPoor
78370,Rubus idaeus,OpenDryPoor
78371,Rubus idaeus,OpenDryPoor
78372,Rubus idaeus,OpenDryPoor
78373,Rubus idaeus,OpenDryPoor
78374,Rubus idaeus,OpenDryPoor
78375,Rubus idaeus,OpenDryPoor
78376,Rubus idaeus,OpenDryPoor
78377,Rubus idaeus,OpenDryPoor
78378,Rubus idaeus,OpenDryPoor
78379,Rubus idaeus,OpenDryPoor
78380,Rubus idaeus,OpenDryPoor
78381,Rubus idaeus,OpenDryPoor
78382,Rubus idaeus,OpenDryPoor
78383,Rubus idaeus,OpenDryPoor
78384,Rubus idaeus,OpenDryPoor
78385,Rubus idaeus,OpenDryPoor
78386,Rubus idaeus,OpenDryPoor
78387,Rubus idaeus,OpenDryPoor
78388,Rubus idaeus,OpenDryPoor
78389,Rubus idaeus,OpenDryPoor
78390,Rubus idaeus,OpenDryPoor
78391,Rubus idaeus,OpenDryPoor
78392,Rubus idaeus,OpenDryPoor
78393,Rubus idaeus,OpenDryPoor
78394,Rubus idaeus,OpenDryPoor
78395,Rubus idaeus,OpenDryPoor
78396,Rubus idaeus,OpenDryPoor
78397,Rubus idaeus,OpenDryPoor
78398,Rubus idaeus,OpenDryPoor
78399,Rubus idaeus,OpenDryPoor
78926,Rubus idaeus,OpenDryPoor
78927,Rubus idaeus,OpenDryPoor
78928,Rubus idaeus,OpenDryPoor
78929,Rubus idaeus,OpenDryPoor
78930,Rubus idaeus,OpenDryPoor
78931,Rubus idaeus,OpenDryPoor
78932,Rubus idaeus,OpenDryPoor
78933,Rubus idaeus,OpenDryPoor
78934,Rubus idaeus,OpenDryPoor
78935,Rubus idaeus,OpenDryPoor
78936,Rubus idaeus,OpenDryPoor
78937,Rubus idaeus,OpenDryPoor
78938,Rubus idaeus,OpenDryPoor
78939,Rubus idaeus,OpenDryPoor
78940,Rubus idaeus,OpenDryPoor
78941,Rubus idaeus,OpenDryPoor
78942,Rubus idaeus,OpenDryPoor
78943,Rubus idaeus,OpenDryPoor
78944,Rubus idaeus,OpenDryPoor
78945,Rubus idaeus,OpenDryPoor
78946,Rubus idaeus,OpenDryPoor
78947,Rubus idaeus,OpenDryPoor
78948,Rubus idaeus,OpenDryPoor
78949,Rubus idaeus,OpenDryPoor
78950,Rubus idaeus,OpenDryPoor
78951,Rubus idaeus,OpenDryPoor
78952,Rubus idaeus,OpenDryPoor
78953,Rubus idaeus,OpenDryPoor
78954,Rubus idaeus,OpenDryPoor
78955,Rubus idaeus,OpenDryPoor
78956,Rubus idaeus,OpenDryPoor
78957,Rubus idaeus,OpenDryPoor
78958,Rubus idaeus,OpenDryPoor
78959,Rubus idaeus,OpenDryPoor
78960,Rubus idaeus,OpenDryPoor
78961,Rubus idaeus,OpenDryPoor
78962,Rubus idaeus,OpenDryPoor
78963,Rubus idaeus,OpenDryPoor
78964,Rubus idaeus,OpenDryPoor
78965,Rubus idaeus,OpenDryPoor
78966,Rubus idaeus,OpenDryPoor
78967,Rubus idaeus,OpenDryPoor
78968,Rubus idaeus,OpenDryPoor
78969,Rubus idaeus,OpenDryPoor
78970,Rubus idaeus,OpenDryPoor
78971,Rubus idaeus,OpenDryPoor
78972,Rubus idaeus,OpenDryPoor
78973,Rubus idaeus,OpenDryPoor
78974,Rubus idaeus,OpenDryPoor
78975,Rubus idaeus,OpenDryPoor
78976,Rubus idaeus,OpenDryPoor
78977,Rubus idaeus,OpenDryPoor
78978,Rubus idaeus,OpenDryPoor
78979,Rubus idaeus,OpenDryPoor
78980,Rubus idaeus,OpenDryPoor
78981,Rubus idaeus,OpenDryPoor
78982,Rubus idaeus,OpenDryPoor
78983,Rubus idaeus,OpenDryPoor
78984,Rubus idaeus,OpenDryPoor
78985,Rubus idaeus,OpenDryPoor
78986,Rubus idaeus,OpenDryPoor
78987,Rubus idaeus,OpenDryPoor
78988,Rubus idaeus,OpenDryPoor
78989,Rubus idaeus,OpenDryPoor
78990,Rubus idaeus,OpenDryPoor
78991,Rubus idaeus,OpenDryPoor
78992,Rubus idaeus,OpenDryPoor
78993,Rubus idaeus,OpenDryPoor
78994,Rubus idaeus,OpenDryPoor
78995,Rubus idaeus,OpenDryPoor
78996,Rubus idaeus,OpenDryPoor
78997,Rubus idaeus,OpenDryPoor
78998,Rubus idaeus,OpenDryPoor
78999,Rubus idaeus,OpenDryPoor
79525,Rubus idaeus,OpenDryPoor
79526,Rubus idaeus,OpenDryPoor
79527,Rubus idaeus,OpenDryPoor
79528,Rubus idaeus,OpenDryPoor
79529,Rubus idaeus,OpenDryPoor
79530,Rubus idaeus,OpenDryPoor
79531,Rubus idaeus,OpenDryPoor
79532,Rubus idaeus,OpenDryPoor
79533,Rubus idaeus,OpenDryPoor
79534,Rubus idaeus,OpenDryPoor
79535,Rubus idaeus,OpenDryPoor
79536,Rubus idaeus,Op54271,Rubus idaeus,OpenDryPoor
54272,Rubus idaeus,OpenDryPoor
54273,Rubus idaeus,OpenDryPoor
54274,Rubus idaeus,OpenDryPoor
54275,Rubus idaeus,OpenDryPoor
54276,Rubus idaeus,OpenDryPoor
54277,Rubus idaeus,OpenDryPoor
54278,Rubus idaeus,OpenDryPoor
54279,Rubus idaeus,OpenDryPoor
54280,Rubus idaeus,OpenDryPoor
54866,Rubus idaeus,OpenDryPoor
54867,Rubus idaeus,OpenDryPoor
54868,Rubus idaeus,OpenDryPoor
54869,Rubus idaeus,OpenDryPoor
54870,Rubus idaeus,OpenDryPoor
54871,Rubus idaeus,OpenDryPoor
54872,Rubus idaeus,OpenDryPoor
54873,Rubus idaeus,OpenDryPoor
54874,Rubus idaeus,OpenDryPoor
54875,Rubus idaeus,OpenDryPoor
54876,Rubus idaeus,OpenDryPoor
54877,Rubus idaeus,OpenDryPoor
54878,Rubus idaeus,OpenDryPoor
54879,Rubus idaeus,OpenDryPoor
54880,Rubus idaeus,OpenDryPoor
54881,Rubus idaeus,OpenDryPoor
54882,Rubus idaeus,OpenDryPoor
54883,Rubus idaeus,OpenDryPoor
54884,Rubus idaeus,OpenDryPoor
54885,Rubus idaeus,OpenDryPoor
55465,Rubus idaeus,OpenDryPoor
55466,Rubus idaeus,OpenDryPoor
55467,Rubus idaeus,OpenDryPoor
55468,Rubus idaeus,OpenDryPoor
55469,Rubus idaeus,OpenDryPoor
55470,Rubus idaeus,OpenDryPoor
55471,Rubus idaeus,OpenDryPoor
55472,Rubus idaeus,OpenDryPoor
55473,Rubus idaeus,OpenDryPoor
55474,Rubus idaeus,OpenDryPoor
55475,Rubus idaeus,OpenDryPoor
55476,Rubus idaeus,OpenDryPoor
55477,Rubus idaeus,OpenDryPoor
55478,Rubus idaeus,OpenDryPoor
55479,Rubus idaeus,OpenDryPoor
55480,Rubus idaeus,OpenDryPoor
55481,Rubus idaeus,OpenDryPoor
55482,Rubus idaeus,OpenDryPoor
55483,Rubus idaeus,OpenDryPoor
55484,Rubus idaeus,OpenDryPoor
56064,Rubus idaeus,OpenDryPoor
56065,Rubus idaeus,OpenDryPoor
56066,Rubus idaeus,OpenDryPoor
56067,Rubus idaeus,OpenDryPoor
56068,Rubus idaeus,OpenDryPoor
56069,Rubus idaeus,OpenDryPoor
56070,Rubus idaeus,OpenDryPoor
56071,Rubus idaeus,OpenDryPoor
56072,Rubus idaeus,OpenDryPoor
56073,Rubus idaeus,OpenDryPoor
56074,Rubus idaeus,OpenDryPoor
56075,Rubus idaeus,OpenDryPoor
56076,Rubus idaeus,OpenDryPoor
56077,Rubus idaeus,OpenDryPoor
56078,Rubus idaeus,OpenDryPoor
56079,Rubus idaeus,OpenDryPoor
56080,Rubus idaeus,OpenDryPoor
56081,Rubus idaeus,OpenDryPoor
56082,Rubus idaeus,OpenDryPoor
56083,Rubus idaeus,OpenDryPoor
56663,Rubus idaeus,OpenDryPoor
56664,Rubus idaeus,OpenDryPoor
56665,Rubus idaeus,OpenDryPoor
56666,Rubus idaeus,OpenDryPoor
56667,Rubus idaeus,OpenDryPoor
56668,Rubus idaeus,OpenDryPoor
56669,Rubus idaeus,OpenDryPoor
56670,Rubus idaeus,OpenDryPoor
56671,Rubus idaeus,OpenDryPoor
56672,Rubus idaeus,OpenDryPoor
56673,Rubus idaeus,OpenDryPoor
56674,Rubus idaeus,OpenDryPoor
56675,Rubus idaeus,OpenDryPoor
56676,Rubus idaeus,OpenDryPoor
56677,Rubus idaeus,OpenDryPoor
56678,Rubus idaeus,OpenDryPoor
56679,Rubus idaeus,OpenDryPoor
56680,Rubus idaeus,OpenDryPoor
56681,Rubus idaeus,OpenDryPoor
56682,Rubus idaeus,OpenDryPoor
57262,Rubus idaeus,OpenDryPoor
57263,Rubus idaeus,OpenDryPoor
57264,Rubus idaeus,OpenDryPoor
57265,Rubus idaeus,OpenDryPoor
57266,Rubus idaeus,OpenDryPoor
57267,Rubus idaeus,OpenDryPoor
57268,Rubus idaeus,OpenDryPoor
57269,Rubus idaeus,OpenDryPoor
57270,Rubus idaeus,OpenDryPoor
57271,Rubus idaeus,OpenDryPoor
57272,Rubus idaeus,OpenDryPoor
57273,Rubus idaeus,OpenDryPoor
57274,Rubus idaeus,OpenDryPoor
57275,Rubus idaeus,OpenDryPoor
57276,Rubus idaeus,OpenDryPoor
57277,Rubus idaeus,OpenDryPoor
57278,Rubus idaeus,OpenDryPoor
57279,Rubus idaeus,OpenDryPoor
57280,Rubus idaeus,OpenDryPoor
57281,Rubus idaeus,OpenDryPoor
57861,Rubus idaeus,OpenDryPoor
57862,Rubus idaeus,OpenDryPoor
57863,Rubus idaeus,OpenDryPoor
57864,Rubus idaeus,OpenDryPoor
57865,Rubus idaeus,OpenDryPoor
57866,Rubus idaeus,OpenDryPoor
57867,Rubus idaeus,OpenDryPoor
57868,Rubus idaeus,OpenDryPoor
57869,Rubus idaeus,OpenDryPoor
57870,Rubus idaeus,OpenDryPoor
57871,Rubus idaeus,OpenDryPoor
57872,Rubus idaeus,OpenDryPoor
57873,Rubus idaeus,OpenDryPoor
57874,Rubus idaeus,OpenDryPoor
57875,Rubus idaeus,OpenDryPoor
57876,Rubus idaeus,OpenDryPoor
57877,Rubus idaeus,OpenDryPoor
57878,Rubus idaeus,OpenDryPoor
57879,Rubus idaeus,OpenDryPoor
57880,Rubus idaeus,OpenDryPoor
58460,Rubus idaeus,OpenDryPoor
58461,Rubus idaeus,OpenDryPoor
58462,Rubus idaeus,OpenDryPoor
58463,Rubus idaeus,OpenDryPoor
58464,Rubus idaeus,OpenDryPoor
58465,Rubus idaeus,OpenDryPoor
58466,Rubus idaeus,OpenDryPoor
58467,Rubus idaeus,OpenDryPoor
58468,Rubus idaeus,OpenDryPoor
58469,Rubus idaeus,OpenDryPoor
58470,Rubus idaeus,OpenDryPoor
58471,Rubus idaeus,OpenDryPoor
58472,Rubus idaeus,OpenDryPoor
58473,Rubus idaeus,OpenDryPoor
58474,Rubus idaeus,OpenDryPoor
58475,Rubus idaeus,OpenDryPoor
58476,Rubus idaeus,OpenDryPoor
58477,Rubus idaeus,OpenDryPoor
58478,Rubus idaeus,OpenDryPoor
58479,Rubus idaeus,OpenDryPoor
59059,Rubus idaeus,OpenDryPoor
59060,Rubus idaeus,OpenDryPoor
59061,Rubus idaeus,OpenDryPoor
59062,Rubus idaeus,OpenDryPoor
59063,Rubus idaeus,OpenDryPoor
59064,Rubus idaeus,OpenDryPoor
59065,Rubus idaeus,OpenDryPoor
59066,Rubus idaeus,OpenDryPoor
59067,Rubus idaeus,OpenDryPoor
59068,Rubus idaeus,OpenDryPoor
59069,Rubus idaeus,OpenDryPoor
59070,Rubus idaeus,OpenDryPoor
59071,Rubus idaeus,OpenDryPoor
59072,Rubus idaeus,OpenDryPoor
59073,Rubus idaeus,OpenDryPoor
59074,Rubus idaeus,OpenDryPoor
59075,Rubus idaeus,OpenDryPoor
59076,Rubus idaeus,OpenDryPoor
59077,Rubus idaeus,OpenDryPoor
59078,Rubus idaeus,OpenDryPoor
59658,Rubus idaeus,OpenDryPoor
59659,Rubus idaeus,OpenDryPoor
59660,Rubus idaeus,OpenDryPoor
59661,Rubus idaeus,OpenDryPoor
59662,Rubus idaeus,OpenDryPoor
59663,Rubus idaeus,OpenDryPoor
59664,Rubus idaeus,OpenDryPoor
59665,Rubus idaeus,OpenDryPoor
59666,Rubus idaeus,OpenDryPoor
59667,Rubus idaeus,OpenDryPoor
59668,Rubus idaeus,OpenDryPoor
59669,Rubus idaeus,OpenDryPoor
59670,Rubus idaeus,OpenDryPoor
59671,Rubus idaeus,OpenDryPoor
59672,Rubus idaeus,OpenDryPoor
59673,Rubus idaeus,OpenDryPoor
59674,Rubus idaeus,OpenDryPoor
59675,Rubus idaeus,OpenDryPoor
59676,Rubus idaeus,OpenDryPoor
59677,Rubus idaeus,OpenDryPoor
60257,Rubus idaeus,OpenDryPoor
60258,Rubus idaeus,OpenDryPoor
60259,Rubus idaeus,OpenDryPoor
60260,Rubus idaeus,OpenDryPoor
60261,Rubus idaeus,OpenDryPoor
60262,Rubus idaeus,OpenDryPoor
60263,Rubus idaeus,OpenDryPoor
60264,Rubus idaeus,OpenDryPoor
60265,Rubus idaeus,OpenDryPoor
60266,Rubus idaeus,OpenDryPoor
60267,Rubus idaeus,OpenDryPoor
60268,Rubus idaeus,OpenDryPoor
60269,Rubus idaeus,OpenDryPoor
60270,Rubus idaeus,OpenDryPoor
60271,Rubus idaeus,OpenDryPoor
60272,Rubus idaeus,OpenDryPoor
60273,Rubus idaeus,OpenDryPoor
60274,Rubus idaeus,OpenDryPoor
60275,Rubus idaeus,OpenDryPoor
60276,Rubus idaeus,OpenDryPoor
60856,Rubus idaeus,OpenDryPoor
60857,Rubus idaeus,OpenDryPoor
60858,Rubus idaeus,OpenDryPoor
60859,Rubus idaeus,OpenDryPoor
60860,Rubus idaeus,OpenDryPoor
60861,Rubus idaeus,OpenDryPoor
60862,Rubus idaeus,OpenDryPoor
60863,Rubus idaeus,OpenDryPoor
60864,Rubus idaeus,OpenDryPoor
60865,Rubus idaeus,OpenDryPoor
60866,Rubus idaeus,OpenDryPoor
60867,Rubus idaeus,OpenDryPoor
60868,Rubus idaeus,OpenDryPoor
60869,Rubus idaeus,OpenDryPoor
60870,Rubus idaeus,OpenDryPoor
60871,Rubus idaeus,OpenDryPoor
60872,Rubus idaeus,OpenDryPoor
60873,Rubus idaeus,OpenDryPoor
60874,Rubus idaeus,OpenDryPoor
60875,Rubus idaeus,OpenDryPoor
61455,Rubus idaeus,OpenDryPoor
61456,Rubus idaeus,OpenDryPoor
61457,Rubus idaeus,OpenDryPoor
61458,Rubus idaeus,OpenDryPoor
61459,Rubus idaeus,OpenDryPoor
61460,Rubus idaeus,OpenDryPoor
61461,Rubus idaeus,OpenDryPoor
61462,Rubus idaeus,OpenDryPoor
61463,Rubus idaeus,OpenDryPoor
61464,Rubus idaeus,OpenDryPoor
61465,Rubus idaeus,OpenDryPoor
61466,Rubus idaeus,OpenDryPoor
61467,Rubus idaeus,OpenDryPoor
61468,Rubus idaeus,OpenDryPoor
61469,Rubus idaeus,OpenDryPoor
61470,Rubus idaeus,OpenDryPoor
61471,Rubus idaeus,OpenDryPoor
61472,Rubus idaeus,OpenDryPoor
61473,Rubus idaeus,OpenDryPoor
61474,Rubus idaeus,OpenDryPoor
62054,Rubus idaeus,OpenDryPoor
62055,Rubus idaeus,OpenDryPoor
62056,Rubus idaeus,OpenDryPoor
62057,Rubus idaeus,OpenDryPoor
62058,Rubus idaeus,OpenDryPoor
62059,Rubus idaeus,OpenDryPoor
62060,Rubus idaeus,OpenDryPoor
62061,Rubus idaeus,OpenDryPoor
62062,Rubus idaeus,OpenDryPoor
62063,Rubus idaeus,OpenDryPoor
62064,Rubus idaeus,OpenDryPoor
62065,Rubus idaeus,OpenDryPoor
62066,Rubus idaeus,OpenDryPoor
62067,Rubus idaeus,OpenDryPoor
62068,Ru132845,Rubus idaeus,OpenDryPoor
132846,Rubus idaeus,OpenDryPoor
132847,Rubus idaeus,OpenDryPoor
132848,Rubus idaeus,OpenDryPoor
132849,Rubus idaeus,OpenDryPoor
132850,Rubus idaeus,OpenDryPoor
132851,Rubus idaeus,OpenDryPoor
132852,Rubus idaeus,OpenDryPoor
132853,Rubus idaeus,OpenDryPoor
132854,Rubus idaeus,OpenDryPoor
132855,Rubus idaeus,OpenDryPoor
132856,Rubus idaeus,OpenDryPoor
132857,Rubus idaeus,OpenDryPoor
132858,Rubus idaeus,OpenDryPoor
132859,Rubus idaeus,OpenDryPoor
132860,Rubus idaeus,OpenDryPoor
132861,Rubus idaeus,OpenDryPoor
132862,Rubus idaeus,OpenDryPoor
132863,Rubus idaeus,OpenDryPoor
132864,Rubus idaeus,OpenDryPoor
132865,Rubus idaeus,OpenDryPoor
132866,Rubus idaeus,OpenDryPoor
132867,Rubus idaeus,OpenDryPoor
132868,Rubus idaeus,OpenDryPoor
132869,Rubus idaeus,OpenDryPoor
132870,Rubus idaeus,OpenDryPoor
132871,Rubus idaeus,OpenDryPoor
132872,Rubus idaeus,OpenDryPoor
132873,Rubus idaeus,OpenDryPoor
132874,Rubus idaeus,OpenDryPoor
132875,Rubus idaeus,OpenDryPoor
132876,Rubus idaeus,OpenDryPoor
132877,Rubus idaeus,OpenDryPoor
132878,Rubus idaeus,OpenDryPoor
132879,Rubus idaeus,OpenDryPoor
132880,Rubus idaeus,OpenDryPoor
132881,Rubus idaeus,OpenDryPoor
132882,Rubus idaeus,OpenDryPoor
132883,Rubus idaeus,OpenDryPoor
132884,Rubus idaeus,OpenDryPoor
132885,Rubus idaeus,OpenDryPoor
132886,Rubus idaeus,OpenDryPoor
132887,Rubus idaeus,OpenDryPoor
132888,Rubus idaeus,OpenDryPoor
132889,Rubus idaeus,OpenDryPoor
132890,Rubus idaeus,OpenDryPoor
132891,Rubus idaeus,OpenDryPoor
132892,Rubus idaeus,OpenDryPoor
132893,Rubus idaeus,OpenDryPoor
132894,Rubus idaeus,OpenDryPoor
132895,Rubus idaeus,OpenDryPoor
133414,Rubus idaeus,OpenDryPoor
133415,Rubus idaeus,OpenDryPoor
133416,Rubus idaeus,OpenDryPoor
133417,Rubus idaeus,OpenDryPoor
133418,Rubus idaeus,OpenDryPoor
133419,Rubus idaeus,OpenDryPoor
133420,Rubus idaeus,OpenDryPoor
133421,Rubus idaeus,OpenDryPoor
133422,Rubus idaeus,OpenDryPoor
133423,Rubus idaeus,OpenDryPoor
133424,Rubus idaeus,OpenDryPoor
133425,Rubus idaeus,OpenDryPoor
133426,Rubus idaeus,OpenDryPoor
133427,Rubus idaeus,OpenDryPoor
133428,Rubus idaeus,OpenDryPoor
133429,Rubus idaeus,OpenDryPoor
133430,Rubus idaeus,OpenDryPoor
133431,Rubus idaeus,OpenDryPoor
133432,Rubus idaeus,OpenDryPoor
133433,Rubus idaeus,OpenDryPoor
133434,Rubus idaeus,OpenDryPoor
133435,Rubus idaeus,OpenDryPoor
133436,Rubus idaeus,OpenDryPoor
133437,Rubus idaeus,OpenDryPoor
133438,Rubus idaeus,OpenDryPoor
133439,Rubus idaeus,OpenDryPoor
133440,Rubus idaeus,OpenDryPoor
133441,Rubus idaeus,OpenDryPoor
133442,Rubus idaeus,OpenDryPoor
133443,Rubus idaeus,OpenDryPoor
133444,Rubus idaeus,OpenDryPoor
133445,Rubus idaeus,OpenDryPoor
133446,Rubus idaeus,OpenDryPoor
133447,Rubus idaeus,OpenDryPoor
133448,Rubus idaeus,OpenDryPoor
133449,Rubus idaeus,OpenDryPoor
133450,Rubus idaeus,OpenDryPoor
133451,Rubus idaeus,OpenDryPoor
133452,Rubus idaeus,OpenDryPoor
133453,Rubus idaeus,OpenDryPoor
133454,Rubus idaeus,OpenDryPoor
133455,Rubus idaeus,OpenDryPoor
133456,Rubus idaeus,OpenDryPoor
133457,Rubus idaeus,OpenDryPoor
133458,Rubus idaeus,OpenDryPoor
133459,Rubus idaeus,OpenDryPoor
133460,Rubus idaeus,OpenDryPoor
133461,Rubus idaeus,OpenDryPoor
133462,Rubus idaeus,OpenDryPoor
133463,Rubus idaeus,OpenDryPoor
133464,Rubus idaeus,OpenDryPoor
133465,Rubus idaeus,OpenDryPoor
133466,Rubus idaeus,OpenDryPoor
133467,Rubus idaeus,OpenDryPoor
133468,Rubus idaeus,OpenDryPoor
133469,Rubus idaeus,OpenDryPoor
133470,Rubus idaeus,OpenDryPoor
133471,Rubus idaeus,OpenDryPoor
133472,Rubus idaeus,OpenDryPoor
133473,Rubus idaeus,OpenDryPoor
133474,Rubus idaeus,OpenDryPoor
133475,Rubus idaeus,OpenDryPoor
133476,Rubus idaeus,OpenDryPoor
133477,Rubus idaeus,OpenDryPoor
133478,Rubus idaeus,OpenDryPoor
133479,Rubus idaeus,OpenDryPoor
133480,Rubus idaeus,OpenDryPoor
133481,Rubus idaeus,OpenDryPoor
133482,Rubus idaeus,OpenDryPoor
133483,Rubus idaeus,OpenDryPoor
133484,Rubus idaeus,OpenDryPoor
133485,Rubus idaeus,OpenDryPoor
133486,Rubus idaeus,OpenDryPoor
133487,Rubus idaeus,OpenDryPoor
133488,Rubus idaeus,OpenDryPoor
133489,Rubus idaeus,OpenDryPoor
133490,Rubus idaeus,OpenDryPoor
enDryPoor
79537,Rubus idaeus,OpenDryPoor
79538,Rubus idaeus,OpenDryPoor
79539,Rubus idaeus,OpenDryPoor
79540,Rubus idaeus,OpenDryPoor
79541,Rubus idaeus,OpenDryPoor
79542,Rubus idaeus,OpenDryPoor
79543,Rubus idaeus,OpenDryPoor
79544,Rubus idaeus,OpenDryPoor
79545,Rubus idaeus,OpenDryPoor
79546,Rubus idaeus,OpenDryPoor
79547,Rubus idaeus,OpenDryPoor
79548,Rubus idaeus,OpenDryPoor
79549,Rubus idaeus,OpenDryPoor
79550,Rubus idaeus,OpenDryPoor
79551,Rubus idaeus,OpenDryPoor
79552,Rubus idaeus,OpenDryPoor
79553,Rubus idaeus,OpenDryPoor
79554,Rubus idaeus,OpenDryPoor
79555,Rubus idaeus,OpenDryPoor
79556,Rubus idaeus,OpenDryPoor
79557,Rubus idaeus,OpenDryPoor
79558,Rubus idaeus,OpenDryPoor
79559,Rubus idaeus,OpenDryPoor
79560,Rubus idaeus,OpenDryPoor
79561,Rubus idaeus,OpenDryPoor
79562,Rubus idaeus,OpenDryPoor
79563,Rubus idaeus,OpenDryPoor
79564,Rubus idaeus,OpenDryPoor
79565,Rubus idaeus,OpenDryPoor
79566,Rubus idaeus,OpenDryPoor
79567,Rubus idaeus,OpenDryPoor
79568,Rubus idaeus,OpenDryPoor
79569,Rubus idaeus,OpenDryPoor
79570,Rubus idaeus,OpenDryPoor
79571,Rubus idaeus,OpenDryPoor
79572,Rubus idaeus,OpenDryPoor
79573,Rubus idaeus,OpenDryPoor
79574,Rubus idaeus,OpenDryPoor
79575,Rubus idaeus,OpenDryPoor
79576,Rubus idaeus,OpenDryPoor
79577,Rubus idaeus,OpenDryPoor
79578,Rubus idaeus,OpenDryPoor
79579,Rubus idaeus,OpenDryPoor
79580,Rubus idaeus,OpenDryPoor
79581,Rubus idaeus,OpenDryPoor
79582,Rubus idaeus,OpenDryPoor
79583,Rubus idaeus,OpenDryPoor
79584,Rubus idaeus,OpenDryPoor
79585,Rubus idaeus,OpenDryPoor
79586,Rubus idaeus,OpenDryPoor
79587,Rubus idaeus,OpenDryPoor
79588,Rubus idaeus,OpenDryPoor
79589,Rubus idaeus,OpenDryPoor
79590,Rubus idaeus,OpenDryPoor
79591,Rubus idaeus,OpenDryPoor
79592,Rubus idaeus,OpenDryPoor
79593,Rubus idaeus,OpenDryPoor
79594,Rubus idaeus,OpenDryPoor
79595,Rubus idaeus,OpenDryPoor
79596,Rubus idaeus,OpenDryPoor
79597,Rubus idaeus,OpenDryPoor
79598,Rubus idaeus,OpenDryPoor
80124,Rubus idaeus,OpenDryPoor
80125,Rubus idaeus,OpenDryPoor
80126,Rubus idaeus,OpenDryPoor
80127,Rubus idaeus,OpenDryPoor
80128,Rubus idaeus,OpenDryPoor
80129,Rubus idaeus,OpenDryPoor
80130,Rubus idaeus,OpenDryPoor
80131,Rubus idaeus,OpenDryPoor
80132,Rubus idaeus,OpenDryPoor
80133,Rubus idaeus,OpenDryPoor
80134,Rubus idaeus,OpenDryPoor
80135,Rubus idaeus,OpenDryPoor
80136,Rubus idaeus,OpenDryPoor
80137,Rubus idaeus,OpenDryPoor
80138,Rubus idaeus,OpenDryPoor
80139,Rubus idaeus,OpenDryPoor
80140,Rubus idaeus,OpenDryPoor
80141,Rubus idaeus,OpenDryPoor
80142,Rubus idaeus,OpenDryPoor
80143,Rubus idaeus,OpenDryPoor
80144,Rubus idaeus,OpenDryPoor
80145,Rubus idaeus,OpenDryPoor
80146,Rubus idaeus,OpenDryPoor
80147,Rubus idaeus,OpenDryPoor
80148,Rubus idaeus,OpenDryPoor
80149,Rubus idaeus,OpenDryPoor
80150,Rubus idaeus,OpenDryPoor
80151,Rubus idaeus,OpenDryPoor
80152,Rubus idaeus,OpenDryPoor
80153,Rubus idaeus,OpenDryPoor
80154,Rubus idaeus,OpenDryPoor
80155,Rubus idaeus,OpenDryPoor
80156,Rubus idaeus,OpenDryPoor
80157,Rubus idaeus,OpenDryPoor
80158,Rubus idaeus,OpenDryPoor
80159,Rubus idaeus,OpenDryPoor
80160,Rubus idaeus,OpenDryPoor
80161,Rubus idaeus,OpenDryPoor
80162,Rubus idaeus,OpenDryPoor
80163,Rubus idaeus,OpenDryPoor
80164,Rubus idaeus,OpenDryPoor
80165,Rubus idaeus,OpenDryPoor
80166,Rubus idaeus,OpenDryPoor
80167,Rubus idaeus,OpenDryPoor
80168,Rubus idaeus,OpenDryPoor
80169,Rubus idaeus,OpenDryPoor
80170,Rubus idaeus,OpenDryPoor
80171,Rubus idaeus,OpenDryPoor
80172,Rubus idaeus,OpenDryPoor
80173,Rubus idaeus,OpenDryPoor
80174,Rubus idaeus,OpenDryPoor
80175,Rubus idaeus,OpenDryPoor
80176,Rubus idaeus,OpenDryPoor
80177,Rubus idaeus,OpenDryPoor
80178,Rubus idaeus,OpenDryPoor
80179,Rubus idaeus,OpenDryPoor
80180,Rubus idaeus,OpenDryPoor
80181,Rubus idaeus,OpenDryPoor
80182,Rubus idaeus,OpenDryPoor
80183,Rubus idaeus,OpenDryPoor
80184,Rubus idaeus,OpenDryPoor
80185,Rubus idaeus,OpenDryPoor
80186,Rubus idaeus,OpenDryPoor
80187,Rubus idaeus,OpenDryPoor
80188,Rubus idaeus,OpenDryPoor
80189,Rubus idaeus,OpenDryPoor
80190,Rubus idaeus,OpenDryPoor
80191,Rubus idaeus,OpenDryPoor
80192,Rubus idaeus,OpenDryPoor
80193,Rubus idaeus,OpenDryPoor
80194,Rubus idaeus,OpenDryPoor
80195,Rubus idaeus,OpenDryPoor
80196,Rubus idaeus,OpenDryPoor
80197,Rubus idaeus,OpenDryPoor
80198,Rubus idaeus,OpenDryPoor
80723,Rubus idaeus,OpenDryPoor
80724,Rubus idaeus,OpenDryPoor
80725,Rubus idaeus,OpenDryPoor
80726,Rubus idaeus,OpenDryPoor
80727,Rubus idaeus,OpenDryPoor
80728,Rubus idaeus,OpenDryPoor
80729,Rubus idaeus,OpenDryPoor
80730,Rubus idaeus,OpenDryPoor
80731,Rubus idaeus,OpenDryPoor
80732,Rubus idaeus,OpenDryPoor
80733,Rubus idaeus,OpenDryPoor
80734,Rubus idaeus,OpenDryPoor
80735,Rubus idaeus,OpenDryPoor
80736,Rubus idaeus,OpenDryPoor
80737,Rubus idaeus,OpenDryPoor
80738,Rubus idaeus,OpenDryPoor
80739,Rubus idaeus,OpenDryPoor
80740,Rubus idaeus,OpenDryPoor
80741,Rubus idaeus,OpenDryPoor
80742,Rubus idaeus,OpenDryPoor
80743,Rubus idaeus,OpenDryPoor
80744,Rubus idaeus,OpenDryPoor
80745,Rubus idaeus,OpenDryPoor
80746,Rubus idaeus,OpenDryPoor
80747,Rubus idaeus,OpenDryPoor
80748,Rubus idaeus,OpenDryPoor
80749,Rubus idaeus,OpenDryPoor
80750,Rubus idaeus,OpenDryPoor
80751,Rubus idaeus,OpenDryPoor
80752,Rubus idaeus,OpenDryPoor
80753,Rubus idaeus,OpenDryPoor
80754,Rubus idaeus,OpenDryPoor
80755,Rubus idaeus,OpenDryPoor
80756,Rubus idaeus,OpenDryPoor
80757,Rubus idaeus,OpenDryPoor
80758,Rubus idaeus,OpenDryPoor
80759,Rubus idaeus,OpenDryPoor
80760,Rubus idaeus,OpenDryPoor
80761,Rubus idaeus,OpenDryPoor
80762,Rubus idaeus,OpenDryPoor
80763,Rubus idaeus,OpenDryPoor
80764,Rubus idaeus,OpenDryPoor
80765,Rubus idaeus,OpenDryPoor
80766,Rubus idaeus,OpenDryPoor
80767,Rubus idaeus,OpenDryPoor
80768,Rubus idaeus,OpenDryPoor
80769,Rubus idaeus,OpenDryPoor
80770,Rubus idaeus,OpenDryPoor
80771,Rubus idaeus,OpenDryPoor
80772,Rubus idaeus,OpenDryPoor
80773,Rubus idaeus,OpenDryPoor
80774,Rubus idaeus,OpenDryPoor
80775,Rubus idaeus,OpenDryPoor
80776,Rubus idaeus,OpenDryPoor
80777,Rubus idaeus,OpenDryPoor
80778,Rubus idaeus,OpenDryPoor
80779,Rubus idaeus,OpenDryPoor
80780,Rubus idaeus,OpenDryPoor
80781,Rubus idaeus,OpenDryPoor
80782,Rubus idaeus,OpenDryPoor
80783,Rubus idaeus,OpenDryPoor
80784,Rubus idaeus,OpenDryPoor
80785,Rubus idaeus,OpenDryPoor
80786,Rubus idaeus,OpenDryPoor
80787,Rubus idaeus,OpenDryPoor
80788,Rubus idaeus,OpenDryPoor
80789,Rubus idaeus,OpenDryPoor
80790,Rubus idaeus,OpenDryPoor
80791,Rubus idaeus,OpenDryPoor
80792,Rubus idaeus,OpenDryPoor
80793,Rubus idaeus,OpenDryPoor
80794,Rubus idaeus,OpenDryPoor
80795,Rubus idaeus,OpenDryPoor
80796,Rubus idaeus,OpenDryPoor
80797,Rubus idaeus,OpenDryPoor
81322,Rubus idaeus,OpenDryPoor
81323,Rubus idaeus,OpenDryPoor
81324,Rubus idaeus,OpenDryPoor
81325,Rubus idaeus,OpenDryPoor
81326,Rubus idaeus,OpenDryPoor
81327,Rubus idaeus,OpenDryPoor
81328,Rubus idaeus,OpenDryPoor
81329,Rubus idaeus,OpenDryPoor
81330,Rubus idaeus,OpenDryPoor
81331,Rubus idaeus,OpenDryPoor
81332,Rubus idaeus,OpenDryPoor
81333,Rubus idaeus,OpenDryPoor
81334,Rubus idaeus,OpenDryPoor
81335,Rubus idaeus,OpenDryPoor
81336,Rubus idaeus,OpenDryPoor
81337,Rubus idaeus,OpenDryPoor
81338,Rubus idaeus,OpenDryPoor
81339,Rubus idaeus,OpenDryPoor
81340,Rubus idaeus,OpenDryPoor
81341,Rubus idaeus,OpenDryPoor
81342,Rubus idaeus,OpenDryPoor
81343,Rubus idaeus,OpenDryPoor
81344,Rubus idaeus,OpenDryPoor
81345,Rubus idaeus,OpenDryPoor
81346,Rubus idaeus,OpenDryPoor
81347,Rubus idaeus,OpenDryPoor
81348,Rubus idaeus,OpenDryPoor
81349,Rubus idaeus,OpenDryPoor
81350,Rubus idaeus,OpenDryPoor
81351,Rubus idaeus,OpenDryPoor
81352,Rubus idaeus,OpenDryPoor
81353,Rubus idaeus,OpenDryPoor
81354,Rubus idaeus,OpenDryPoor
81355,Rubus idaeus,OpenDryPoor
81356,Rubus idaeus,OpenDryPoor
81357,Rubus idaeus,OpenDryPoor
81358,Rubus idaeus,OpenDryPoor
81359,Rubus idaeus,OpenDryPoor
81360,Rubus idaeus,OpenDryPoor
81361,Rubus idaeus,OpenDryPoor
81362,Rubus idaeus,OpenDryPoor
81363,Rubus idaeus,OpenDryPoor
81364,Rubus idaeus,OpenDryPoor
81365,Rubus idaeus,OpenDryPoor
81366,Rubus idaeus,OpenDryPoor
81367,Rubus idaeus,OpenDryPoor
81368,Rubus idaeus,OpenDryPoor
81369,Rubus idaeus,OpenDryPoor
81370,Rubus idaeus,OpenDryPoor
81371,Rubus idaeus,OpenDryPoor
81372,Rubus idaeus,OpenDryPoor
81373,Rubus idaeus,OpenDryPoo133491,Rubus idaeus,OpenDryPoor
133492,Rubus idaeus,OpenDryPoor
133493,Rubus idaeus,OpenDryPoor
133494,Rubus idaeus,OpenDryPoor
134013,Rubus idaeus,OpenDryPoor
134014,Rubus idaeus,OpenDryPoor
134015,Rubus idaeus,OpenDryPoor
134016,Rubus idaeus,OpenDryPoor
134017,Rubus idaeus,OpenDryPoor
134018,Rubus idaeus,OpenDryPoor
134019,Rubus idaeus,OpenDryPoor
134020,Rubus idaeus,OpenDryPoor
134021,Rubus idaeus,OpenDryPoor
134022,Rubus idaeus,OpenDryPoor
134023,Rubus idaeus,OpenDryPoor
134024,Rubus idaeus,OpenDryPoor
134025,Rubus idaeus,OpenDryPoor
134026,Rubus idaeus,OpenDryPoor
134027,Rubus idaeus,OpenDryPoor
134028,Rubus idaeus,OpenDryPoor
134029,Rubus idaeus,OpenDryPoor
134030,Rubus idaeus,OpenDryPoor
134031,Rubus idaeus,OpenDryPoor
134032,Rubus idaeus,OpenDryPoor
134033,Rubus idaeus,OpenDryPoor
134034,Rubus idaeus,OpenDryPoor
134035,Rubus idaeus,OpenDryPoor
134036,Rubus idaeus,OpenDryPoor
134037,Rubus idaeus,OpenDryPoor
134038,Rubus idaeus,OpenDryPoor
134039,Rubus idaeus,OpenDryPoor
134040,Rubus idaeus,OpenDryPoor
134041,Rubus idaeus,OpenDryPoor
134042,Rubus idaeus,OpenDryPoor
134043,Rubus idaeus,OpenDryPoor
134044,Rubus idaeus,OpenDryPoor
134045,Rubus idaeus,OpenDryPoor
134046,Rubus idaeus,OpenDryPoor
134047,Rubus idaeus,OpenDryPoor
134048,Rubus idaeus,OpenDryPoor
134049,Rubus idaeus,OpenDryPoor
134050,Rubus idaeus,OpenDryPoor
134051,Rubus idaeus,OpenDryPoor
134052,Rubus idaeus,OpenDryPoor
134053,Rubus idaeus,OpenDryPoor
134054,Rubus idaeus,OpenDryPoor
134055,Rubus idaeus,OpenDryPoor
134056,Rubus idaeus,OpenDryPoor
134057,Rubus idaeus,OpenDryPoor
134058,Rubus idaeus,OpenDryPoor
134059,Rubus idaeus,OpenDryPoor
134060,Rubus idaeus,OpenDryPoor
134061,Rubus idaeus,OpenDryPoor
134062,Rubus idaeus,OpenDryPoor
134063,Rubus idaeus,OpenDryPoor
134064,Rubus idaeus,OpenDryPoor
134065,Rubus idaeus,OpenDryPoor
134066,Rubus idaeus,OpenDryPoor
134067,Rubus idaeus,OpenDryPoor
134068,Rubus idaeus,OpenDryPoor
134069,Rubus idaeus,OpenDryPoor
134070,Rubus idaeus,OpenDryPoor
134071,Rubus idaeus,OpenDryPoor
134072,Rubus idaeus,OpenDryPoor
134073,Rubus idaeus,OpenDryPoor
134074,Rubus idaeus,OpenDryPoor
134075,Rubus idaeus,OpenDryPoor
134076,Rubus idaeus,OpenDryPoor
134077,Rubus idaeus,OpenDryPoor
134078,Rubus idaeus,OpenDryPoor
134079,Rubus idaeus,OpenDryPoor
134080,Rubus idaeus,OpenDryPoor
134081,Rubus idaeus,OpenDryPoor
134082,Rubus idaeus,OpenDryPoor
134083,Rubus idaeus,OpenDryPoor
134084,Rubus idaeus,OpenDryPoor
134085,Rubus idaeus,OpenDryPoor
134086,Rubus idaeus,OpenDryPoor
134087,Rubus idaeus,OpenDryPoor
134088,Rubus idaeus,OpenDryPoor
134089,Rubus idaeus,OpenDryPoor
134090,Rubus idaeus,OpenDryPoor
134091,Rubus idaeus,OpenDryPoor
134092,Rubus idaeus,OpenDryPoor
134093,Rubus idaeus,OpenDryPoor
146613,Rubus idaeus,OpenDryPoor
146614,Rubus idaeus,OpenDryPoor
146615,Rubus idaeus,OpenDryPoor
146616,Rubus idaeus,OpenDryPoor
146617,Rubus idaeus,OpenDryPoor
146618,Rubus idaeus,OpenDryPoor
146619,Rubus idaeus,OpenDryPoor
146620,Rubus idaeus,OpenDryPoor
146621,Rubus idaeus,OpenDryPoor
146622,Rubus idaeus,OpenDryPoor
146623,Rubus idaeus,OpenDryPoor
146624,Rubus idaeus,OpenDryPoor
146625,Rubus idaeus,OpenDryPoor
146626,Rubus idaeus,OpenDryPoor
146627,Rubus idaeus,OpenDryPoor
146628,Rubus idaeus,OpenDryPoor
146629,Rubus idaeus,OpenDryPoor
146630,Rubus idaeus,OpenDryPoor
146631,Rubus idaeus,OpenDryPoor
146632,Rubus idaeus,OpenDryPoor
146653,Rubus idaeus,OpenDryPoor
146654,Rubus idaeus,OpenDryPoor
146655,Rubus idaeus,OpenDryPoor
146656,Rubus idaeus,OpenDryPoor
146657,Rubus idaeus,OpenDryPoor
146658,Rubus idaeus,OpenDryPoor
146659,Rubus idaeus,OpenDryPoor
146660,Rubus idaeus,OpenDryPoor
146661,Rubus idaeus,OpenDryPoor
146662,Rubus idaeus,OpenDryPoor
146663,Rubus idaeus,OpenDryPoor
146664,Rubus idaeus,OpenDryPoor
146665,Rubus idaeus,OpenDryPoor
146666,Rubus idaeus,OpenDryPoor
146667,Rubus idaeus,OpenDryPoor
146668,Rubus idaeus,OpenDryPoor
146669,Rubus idaeus,OpenDryPoor
146670,Rubus idaeus,OpenDryPoor
146671,Rubus idaeus,OpenDryPoor
146672,Rubus idaeus,OpenDryPoor
147212,Rubus idaeus,OpenDryPoor
147213,Rubus idaeus,OpenDryPoor
147214,Rubus idaeus,OpenDryPoor
bus idaeus,OpenDryPoor
62069,Rubus idaeus,OpenDryPoor
62070,Rubus idaeus,OpenDryPoor
62071,Rubus idaeus,OpenDryPoor
62072,Rubus idaeus,OpenDryPoor
62073,Rubus idaeus,OpenDryPoor
62673,Rubus idaeus,OpenDryPoor
62674,Rubus idaeus,OpenDryPoor
62675,Rubus idaeus,OpenDryPoor
62676,Rubus idaeus,OpenDryPoor
62677,Rubus idaeus,OpenDryPoor
62678,Rubus idaeus,OpenDryPoor
62679,Rubus idaeus,OpenDryPoor
62680,Rubus idaeus,OpenDryPoor
62681,Rubus idaeus,OpenDryPoor
62682,Rubus idaeus,OpenDryPoor
62683,Rubus idaeus,OpenDryPoor
62684,Rubus idaeus,OpenDryPoor
62685,Rubus idaeus,OpenDryPoor
62686,Rubus idaeus,OpenDryPoor
62687,Rubus idaeus,OpenDryPoor
62688,Rubus idaeus,OpenDryPoor
62689,Rubus idaeus,OpenDryPoor
62690,Rubus idaeus,OpenDryPoor
62691,Rubus idaeus,OpenDryPoor
62692,Rubus idaeus,OpenDryPoor
63272,Rubus idaeus,OpenDryPoor
63273,Rubus idaeus,OpenDryPoor
63274,Rubus idaeus,OpenDryPoor
63275,Rubus idaeus,OpenDryPoor
63276,Rubus idaeus,OpenDryPoor
63277,Rubus idaeus,OpenDryPoor
63278,Rubus idaeus,OpenDryPoor
63279,Rubus idaeus,OpenDryPoor
63280,Rubus idaeus,OpenDryPoor
63281,Rubus idaeus,OpenDryPoor
63282,Rubus idaeus,OpenDryPoor
63283,Rubus idaeus,OpenDryPoor
63284,Rubus idaeus,OpenDryPoor
63285,Rubus idaeus,OpenDryPoor
63286,Rubus idaeus,OpenDryPoor
63287,Rubus idaeus,OpenDryPoor
63288,Rubus idaeus,OpenDryPoor
63289,Rubus idaeus,OpenDryPoor
63290,Rubus idaeus,OpenDryPoor
63291,Rubus idaeus,OpenDryPoor
63871,Rubus idaeus,OpenDryPoor
63872,Rubus idaeus,OpenDryPoor
63873,Rubus idaeus,OpenDryPoor
63874,Rubus idaeus,OpenDryPoor
63875,Rubus idaeus,OpenDryPoor
63876,Rubus idaeus,OpenDryPoor
63877,Rubus idaeus,OpenDryPoor
63878,Rubus idaeus,OpenDryPoor
63879,Rubus idaeus,OpenDryPoor
63880,Rubus idaeus,OpenDryPoor
63881,Rubus idaeus,OpenDryPoor
63882,Rubus idaeus,OpenDryPoor
63883,Rubus idaeus,OpenDryPoor
63884,Rubus idaeus,OpenDryPoor
63885,Rubus idaeus,OpenDryPoor
63886,Rubus idaeus,OpenDryPoor
63887,Rubus idaeus,OpenDryPoor
63888,Rubus idaeus,OpenDryPoor
63889,Rubus idaeus,OpenDryPoor
63890,Rubus idaeus,OpenDryPoor
64470,Rubus idaeus,OpenDryPoor
64471,Rubus idaeus,OpenDryPoor
64472,Rubus idaeus,OpenDryPoor
64473,Rubus idaeus,OpenDryPoor
64474,Rubus idaeus,OpenDryPoor
64475,Rubus idaeus,OpenDryPoor
64476,Rubus idaeus,OpenDryPoor
64477,Rubus idaeus,OpenDryPoor
64478,Rubus idaeus,OpenDryPoor
64479,Rubus idaeus,OpenDryPoor
64480,Rubus idaeus,OpenDryPoor
64481,Rubus idaeus,OpenDryPoor
64482,Rubus idaeus,OpenDryPoor
64483,Rubus idaeus,OpenDryPoor
64484,Rubus idaeus,OpenDryPoor
64485,Rubus idaeus,OpenDryPoor
64486,Rubus idaeus,OpenDryPoor
64487,Rubus idaeus,OpenDryPoor
64488,Rubus idaeus,OpenDryPoor
64489,Rubus idaeus,OpenDryPoor
65069,Rubus idaeus,OpenDryPoor
65070,Rubus idaeus,OpenDryPoor
65071,Rubus idaeus,OpenDryPoor
65072,Rubus idaeus,OpenDryPoor
65073,Rubus idaeus,OpenDryPoor
65074,Rubus idaeus,OpenDryPoor
65075,Rubus idaeus,OpenDryPoor
65076,Rubus idaeus,OpenDryPoor
65077,Rubus idaeus,OpenDryPoor
65078,Rubus idaeus,OpenDryPoor
65079,Rubus idaeus,OpenDryPoor
65080,Rubus idaeus,OpenDryPoor
65081,Rubus idaeus,OpenDryPoor
65082,Rubus idaeus,OpenDryPoor
65083,Rubus idaeus,OpenDryPoor
65084,Rubus idaeus,OpenDryPoor
65085,Rubus idaeus,OpenDryPoor
65086,Rubus idaeus,OpenDryPoor
65087,Rubus idaeus,OpenDryPoor
65088,Rubus idaeus,OpenDryPoor
65668,Rubus idaeus,OpenDryPoor
65669,Rubus idaeus,OpenDryPoor
65670,Rubus idaeus,OpenDryPoor
65671,Rubus idaeus,OpenDryPoor
65672,Rubus idaeus,OpenDryPoor
65673,Rubus idaeus,OpenDryPoor
65674,Rubus idaeus,OpenDryPoor
65675,Rubus idaeus,OpenDryPoor
65676,Rubus idaeus,OpenDryPoor
65677,Rubus idaeus,OpenDryPoor
65678,Rubus idaeus,OpenDryPoor
65679,Rubus idaeus,OpenDryPoor
65680,Rubus idaeus,OpenDryPoor
65681,Rubus idaeus,OpenDryPoor
65682,Rubus idaeus,OpenDryPoor
65683,Rubus idaeus,OpenDryPoor
65684,Rubus idaeus,OpenDryPoor
65685,Rubus idaeus,OpenDryPoor
65686,Rubus idaeus,OpenDryPoor
65687,Rubus idaeus,OpenDryPoor
66267,Rubus idaeus,OpenDryPoor
66268,Rubus idaeus,OpenDryPoor
66269,Rubus idaeus,OpenDryPoor
66270,Rubus idaeus,OpenDryPoor
66271,Rubus idaeus,OpenDryPoor
66272,Rubus idaeus,OpenDryPoor
66273,Rubus 147215,Rubus idaeus,OpenDryPoor
147216,Rubus idaeus,OpenDryPoor
147217,Rubus idaeus,OpenDryPoor
147218,Rubus idaeus,OpenDryPoor
147219,Rubus idaeus,OpenDryPoor
147220,Rubus idaeus,OpenDryPoor
147221,Rubus idaeus,OpenDryPoor
147222,Rubus idaeus,OpenDryPoor
147223,Rubus idaeus,OpenDryPoor
147224,Rubus idaeus,OpenDryPoor
147225,Rubus idaeus,OpenDryPoor
147226,Rubus idaeus,OpenDryPoor
147227,Rubus idaeus,OpenDryPoor
147228,Rubus idaeus,OpenDryPoor
147229,Rubus idaeus,OpenDryPoor
147230,Rubus idaeus,OpenDryPoor
147231,Rubus idaeus,OpenDryPoor
147252,Rubus idaeus,OpenDryPoor
147253,Rubus idaeus,OpenDryPoor
147254,Rubus idaeus,OpenDryPoor
147255,Rubus idaeus,OpenDryPoor
147256,Rubus idaeus,OpenDryPoor
147257,Rubus idaeus,OpenDryPoor
147258,Rubus idaeus,OpenDryPoor
147259,Rubus idaeus,OpenDryPoor
147260,Rubus idaeus,OpenDryPoor
147261,Rubus idaeus,OpenDryPoor
147262,Rubus idaeus,OpenDryPoor
147263,Rubus idaeus,OpenDryPoor
147264,Rubus idaeus,OpenDryPoor
147265,Rubus idaeus,OpenDryPoor
147266,Rubus idaeus,OpenDryPoor
147267,Rubus idaeus,OpenDryPoor
147268,Rubus idaeus,OpenDryPoor
147269,Rubus idaeus,OpenDryPoor
147270,Rubus idaeus,OpenDryPoor
147271,Rubus idaeus,OpenDryPoor
147811,Rubus idaeus,OpenDryPoor
147812,Rubus idaeus,OpenDryPoor
147813,Rubus idaeus,OpenDryPoor
147814,Rubus idaeus,OpenDryPoor
147815,Rubus idaeus,OpenDryPoor
147816,Rubus idaeus,OpenDryPoor
147817,Rubus idaeus,OpenDryPoor
147818,Rubus idaeus,OpenDryPoor
147819,Rubus idaeus,OpenDryPoor
147820,Rubus idaeus,OpenDryPoor
147821,Rubus idaeus,OpenDryPoor
147822,Rubus idaeus,OpenDryPoor
147823,Rubus idaeus,OpenDryPoor
147824,Rubus idaeus,OpenDryPoor
147825,Rubus idaeus,OpenDryPoor
147826,Rubus idaeus,OpenDryPoor
147827,Rubus idaeus,OpenDryPoor
147828,Rubus idaeus,OpenDryPoor
147829,Rubus idaeus,OpenDryPoor
147830,Rubus idaeus,OpenDryPoor
147851,Rubus idaeus,OpenDryPoor
147852,Rubus idaeus,OpenDryPoor
147853,Rubus idaeus,OpenDryPoor
147854,Rubus idaeus,OpenDryPoor
147855,Rubus idaeus,OpenDryPoor
147856,Rubus idaeus,OpenDryPoor
147857,Rubus idaeus,OpenDryPoor
147858,Rubus idaeus,OpenDryPoor
147859,Rubus idaeus,OpenDryPoor
147860,Rubus idaeus,OpenDryPoor
147861,Rubus idaeus,OpenDryPoor
147862,Rubus idaeus,OpenDryPoor
147863,Rubus idaeus,OpenDryPoor
147864,Rubus idaeus,OpenDryPoor
147865,Rubus idaeus,OpenDryPoor
147866,Rubus idaeus,OpenDryPoor
147867,Rubus idaeus,OpenDryPoor
147868,Rubus idaeus,OpenDryPoor
147869,Rubus idaeus,OpenDryPoor
147870,Rubus idaeus,OpenDryPoor
148410,Rubus idaeus,OpenDryPoor
148411,Rubus idaeus,OpenDryPoor
148412,Rubus idaeus,OpenDryPoor
148413,Rubus idaeus,OpenDryPoor
148414,Rubus idaeus,OpenDryPoor
148415,Rubus idaeus,OpenDryPoor
148416,Rubus idaeus,OpenDryPoor
148417,Rubus idaeus,OpenDryPoor
148418,Rubus idaeus,OpenDryPoor
148419,Rubus idaeus,OpenDryPoor
148420,Rubus idaeus,OpenDryPoor
148421,Rubus idaeus,OpenDryPoor
148422,Rubus idaeus,OpenDryPoor
148423,Rubus idaeus,OpenDryPoor
148424,Rubus idaeus,OpenDryPoor
148425,Rubus idaeus,OpenDryPoor
148426,Rubus idaeus,OpenDryPoor
148427,Rubus idaeus,OpenDryPoor
148428,Rubus idaeus,OpenDryPoor
148429,Rubus idaeus,OpenDryPoor
148450,Rubus idaeus,OpenDryPoor
148451,Rubus idaeus,OpenDryPoor
148452,Rubus idaeus,OpenDryPoor
148453,Rubus idaeus,OpenDryPoor
148454,Rubus idaeus,OpenDryPoor
148455,Rubus idaeus,OpenDryPoor
148456,Rubus idaeus,OpenDryPoor
148457,Rubus idaeus,OpenDryPoor
148458,Rubus idaeus,OpenDryPoor
148459,Rubus idaeus,OpenDryPoor
148460,Rubus idaeus,OpenDryPoor
148461,Rubus idaeus,OpenDryPoor
148462,Rubus idaeus,OpenDryPoor
148463,Rubus idaeus,OpenDryPoor
148464,Rubus idaeus,OpenDryPoor
148465,Rubus idaeus,OpenDryPoor
148466,Rubus idaeus,OpenDryPoor
148467,Rubus idaeus,OpenDryPoor
148468,Rubus idaeus,OpenDryPoor
148469,Rubus idaeus,OpenDryPoor
149009,Rubus idaeus,OpenDryPoor
149010,Rubus idaeus,OpenDryPoor
149011,Rubus idaeus,OpenDryPoor
149012,Rubus idaeus,OpenDryPoor
149013,Rubus idaeus,OpenDryPoor
149014,Rubus idaeus,OpenDryPoor
149015,Rubus idaeus,OpenDryPoor
149016,Rubus idaeus,OpenDryPoor
149017,Rubus idaeus,OpenDryPoor
149018,Rubus idaeus,OpenDryPoor
149019,Rubus idaeus,OpenDryPoor
r
81374,Rubus idaeus,OpenDryPoor
81375,Rubus idaeus,OpenDryPoor
81376,Rubus idaeus,OpenDryPoor
81377,Rubus idaeus,OpenDryPoor
81378,Rubus idaeus,OpenDryPoor
81379,Rubus idaeus,OpenDryPoor
81380,Rubus idaeus,OpenDryPoor
81381,Rubus idaeus,OpenDryPoor
81382,Rubus idaeus,OpenDryPoor
81383,Rubus idaeus,OpenDryPoor
81384,Rubus idaeus,OpenDryPoor
81385,Rubus idaeus,OpenDryPoor
81386,Rubus idaeus,OpenDryPoor
81387,Rubus idaeus,OpenDryPoor
81388,Rubus idaeus,OpenDryPoor
81389,Rubus idaeus,OpenDryPoor
81390,Rubus idaeus,OpenDryPoor
81391,Rubus idaeus,OpenDryPoor
81392,Rubus idaeus,OpenDryPoor
81393,Rubus idaeus,OpenDryPoor
81394,Rubus idaeus,OpenDryPoor
81395,Rubus idaeus,OpenDryPoor
81396,Rubus idaeus,OpenDryPoor
81397,Rubus idaeus,OpenDryPoor
81921,Rubus idaeus,OpenDryPoor
81922,Rubus idaeus,OpenDryPoor
81923,Rubus idaeus,OpenDryPoor
81924,Rubus idaeus,OpenDryPoor
81925,Rubus idaeus,OpenDryPoor
81926,Rubus idaeus,OpenDryPoor
81927,Rubus idaeus,OpenDryPoor
81928,Rubus idaeus,OpenDryPoor
81929,Rubus idaeus,OpenDryPoor
81930,Rubus idaeus,OpenDryPoor
81931,Rubus idaeus,OpenDryPoor
81932,Rubus idaeus,OpenDryPoor
81933,Rubus idaeus,OpenDryPoor
81934,Rubus idaeus,OpenDryPoor
81935,Rubus idaeus,OpenDryPoor
81936,Rubus idaeus,OpenDryPoor
81937,Rubus idaeus,OpenDryPoor
81938,Rubus idaeus,OpenDryPoor
81939,Rubus idaeus,OpenDryPoor
81940,Rubus idaeus,OpenDryPoor
81941,Rubus idaeus,OpenDryPoor
81942,Rubus idaeus,OpenDryPoor
81943,Rubus idaeus,OpenDryPoor
81944,Rubus idaeus,OpenDryPoor
81945,Rubus idaeus,OpenDryPoor
81946,Rubus idaeus,OpenDryPoor
81947,Rubus idaeus,OpenDryPoor
81948,Rubus idaeus,OpenDryPoor
81949,Rubus idaeus,OpenDryPoor
81950,Rubus idaeus,OpenDryPoor
81951,Rubus idaeus,OpenDryPoor
81952,Rubus idaeus,OpenDryPoor
81953,Rubus idaeus,OpenDryPoor
81954,Rubus idaeus,OpenDryPoor
81955,Rubus idaeus,OpenDryPoor
81956,Rubus idaeus,OpenDryPoor
81957,Rubus idaeus,OpenDryPoor
81958,Rubus idaeus,OpenDryPoor
81959,Rubus idaeus,OpenDryPoor
81960,Rubus idaeus,OpenDryPoor
81961,Rubus idaeus,OpenDryPoor
81962,Rubus idaeus,OpenDryPoor
81963,Rubus idaeus,OpenDryPoor
81964,Rubus idaeus,OpenDryPoor
81965,Rubus idaeus,OpenDryPoor
81966,Rubus idaeus,OpenDryPoor
81967,Rubus idaeus,OpenDryPoor
81968,Rubus idaeus,OpenDryPoor
81969,Rubus idaeus,OpenDryPoor
81970,Rubus idaeus,OpenDryPoor
81971,Rubus idaeus,OpenDryPoor
81972,Rubus idaeus,OpenDryPoor
81973,Rubus idaeus,OpenDryPoor
81974,Rubus idaeus,OpenDryPoor
81975,Rubus idaeus,OpenDryPoor
81976,Rubus idaeus,OpenDryPoor
81977,Rubus idaeus,OpenDryPoor
81978,Rubus idaeus,OpenDryPoor
81979,Rubus idaeus,OpenDryPoor
81980,Rubus idaeus,OpenDryPoor
81981,Rubus idaeus,OpenDryPoor
81982,Rubus idaeus,OpenDryPoor
81983,Rubus idaeus,OpenDryPoor
81984,Rubus idaeus,OpenDryPoor
81985,Rubus idaeus,OpenDryPoor
81986,Rubus idaeus,OpenDryPoor
81987,Rubus idaeus,OpenDryPoor
81988,Rubus idaeus,OpenDryPoor
81989,Rubus idaeus,OpenDryPoor
81990,Rubus idaeus,OpenDryPoor
81991,Rubus idaeus,OpenDryPoor
81992,Rubus idaeus,OpenDryPoor
81993,Rubus idaeus,OpenDryPoor
81994,Rubus idaeus,OpenDryPoor
81995,Rubus idaeus,OpenDryPoor
81996,Rubus idaeus,OpenDryPoor
82520,Rubus idaeus,OpenDryPoor
82521,Rubus idaeus,OpenDryPoor
82522,Rubus idaeus,OpenDryPoor
82523,Rubus idaeus,OpenDryPoor
82524,Rubus idaeus,OpenDryPoor
82525,Rubus idaeus,OpenDryPoor
82526,Rubus idaeus,OpenDryPoor
82527,Rubus idaeus,OpenDryPoor
82528,Rubus idaeus,OpenDryPoor
82529,Rubus idaeus,OpenDryPoor
82530,Rubus idaeus,OpenDryPoor
82531,Rubus idaeus,OpenDryPoor
82532,Rubus idaeus,OpenDryPoor
82533,Rubus idaeus,OpenDryPoor
82534,Rubus idaeus,OpenDryPoor
82535,Rubus idaeus,OpenDryPoor
82536,Rubus idaeus,OpenDryPoor
82537,Rubus idaeus,OpenDryPoor
82538,Rubus idaeus,OpenDryPoor
82539,Rubus idaeus,OpenDryPoor
82540,Rubus idaeus,OpenDryPoor
82541,Rubus idaeus,OpenDryPoor
82542,Rubus idaeus,OpenDryPoor
82543,Rubus idaeus,OpenDryPoor
82544,Rubus idaeus,OpenDryPoor
82545,Rubus idaeus,OpenDryPoor
82546,Rubus idaeus,OpenDryPoor
82547,Rubus idaeus,OpenDryPoor
82548,Rubus idaeus,OpenDryPoor
82549,Rubus idaeus,OpenDryPoor
82550,Rubus idaeus,OpenDryPoor
82551,Rubus idaeus,OpenDryPoor
82idaeus,OpenDryPoor
66274,Rubus idaeus,OpenDryPoor
66275,Rubus idaeus,OpenDryPoor
66276,Rubus idaeus,OpenDryPoor
66277,Rubus idaeus,OpenDryPoor
66278,Rubus idaeus,OpenDryPoor
66279,Rubus idaeus,OpenDryPoor
66280,Rubus idaeus,OpenDryPoor
66281,Rubus idaeus,OpenDryPoor
66282,Rubus idaeus,OpenDryPoor
66283,Rubus idaeus,OpenDryPoor
66284,Rubus idaeus,OpenDryPoor
66285,Rubus idaeus,OpenDryPoor
66286,Rubus idaeus,OpenDryPoor
66866,Rubus idaeus,OpenDryPoor
66867,Rubus idaeus,OpenDryPoor
66868,Rubus idaeus,OpenDryPoor
66869,Rubus idaeus,OpenDryPoor
66870,Rubus idaeus,OpenDryPoor
66871,Rubus idaeus,OpenDryPoor
66872,Rubus idaeus,OpenDryPoor
66873,Rubus idaeus,OpenDryPoor
66874,Rubus idaeus,OpenDryPoor
66875,Rubus idaeus,OpenDryPoor
66876,Rubus idaeus,OpenDryPoor
66877,Rubus idaeus,OpenDryPoor
66878,Rubus idaeus,OpenDryPoor
66879,Rubus idaeus,OpenDryPoor
66880,Rubus idaeus,OpenDryPoor
66881,Rubus idaeus,OpenDryPoor
66882,Rubus idaeus,OpenDryPoor
66883,Rubus idaeus,OpenDryPoor
66884,Rubus idaeus,OpenDryPoor
66885,Rubus idaeus,OpenDryPoor
67465,Rubus idaeus,OpenDryPoor
67466,Rubus idaeus,OpenDryPoor
67467,Rubus idaeus,OpenDryPoor
67468,Rubus idaeus,OpenDryPoor
67469,Rubus idaeus,OpenDryPoor
67470,Rubus idaeus,OpenDryPoor
67471,Rubus idaeus,OpenDryPoor
67472,Rubus idaeus,OpenDryPoor
67473,Rubus idaeus,OpenDryPoor
67474,Rubus idaeus,OpenDryPoor
67475,Rubus idaeus,OpenDryPoor
67476,Rubus idaeus,OpenDryPoor
67477,Rubus idaeus,OpenDryPoor
67478,Rubus idaeus,OpenDryPoor
67479,Rubus idaeus,OpenDryPoor
67480,Rubus idaeus,OpenDryPoor
67481,Rubus idaeus,OpenDryPoor
67482,Rubus idaeus,OpenDryPoor
67483,Rubus idaeus,OpenDryPoor
67484,Rubus idaeus,OpenDryPoor
68064,Rubus idaeus,OpenDryPoor
68065,Rubus idaeus,OpenDryPoor
68066,Rubus idaeus,OpenDryPoor
68067,Rubus idaeus,OpenDryPoor
68068,Rubus idaeus,OpenDryPoor
68069,Rubus idaeus,OpenDryPoor
68070,Rubus idaeus,OpenDryPoor
68071,Rubus idaeus,OpenDryPoor
68072,Rubus idaeus,OpenDryPoor
68073,Rubus idaeus,OpenDryPoor
68074,Rubus idaeus,OpenDryPoor
68075,Rubus idaeus,OpenDryPoor
68076,Rubus idaeus,OpenDryPoor
68077,Rubus idaeus,OpenDryPoor
68078,Rubus idaeus,OpenDryPoor
68079,Rubus idaeus,OpenDryPoor
68080,Rubus idaeus,OpenDryPoor
68081,Rubus idaeus,OpenDryPoor
68082,Rubus idaeus,OpenDryPoor
68083,Rubus idaeus,OpenDryPoor
68663,Rubus idaeus,OpenDryPoor
68664,Rubus idaeus,OpenDryPoor
68665,Rubus idaeus,OpenDryPoor
68666,Rubus idaeus,OpenDryPoor
68667,Rubus idaeus,OpenDryPoor
68668,Rubus idaeus,OpenDryPoor
68669,Rubus idaeus,OpenDryPoor
68670,Rubus idaeus,OpenDryPoor
68671,Rubus idaeus,OpenDryPoor
68672,Rubus idaeus,OpenDryPoor
68673,Rubus idaeus,OpenDryPoor
68674,Rubus idaeus,OpenDryPoor
68675,Rubus idaeus,OpenDryPoor
68676,Rubus idaeus,OpenDryPoor
68677,Rubus idaeus,OpenDryPoor
68678,Rubus idaeus,OpenDryPoor
68679,Rubus idaeus,OpenDryPoor
68680,Rubus idaeus,OpenDryPoor
68681,Rubus idaeus,OpenDryPoor
68682,Rubus idaeus,OpenDryPoor
69262,Rubus idaeus,OpenDryPoor
69263,Rubus idaeus,OpenDryPoor
69264,Rubus idaeus,OpenDryPoor
69265,Rubus idaeus,OpenDryPoor
69266,Rubus idaeus,OpenDryPoor
69267,Rubus idaeus,OpenDryPoor
69268,Rubus idaeus,OpenDryPoor
69269,Rubus idaeus,OpenDryPoor
69270,Rubus idaeus,OpenDryPoor
69271,Rubus idaeus,OpenDryPoor
69272,Rubus idaeus,OpenDryPoor
69273,Rubus idaeus,OpenDryPoor
69274,Rubus idaeus,OpenDryPoor
69275,Rubus idaeus,OpenDryPoor
69276,Rubus idaeus,OpenDryPoor
69277,Rubus idaeus,OpenDryPoor
69278,Rubus idaeus,OpenDryPoor
69279,Rubus idaeus,OpenDryPoor
69280,Rubus idaeus,OpenDryPoor
69281,Rubus idaeus,OpenDryPoor
69861,Rubus idaeus,OpenDryPoor
69862,Rubus idaeus,OpenDryPoor
69863,Rubus idaeus,OpenDryPoor
69864,Rubus idaeus,OpenDryPoor
69865,Rubus idaeus,OpenDryPoor
69866,Rubus idaeus,OpenDryPoor
69867,Rubus idaeus,OpenDryPoor
69868,Rubus idaeus,OpenDryPoor
69869,Rubus idaeus,OpenDryPoor
69870,Rubus idaeus,OpenDryPoor
69871,Rubus idaeus,OpenDryPoor
69872,Rubus idaeus,OpenDryPoor
69873,Rubus idaeus,OpenDryPoor
69874,Rubus idaeus,OpenDryPoor
69875,Rubus idaeus,OpenDryPoor
69876,Rubus idaeus,OpenDryPoor
69877,Rubus idaeus,OpenDryPoor
69878,Rubus idaeus,OpenDryPoor
69879,Rubus idae149020,Rubus idaeus,OpenDryPoor
149021,Rubus idaeus,OpenDryPoor
149022,Rubus idaeus,OpenDryPoor
149023,Rubus idaeus,OpenDryPoor
149024,Rubus idaeus,OpenDryPoor
149025,Rubus idaeus,OpenDryPoor
149026,Rubus idaeus,OpenDryPoor
149027,Rubus idaeus,OpenDryPoor
149028,Rubus idaeus,OpenDryPoor
149049,Rubus idaeus,OpenDryPoor
149050,Rubus idaeus,OpenDryPoor
149051,Rubus idaeus,OpenDryPoor
149052,Rubus idaeus,OpenDryPoor
149053,Rubus idaeus,OpenDryPoor
149054,Rubus idaeus,OpenDryPoor
149055,Rubus idaeus,OpenDryPoor
149056,Rubus idaeus,OpenDryPoor
149057,Rubus idaeus,OpenDryPoor
149058,Rubus idaeus,OpenDryPoor
149059,Rubus idaeus,OpenDryPoor
149060,Rubus idaeus,OpenDryPoor
149061,Rubus idaeus,OpenDryPoor
149062,Rubus idaeus,OpenDryPoor
149063,Rubus idaeus,OpenDryPoor
149064,Rubus idaeus,OpenDryPoor
149065,Rubus idaeus,OpenDryPoor
149066,Rubus idaeus,OpenDryPoor
149067,Rubus idaeus,OpenDryPoor
149068,Rubus idaeus,OpenDryPoor
149608,Rubus idaeus,OpenDryPoor
149609,Rubus idaeus,OpenDryPoor
149610,Rubus idaeus,OpenDryPoor
149611,Rubus idaeus,OpenDryPoor
149612,Rubus idaeus,OpenDryPoor
149613,Rubus idaeus,OpenDryPoor
149614,Rubus idaeus,OpenDryPoor
149615,Rubus idaeus,OpenDryPoor
149616,Rubus idaeus,OpenDryPoor
149617,Rubus idaeus,OpenDryPoor
149618,Rubus idaeus,OpenDryPoor
149619,Rubus idaeus,OpenDryPoor
149620,Rubus idaeus,OpenDryPoor
149621,Rubus idaeus,OpenDryPoor
149622,Rubus idaeus,OpenDryPoor
149623,Rubus idaeus,OpenDryPoor
149624,Rubus idaeus,OpenDryPoor
149625,Rubus idaeus,OpenDryPoor
149626,Rubus idaeus,OpenDryPoor
149627,Rubus idaeus,OpenDryPoor
149648,Rubus idaeus,OpenDryPoor
149649,Rubus idaeus,OpenDryPoor
149650,Rubus idaeus,OpenDryPoor
149651,Rubus idaeus,OpenDryPoor
149652,Rubus idaeus,OpenDryPoor
149653,Rubus idaeus,OpenDryPoor
149654,Rubus idaeus,OpenDryPoor
149655,Rubus idaeus,OpenDryPoor
149656,Rubus idaeus,OpenDryPoor
149657,Rubus idaeus,OpenDryPoor
149658,Rubus idaeus,OpenDryPoor
149659,Rubus idaeus,OpenDryPoor
149660,Rubus idaeus,OpenDryPoor
149661,Rubus idaeus,OpenDryPoor
149662,Rubus idaeus,OpenDryPoor
149663,Rubus idaeus,OpenDryPoor
149664,Rubus idaeus,OpenDryPoor
149665,Rubus idaeus,OpenDryPoor
149666,Rubus idaeus,OpenDryPoor
149667,Rubus idaeus,OpenDryPoor
150207,Rubus idaeus,OpenDryPoor
150208,Rubus idaeus,OpenDryPoor
150209,Rubus idaeus,OpenDryPoor
150210,Rubus idaeus,OpenDryPoor
150211,Rubus idaeus,OpenDryPoor
150212,Rubus idaeus,OpenDryPoor
150213,Rubus idaeus,OpenDryPoor
150214,Rubus idaeus,OpenDryPoor
150215,Rubus idaeus,OpenDryPoor
150216,Rubus idaeus,OpenDryPoor
150217,Rubus idaeus,OpenDryPoor
150218,Rubus idaeus,OpenDryPoor
150219,Rubus idaeus,OpenDryPoor
150220,Rubus idaeus,OpenDryPoor
150221,Rubus idaeus,OpenDryPoor
150222,Rubus idaeus,OpenDryPoor
150223,Rubus idaeus,OpenDryPoor
150224,Rubus idaeus,OpenDryPoor
150225,Rubus idaeus,OpenDryPoor
150226,Rubus idaeus,OpenDryPoor
150247,Rubus idaeus,OpenDryPoor
150248,Rubus idaeus,OpenDryPoor
150249,Rubus idaeus,OpenDryPoor
150250,Rubus idaeus,OpenDryPoor
150251,Rubus idaeus,OpenDryPoor
150252,Rubus idaeus,OpenDryPoor
150253,Rubus idaeus,OpenDryPoor
150254,Rubus idaeus,OpenDryPoor
150255,Rubus idaeus,OpenDryPoor
150256,Rubus idaeus,OpenDryPoor
150257,Rubus idaeus,OpenDryPoor
150258,Rubus idaeus,OpenDryPoor
150259,Rubus idaeus,OpenDryPoor
150260,Rubus idaeus,OpenDryPoor
150261,Rubus idaeus,OpenDryPoor
150262,Rubus idaeus,OpenDryPoor
150263,Rubus idaeus,OpenDryPoor
150264,Rubus idaeus,OpenDryPoor
150265,Rubus idaeus,OpenDryPoor
150266,Rubus idaeus,OpenDryPoor
150806,Rubus idaeus,OpenDryPoor
150807,Rubus idaeus,OpenDryPoor
150808,Rubus idaeus,OpenDryPoor
150809,Rubus idaeus,OpenDryPoor
150810,Rubus idaeus,OpenDryPoor
150811,Rubus idaeus,OpenDryPoor
150812,Rubus idaeus,OpenDryPoor
150813,Rubus idaeus,OpenDryPoor
150814,Rubus idaeus,OpenDryPoor
150815,Rubus idaeus,OpenDryPoor
150816,Rubus idaeus,OpenDryPoor
150817,Rubus idaeus,OpenDryPoor
150818,Rubus idaeus,OpenDryPoor
150819,Rubus idaeus,OpenDryPoor
150820,Rubus idaeus,OpenDryPoor
150821,Rubus idaeus,OpenDryPoor
150822,Rubus idaeus,OpenDryPoor
150823,Rubus idaeus,OpenDryPoor
150824,Rubus idaeus,OpenDryPoor
552,Rubus idaeus,OpenDryPoor
82553,Rubus idaeus,OpenDryPoor
82554,Rubus idaeus,OpenDryPoor
82555,Rubus idaeus,OpenDryPoor
82556,Rubus idaeus,OpenDryPoor
82557,Rubus idaeus,OpenDryPoor
82558,Rubus idaeus,OpenDryPoor
82559,Rubus idaeus,OpenDryPoor
82560,Rubus idaeus,OpenDryPoor
82561,Rubus idaeus,OpenDryPoor
82562,Rubus idaeus,OpenDryPoor
82563,Rubus idaeus,OpenDryPoor
82564,Rubus idaeus,OpenDryPoor
82565,Rubus idaeus,OpenDryPoor
82566,Rubus idaeus,OpenDryPoor
82567,Rubus idaeus,OpenDryPoor
82568,Rubus idaeus,OpenDryPoor
82569,Rubus idaeus,OpenDryPoor
82570,Rubus idaeus,OpenDryPoor
82571,Rubus idaeus,OpenDryPoor
82572,Rubus idaeus,OpenDryPoor
82573,Rubus idaeus,OpenDryPoor
82574,Rubus idaeus,OpenDryPoor
82575,Rubus idaeus,OpenDryPoor
82576,Rubus idaeus,OpenDryPoor
82577,Rubus idaeus,OpenDryPoor
82578,Rubus idaeus,OpenDryPoor
82579,Rubus idaeus,OpenDryPoor
82580,Rubus idaeus,OpenDryPoor
82581,Rubus idaeus,OpenDryPoor
82582,Rubus idaeus,OpenDryPoor
82583,Rubus idaeus,OpenDryPoor
82584,Rubus idaeus,OpenDryPoor
82585,Rubus idaeus,OpenDryPoor
82586,Rubus idaeus,OpenDryPoor
82587,Rubus idaeus,OpenDryPoor
82588,Rubus idaeus,OpenDryPoor
82589,Rubus idaeus,OpenDryPoor
82590,Rubus idaeus,OpenDryPoor
82591,Rubus idaeus,OpenDryPoor
82592,Rubus idaeus,OpenDryPoor
82593,Rubus idaeus,OpenDryPoor
82594,Rubus idaeus,OpenDryPoor
82595,Rubus idaeus,OpenDryPoor
83119,Rubus idaeus,OpenDryPoor
83120,Rubus idaeus,OpenDryPoor
83121,Rubus idaeus,OpenDryPoor
83122,Rubus idaeus,OpenDryPoor
83123,Rubus idaeus,OpenDryPoor
83124,Rubus idaeus,OpenDryPoor
83125,Rubus idaeus,OpenDryPoor
83126,Rubus idaeus,OpenDryPoor
83127,Rubus idaeus,OpenDryPoor
83128,Rubus idaeus,OpenDryPoor
83129,Rubus idaeus,OpenDryPoor
83130,Rubus idaeus,OpenDryPoor
83131,Rubus idaeus,OpenDryPoor
83132,Rubus idaeus,OpenDryPoor
83133,Rubus idaeus,OpenDryPoor
83134,Rubus idaeus,OpenDryPoor
83135,Rubus idaeus,OpenDryPoor
83136,Rubus idaeus,OpenDryPoor
83137,Rubus idaeus,OpenDryPoor
83138,Rubus idaeus,OpenDryPoor
83139,Rubus idaeus,OpenDryPoor
83140,Rubus idaeus,OpenDryPoor
83141,Rubus idaeus,OpenDryPoor
83142,Rubus idaeus,OpenDryPoor
83143,Rubus idaeus,OpenDryPoor
83144,Rubus idaeus,OpenDryPoor
83145,Rubus idaeus,OpenDryPoor
83146,Rubus idaeus,OpenDryPoor
83147,Rubus idaeus,OpenDryPoor
83148,Rubus idaeus,OpenDryPoor
83149,Rubus idaeus,OpenDryPoor
83150,Rubus idaeus,OpenDryPoor
83151,Rubus idaeus,OpenDryPoor
83152,Rubus idaeus,OpenDryPoor
83153,Rubus idaeus,OpenDryPoor
83154,Rubus idaeus,OpenDryPoor
83155,Rubus idaeus,OpenDryPoor
83156,Rubus idaeus,OpenDryPoor
83157,Rubus idaeus,OpenDryPoor
83158,Rubus idaeus,OpenDryPoor
83159,Rubus idaeus,OpenDryPoor
83160,Rubus idaeus,OpenDryPoor
83161,Rubus idaeus,OpenDryPoor
83162,Rubus idaeus,OpenDryPoor
83163,Rubus idaeus,OpenDryPoor
83164,Rubus idaeus,OpenDryPoor
83165,Rubus idaeus,OpenDryPoor
83166,Rubus idaeus,OpenDryPoor
83167,Rubus idaeus,OpenDryPoor
83168,Rubus idaeus,OpenDryPoor
83169,Rubus idaeus,OpenDryPoor
83170,Rubus idaeus,OpenDryPoor
83171,Rubus idaeus,OpenDryPoor
83172,Rubus idaeus,OpenDryPoor
83173,Rubus idaeus,OpenDryPoor
83174,Rubus idaeus,OpenDryPoor
83175,Rubus idaeus,OpenDryPoor
83176,Rubus idaeus,OpenDryPoor
83177,Rubus idaeus,OpenDryPoor
83178,Rubus idaeus,OpenDryPoor
83179,Rubus idaeus,OpenDryPoor
83180,Rubus idaeus,OpenDryPoor
83181,Rubus idaeus,OpenDryPoor
83182,Rubus idaeus,OpenDryPoor
83183,Rubus idaeus,OpenDryPoor
83184,Rubus idaeus,OpenDryPoor
83185,Rubus idaeus,OpenDryPoor
83186,Rubus idaeus,OpenDryPoor
83187,Rubus idaeus,OpenDryPoor
83188,Rubus idaeus,OpenDryPoor
83189,Rubus idaeus,OpenDryPoor
83190,Rubus idaeus,OpenDryPoor
83191,Rubus idaeus,OpenDryPoor
83192,Rubus idaeus,OpenDryPoor
83193,Rubus idaeus,OpenDryPoor
83194,Rubus idaeus,OpenDryPoor
83195,Rubus idaeus,OpenDryPoor
83718,Rubus idaeus,OpenDryPoor
83719,Rubus idaeus,OpenDryPoor
83720,Rubus idaeus,OpenDryPoor
83721,Rubus idaeus,OpenDryPoor
83722,Rubus idaeus,OpenDryPoor
83723,Rubus idaeus,OpenDryPoor
83724,Rubus idaeus,OpenDryPoor
83725,Rubus idaeus,OpenDryPoor
83726,Rubus idaeus,OpenDryPoor
83727,Rubus idaeus,OpenDryPoor
83728,Rubus idaeus,OpenDryPoor
83729,us,OpenDryPoor
69880,Rubus idaeus,OpenDryPoor
70460,Rubus idaeus,OpenDryPoor
70461,Rubus idaeus,OpenDryPoor
70462,Rubus idaeus,OpenDryPoor
70463,Rubus idaeus,OpenDryPoor
70464,Rubus idaeus,OpenDryPoor
70465,Rubus idaeus,OpenDryPoor
70466,Rubus idaeus,OpenDryPoor
70467,Rubus idaeus,OpenDryPoor
70468,Rubus idaeus,OpenDryPoor
70469,Rubus idaeus,OpenDryPoor
70470,Rubus idaeus,OpenDryPoor
70471,Rubus idaeus,OpenDryPoor
70472,Rubus idaeus,OpenDryPoor
70473,Rubus idaeus,OpenDryPoor
70474,Rubus idaeus,OpenDryPoor
70475,Rubus idaeus,OpenDryPoor
70476,Rubus idaeus,OpenDryPoor
70477,Rubus idaeus,OpenDryPoor
70478,Rubus idaeus,OpenDryPoor
70479,Rubus idaeus,OpenDryPoor
71059,Rubus idaeus,OpenDryPoor
71060,Rubus idaeus,OpenDryPoor
71061,Rubus idaeus,OpenDryPoor
71062,Rubus idaeus,OpenDryPoor
71063,Rubus idaeus,OpenDryPoor
71064,Rubus idaeus,OpenDryPoor
71065,Rubus idaeus,OpenDryPoor
71066,Rubus idaeus,OpenDryPoor
71067,Rubus idaeus,OpenDryPoor
71068,Rubus idaeus,OpenDryPoor
71069,Rubus idaeus,OpenDryPoor
71070,Rubus idaeus,OpenDryPoor
71071,Rubus idaeus,OpenDryPoor
71072,Rubus idaeus,OpenDryPoor
71073,Rubus idaeus,OpenDryPoor
71074,Rubus idaeus,OpenDryPoor
71075,Rubus idaeus,OpenDryPoor
71076,Rubus idaeus,OpenDryPoor
71077,Rubus idaeus,OpenDryPoor
71078,Rubus idaeus,OpenDryPoor
71658,Rubus idaeus,OpenDryPoor
71659,Rubus idaeus,OpenDryPoor
71660,Rubus idaeus,OpenDryPoor
71661,Rubus idaeus,OpenDryPoor
71662,Rubus idaeus,OpenDryPoor
71663,Rubus idaeus,OpenDryPoor
71664,Rubus idaeus,OpenDryPoor
71665,Rubus idaeus,OpenDryPoor
71666,Rubus idaeus,OpenDryPoor
71667,Rubus idaeus,OpenDryPoor
71668,Rubus idaeus,OpenDryPoor
71669,Rubus idaeus,OpenDryPoor
71670,Rubus idaeus,OpenDryPoor
71671,Rubus idaeus,OpenDryPoor
71672,Rubus idaeus,OpenDryPoor
71673,Rubus idaeus,OpenDryPoor
71674,Rubus idaeus,OpenDryPoor
71675,Rubus idaeus,OpenDryPoor
71676,Rubus idaeus,OpenDryPoor
71677,Rubus idaeus,OpenDryPoor
72257,Rubus idaeus,OpenDryPoor
72258,Rubus idaeus,OpenDryPoor
72259,Rubus idaeus,OpenDryPoor
72260,Rubus idaeus,OpenDryPoor
72261,Rubus idaeus,OpenDryPoor
72262,Rubus idaeus,OpenDryPoor
72263,Rubus idaeus,OpenDryPoor
72264,Rubus idaeus,OpenDryPoor
72265,Rubus idaeus,OpenDryPoor
72266,Rubus idaeus,OpenDryPoor
72267,Rubus idaeus,OpenDryPoor
72268,Rubus idaeus,OpenDryPoor
72269,Rubus idaeus,OpenDryPoor
72270,Rubus idaeus,OpenDryPoor
72271,Rubus idaeus,OpenDryPoor
72272,Rubus idaeus,OpenDryPoor
72273,Rubus idaeus,OpenDryPoor
72274,Rubus idaeus,OpenDryPoor
72275,Rubus idaeus,OpenDryPoor
72276,Rubus idaeus,OpenDryPoor
72856,Rubus idaeus,OpenDryPoor
72857,Rubus idaeus,OpenDryPoor
72858,Rubus idaeus,OpenDryPoor
72859,Rubus idaeus,OpenDryPoor
72860,Rubus idaeus,OpenDryPoor
72861,Rubus idaeus,OpenDryPoor
72862,Rubus idaeus,OpenDryPoor
72863,Rubus idaeus,OpenDryPoor
72864,Rubus idaeus,OpenDryPoor
72865,Rubus idaeus,OpenDryPoor
72866,Rubus idaeus,OpenDryPoor
72867,Rubus idaeus,OpenDryPoor
72868,Rubus idaeus,OpenDryPoor
72869,Rubus idaeus,OpenDryPoor
72870,Rubus idaeus,OpenDryPoor
72871,Rubus idaeus,OpenDryPoor
72872,Rubus idaeus,OpenDryPoor
72873,Rubus idaeus,OpenDryPoor
72874,Rubus idaeus,OpenDryPoor
72875,Rubus idaeus,OpenDryPoor
73455,Rubus idaeus,OpenDryPoor
73456,Rubus idaeus,OpenDryPoor
73457,Rubus idaeus,OpenDryPoor
73458,Rubus idaeus,OpenDryPoor
73459,Rubus idaeus,OpenDryPoor
73460,Rubus idaeus,OpenDryPoor
73461,Rubus idaeus,OpenDryPoor
73462,Rubus idaeus,OpenDryPoor
73463,Rubus idaeus,OpenDryPoor
73464,Rubus idaeus,OpenDryPoor
73465,Rubus idaeus,OpenDryPoor
73466,Rubus idaeus,OpenDryPoor
73467,Rubus idaeus,OpenDryPoor
73468,Rubus idaeus,OpenDryPoor
73469,Rubus idaeus,OpenDryPoor
73470,Rubus idaeus,OpenDryPoor
73471,Rubus idaeus,OpenDryPoor
73472,Rubus idaeus,OpenDryPoor
73473,Rubus idaeus,OpenDryPoor
73474,Rubus idaeus,OpenDryPoor
74054,Rubus idaeus,OpenDryPoor
74055,Rubus idaeus,OpenDryPoor
74056,Rubus idaeus,OpenDryPoor
74057,Rubus idaeus,OpenDryPoor
74058,Rubus idaeus,OpenDryPoor
74059,Rubus idaeus,OpenDryPoor
74060,Rubus idaeus,OpenDryPoor
74061,Rubus idaeus,OpenDryPoor
74062,Rubus idaeus,OpenDryPoor
74063,Rubus idaeus,OpenDryPoor
74064,Rubus idaeus,O150825,Rubus idaeus,OpenDryPoor
150846,Rubus idaeus,OpenDryPoor
150847,Rubus idaeus,OpenDryPoor
150848,Rubus idaeus,OpenDryPoor
150849,Rubus idaeus,OpenDryPoor
150850,Rubus idaeus,OpenDryPoor
150851,Rubus idaeus,OpenDryPoor
150852,Rubus idaeus,OpenDryPoor
150853,Rubus idaeus,OpenDryPoor
150854,Rubus idaeus,OpenDryPoor
150855,Rubus idaeus,OpenDryPoor
150856,Rubus idaeus,OpenDryPoor
150857,Rubus idaeus,OpenDryPoor
150858,Rubus idaeus,OpenDryPoor
150859,Rubus idaeus,OpenDryPoor
150860,Rubus idaeus,OpenDryPoor
150861,Rubus idaeus,OpenDryPoor
150862,Rubus idaeus,OpenDryPoor
150863,Rubus idaeus,OpenDryPoor
150864,Rubus idaeus,OpenDryPoor
150865,Rubus idaeus,OpenDryPoor
151405,Rubus idaeus,OpenDryPoor
151406,Rubus idaeus,OpenDryPoor
151407,Rubus idaeus,OpenDryPoor
151408,Rubus idaeus,OpenDryPoor
151409,Rubus idaeus,OpenDryPoor
151410,Rubus idaeus,OpenDryPoor
151411,Rubus idaeus,OpenDryPoor
151412,Rubus idaeus,OpenDryPoor
151413,Rubus idaeus,OpenDryPoor
151414,Rubus idaeus,OpenDryPoor
151415,Rubus idaeus,OpenDryPoor
151416,Rubus idaeus,OpenDryPoor
151417,Rubus idaeus,OpenDryPoor
151418,Rubus idaeus,OpenDryPoor
151419,Rubus idaeus,OpenDryPoor
151420,Rubus idaeus,OpenDryPoor
151421,Rubus idaeus,OpenDryPoor
151422,Rubus idaeus,OpenDryPoor
151423,Rubus idaeus,OpenDryPoor
151424,Rubus idaeus,OpenDryPoor
151445,Rubus idaeus,OpenDryPoor
151446,Rubus idaeus,OpenDryPoor
151447,Rubus idaeus,OpenDryPoor
151448,Rubus idaeus,OpenDryPoor
151449,Rubus idaeus,OpenDryPoor
151450,Rubus idaeus,OpenDryPoor
151451,Rubus idaeus,OpenDryPoor
151452,Rubus idaeus,OpenDryPoor
151453,Rubus idaeus,OpenDryPoor
151454,Rubus idaeus,OpenDryPoor
151455,Rubus idaeus,OpenDryPoor
151456,Rubus idaeus,OpenDryPoor
151457,Rubus idaeus,OpenDryPoor
151458,Rubus idaeus,OpenDryPoor
151459,Rubus idaeus,OpenDryPoor
151460,Rubus idaeus,OpenDryPoor
151461,Rubus idaeus,OpenDryPoor
151462,Rubus idaeus,OpenDryPoor
151463,Rubus idaeus,OpenDryPoor
151464,Rubus idaeus,OpenDryPoor
152004,Rubus idaeus,OpenDryPoor
152005,Rubus idaeus,OpenDryPoor
152006,Rubus idaeus,OpenDryPoor
152007,Rubus idaeus,OpenDryPoor
152008,Rubus idaeus,OpenDryPoor
152009,Rubus idaeus,OpenDryPoor
152010,Rubus idaeus,OpenDryPoor
152011,Rubus idaeus,OpenDryPoor
152012,Rubus idaeus,OpenDryPoor
152013,Rubus idaeus,OpenDryPoor
152014,Rubus idaeus,OpenDryPoor
152015,Rubus idaeus,OpenDryPoor
152016,Rubus idaeus,OpenDryPoor
152017,Rubus idaeus,OpenDryPoor
152018,Rubus idaeus,OpenDryPoor
152019,Rubus idaeus,OpenDryPoor
152020,Rubus idaeus,OpenDryPoor
152021,Rubus idaeus,OpenDryPoor
152022,Rubus idaeus,OpenDryPoor
152023,Rubus idaeus,OpenDryPoor
152044,Rubus idaeus,OpenDryPoor
152045,Rubus idaeus,OpenDryPoor
152046,Rubus idaeus,OpenDryPoor
152047,Rubus idaeus,OpenDryPoor
152048,Rubus idaeus,OpenDryPoor
152049,Rubus idaeus,OpenDryPoor
152050,Rubus idaeus,OpenDryPoor
152051,Rubus idaeus,OpenDryPoor
152052,Rubus idaeus,OpenDryPoor
152053,Rubus idaeus,OpenDryPoor
152054,Rubus idaeus,OpenDryPoor
152055,Rubus idaeus,OpenDryPoor
152056,Rubus idaeus,OpenDryPoor
152057,Rubus idaeus,OpenDryPoor
152058,Rubus idaeus,OpenDryPoor
152059,Rubus idaeus,OpenDryPoor
152060,Rubus idaeus,OpenDryPoor
152061,Rubus idaeus,OpenDryPoor
152062,Rubus idaeus,OpenDryPoor
152063,Rubus idaeus,OpenDryPoor
152603,Rubus idaeus,OpenDryPoor
152604,Rubus idaeus,OpenDryPoor
152605,Rubus idaeus,OpenDryPoor
152606,Rubus idaeus,OpenDryPoor
152607,Rubus idaeus,OpenDryPoor
152608,Rubus idaeus,OpenDryPoor
152609,Rubus idaeus,OpenDryPoor
152610,Rubus idaeus,OpenDryPoor
152611,Rubus idaeus,OpenDryPoor
152612,Rubus idaeus,OpenDryPoor
152613,Rubus idaeus,OpenDryPoor
152614,Rubus idaeus,OpenDryPoor
152615,Rubus idaeus,OpenDryPoor
152616,Rubus idaeus,OpenDryPoor
152617,Rubus idaeus,OpenDryPoor
152618,Rubus idaeus,OpenDryPoor
152619,Rubus idaeus,OpenDryPoor
152620,Rubus idaeus,OpenDryPoor
152621,Rubus idaeus,OpenDryPoor
152622,Rubus idaeus,OpenDryPoor
152643,Rubus idaeus,OpenDryPoor
152644,Rubus idaeus,OpenDryPoor
152645,Rubus idaeus,OpenDryPoor
152646,Rubus idaeus,OpenDryPoor
152647,Rubus idaeus,OpenDryPoor
152648,Rubus idaeus,OpenDryPoor
152649,Rubus idaeus,OpenDryPoor
Rubus idaeus,OpenDryPoor
83730,Rubus idaeus,OpenDryPoor
83731,Rubus idaeus,OpenDryPoor
83732,Rubus idaeus,OpenDryPoor
83733,Rubus idaeus,OpenDryPoor
83734,Rubus idaeus,OpenDryPoor
83735,Rubus idaeus,OpenDryPoor
83736,Rubus idaeus,OpenDryPoor
83737,Rubus idaeus,OpenDryPoor
83738,Rubus idaeus,OpenDryPoor
83739,Rubus idaeus,OpenDryPoor
83740,Rubus idaeus,OpenDryPoor
83741,Rubus idaeus,OpenDryPoor
83742,Rubus idaeus,OpenDryPoor
83743,Rubus idaeus,OpenDryPoor
83744,Rubus idaeus,OpenDryPoor
83745,Rubus idaeus,OpenDryPoor
83746,Rubus idaeus,OpenDryPoor
83747,Rubus idaeus,OpenDryPoor
83748,Rubus idaeus,OpenDryPoor
83749,Rubus idaeus,OpenDryPoor
83750,Rubus idaeus,OpenDryPoor
83751,Rubus idaeus,OpenDryPoor
83752,Rubus idaeus,OpenDryPoor
83753,Rubus idaeus,OpenDryPoor
83754,Rubus idaeus,OpenDryPoor
83755,Rubus idaeus,OpenDryPoor
83756,Rubus idaeus,OpenDryPoor
83757,Rubus idaeus,OpenDryPoor
83758,Rubus idaeus,OpenDryPoor
83759,Rubus idaeus,OpenDryPoor
83760,Rubus idaeus,OpenDryPoor
83761,Rubus idaeus,OpenDryPoor
83762,Rubus idaeus,OpenDryPoor
83763,Rubus idaeus,OpenDryPoor
83764,Rubus idaeus,OpenDryPoor
83765,Rubus idaeus,OpenDryPoor
83766,Rubus idaeus,OpenDryPoor
83767,Rubus idaeus,OpenDryPoor
83768,Rubus idaeus,OpenDryPoor
83769,Rubus idaeus,OpenDryPoor
83770,Rubus idaeus,OpenDryPoor
83771,Rubus idaeus,OpenDryPoor
83772,Rubus idaeus,OpenDryPoor
83773,Rubus idaeus,OpenDryPoor
83774,Rubus idaeus,OpenDryPoor
83775,Rubus idaeus,OpenDryPoor
83776,Rubus idaeus,OpenDryPoor
83777,Rubus idaeus,OpenDryPoor
83778,Rubus idaeus,OpenDryPoor
83779,Rubus idaeus,OpenDryPoor
83780,Rubus idaeus,OpenDryPoor
83781,Rubus idaeus,OpenDryPoor
83782,Rubus idaeus,OpenDryPoor
83783,Rubus idaeus,OpenDryPoor
83784,Rubus idaeus,OpenDryPoor
83785,Rubus idaeus,OpenDryPoor
83786,Rubus idaeus,OpenDryPoor
83787,Rubus idaeus,OpenDryPoor
83788,Rubus idaeus,OpenDryPoor
83789,Rubus idaeus,OpenDryPoor
83790,Rubus idaeus,OpenDryPoor
83791,Rubus idaeus,OpenDryPoor
83792,Rubus idaeus,OpenDryPoor
83793,Rubus idaeus,OpenDryPoor
83794,Rubus idaeus,OpenDryPoor
84317,Rubus idaeus,OpenDryPoor
84318,Rubus idaeus,OpenDryPoor
84319,Rubus idaeus,OpenDryPoor
84320,Rubus idaeus,OpenDryPoor
84321,Rubus idaeus,OpenDryPoor
84322,Rubus idaeus,OpenDryPoor
84323,Rubus idaeus,OpenDryPoor
84324,Rubus idaeus,OpenDryPoor
84325,Rubus idaeus,OpenDryPoor
84326,Rubus idaeus,OpenDryPoor
84327,Rubus idaeus,OpenDryPoor
84328,Rubus idaeus,OpenDryPoor
84329,Rubus idaeus,OpenDryPoor
84330,Rubus idaeus,OpenDryPoor
84331,Rubus idaeus,OpenDryPoor
84332,Rubus idaeus,OpenDryPoor
84333,Rubus idaeus,OpenDryPoor
84334,Rubus idaeus,OpenDryPoor
84335,Rubus idaeus,OpenDryPoor
84336,Rubus idaeus,OpenDryPoor
84337,Rubus idaeus,OpenDryPoor
84338,Rubus idaeus,OpenDryPoor
84339,Rubus idaeus,OpenDryPoor
84340,Rubus idaeus,OpenDryPoor
84341,Rubus idaeus,OpenDryPoor
84342,Rubus idaeus,OpenDryPoor
84343,Rubus idaeus,OpenDryPoor
84344,Rubus idaeus,OpenDryPoor
84345,Rubus idaeus,OpenDryPoor
84346,Rubus idaeus,OpenDryPoor
84347,Rubus idaeus,OpenDryPoor
84348,Rubus idaeus,OpenDryPoor
84349,Rubus idaeus,OpenDryPoor
84350,Rubus idaeus,OpenDryPoor
84351,Rubus idaeus,OpenDryPoor
84352,Rubus idaeus,OpenDryPoor
84353,Rubus idaeus,OpenDryPoor
84354,Rubus idaeus,OpenDryPoor
84355,Rubus idaeus,OpenDryPoor
84356,Rubus idaeus,OpenDryPoor
84357,Rubus idaeus,OpenDryPoor
84358,Rubus idaeus,OpenDryPoor
84359,Rubus idaeus,OpenDryPoor
84360,Rubus idaeus,OpenDryPoor
84361,Rubus idaeus,OpenDryPoor
84362,Rubus idaeus,OpenDryPoor
84363,Rubus idaeus,OpenDryPoor
84364,Rubus idaeus,OpenDryPoor
84365,Rubus idaeus,OpenDryPoor
84366,Rubus idaeus,OpenDryPoor
84367,Rubus idaeus,OpenDryPoor
84368,Rubus idaeus,OpenDryPoor
84369,Rubus idaeus,OpenDryPoor
84370,Rubus idaeus,OpenDryPoor
84371,Rubus idaeus,OpenDryPoor
84372,Rubus idaeus,OpenDryPoor
84373,Rubus idaeus,OpenDryPoor
84374,Rubus idaeus,OpenDryPoor
84375,Rubus idaeus,OpenDryPoor
84376,Rubus idaeus,OpenDryPoor
84377,Rubus idaeus,OpenDryPoor
84378,Rubus idaeus,OpenDryPoor
84379,Rubus idaeus,OpenDryPoor
84380,Rubus idaeus,OpenDryPoor
84381,Rubus idaeus,OpenDryPoor
84382,Rubus idaeus,OpenDryPoor
84383,RubupenDryPoor
74065,Rubus idaeus,OpenDryPoor
74066,Rubus idaeus,OpenDryPoor
74067,Rubus idaeus,OpenDryPoor
74068,Rubus idaeus,OpenDryPoor
74069,Rubus idaeus,OpenDryPoor
74070,Rubus idaeus,OpenDryPoor
74071,Rubus idaeus,OpenDryPoor
74072,Rubus idaeus,OpenDryPoor
74073,Rubus idaeus,OpenDryPoor
74595,Rubus idaeus,OpenDryPoor
74596,Rubus idaeus,OpenDryPoor
74597,Rubus idaeus,OpenDryPoor
74598,Rubus idaeus,OpenDryPoor
74599,Rubus idaeus,OpenDryPoor
74600,Rubus idaeus,OpenDryPoor
74601,Rubus idaeus,OpenDryPoor
74602,Rubus idaeus,OpenDryPoor
74603,Rubus idaeus,OpenDryPoor
74604,Rubus idaeus,OpenDryPoor
74605,Rubus idaeus,OpenDryPoor
74606,Rubus idaeus,OpenDryPoor
74607,Rubus idaeus,OpenDryPoor
74608,Rubus idaeus,OpenDryPoor
74609,Rubus idaeus,OpenDryPoor
74610,Rubus idaeus,OpenDryPoor
74611,Rubus idaeus,OpenDryPoor
74612,Rubus idaeus,OpenDryPoor
74653,Rubus idaeus,OpenDryPoor
74654,Rubus idaeus,OpenDryPoor
74655,Rubus idaeus,OpenDryPoor
74656,Rubus idaeus,OpenDryPoor
74657,Rubus idaeus,OpenDryPoor
74658,Rubus idaeus,OpenDryPoor
74659,Rubus idaeus,OpenDryPoor
74660,Rubus idaeus,OpenDryPoor
74661,Rubus idaeus,OpenDryPoor
74662,Rubus idaeus,OpenDryPoor
74663,Rubus idaeus,OpenDryPoor
74664,Rubus idaeus,OpenDryPoor
74665,Rubus idaeus,OpenDryPoor
74666,Rubus idaeus,OpenDryPoor
74667,Rubus idaeus,OpenDryPoor
74668,Rubus idaeus,OpenDryPoor
74669,Rubus idaeus,OpenDryPoor
74670,Rubus idaeus,OpenDryPoor
74671,Rubus idaeus,OpenDryPoor
74672,Rubus idaeus,OpenDryPoor
75193,Rubus idaeus,OpenDryPoor
75194,Rubus idaeus,OpenDryPoor
75195,Rubus idaeus,OpenDryPoor
75196,Rubus idaeus,OpenDryPoor
75197,Rubus idaeus,OpenDryPoor
75198,Rubus idaeus,OpenDryPoor
75199,Rubus idaeus,OpenDryPoor
75200,Rubus idaeus,OpenDryPoor
75201,Rubus idaeus,OpenDryPoor
75202,Rubus idaeus,OpenDryPoor
75203,Rubus idaeus,OpenDryPoor
75204,Rubus idaeus,OpenDryPoor
75205,Rubus idaeus,OpenDryPoor
75206,Rubus idaeus,OpenDryPoor
75207,Rubus idaeus,OpenDryPoor
75208,Rubus idaeus,OpenDryPoor
75209,Rubus idaeus,OpenDryPoor
75210,Rubus idaeus,OpenDryPoor
75211,Rubus idaeus,OpenDryPoor
75252,Rubus idaeus,OpenDryPoor
75253,Rubus idaeus,OpenDryPoor
75254,Rubus idaeus,OpenDryPoor
75255,Rubus idaeus,OpenDryPoor
75256,Rubus idaeus,OpenDryPoor
75257,Rubus idaeus,OpenDryPoor
75258,Rubus idaeus,OpenDryPoor
75259,Rubus idaeus,OpenDryPoor
75260,Rubus idaeus,OpenDryPoor
75261,Rubus idaeus,OpenDryPoor
75262,Rubus idaeus,OpenDryPoor
75263,Rubus idaeus,OpenDryPoor
75264,Rubus idaeus,OpenDryPoor
75265,Rubus idaeus,OpenDryPoor
75266,Rubus idaeus,OpenDryPoor
75267,Rubus idaeus,OpenDryPoor
75268,Rubus idaeus,OpenDryPoor
75269,Rubus idaeus,OpenDryPoor
75270,Rubus idaeus,OpenDryPoor
75271,Rubus idaeus,OpenDryPoor
75792,Rubus idaeus,OpenDryPoor
75793,Rubus idaeus,OpenDryPoor
75794,Rubus idaeus,OpenDryPoor
75795,Rubus idaeus,OpenDryPoor
75796,Rubus idaeus,OpenDryPoor
75797,Rubus idaeus,OpenDryPoor
75798,Rubus idaeus,OpenDryPoor
75799,Rubus idaeus,OpenDryPoor
75800,Rubus idaeus,OpenDryPoor
75801,Rubus idaeus,OpenDryPoor
75802,Rubus idaeus,OpenDryPoor
75803,Rubus idaeus,OpenDryPoor
75804,Rubus idaeus,OpenDryPoor
75805,Rubus idaeus,OpenDryPoor
75806,Rubus idaeus,OpenDryPoor
75807,Rubus idaeus,OpenDryPoor
75808,Rubus idaeus,OpenDryPoor
75809,Rubus idaeus,OpenDryPoor
75810,Rubus idaeus,OpenDryPoor
75851,Rubus idaeus,OpenDryPoor
75852,Rubus idaeus,OpenDryPoor
75853,Rubus idaeus,OpenDryPoor
75854,Rubus idaeus,OpenDryPoor
75855,Rubus idaeus,OpenDryPoor
75856,Rubus idaeus,OpenDryPoor
75857,Rubus idaeus,OpenDryPoor
75858,Rubus idaeus,OpenDryPoor
75859,Rubus idaeus,OpenDryPoor
75860,Rubus idaeus,OpenDryPoor
75861,Rubus idaeus,OpenDryPoor
75862,Rubus idaeus,OpenDryPoor
75863,Rubus idaeus,OpenDryPoor
75864,Rubus idaeus,OpenDryPoor
75865,Rubus idaeus,OpenDryPoor
75866,Rubus idaeus,OpenDryPoor
75867,Rubus idaeus,OpenDryPoor
75868,Rubus idaeus,OpenDryPoor
75869,Rubus idaeus,OpenDryPoor
75870,Rubus idaeus,OpenDryPoor
76391,Rubus idaeus,OpenDryPoor
76392,Rubus idaeus,OpenDryPoor
76393,Rubus idaeus,OpenDryPoor
76394,Rubus idaeus,OpenDryPoor
76395,Rubus idaeus,OpenDryPoor
76396,Rubus idaeus,OpenDryPoor
76397,Rubus idaeus,OpenD152650,Rubus idaeus,OpenDryPoor
152651,Rubus idaeus,OpenDryPoor
152652,Rubus idaeus,OpenDryPoor
152653,Rubus idaeus,OpenDryPoor
152654,Rubus idaeus,OpenDryPoor
152655,Rubus idaeus,OpenDryPoor
152656,Rubus idaeus,OpenDryPoor
152657,Rubus idaeus,OpenDryPoor
152658,Rubus idaeus,OpenDryPoor
152659,Rubus idaeus,OpenDryPoor
152660,Rubus idaeus,OpenDryPoor
152661,Rubus idaeus,OpenDryPoor
152662,Rubus idaeus,OpenDryPoor
153202,Rubus idaeus,OpenDryPoor
153203,Rubus idaeus,OpenDryPoor
153204,Rubus idaeus,OpenDryPoor
153205,Rubus idaeus,OpenDryPoor
153206,Rubus idaeus,OpenDryPoor
153207,Rubus idaeus,OpenDryPoor
153208,Rubus idaeus,OpenDryPoor
153209,Rubus idaeus,OpenDryPoor
153210,Rubus idaeus,OpenDryPoor
153211,Rubus idaeus,OpenDryPoor
153212,Rubus idaeus,OpenDryPoor
153213,Rubus idaeus,OpenDryPoor
153214,Rubus idaeus,OpenDryPoor
153215,Rubus idaeus,OpenDryPoor
153216,Rubus idaeus,OpenDryPoor
153217,Rubus idaeus,OpenDryPoor
153218,Rubus idaeus,OpenDryPoor
153219,Rubus idaeus,OpenDryPoor
153220,Rubus idaeus,OpenDryPoor
153221,Rubus idaeus,OpenDryPoor
153242,Rubus idaeus,OpenDryPoor
153243,Rubus idaeus,OpenDryPoor
153244,Rubus idaeus,OpenDryPoor
153245,Rubus idaeus,OpenDryPoor
153246,Rubus idaeus,OpenDryPoor
153247,Rubus idaeus,OpenDryPoor
153248,Rubus idaeus,OpenDryPoor
153249,Rubus idaeus,OpenDryPoor
153250,Rubus idaeus,OpenDryPoor
153251,Rubus idaeus,OpenDryPoor
153252,Rubus idaeus,OpenDryPoor
153253,Rubus idaeus,OpenDryPoor
153254,Rubus idaeus,OpenDryPoor
153255,Rubus idaeus,OpenDryPoor
153256,Rubus idaeus,OpenDryPoor
153257,Rubus idaeus,OpenDryPoor
153258,Rubus idaeus,OpenDryPoor
153259,Rubus idaeus,OpenDryPoor
153260,Rubus idaeus,OpenDryPoor
153261,Rubus idaeus,OpenDryPoor
153801,Rubus idaeus,OpenDryPoor
153802,Rubus idaeus,OpenDryPoor
153803,Rubus idaeus,OpenDryPoor
153804,Rubus idaeus,OpenDryPoor
153805,Rubus idaeus,OpenDryPoor
153806,Rubus idaeus,OpenDryPoor
153807,Rubus idaeus,OpenDryPoor
153808,Rubus idaeus,OpenDryPoor
153809,Rubus idaeus,OpenDryPoor
153810,Rubus idaeus,OpenDryPoor
153811,Rubus idaeus,OpenDryPoor
153812,Rubus idaeus,OpenDryPoor
153813,Rubus idaeus,OpenDryPoor
153814,Rubus idaeus,OpenDryPoor
153815,Rubus idaeus,OpenDryPoor
153816,Rubus idaeus,OpenDryPoor
153817,Rubus idaeus,OpenDryPoor
153818,Rubus idaeus,OpenDryPoor
153819,Rubus idaeus,OpenDryPoor
153820,Rubus idaeus,OpenDryPoor
153841,Rubus idaeus,OpenDryPoor
153842,Rubus idaeus,OpenDryPoor
153843,Rubus idaeus,OpenDryPoor
153844,Rubus idaeus,OpenDryPoor
153845,Rubus idaeus,OpenDryPoor
153846,Rubus idaeus,OpenDryPoor
153847,Rubus idaeus,OpenDryPoor
153848,Rubus idaeus,OpenDryPoor
153849,Rubus idaeus,OpenDryPoor
153850,Rubus idaeus,OpenDryPoor
153851,Rubus idaeus,OpenDryPoor
153852,Rubus idaeus,OpenDryPoor
153853,Rubus idaeus,OpenDryPoor
153854,Rubus idaeus,OpenDryPoor
153855,Rubus idaeus,OpenDryPoor
153856,Rubus idaeus,OpenDryPoor
153857,Rubus idaeus,OpenDryPoor
153858,Rubus idaeus,OpenDryPoor
153859,Rubus idaeus,OpenDryPoor
153860,Rubus idaeus,OpenDryPoor
154400,Rubus idaeus,OpenDryPoor
154401,Rubus idaeus,OpenDryPoor
154402,Rubus idaeus,OpenDryPoor
154403,Rubus idaeus,OpenDryPoor
154404,Rubus idaeus,OpenDryPoor
154405,Rubus idaeus,OpenDryPoor
154406,Rubus idaeus,OpenDryPoor
154407,Rubus idaeus,OpenDryPoor
154408,Rubus idaeus,OpenDryPoor
154409,Rubus idaeus,OpenDryPoor
154410,Rubus idaeus,OpenDryPoor
154411,Rubus idaeus,OpenDryPoor
154412,Rubus idaeus,OpenDryPoor
154413,Rubus idaeus,OpenDryPoor
154414,Rubus idaeus,OpenDryPoor
154415,Rubus idaeus,OpenDryPoor
154416,Rubus idaeus,OpenDryPoor
154417,Rubus idaeus,OpenDryPoor
154418,Rubus idaeus,OpenDryPoor
154419,Rubus idaeus,OpenDryPoor
154440,Rubus idaeus,OpenDryPoor
154441,Rubus idaeus,OpenDryPoor
154442,Rubus idaeus,OpenDryPoor
154443,Rubus idaeus,OpenDryPoor
154444,Rubus idaeus,OpenDryPoor
154445,Rubus idaeus,OpenDryPoor
154446,Rubus idaeus,OpenDryPoor
154447,Rubus idaeus,OpenDryPoor
154448,Rubus idaeus,OpenDryPoor
154449,Rubus idaeus,OpenDryPoor
154450,Rubus idaeus,OpenDryPoor
154451,Rubus idaeus,OpenDryPoor
154452,Rubus idaeus,OpenDryPoor
154453,Rubus idaeus,OpenDryPoor
154454,Rubus idaeus,OpenDryPoor
s idaeus,OpenDryPoor
84384,Rubus idaeus,OpenDryPoor
84385,Rubus idaeus,OpenDryPoor
84386,Rubus idaeus,OpenDryPoor
84387,Rubus idaeus,OpenDryPoor
84388,Rubus idaeus,OpenDryPoor
84389,Rubus idaeus,OpenDryPoor
84390,Rubus idaeus,OpenDryPoor
84391,Rubus idaeus,OpenDryPoor
84392,Rubus idaeus,OpenDryPoor
84393,Rubus idaeus,OpenDryPoor
84916,Rubus idaeus,OpenDryPoor
84917,Rubus idaeus,OpenDryPoor
84918,Rubus idaeus,OpenDryPoor
84919,Rubus idaeus,OpenDryPoor
84920,Rubus idaeus,OpenDryPoor
84921,Rubus idaeus,OpenDryPoor
84922,Rubus idaeus,OpenDryPoor
84923,Rubus idaeus,OpenDryPoor
84924,Rubus idaeus,OpenDryPoor
84925,Rubus idaeus,OpenDryPoor
84926,Rubus idaeus,OpenDryPoor
84927,Rubus idaeus,OpenDryPoor
84928,Rubus idaeus,OpenDryPoor
84929,Rubus idaeus,OpenDryPoor
84930,Rubus idaeus,OpenDryPoor
84931,Rubus idaeus,OpenDryPoor
84932,Rubus idaeus,OpenDryPoor
84933,Rubus idaeus,OpenDryPoor
84934,Rubus idaeus,OpenDryPoor
84935,Rubus idaeus,OpenDryPoor
84936,Rubus idaeus,OpenDryPoor
84937,Rubus idaeus,OpenDryPoor
84938,Rubus idaeus,OpenDryPoor
84939,Rubus idaeus,OpenDryPoor
84940,Rubus idaeus,OpenDryPoor
84941,Rubus idaeus,OpenDryPoor
84942,Rubus idaeus,OpenDryPoor
84943,Rubus idaeus,OpenDryPoor
84944,Rubus idaeus,OpenDryPoor
84945,Rubus idaeus,OpenDryPoor
84946,Rubus idaeus,OpenDryPoor
84947,Rubus idaeus,OpenDryPoor
84948,Rubus idaeus,OpenDryPoor
84949,Rubus idaeus,OpenDryPoor
84950,Rubus idaeus,OpenDryPoor
84951,Rubus idaeus,OpenDryPoor
84952,Rubus idaeus,OpenDryPoor
84953,Rubus idaeus,OpenDryPoor
84954,Rubus idaeus,OpenDryPoor
84955,Rubus idaeus,OpenDryPoor
84956,Rubus idaeus,OpenDryPoor
84957,Rubus idaeus,OpenDryPoor
84958,Rubus idaeus,OpenDryPoor
84959,Rubus idaeus,OpenDryPoor
84960,Rubus idaeus,OpenDryPoor
84961,Rubus idaeus,OpenDryPoor
84962,Rubus idaeus,OpenDryPoor
84963,Rubus idaeus,OpenDryPoor
84964,Rubus idaeus,OpenDryPoor
84965,Rubus idaeus,OpenDryPoor
84966,Rubus idaeus,OpenDryPoor
84967,Rubus idaeus,OpenDryPoor
84968,Rubus idaeus,OpenDryPoor
84969,Rubus idaeus,OpenDryPoor
84970,Rubus idaeus,OpenDryPoor
84971,Rubus idaeus,OpenDryPoor
84972,Rubus idaeus,OpenDryPoor
84973,Rubus idaeus,OpenDryPoor
84974,Rubus idaeus,OpenDryPoor
84975,Rubus idaeus,OpenDryPoor
84976,Rubus idaeus,OpenDryPoor
84977,Rubus idaeus,OpenDryPoor
84978,Rubus idaeus,OpenDryPoor
84979,Rubus idaeus,OpenDryPoor
84980,Rubus idaeus,OpenDryPoor
84981,Rubus idaeus,OpenDryPoor
84982,Rubus idaeus,OpenDryPoor
84983,Rubus idaeus,OpenDryPoor
84984,Rubus idaeus,OpenDryPoor
84985,Rubus idaeus,OpenDryPoor
84986,Rubus idaeus,OpenDryPoor
84987,Rubus idaeus,OpenDryPoor
84988,Rubus idaeus,OpenDryPoor
84989,Rubus idaeus,OpenDryPoor
84990,Rubus idaeus,OpenDryPoor
84991,Rubus idaeus,OpenDryPoor
84992,Rubus idaeus,OpenDryPoor
85515,Rubus idaeus,OpenDryPoor
85516,Rubus idaeus,OpenDryPoor
85517,Rubus idaeus,OpenDryPoor
85518,Rubus idaeus,OpenDryPoor
85519,Rubus idaeus,OpenDryPoor
85520,Rubus idaeus,OpenDryPoor
85521,Rubus idaeus,OpenDryPoor
85522,Rubus idaeus,OpenDryPoor
85523,Rubus idaeus,OpenDryPoor
85524,Rubus idaeus,OpenDryPoor
85525,Rubus idaeus,OpenDryPoor
85526,Rubus idaeus,OpenDryPoor
85527,Rubus idaeus,OpenDryPoor
85528,Rubus idaeus,OpenDryPoor
85529,Rubus idaeus,OpenDryPoor
85530,Rubus idaeus,OpenDryPoor
85531,Rubus idaeus,OpenDryPoor
85532,Rubus idaeus,OpenDryPoor
85533,Rubus idaeus,OpenDryPoor
85534,Rubus idaeus,OpenDryPoor
85535,Rubus idaeus,OpenDryPoor
85536,Rubus idaeus,OpenDryPoor
85537,Rubus idaeus,OpenDryPoor
85538,Rubus idaeus,OpenDryPoor
85539,Rubus idaeus,OpenDryPoor
85540,Rubus idaeus,OpenDryPoor
85541,Rubus idaeus,OpenDryPoor
85542,Rubus idaeus,OpenDryPoor
85543,Rubus idaeus,OpenDryPoor
85544,Rubus idaeus,OpenDryPoor
85545,Rubus idaeus,OpenDryPoor
85546,Rubus idaeus,OpenDryPoor
85547,Rubus idaeus,OpenDryPoor
85548,Rubus idaeus,OpenDryPoor
85549,Rubus idaeus,OpenDryPoor
85550,Rubus idaeus,OpenDryPoor
85551,Rubus idaeus,OpenDryPoor
85552,Rubus idaeus,OpenDryPoor
85553,Rubus idaeus,OpenDryPoor
85554,Rubus idaeus,OpenDryPoor
85555,Rubus idaeus,OpenDryPoor
85556,Rubus idaeus,OpenDryPoor
85557,Rubus idaeus,OpenDryPoor
85558,Rubus idaeus,OpenDryPoor
85559,Rubus idryPoor
76398,Rubus idaeus,OpenDryPoor
76399,Rubus idaeus,OpenDryPoor
76400,Rubus idaeus,OpenDryPoor
76401,Rubus idaeus,OpenDryPoor
76402,Rubus idaeus,OpenDryPoor
76403,Rubus idaeus,OpenDryPoor
76404,Rubus idaeus,OpenDryPoor
76405,Rubus idaeus,OpenDryPoor
76406,Rubus idaeus,OpenDryPoor
76407,Rubus idaeus,OpenDryPoor
76408,Rubus idaeus,OpenDryPoor
76409,Rubus idaeus,OpenDryPoor
76450,Rubus idaeus,OpenDryPoor
76451,Rubus idaeus,OpenDryPoor
76452,Rubus idaeus,OpenDryPoor
76453,Rubus idaeus,OpenDryPoor
76454,Rubus idaeus,OpenDryPoor
76455,Rubus idaeus,OpenDryPoor
76456,Rubus idaeus,OpenDryPoor
76457,Rubus idaeus,OpenDryPoor
76458,Rubus idaeus,OpenDryPoor
76459,Rubus idaeus,OpenDryPoor
76460,Rubus idaeus,OpenDryPoor
76461,Rubus idaeus,OpenDryPoor
76462,Rubus idaeus,OpenDryPoor
76463,Rubus idaeus,OpenDryPoor
76464,Rubus idaeus,OpenDryPoor
76465,Rubus idaeus,OpenDryPoor
76466,Rubus idaeus,OpenDryPoor
76467,Rubus idaeus,OpenDryPoor
76468,Rubus idaeus,OpenDryPoor
76469,Rubus idaeus,OpenDryPoor
76990,Rubus idaeus,OpenDryPoor
76991,Rubus idaeus,OpenDryPoor
76992,Rubus idaeus,OpenDryPoor
76993,Rubus idaeus,OpenDryPoor
76994,Rubus idaeus,OpenDryPoor
76995,Rubus idaeus,OpenDryPoor
76996,Rubus idaeus,OpenDryPoor
76997,Rubus idaeus,OpenDryPoor
76998,Rubus idaeus,OpenDryPoor
76999,Rubus idaeus,OpenDryPoor
77000,Rubus idaeus,OpenDryPoor
77001,Rubus idaeus,OpenDryPoor
77002,Rubus idaeus,OpenDryPoor
77003,Rubus idaeus,OpenDryPoor
77004,Rubus idaeus,OpenDryPoor
77005,Rubus idaeus,OpenDryPoor
77006,Rubus idaeus,OpenDryPoor
77007,Rubus idaeus,OpenDryPoor
77008,Rubus idaeus,OpenDryPoor
77049,Rubus idaeus,OpenDryPoor
77050,Rubus idaeus,OpenDryPoor
77051,Rubus idaeus,OpenDryPoor
77052,Rubus idaeus,OpenDryPoor
77053,Rubus idaeus,OpenDryPoor
77054,Rubus idaeus,OpenDryPoor
77055,Rubus idaeus,OpenDryPoor
77056,Rubus idaeus,OpenDryPoor
77057,Rubus idaeus,OpenDryPoor
77058,Rubus idaeus,OpenDryPoor
77059,Rubus idaeus,OpenDryPoor
77060,Rubus idaeus,OpenDryPoor
77061,Rubus idaeus,OpenDryPoor
77062,Rubus idaeus,OpenDryPoor
77063,Rubus idaeus,OpenDryPoor
77064,Rubus idaeus,OpenDryPoor
77065,Rubus idaeus,OpenDryPoor
77066,Rubus idaeus,OpenDryPoor
77067,Rubus idaeus,OpenDryPoor
77068,Rubus idaeus,OpenDryPoor
77588,Rubus idaeus,OpenDryPoor
77589,Rubus idaeus,OpenDryPoor
77590,Rubus idaeus,OpenDryPoor
77591,Rubus idaeus,OpenDryPoor
77592,Rubus idaeus,OpenDryPoor
77593,Rubus idaeus,OpenDryPoor
77594,Rubus idaeus,OpenDryPoor
77595,Rubus idaeus,OpenDryPoor
77596,Rubus idaeus,OpenDryPoor
77597,Rubus idaeus,OpenDryPoor
77598,Rubus idaeus,OpenDryPoor
77599,Rubus idaeus,OpenDryPoor
77600,Rubus idaeus,OpenDryPoor
77601,Rubus idaeus,OpenDryPoor
77602,Rubus idaeus,OpenDryPoor
77603,Rubus idaeus,OpenDryPoor
77604,Rubus idaeus,OpenDryPoor
77605,Rubus idaeus,OpenDryPoor
77606,Rubus idaeus,OpenDryPoor
77607,Rubus idaeus,OpenDryPoor
77648,Rubus idaeus,OpenDryPoor
77649,Rubus idaeus,OpenDryPoor
77650,Rubus idaeus,OpenDryPoor
77651,Rubus idaeus,OpenDryPoor
77652,Rubus idaeus,OpenDryPoor
77653,Rubus idaeus,OpenDryPoor
77654,Rubus idaeus,OpenDryPoor
77655,Rubus idaeus,OpenDryPoor
77656,Rubus idaeus,OpenDryPoor
77657,Rubus idaeus,OpenDryPoor
77658,Rubus idaeus,OpenDryPoor
77659,Rubus idaeus,OpenDryPoor
77660,Rubus idaeus,OpenDryPoor
77661,Rubus idaeus,OpenDryPoor
77662,Rubus idaeus,OpenDryPoor
77663,Rubus idaeus,OpenDryPoor
77664,Rubus idaeus,OpenDryPoor
77665,Rubus idaeus,OpenDryPoor
77666,Rubus idaeus,OpenDryPoor
77667,Rubus idaeus,OpenDryPoor
78187,Rubus idaeus,OpenDryPoor
78188,Rubus idaeus,OpenDryPoor
78189,Rubus idaeus,OpenDryPoor
78190,Rubus idaeus,OpenDryPoor
78191,Rubus idaeus,OpenDryPoor
78192,Rubus idaeus,OpenDryPoor
78193,Rubus idaeus,OpenDryPoor
78194,Rubus idaeus,OpenDryPoor
78195,Rubus idaeus,OpenDryPoor
78196,Rubus idaeus,OpenDryPoor
78197,Rubus idaeus,OpenDryPoor
78198,Rubus idaeus,OpenDryPoor
78199,Rubus idaeus,OpenDryPoor
78200,Rubus idaeus,OpenDryPoor
78201,Rubus idaeus,OpenDryPoor
78202,Rubus idaeus,OpenDryPoor
78203,Rubus idaeus,OpenDryPoor
78204,Rubus idaeus,OpenDryPoor
78205,Rubus idaeus,OpenDryPoor
78206,Rubus idaeus,OpenDryPoor
78247,Rubus idaeus,OpenDryPo154455,Rubus idaeus,OpenDryPoor
154456,Rubus idaeus,OpenDryPoor
154457,Rubus idaeus,OpenDryPoor
154458,Rubus idaeus,OpenDryPoor
154459,Rubus idaeus,OpenDryPoor
154999,Rubus idaeus,OpenDryPoor
155000,Rubus idaeus,OpenDryPoor
155001,Rubus idaeus,OpenDryPoor
155002,Rubus idaeus,OpenDryPoor
155003,Rubus idaeus,OpenDryPoor
155004,Rubus idaeus,OpenDryPoor
155005,Rubus idaeus,OpenDryPoor
155006,Rubus idaeus,OpenDryPoor
155007,Rubus idaeus,OpenDryPoor
155008,Rubus idaeus,OpenDryPoor
155009,Rubus idaeus,OpenDryPoor
155010,Rubus idaeus,OpenDryPoor
155011,Rubus idaeus,OpenDryPoor
155012,Rubus idaeus,OpenDryPoor
155013,Rubus idaeus,OpenDryPoor
155014,Rubus idaeus,OpenDryPoor
155015,Rubus idaeus,OpenDryPoor
155016,Rubus idaeus,OpenDryPoor
155017,Rubus idaeus,OpenDryPoor
155018,Rubus idaeus,OpenDryPoor
155039,Rubus idaeus,OpenDryPoor
155040,Rubus idaeus,OpenDryPoor
155041,Rubus idaeus,OpenDryPoor
155042,Rubus idaeus,OpenDryPoor
155043,Rubus idaeus,OpenDryPoor
155044,Rubus idaeus,OpenDryPoor
155045,Rubus idaeus,OpenDryPoor
155046,Rubus idaeus,OpenDryPoor
155047,Rubus idaeus,OpenDryPoor
155048,Rubus idaeus,OpenDryPoor
155049,Rubus idaeus,OpenDryPoor
155050,Rubus idaeus,OpenDryPoor
155051,Rubus idaeus,OpenDryPoor
155052,Rubus idaeus,OpenDryPoor
155053,Rubus idaeus,OpenDryPoor
155054,Rubus idaeus,OpenDryPoor
155055,Rubus idaeus,OpenDryPoor
155056,Rubus idaeus,OpenDryPoor
155057,Rubus idaeus,OpenDryPoor
155058,Rubus idaeus,OpenDryPoor
155598,Rubus idaeus,OpenDryPoor
155599,Rubus idaeus,OpenDryPoor
155600,Rubus idaeus,OpenDryPoor
155601,Rubus idaeus,OpenDryPoor
155602,Rubus idaeus,OpenDryPoor
155603,Rubus idaeus,OpenDryPoor
155604,Rubus idaeus,OpenDryPoor
155605,Rubus idaeus,OpenDryPoor
155606,Rubus idaeus,OpenDryPoor
155607,Rubus idaeus,OpenDryPoor
155608,Rubus idaeus,OpenDryPoor
155609,Rubus idaeus,OpenDryPoor
155610,Rubus idaeus,OpenDryPoor
155611,Rubus idaeus,OpenDryPoor
155612,Rubus idaeus,OpenDryPoor
155613,Rubus idaeus,OpenDryPoor
155614,Rubus idaeus,OpenDryPoor
155615,Rubus idaeus,OpenDryPoor
155616,Rubus idaeus,OpenDryPoor
155617,Rubus idaeus,OpenDryPoor
155638,Rubus idaeus,OpenDryPoor
155639,Rubus idaeus,OpenDryPoor
155640,Rubus idaeus,OpenDryPoor
155641,Rubus idaeus,OpenDryPoor
155642,Rubus idaeus,OpenDryPoor
155643,Rubus idaeus,OpenDryPoor
155644,Rubus idaeus,OpenDryPoor
155645,Rubus idaeus,OpenDryPoor
155646,Rubus idaeus,OpenDryPoor
155647,Rubus idaeus,OpenDryPoor
155648,Rubus idaeus,OpenDryPoor
155649,Rubus idaeus,OpenDryPoor
155650,Rubus idaeus,OpenDryPoor
155651,Rubus idaeus,OpenDryPoor
155652,Rubus idaeus,OpenDryPoor
155653,Rubus idaeus,OpenDryPoor
155654,Rubus idaeus,OpenDryPoor
155655,Rubus idaeus,OpenDryPoor
155656,Rubus idaeus,OpenDryPoor
155657,Rubus idaeus,OpenDryPoor
156197,Rubus idaeus,OpenDryPoor
156198,Rubus idaeus,OpenDryPoor
156199,Rubus idaeus,OpenDryPoor
156200,Rubus idaeus,OpenDryPoor
156201,Rubus idaeus,OpenDryPoor
156202,Rubus idaeus,OpenDryPoor
156203,Rubus idaeus,OpenDryPoor
156204,Rubus idaeus,OpenDryPoor
156205,Rubus idaeus,OpenDryPoor
156206,Rubus idaeus,OpenDryPoor
156207,Rubus idaeus,OpenDryPoor
156208,Rubus idaeus,OpenDryPoor
156209,Rubus idaeus,OpenDryPoor
156210,Rubus idaeus,OpenDryPoor
156211,Rubus idaeus,OpenDryPoor
156212,Rubus idaeus,OpenDryPoor
156213,Rubus idaeus,OpenDryPoor
156214,Rubus idaeus,OpenDryPoor
156215,Rubus idaeus,OpenDryPoor
156216,Rubus idaeus,OpenDryPoor
156237,Rubus idaeus,OpenDryPoor
156238,Rubus idaeus,OpenDryPoor
156239,Rubus idaeus,OpenDryPoor
156240,Rubus idaeus,OpenDryPoor
156241,Rubus idaeus,OpenDryPoor
156242,Rubus idaeus,OpenDryPoor
156243,Rubus idaeus,OpenDryPoor
156244,Rubus idaeus,OpenDryPoor
156245,Rubus idaeus,OpenDryPoor
156246,Rubus idaeus,OpenDryPoor
156247,Rubus idaeus,OpenDryPoor
156248,Rubus idaeus,OpenDryPoor
156249,Rubus idaeus,OpenDryPoor
156250,Rubus idaeus,OpenDryPoor
156251,Rubus idaeus,OpenDryPoor
156252,Rubus idaeus,OpenDryPoor
156253,Rubus idaeus,OpenDryPoor
156254,Rubus idaeus,OpenDryPoor
156255,Rubus idaeus,OpenDryPoor
156796,Rubus idaeus,OpenDryPoor
156797,Rubus idaeus,OpenDryPoor
156798,Rubus idaeus,OpenDryPoor
156799,Rubus idaeus,OpenDryPoor
aeus,OpenDryPoor
85560,Rubus idaeus,OpenDryPoor
85561,Rubus idaeus,OpenDryPoor
85562,Rubus idaeus,OpenDryPoor
85563,Rubus idaeus,OpenDryPoor
85564,Rubus idaeus,OpenDryPoor
85565,Rubus idaeus,OpenDryPoor
85566,Rubus idaeus,OpenDryPoor
85567,Rubus idaeus,OpenDryPoor
85568,Rubus idaeus,OpenDryPoor
85569,Rubus idaeus,OpenDryPoor
85570,Rubus idaeus,OpenDryPoor
85571,Rubus idaeus,OpenDryPoor
85572,Rubus idaeus,OpenDryPoor
85573,Rubus idaeus,OpenDryPoor
85574,Rubus idaeus,OpenDryPoor
85575,Rubus idaeus,OpenDryPoor
85576,Rubus idaeus,OpenDryPoor
85577,Rubus idaeus,OpenDryPoor
85578,Rubus idaeus,OpenDryPoor
85579,Rubus idaeus,OpenDryPoor
85580,Rubus idaeus,OpenDryPoor
85581,Rubus idaeus,OpenDryPoor
85582,Rubus idaeus,OpenDryPoor
85583,Rubus idaeus,OpenDryPoor
85584,Rubus idaeus,OpenDryPoor
85585,Rubus idaeus,OpenDryPoor
85586,Rubus idaeus,OpenDryPoor
85587,Rubus idaeus,OpenDryPoor
85588,Rubus idaeus,OpenDryPoor
85589,Rubus idaeus,OpenDryPoor
85590,Rubus idaeus,OpenDryPoor
85591,Rubus idaeus,OpenDryPoor
85592,Rubus idaeus,OpenDryPoor
86114,Rubus idaeus,OpenDryPoor
86115,Rubus idaeus,OpenDryPoor
86116,Rubus idaeus,OpenDryPoor
86117,Rubus idaeus,OpenDryPoor
86118,Rubus idaeus,OpenDryPoor
86119,Rubus idaeus,OpenDryPoor
86120,Rubus idaeus,OpenDryPoor
86121,Rubus idaeus,OpenDryPoor
86122,Rubus idaeus,OpenDryPoor
86123,Rubus idaeus,OpenDryPoor
86124,Rubus idaeus,OpenDryPoor
86125,Rubus idaeus,OpenDryPoor
86126,Rubus idaeus,OpenDryPoor
86127,Rubus idaeus,OpenDryPoor
86128,Rubus idaeus,OpenDryPoor
86129,Rubus idaeus,OpenDryPoor
86130,Rubus idaeus,OpenDryPoor
86131,Rubus idaeus,OpenDryPoor
86132,Rubus idaeus,OpenDryPoor
86133,Rubus idaeus,OpenDryPoor
86134,Rubus idaeus,OpenDryPoor
86135,Rubus idaeus,OpenDryPoor
86136,Rubus idaeus,OpenDryPoor
86137,Rubus idaeus,OpenDryPoor
86138,Rubus idaeus,OpenDryPoor
86139,Rubus idaeus,OpenDryPoor
86140,Rubus idaeus,OpenDryPoor
86141,Rubus idaeus,OpenDryPoor
86142,Rubus idaeus,OpenDryPoor
86143,Rubus idaeus,OpenDryPoor
86144,Rubus idaeus,OpenDryPoor
86145,Rubus idaeus,OpenDryPoor
86146,Rubus idaeus,OpenDryPoor
86147,Rubus idaeus,OpenDryPoor
86148,Rubus idaeus,OpenDryPoor
86149,Rubus idaeus,OpenDryPoor
86150,Rubus idaeus,OpenDryPoor
86151,Rubus idaeus,OpenDryPoor
86152,Rubus idaeus,OpenDryPoor
86153,Rubus idaeus,OpenDryPoor
86154,Rubus idaeus,OpenDryPoor
86155,Rubus idaeus,OpenDryPoor
86156,Rubus idaeus,OpenDryPoor
86157,Rubus idaeus,OpenDryPoor
86158,Rubus idaeus,OpenDryPoor
86159,Rubus idaeus,OpenDryPoor
86160,Rubus idaeus,OpenDryPoor
86161,Rubus idaeus,OpenDryPoor
86162,Rubus idaeus,OpenDryPoor
86163,Rubus idaeus,OpenDryPoor
86164,Rubus idaeus,OpenDryPoor
86165,Rubus idaeus,OpenDryPoor
86166,Rubus idaeus,OpenDryPoor
86167,Rubus idaeus,OpenDryPoor
86168,Rubus idaeus,OpenDryPoor
86169,Rubus idaeus,OpenDryPoor
86170,Rubus idaeus,OpenDryPoor
86171,Rubus idaeus,OpenDryPoor
86172,Rubus idaeus,OpenDryPoor
86173,Rubus idaeus,OpenDryPoor
86174,Rubus idaeus,OpenDryPoor
86175,Rubus idaeus,OpenDryPoor
86176,Rubus idaeus,OpenDryPoor
86177,Rubus idaeus,OpenDryPoor
86178,Rubus idaeus,OpenDryPoor
86179,Rubus idaeus,OpenDryPoor
86180,Rubus idaeus,OpenDryPoor
86181,Rubus idaeus,OpenDryPoor
86182,Rubus idaeus,OpenDryPoor
86183,Rubus idaeus,OpenDryPoor
86184,Rubus idaeus,OpenDryPoor
86185,Rubus idaeus,OpenDryPoor
86186,Rubus idaeus,OpenDryPoor
86187,Rubus idaeus,OpenDryPoor
86188,Rubus idaeus,OpenDryPoor
86189,Rubus idaeus,OpenDryPoor
86190,Rubus idaeus,OpenDryPoor
86191,Rubus idaeus,OpenDryPoor
86692,Rubus idaeus,OpenDryPoor
86713,Rubus idaeus,OpenDryPoor
86714,Rubus idaeus,OpenDryPoor
86715,Rubus idaeus,OpenDryPoor
86716,Rubus idaeus,OpenDryPoor
86717,Rubus idaeus,OpenDryPoor
86718,Rubus idaeus,OpenDryPoor
86719,Rubus idaeus,OpenDryPoor
86720,Rubus idaeus,OpenDryPoor
86721,Rubus idaeus,OpenDryPoor
86722,Rubus idaeus,OpenDryPoor
86723,Rubus idaeus,OpenDryPoor
86724,Rubus idaeus,OpenDryPoor
86725,Rubus idaeus,OpenDryPoor
86726,Rubus idaeus,OpenDryPoor
86727,Rubus idaeus,OpenDryPoor
86728,Rubus idaeus,OpenDryPoor
86729,Rubus idaeus,OpenDryPoor
86730,Rubus idaeus,OpenDryPoor
86731,Rubus idaeus,OpenDryPoor
86732,Rubus idaeusor
78248,Rubus idaeus,OpenDryPoor
78249,Rubus idaeus,OpenDryPoor
78250,Rubus idaeus,OpenDryPoor
78251,Rubus idaeus,OpenDryPoor
78252,Rubus idaeus,OpenDryPoor
78253,Rubus idaeus,OpenDryPoor
78254,Rubus idaeus,OpenDryPoor
78255,Rubus idaeus,OpenDryPoor
78256,Rubus idaeus,OpenDryPoor
78257,Rubus idaeus,OpenDryPoor
78258,Rubus idaeus,OpenDryPoor
78259,Rubus idaeus,OpenDryPoor
78260,Rubus idaeus,OpenDryPoor
78261,Rubus idaeus,OpenDryPoor
78262,Rubus idaeus,OpenDryPoor
78263,Rubus idaeus,OpenDryPoor
78264,Rubus idaeus,OpenDryPoor
78265,Rubus idaeus,OpenDryPoor
78266,Rubus idaeus,OpenDryPoor
78786,Rubus idaeus,OpenDryPoor
78787,Rubus idaeus,OpenDryPoor
78788,Rubus idaeus,OpenDryPoor
78789,Rubus idaeus,OpenDryPoor
78790,Rubus idaeus,OpenDryPoor
78791,Rubus idaeus,OpenDryPoor
78792,Rubus idaeus,OpenDryPoor
78793,Rubus idaeus,OpenDryPoor
78794,Rubus idaeus,OpenDryPoor
78795,Rubus idaeus,OpenDryPoor
78796,Rubus idaeus,OpenDryPoor
78797,Rubus idaeus,OpenDryPoor
78798,Rubus idaeus,OpenDryPoor
78799,Rubus idaeus,OpenDryPoor
78800,Rubus idaeus,OpenDryPoor
78801,Rubus idaeus,OpenDryPoor
78802,Rubus idaeus,OpenDryPoor
78803,Rubus idaeus,OpenDryPoor
78804,Rubus idaeus,OpenDryPoor
78805,Rubus idaeus,OpenDryPoor
78846,Rubus idaeus,OpenDryPoor
78847,Rubus idaeus,OpenDryPoor
78848,Rubus idaeus,OpenDryPoor
78849,Rubus idaeus,OpenDryPoor
78850,Rubus idaeus,OpenDryPoor
78851,Rubus idaeus,OpenDryPoor
78852,Rubus idaeus,OpenDryPoor
78853,Rubus idaeus,OpenDryPoor
78854,Rubus idaeus,OpenDryPoor
78855,Rubus idaeus,OpenDryPoor
78856,Rubus idaeus,OpenDryPoor
78857,Rubus idaeus,OpenDryPoor
78858,Rubus idaeus,OpenDryPoor
78859,Rubus idaeus,OpenDryPoor
78860,Rubus idaeus,OpenDryPoor
78861,Rubus idaeus,OpenDryPoor
78862,Rubus idaeus,OpenDryPoor
78863,Rubus idaeus,OpenDryPoor
78864,Rubus idaeus,OpenDryPoor
78865,Rubus idaeus,OpenDryPoor
79385,Rubus idaeus,OpenDryPoor
79386,Rubus idaeus,OpenDryPoor
79387,Rubus idaeus,OpenDryPoor
79388,Rubus idaeus,OpenDryPoor
79389,Rubus idaeus,OpenDryPoor
79390,Rubus idaeus,OpenDryPoor
79391,Rubus idaeus,OpenDryPoor
79392,Rubus idaeus,OpenDryPoor
79393,Rubus idaeus,OpenDryPoor
79394,Rubus idaeus,OpenDryPoor
79395,Rubus idaeus,OpenDryPoor
79396,Rubus idaeus,OpenDryPoor
79397,Rubus idaeus,OpenDryPoor
79398,Rubus idaeus,OpenDryPoor
79399,Rubus idaeus,OpenDryPoor
79400,Rubus idaeus,OpenDryPoor
79401,Rubus idaeus,OpenDryPoor
79402,Rubus idaeus,OpenDryPoor
79403,Rubus idaeus,OpenDryPoor
79404,Rubus idaeus,OpenDryPoor
79445,Rubus idaeus,OpenDryPoor
79446,Rubus idaeus,OpenDryPoor
79447,Rubus idaeus,OpenDryPoor
79448,Rubus idaeus,OpenDryPoor
79449,Rubus idaeus,OpenDryPoor
79450,Rubus idaeus,OpenDryPoor
79451,Rubus idaeus,OpenDryPoor
79452,Rubus idaeus,OpenDryPoor
79453,Rubus idaeus,OpenDryPoor
79454,Rubus idaeus,OpenDryPoor
79455,Rubus idaeus,OpenDryPoor
79456,Rubus idaeus,OpenDryPoor
79457,Rubus idaeus,OpenDryPoor
79458,Rubus idaeus,OpenDryPoor
79459,Rubus idaeus,OpenDryPoor
79460,Rubus idaeus,OpenDryPoor
79461,Rubus idaeus,OpenDryPoor
79462,Rubus idaeus,OpenDryPoor
79463,Rubus idaeus,OpenDryPoor
79464,Rubus idaeus,OpenDryPoor
79984,Rubus idaeus,OpenDryPoor
79985,Rubus idaeus,OpenDryPoor
79986,Rubus idaeus,OpenDryPoor
79987,Rubus idaeus,OpenDryPoor
79988,Rubus idaeus,OpenDryPoor
79989,Rubus idaeus,OpenDryPoor
79990,Rubus idaeus,OpenDryPoor
79991,Rubus idaeus,OpenDryPoor
79992,Rubus idaeus,OpenDryPoor
79993,Rubus idaeus,OpenDryPoor
79994,Rubus idaeus,OpenDryPoor
79995,Rubus idaeus,OpenDryPoor
79996,Rubus idaeus,OpenDryPoor
79997,Rubus idaeus,OpenDryPoor
79998,Rubus idaeus,OpenDryPoor
79999,Rubus idaeus,OpenDryPoor
80000,Rubus idaeus,OpenDryPoor
80001,Rubus idaeus,OpenDryPoor
80002,Rubus idaeus,OpenDryPoor
80003,Rubus idaeus,OpenDryPoor
80044,Rubus idaeus,OpenDryPoor
80045,Rubus idaeus,OpenDryPoor
80046,Rubus idaeus,OpenDryPoor
80047,Rubus idaeus,OpenDryPoor
80048,Rubus idaeus,OpenDryPoor
80049,Rubus idaeus,OpenDryPoor
80050,Rubus idaeus,OpenDryPoor
80051,Rubus idaeus,OpenDryPoor
80052,Rubus idaeus,OpenDryPoor
80053,Rubus idaeus,OpenDryPoor
80054,Rubus idaeus,OpenDryPoor
80055,Rubus idaeus,OpenDryPoor
80056,Rubus idaeus,OpenDryPoor
8156800,Rubus idaeus,OpenDryPoor
156801,Rubus idaeus,OpenDryPoor
156802,Rubus idaeus,OpenDryPoor
156803,Rubus idaeus,OpenDryPoor
156804,Rubus idaeus,OpenDryPoor
156805,Rubus idaeus,OpenDryPoor
156806,Rubus idaeus,OpenDryPoor
156807,Rubus idaeus,OpenDryPoor
156808,Rubus idaeus,OpenDryPoor
156809,Rubus idaeus,OpenDryPoor
156810,Rubus idaeus,OpenDryPoor
156811,Rubus idaeus,OpenDryPoor
156812,Rubus idaeus,OpenDryPoor
156813,Rubus idaeus,OpenDryPoor
156814,Rubus idaeus,OpenDryPoor
156815,Rubus idaeus,OpenDryPoor
156836,Rubus idaeus,OpenDryPoor
156837,Rubus idaeus,OpenDryPoor
156838,Rubus idaeus,OpenDryPoor
156839,Rubus idaeus,OpenDryPoor
156840,Rubus idaeus,OpenDryPoor
156841,Rubus idaeus,OpenDryPoor
156842,Rubus idaeus,OpenDryPoor
156843,Rubus idaeus,OpenDryPoor
156844,Rubus idaeus,OpenDryPoor
156845,Rubus idaeus,OpenDryPoor
156846,Rubus idaeus,OpenDryPoor
156847,Rubus idaeus,OpenDryPoor
156848,Rubus idaeus,OpenDryPoor
156849,Rubus idaeus,OpenDryPoor
156850,Rubus idaeus,OpenDryPoor
156851,Rubus idaeus,OpenDryPoor
156852,Rubus idaeus,OpenDryPoor
157396,Rubus idaeus,OpenDryPoor
157397,Rubus idaeus,OpenDryPoor
157398,Rubus idaeus,OpenDryPoor
157399,Rubus idaeus,OpenDryPoor
157400,Rubus idaeus,OpenDryPoor
157401,Rubus idaeus,OpenDryPoor
157402,Rubus idaeus,OpenDryPoor
157403,Rubus idaeus,OpenDryPoor
157404,Rubus idaeus,OpenDryPoor
157405,Rubus idaeus,OpenDryPoor
157406,Rubus idaeus,OpenDryPoor
157407,Rubus idaeus,OpenDryPoor
157408,Rubus idaeus,OpenDryPoor
157409,Rubus idaeus,OpenDryPoor
157410,Rubus idaeus,OpenDryPoor
157411,Rubus idaeus,OpenDryPoor
157412,Rubus idaeus,OpenDryPoor
157413,Rubus idaeus,OpenDryPoor
157414,Rubus idaeus,OpenDryPoor
157435,Rubus idaeus,OpenDryPoor
157436,Rubus idaeus,OpenDryPoor
157437,Rubus idaeus,OpenDryPoor
157438,Rubus idaeus,OpenDryPoor
157439,Rubus idaeus,OpenDryPoor
157440,Rubus idaeus,OpenDryPoor
157441,Rubus idaeus,OpenDryPoor
157442,Rubus idaeus,OpenDryPoor
157443,Rubus idaeus,OpenDryPoor
157444,Rubus idaeus,OpenDryPoor
157445,Rubus idaeus,OpenDryPoor
157446,Rubus idaeus,OpenDryPoor
157447,Rubus idaeus,OpenDryPoor
157448,Rubus idaeus,OpenDryPoor
157449,Rubus idaeus,OpenDryPoor
157450,Rubus idaeus,OpenDryPoor
157997,Rubus idaeus,OpenDryPoor
157998,Rubus idaeus,OpenDryPoor
157999,Rubus idaeus,OpenDryPoor
158000,Rubus idaeus,OpenDryPoor
158001,Rubus idaeus,OpenDryPoor
158002,Rubus idaeus,OpenDryPoor
158003,Rubus idaeus,OpenDryPoor
158004,Rubus idaeus,OpenDryPoor
158005,Rubus idaeus,OpenDryPoor
158006,Rubus idaeus,OpenDryPoor
158007,Rubus idaeus,OpenDryPoor
158008,Rubus idaeus,OpenDryPoor
158009,Rubus idaeus,OpenDryPoor
158010,Rubus idaeus,OpenDryPoor
158011,Rubus idaeus,OpenDryPoor
158012,Rubus idaeus,OpenDryPoor
158013,Rubus idaeus,OpenDryPoor
158034,Rubus idaeus,OpenDryPoor
158035,Rubus idaeus,OpenDryPoor
158036,Rubus idaeus,OpenDryPoor
158037,Rubus idaeus,OpenDryPoor
158038,Rubus idaeus,OpenDryPoor
158039,Rubus idaeus,OpenDryPoor
158040,Rubus idaeus,OpenDryPoor
158041,Rubus idaeus,OpenDryPoor
158042,Rubus idaeus,OpenDryPoor
158043,Rubus idaeus,OpenDryPoor
158044,Rubus idaeus,OpenDryPoor
158045,Rubus idaeus,OpenDryPoor
158046,Rubus idaeus,OpenDryPoor
158047,Rubus idaeus,OpenDryPoor
158598,Rubus idaeus,OpenDryPoor
158599,Rubus idaeus,OpenDryPoor
158600,Rubus idaeus,OpenDryPoor
158601,Rubus idaeus,OpenDryPoor
158602,Rubus idaeus,OpenDryPoor
158603,Rubus idaeus,OpenDryPoor
158604,Rubus idaeus,OpenDryPoor
158605,Rubus idaeus,OpenDryPoor
158606,Rubus idaeus,OpenDryPoor
158607,Rubus idaeus,OpenDryPoor
158608,Rubus idaeus,OpenDryPoor
158609,Rubus idaeus,OpenDryPoor
158610,Rubus idaeus,OpenDryPoor
158611,Rubus idaeus,OpenDryPoor
158612,Rubus idaeus,OpenDryPoor
158613,Rubus idaeus,OpenDryPoor
158614,Rubus idaeus,OpenDryPoor
158615,Rubus idaeus,OpenDryPoor
158616,Rubus idaeus,OpenDryPoor
158617,Rubus idaeus,OpenDryPoor
158618,Rubus idaeus,OpenDryPoor
158619,Rubus idaeus,OpenDryPoor
158620,Rubus idaeus,OpenDryPoor
158621,Rubus idaeus,OpenDryPoor
158622,Rubus idaeus,OpenDryPoor
158623,Rubus idaeus,OpenDryPoor
158624,Rubus idaeus,OpenDryPoor
158625,Rubus idaeus,OpenDryPoor
158626,Rubus idaeus,OpenDryPoor
,OpenDryPoor
86753,Rubus idaeus,OpenDryPoor
86754,Rubus idaeus,OpenDryPoor
86755,Rubus idaeus,OpenDryPoor
86756,Rubus idaeus,OpenDryPoor
86757,Rubus idaeus,OpenDryPoor
86758,Rubus idaeus,OpenDryPoor
86759,Rubus idaeus,OpenDryPoor
86760,Rubus idaeus,OpenDryPoor
86761,Rubus idaeus,OpenDryPoor
86762,Rubus idaeus,OpenDryPoor
86763,Rubus idaeus,OpenDryPoor
86764,Rubus idaeus,OpenDryPoor
86765,Rubus idaeus,OpenDryPoor
86766,Rubus idaeus,OpenDryPoor
86767,Rubus idaeus,OpenDryPoor
86768,Rubus idaeus,OpenDryPoor
86769,Rubus idaeus,OpenDryPoor
86770,Rubus idaeus,OpenDryPoor
86771,Rubus idaeus,OpenDryPoor
86772,Rubus idaeus,OpenDryPoor
86773,Rubus idaeus,OpenDryPoor
86774,Rubus idaeus,OpenDryPoor
86775,Rubus idaeus,OpenDryPoor
86776,Rubus idaeus,OpenDryPoor
86777,Rubus idaeus,OpenDryPoor
86778,Rubus idaeus,OpenDryPoor
86779,Rubus idaeus,OpenDryPoor
86780,Rubus idaeus,OpenDryPoor
86781,Rubus idaeus,OpenDryPoor
86782,Rubus idaeus,OpenDryPoor
86783,Rubus idaeus,OpenDryPoor
86784,Rubus idaeus,OpenDryPoor
86785,Rubus idaeus,OpenDryPoor
86786,Rubus idaeus,OpenDryPoor
86787,Rubus idaeus,OpenDryPoor
86788,Rubus idaeus,OpenDryPoor
86789,Rubus idaeus,OpenDryPoor
86790,Rubus idaeus,OpenDryPoor
87291,Rubus idaeus,OpenDryPoor
87312,Rubus idaeus,OpenDryPoor
87313,Rubus idaeus,OpenDryPoor
87314,Rubus idaeus,OpenDryPoor
87315,Rubus idaeus,OpenDryPoor
87316,Rubus idaeus,OpenDryPoor
87317,Rubus idaeus,OpenDryPoor
87318,Rubus idaeus,OpenDryPoor
87319,Rubus idaeus,OpenDryPoor
87320,Rubus idaeus,OpenDryPoor
87321,Rubus idaeus,OpenDryPoor
87322,Rubus idaeus,OpenDryPoor
87323,Rubus idaeus,OpenDryPoor
87324,Rubus idaeus,OpenDryPoor
87325,Rubus idaeus,OpenDryPoor
87326,Rubus idaeus,OpenDryPoor
87327,Rubus idaeus,OpenDryPoor
87328,Rubus idaeus,OpenDryPoor
87329,Rubus idaeus,OpenDryPoor
87330,Rubus idaeus,OpenDryPoor
87331,Rubus idaeus,OpenDryPoor
87352,Rubus idaeus,OpenDryPoor
87353,Rubus idaeus,OpenDryPoor
87354,Rubus idaeus,OpenDryPoor
87355,Rubus idaeus,OpenDryPoor
87356,Rubus idaeus,OpenDryPoor
87357,Rubus idaeus,OpenDryPoor
87358,Rubus idaeus,OpenDryPoor
87359,Rubus idaeus,OpenDryPoor
87360,Rubus idaeus,OpenDryPoor
87361,Rubus idaeus,OpenDryPoor
87362,Rubus idaeus,OpenDryPoor
87363,Rubus idaeus,OpenDryPoor
87364,Rubus idaeus,OpenDryPoor
87365,Rubus idaeus,OpenDryPoor
87366,Rubus idaeus,OpenDryPoor
87367,Rubus idaeus,OpenDryPoor
87368,Rubus idaeus,OpenDryPoor
87369,Rubus idaeus,OpenDryPoor
87370,Rubus idaeus,OpenDryPoor
87371,Rubus idaeus,OpenDryPoor
87372,Rubus idaeus,OpenDryPoor
87373,Rubus idaeus,OpenDryPoor
87374,Rubus idaeus,OpenDryPoor
87375,Rubus idaeus,OpenDryPoor
87376,Rubus idaeus,OpenDryPoor
87377,Rubus idaeus,OpenDryPoor
87378,Rubus idaeus,OpenDryPoor
87379,Rubus idaeus,OpenDryPoor
87380,Rubus idaeus,OpenDryPoor
87381,Rubus idaeus,OpenDryPoor
87382,Rubus idaeus,OpenDryPoor
87383,Rubus idaeus,OpenDryPoor
87384,Rubus idaeus,OpenDryPoor
87385,Rubus idaeus,OpenDryPoor
87386,Rubus idaeus,OpenDryPoor
87387,Rubus idaeus,OpenDryPoor
87388,Rubus idaeus,OpenDryPoor
87389,Rubus idaeus,OpenDryPoor
87890,Rubus idaeus,OpenDryPoor
87911,Rubus idaeus,OpenDryPoor
87912,Rubus idaeus,OpenDryPoor
87913,Rubus idaeus,OpenDryPoor
87914,Rubus idaeus,OpenDryPoor
87915,Rubus idaeus,OpenDryPoor
87916,Rubus idaeus,OpenDryPoor
87917,Rubus idaeus,OpenDryPoor
87918,Rubus idaeus,OpenDryPoor
87919,Rubus idaeus,OpenDryPoor
87920,Rubus idaeus,OpenDryPoor
87921,Rubus idaeus,OpenDryPoor
87922,Rubus idaeus,OpenDryPoor
87923,Rubus idaeus,OpenDryPoor
87924,Rubus idaeus,OpenDryPoor
87925,Rubus idaeus,OpenDryPoor
87926,Rubus idaeus,OpenDryPoor
87927,Rubus idaeus,OpenDryPoor
87928,Rubus idaeus,OpenDryPoor
87929,Rubus idaeus,OpenDryPoor
87930,Rubus idaeus,OpenDryPoor
87951,Rubus idaeus,OpenDryPoor
87952,Rubus idaeus,OpenDryPoor
87953,Rubus idaeus,OpenDryPoor
87954,Rubus idaeus,OpenDryPoor
87955,Rubus idaeus,OpenDryPoor
87956,Rubus idaeus,OpenDryPoor
87957,Rubus idaeus,OpenDryPoor
87958,Rubus idaeus,OpenDryPoor
87959,Rubus idaeus,OpenDryPoor
87960,Rubus idaeus,OpenDryPoor
87961,Rubus idaeus,OpenDryPoor
87962,Rubus idaeus,OpenDryPoor
87963,Rubus idaeus,OpenDryPoor
87964,Rubus idaeus,Ope0057,Rubus idaeus,OpenDryPoor
80058,Rubus idaeus,OpenDryPoor
80059,Rubus idaeus,OpenDryPoor
80060,Rubus idaeus,OpenDryPoor
80061,Rubus idaeus,OpenDryPoor
80062,Rubus idaeus,OpenDryPoor
80063,Rubus idaeus,OpenDryPoor
80583,Rubus idaeus,OpenDryPoor
80584,Rubus idaeus,OpenDryPoor
80585,Rubus idaeus,OpenDryPoor
80586,Rubus idaeus,OpenDryPoor
80587,Rubus idaeus,OpenDryPoor
80588,Rubus idaeus,OpenDryPoor
80589,Rubus idaeus,OpenDryPoor
80590,Rubus idaeus,OpenDryPoor
80591,Rubus idaeus,OpenDryPoor
80592,Rubus idaeus,OpenDryPoor
80593,Rubus idaeus,OpenDryPoor
80594,Rubus idaeus,OpenDryPoor
80595,Rubus idaeus,OpenDryPoor
80596,Rubus idaeus,OpenDryPoor
80597,Rubus idaeus,OpenDryPoor
80598,Rubus idaeus,OpenDryPoor
80599,Rubus idaeus,OpenDryPoor
80600,Rubus idaeus,OpenDryPoor
80601,Rubus idaeus,OpenDryPoor
80602,Rubus idaeus,OpenDryPoor
80643,Rubus idaeus,OpenDryPoor
80644,Rubus idaeus,OpenDryPoor
80645,Rubus idaeus,OpenDryPoor
80646,Rubus idaeus,OpenDryPoor
80647,Rubus idaeus,OpenDryPoor
80648,Rubus idaeus,OpenDryPoor
80649,Rubus idaeus,OpenDryPoor
80650,Rubus idaeus,OpenDryPoor
80651,Rubus idaeus,OpenDryPoor
80652,Rubus idaeus,OpenDryPoor
80653,Rubus idaeus,OpenDryPoor
80654,Rubus idaeus,OpenDryPoor
80655,Rubus idaeus,OpenDryPoor
80656,Rubus idaeus,OpenDryPoor
80657,Rubus idaeus,OpenDryPoor
80658,Rubus idaeus,OpenDryPoor
80659,Rubus idaeus,OpenDryPoor
80660,Rubus idaeus,OpenDryPoor
80661,Rubus idaeus,OpenDryPoor
80662,Rubus idaeus,OpenDryPoor
81182,Rubus idaeus,OpenDryPoor
81183,Rubus idaeus,OpenDryPoor
81184,Rubus idaeus,OpenDryPoor
81185,Rubus idaeus,OpenDryPoor
81186,Rubus idaeus,OpenDryPoor
81187,Rubus idaeus,OpenDryPoor
81188,Rubus idaeus,OpenDryPoor
81189,Rubus idaeus,OpenDryPoor
81190,Rubus idaeus,OpenDryPoor
81191,Rubus idaeus,OpenDryPoor
81192,Rubus idaeus,OpenDryPoor
81193,Rubus idaeus,OpenDryPoor
81194,Rubus idaeus,OpenDryPoor
81195,Rubus idaeus,OpenDryPoor
81196,Rubus idaeus,OpenDryPoor
81197,Rubus idaeus,OpenDryPoor
81198,Rubus idaeus,OpenDryPoor
81199,Rubus idaeus,OpenDryPoor
81200,Rubus idaeus,OpenDryPoor
81201,Rubus idaeus,OpenDryPoor
81242,Rubus idaeus,OpenDryPoor
81243,Rubus idaeus,OpenDryPoor
81244,Rubus idaeus,OpenDryPoor
81245,Rubus idaeus,OpenDryPoor
81246,Rubus idaeus,OpenDryPoor
81247,Rubus idaeus,OpenDryPoor
81248,Rubus idaeus,OpenDryPoor
81249,Rubus idaeus,OpenDryPoor
81250,Rubus idaeus,OpenDryPoor
81251,Rubus idaeus,OpenDryPoor
81252,Rubus idaeus,OpenDryPoor
81253,Rubus idaeus,OpenDryPoor
81254,Rubus idaeus,OpenDryPoor
81255,Rubus idaeus,OpenDryPoor
81256,Rubus idaeus,OpenDryPoor
81257,Rubus idaeus,OpenDryPoor
81258,Rubus idaeus,OpenDryPoor
81259,Rubus idaeus,OpenDryPoor
81260,Rubus idaeus,OpenDryPoor
81261,Rubus idaeus,OpenDryPoor
81781,Rubus idaeus,OpenDryPoor
81782,Rubus idaeus,OpenDryPoor
81783,Rubus idaeus,OpenDryPoor
81784,Rubus idaeus,OpenDryPoor
81785,Rubus idaeus,OpenDryPoor
81786,Rubus idaeus,OpenDryPoor
81787,Rubus idaeus,OpenDryPoor
81788,Rubus idaeus,OpenDryPoor
81789,Rubus idaeus,OpenDryPoor
81790,Rubus idaeus,OpenDryPoor
81791,Rubus idaeus,OpenDryPoor
81792,Rubus idaeus,OpenDryPoor
81793,Rubus idaeus,OpenDryPoor
81794,Rubus idaeus,OpenDryPoor
81795,Rubus idaeus,OpenDryPoor
81796,Rubus idaeus,OpenDryPoor
81797,Rubus idaeus,OpenDryPoor
81798,Rubus idaeus,OpenDryPoor
81799,Rubus idaeus,OpenDryPoor
81800,Rubus idaeus,OpenDryPoor
81841,Rubus idaeus,OpenDryPoor
81842,Rubus idaeus,OpenDryPoor
81843,Rubus idaeus,OpenDryPoor
81844,Rubus idaeus,OpenDryPoor
81845,Rubus idaeus,OpenDryPoor
81846,Rubus idaeus,OpenDryPoor
81847,Rubus idaeus,OpenDryPoor
81848,Rubus idaeus,OpenDryPoor
81849,Rubus idaeus,OpenDryPoor
81850,Rubus idaeus,OpenDryPoor
81851,Rubus idaeus,OpenDryPoor
81852,Rubus idaeus,OpenDryPoor
81853,Rubus idaeus,OpenDryPoor
81854,Rubus idaeus,OpenDryPoor
81855,Rubus idaeus,OpenDryPoor
81856,Rubus idaeus,OpenDryPoor
81857,Rubus idaeus,OpenDryPoor
81858,Rubus idaeus,OpenDryPoor
81859,Rubus idaeus,OpenDryPoor
81860,Rubus idaeus,OpenDryPoor
82380,Rubus idaeus,OpenDryPoor
82381,Rubus idaeus,OpenDryPoor
82382,Rubus idaeus,OpenDryPoor
82383,Rubus idaeus,OpenDryPoor
82384,Rubus idaeus,OpenDryPoor
82385158627,Rubus idaeus,OpenDryPoor
158628,Rubus idaeus,OpenDryPoor
158629,Rubus idaeus,OpenDryPoor
158630,Rubus idaeus,OpenDryPoor
158631,Rubus idaeus,OpenDryPoor
158632,Rubus idaeus,OpenDryPoor
159198,Rubus idaeus,OpenDryPoor
159199,Rubus idaeus,OpenDryPoor
159200,Rubus idaeus,OpenDryPoor
159201,Rubus idaeus,OpenDryPoor
159202,Rubus idaeus,OpenDryPoor
159203,Rubus idaeus,OpenDryPoor
159204,Rubus idaeus,OpenDryPoor
159205,Rubus idaeus,OpenDryPoor
159206,Rubus idaeus,OpenDryPoor
159207,Rubus idaeus,OpenDryPoor
159208,Rubus idaeus,OpenDryPoor
159209,Rubus idaeus,OpenDryPoor
159210,Rubus idaeus,OpenDryPoor
159211,Rubus idaeus,OpenDryPoor
159212,Rubus idaeus,OpenDryPoor
159213,Rubus idaeus,OpenDryPoor
159214,Rubus idaeus,OpenDryPoor
159215,Rubus idaeus,OpenDryPoor
159216,Rubus idaeus,OpenDryPoor
159217,Rubus idaeus,OpenDryPoor
159218,Rubus idaeus,OpenDryPoor
159219,Rubus idaeus,OpenDryPoor
159220,Rubus idaeus,OpenDryPoor
159221,Rubus idaeus,OpenDryPoor
159222,Rubus idaeus,OpenDryPoor
159223,Rubus idaeus,OpenDryPoor
159224,Rubus idaeus,OpenDryPoor
159225,Rubus idaeus,OpenDryPoor
159226,Rubus idaeus,OpenDryPoor
159227,Rubus idaeus,OpenDryPoor
159228,Rubus idaeus,OpenDryPoor
159229,Rubus idaeus,OpenDryPoor
159230,Rubus idaeus,OpenDryPoor
159231,Rubus idaeus,OpenDryPoor
159800,Rubus idaeus,OpenDryPoor
159801,Rubus idaeus,OpenDryPoor
159802,Rubus idaeus,OpenDryPoor
159803,Rubus idaeus,OpenDryPoor
159804,Rubus idaeus,OpenDryPoor
159805,Rubus idaeus,OpenDryPoor
159806,Rubus idaeus,OpenDryPoor
159807,Rubus idaeus,OpenDryPoor
159808,Rubus idaeus,OpenDryPoor
159809,Rubus idaeus,OpenDryPoor
159810,Rubus idaeus,OpenDryPoor
159811,Rubus idaeus,OpenDryPoor
159812,Rubus idaeus,OpenDryPoor
159813,Rubus idaeus,OpenDryPoor
159814,Rubus idaeus,OpenDryPoor
159815,Rubus idaeus,OpenDryPoor
159816,Rubus idaeus,OpenDryPoor
159817,Rubus idaeus,OpenDryPoor
159818,Rubus idaeus,OpenDryPoor
159819,Rubus idaeus,OpenDryPoor
159820,Rubus idaeus,OpenDryPoor
159821,Rubus idaeus,OpenDryPoor
159822,Rubus idaeus,OpenDryPoor
159823,Rubus idaeus,OpenDryPoor
159824,Rubus idaeus,OpenDryPoor
159825,Rubus idaeus,OpenDryPoor
159826,Rubus idaeus,OpenDryPoor
159827,Rubus idaeus,OpenDryPoor
159828,Rubus idaeus,OpenDryPoor
159829,Rubus idaeus,OpenDryPoor
159830,Rubus idaeus,OpenDryPoor
160401,Rubus idaeus,OpenDryPoor
160402,Rubus idaeus,OpenDryPoor
160403,Rubus idaeus,OpenDryPoor
160404,Rubus idaeus,OpenDryPoor
160405,Rubus idaeus,OpenDryPoor
160406,Rubus idaeus,OpenDryPoor
160407,Rubus idaeus,OpenDryPoor
160408,Rubus idaeus,OpenDryPoor
160409,Rubus idaeus,OpenDryPoor
160410,Rubus idaeus,OpenDryPoor
160411,Rubus idaeus,OpenDryPoor
160412,Rubus idaeus,OpenDryPoor
160413,Rubus idaeus,OpenDryPoor
160414,Rubus idaeus,OpenDryPoor
160415,Rubus idaeus,OpenDryPoor
160416,Rubus idaeus,OpenDryPoor
160417,Rubus idaeus,OpenDryPoor
160418,Rubus idaeus,OpenDryPoor
160419,Rubus idaeus,OpenDryPoor
160420,Rubus idaeus,OpenDryPoor
160421,Rubus idaeus,OpenDryPoor
160422,Rubus idaeus,OpenDryPoor
160423,Rubus idaeus,OpenDryPoor
160424,Rubus idaeus,OpenDryPoor
160425,Rubus idaeus,OpenDryPoor
160426,Rubus idaeus,OpenDryPoor
160427,Rubus idaeus,OpenDryPoor
160428,Rubus idaeus,OpenDryPoor
160429,Rubus idaeus,OpenDryPoor
161003,Rubus idaeus,OpenDryPoor
161004,Rubus idaeus,OpenDryPoor
161005,Rubus idaeus,OpenDryPoor
161006,Rubus idaeus,OpenDryPoor
161007,Rubus idaeus,OpenDryPoor
161008,Rubus idaeus,OpenDryPoor
161009,Rubus idaeus,OpenDryPoor
161010,Rubus idaeus,OpenDryPoor
161011,Rubus idaeus,OpenDryPoor
161012,Rubus idaeus,OpenDryPoor
161013,Rubus idaeus,OpenDryPoor
161014,Rubus idaeus,OpenDryPoor
161015,Rubus idaeus,OpenDryPoor
161016,Rubus idaeus,OpenDryPoor
161017,Rubus idaeus,OpenDryPoor
161018,Rubus idaeus,OpenDryPoor
161019,Rubus idaeus,OpenDryPoor
161020,Rubus idaeus,OpenDryPoor
161021,Rubus idaeus,OpenDryPoor
161022,Rubus idaeus,OpenDryPoor
161023,Rubus idaeus,OpenDryPoor
161024,Rubus idaeus,OpenDryPoor
161025,Rubus idaeus,OpenDryPoor
161026,Rubus idaeus,OpenDryPoor
161027,Rubus idaeus,OpenDryPoor
161028,Rubus idaeus,OpenDryPoor
161606,Rubus idaeus,OpenDryPoor
161607,Rubus idaeus,OpenDryPoor
161608,Rubus idaeus,OpenDryPoor
161609,Rubus idaeus,OpenDryPoor
161610,Rubus idaeus,OpenDryPoor
161611,Rubus idaeus,OpenDryPoor
161612,Rubus idaeus,OpenDryPoor
161613,Rubus idaeus,OpenDryPoor
161614,Rubus idaeus,OpenDryPoor
161615,Rubus idaeus,OpenDryPoor
161616,Rubus idaeus,OpenDryPoor
161617,Rubus idaeus,OpenDryPoor
161618,Rubus idaeus,OpenDryPoor
161619,Rubus idaeus,OpenDryPoor
161620,Rubus idaeus,OpenDryPoor
161621,Rubus idaeus,OpenDryPoor
161622,Rubus idaeus,OpenDryPoor
161623,Rubus idaeus,OpenDryPoor
161624,Rubus idaeus,OpenDryPoor
161625,Rubus idaeus,OpenDryPoor
161626,Rubus idaeus,OpenDryPoor
162213,Rubus idaeus,OpenDryPoor
162214,Rubus idaeus,OpenDryPoor
162215,Rubus idaeus,OpenDryPoor
162216,Rubus idaeus,OpenDryPoor
162217,Rubus idaeus,OpenDryPoor
,Rubus idaeus,OpenDryPoor
82386,Rubus idaeus,OpenDryPoor
82387,Rubus idaeus,OpenDryPoor
82388,Rubus idaeus,OpenDryPoor
82389,Rubus idaeus,OpenDryPoor
82390,Rubus idaeus,OpenDryPoor
82391,Rubus idaeus,OpenDryPoor
82392,Rubus idaeus,OpenDryPoor
82393,Rubus idaeus,OpenDryPoor
82394,Rubus idaeus,OpenDryPoor
82395,Rubus idaeus,OpenDryPoor
82396,Rubus idaeus,OpenDryPoor
82397,Rubus idaeus,OpenDryPoor
82398,Rubus idaeus,OpenDryPoor
82399,Rubus idaeus,OpenDryPoor
82440,Rubus idaeus,OpenDryPoor
82441,Rubus idaeus,OpenDryPoor
82442,Rubus idaeus,OpenDryPoor
82443,Rubus idaeus,OpenDryPoor
82444,Rubus idaeus,OpenDryPoor
82445,Rubus idaeus,OpenDryPoor
82446,Rubus idaeus,OpenDryPoor
82447,Rubus idaeus,OpenDryPoor
82448,Rubus idaeus,OpenDryPoor
82449,Rubus idaeus,OpenDryPoor
82450,Rubus idaeus,OpenDryPoor
82451,Rubus idaeus,OpenDryPoor
82452,Rubus idaeus,OpenDryPoor
82453,Rubus idaeus,OpenDryPoor
82454,Rubus idaeus,OpenDryPoor
82455,Rubus idaeus,OpenDryPoor
82456,Rubus idaeus,OpenDryPoor
82457,Rubus idaeus,OpenDryPoor
82458,Rubus idaeus,OpenDryPoor
82459,Rubus idaeus,OpenDryPoor
82979,Rubus idaeus,OpenDryPoor
82980,Rubus idaeus,OpenDryPoor
82981,Rubus idaeus,OpenDryPoor
82982,Rubus idaeus,OpenDryPoor
82983,Rubus idaeus,OpenDryPoor
82984,Rubus idaeus,OpenDryPoor
82985,Rubus idaeus,OpenDryPoor
82986,Rubus idaeus,OpenDryPoor
82987,Rubus idaeus,OpenDryPoor
82988,Rubus idaeus,OpenDryPoor
82989,Rubus idaeus,OpenDryPoor
82990,Rubus idaeus,OpenDryPoor
82991,Rubus idaeus,OpenDryPoor
82992,Rubus idaeus,OpenDryPoor
82993,Rubus idaeus,OpenDryPoor
82994,Rubus idaeus,OpenDryPoor
82995,Rubus idaeus,OpenDryPoor
82996,Rubus idaeus,OpenDryPoor
82997,Rubus idaeus,OpenDryPoor
82998,Rubus idaeus,OpenDryPoor
83039,Rubus idaeus,OpenDryPoor
83040,Rubus idaeus,OpenDryPoor
83041,Rubus idaeus,OpenDryPoor
83042,Rubus idaeus,OpenDryPoor
83043,Rubus idaeus,OpenDryPoor
83044,Rubus idaeus,OpenDryPoor
83045,Rubus idaeus,OpenDryPoor
83046,Rubus idaeus,OpenDryPoor
83047,Rubus idaeus,OpenDryPoor
83048,Rubus idaeus,OpenDryPoor
83049,Rubus idaeus,OpenDryPoor
83050,Rubus idaeus,OpenDryPoor
83051,Rubus idaeus,OpenDryPoor
83052,Rubus idaeus,OpenDryPoor
83053,Rubus idaeus,OpenDryPoor
83054,Rubus idaeus,OpenDryPoor
83055,Rubus idaeus,OpenDryPoor
83056,Rubus idaeus,OpenDryPoor
83057,Rubus idaeus,OpenDryPoor
83058,Rubus idaeus,OpenDryPoor
83578,Rubus idaeus,OpenDryPoor
83579,Rubus idaeus,OpenDryPoor
83580,Rubus idaeus,OpenDryPoor
83581,Rubus idaeus,OpenDryPoor
83582,Rubus idaeus,OpenDryPoor
83583,Rubus idaeus,OpenDryPoor
83584,Rubus idaeus,OpenDryPoor
83585,Rubus idaeus,OpenDryPoor
83586,Rubus idaeus,OpenDryPoor
83587,Rubus idaeus,OpenDryPoor
83588,Rubus idaeus,OpenDryPoor
83589,Rubus idaeus,OpenDryPoor
83590,Rubus idaeus,OpenDryPoor
83591,Rubus idaeus,OpenDryPoor
83592,Rubus idaeus,OpenDryPoor
83593,Rubus idaeus,OpenDryPoor
83594,Rubus idaeus,OpenDryPoor
83595,Rubus idaeus,OpenDryPoor
83596,Rubus idaeus,OpenDryPoor
83597,Rubus idaeus,OpenDryPoor
83638,Rubus idaeus,OpenDryPoor
83639,Rubus idaeus,OpenDryPoor
83640,Rubus idaeus,OpenDryPoor
83641,Rubus idaeus,OpenDryPoor
83642,Rubus idaeus,OpenDryPoor
83643,Rubus idaeus,OpenDryPoor
83644,Rubus idaeus,OpenDryPoor
83645,Rubus idaeus,OpenDryPoor
83646,Rubus idaeus,OpenDryPoor
83647,Rubus idaeus,OpenDryPoor
83648,Rubus idaeus,OpenDryPoor
83649,Rubus idaeus,OpenDryPoor
83650,Rubus idaeus,OpenDryPoor
83651,Rubus idaeus,OpenDryPoor
83652,Rubus idaeus,OpenDryPoor
83653,Rubus idaeus,OpenDryPoor
83654,Rubus idaeus,OpenDryPoor
83655,Rubus idaeus,OpenDryPoor
83656,Rubus idaeus,OpenDryPoor
83657,Rubus idaeus,OpenDryPoor
84177,Rubus idaeus,OpenDryPoor
84178,Rubus idaeus,OpenDryPoor
84179,Rubus idaeus,OpenDryPoor
84180,Rubus idaeus,OpenDryPoor
84181,Rubus idaeus,OpenDryPoor
84182,Rubus idaeus,OpenDryPoor
84183,Rubus idaeus,OpenDryPoor
84184,Rubus idaeus,OpenDryPoor
84185,Rubus idaeus,OpenDryPoor
84186,Rubus idaeus,OpenDryPoor
84187,Rubus idaeus,OpenDryPoor
84188,Rubus idaeus,OpenDryPoor
84189,Rubus idaeus,OpenDryPoor
84190,Rubus idaeus,OpenDryPoor
84191,Rubus idaeus,OpenDryPoor
84192,Rubus idaeus,OpenDryPoor
84193,Rubus idaeus,OpenDryPoor
84194,RubnDryPoor
87965,Rubus idaeus,OpenDryPoor
87966,Rubus idaeus,OpenDryPoor
87967,Rubus idaeus,OpenDryPoor
87968,Rubus idaeus,OpenDryPoor
87969,Rubus idaeus,OpenDryPoor
87970,Rubus idaeus,OpenDryPoor
87971,Rubus idaeus,OpenDryPoor
87972,Rubus idaeus,OpenDryPoor
87973,Rubus idaeus,OpenDryPoor
87974,Rubus idaeus,OpenDryPoor
87975,Rubus idaeus,OpenDryPoor
87976,Rubus idaeus,OpenDryPoor
87977,Rubus idaeus,OpenDryPoor
87978,Rubus idaeus,OpenDryPoor
87979,Rubus idaeus,OpenDryPoor
87980,Rubus idaeus,OpenDryPoor
87981,Rubus idaeus,OpenDryPoor
87982,Rubus idaeus,OpenDryPoor
87983,Rubus idaeus,OpenDryPoor
87984,Rubus idaeus,OpenDryPoor
87985,Rubus idaeus,OpenDryPoor
87986,Rubus idaeus,OpenDryPoor
87987,Rubus idaeus,OpenDryPoor
87988,Rubus idaeus,OpenDryPoor
88489,Rubus idaeus,OpenDryPoor
88510,Rubus idaeus,OpenDryPoor
88511,Rubus idaeus,OpenDryPoor
88512,Rubus idaeus,OpenDryPoor
88513,Rubus idaeus,OpenDryPoor
88514,Rubus idaeus,OpenDryPoor
88515,Rubus idaeus,OpenDryPoor
88516,Rubus idaeus,OpenDryPoor
88517,Rubus idaeus,OpenDryPoor
88518,Rubus idaeus,OpenDryPoor
88519,Rubus idaeus,OpenDryPoor
88520,Rubus idaeus,OpenDryPoor
88521,Rubus idaeus,OpenDryPoor
88522,Rubus idaeus,OpenDryPoor
88523,Rubus idaeus,OpenDryPoor
88524,Rubus idaeus,OpenDryPoor
88525,Rubus idaeus,OpenDryPoor
88526,Rubus idaeus,OpenDryPoor
88527,Rubus idaeus,OpenDryPoor
88528,Rubus idaeus,OpenDryPoor
88529,Rubus idaeus,OpenDryPoor
88550,Rubus idaeus,OpenDryPoor
88551,Rubus idaeus,OpenDryPoor
88552,Rubus idaeus,OpenDryPoor
88553,Rubus idaeus,OpenDryPoor
88554,Rubus idaeus,OpenDryPoor
88555,Rubus idaeus,OpenDryPoor
88556,Rubus idaeus,OpenDryPoor
88557,Rubus idaeus,OpenDryPoor
88558,Rubus idaeus,OpenDryPoor
88559,Rubus idaeus,OpenDryPoor
88560,Rubus idaeus,OpenDryPoor
88561,Rubus idaeus,OpenDryPoor
88562,Rubus idaeus,OpenDryPoor
88563,Rubus idaeus,OpenDryPoor
88564,Rubus idaeus,OpenDryPoor
88565,Rubus idaeus,OpenDryPoor
88566,Rubus idaeus,OpenDryPoor
88567,Rubus idaeus,OpenDryPoor
88568,Rubus idaeus,OpenDryPoor
88569,Rubus idaeus,OpenDryPoor
88570,Rubus idaeus,OpenDryPoor
88571,Rubus idaeus,OpenDryPoor
88572,Rubus idaeus,OpenDryPoor
88573,Rubus idaeus,OpenDryPoor
88574,Rubus idaeus,OpenDryPoor
88575,Rubus idaeus,OpenDryPoor
88576,Rubus idaeus,OpenDryPoor
88577,Rubus idaeus,OpenDryPoor
88578,Rubus idaeus,OpenDryPoor
88579,Rubus idaeus,OpenDryPoor
88580,Rubus idaeus,OpenDryPoor
88581,Rubus idaeus,OpenDryPoor
88582,Rubus idaeus,OpenDryPoor
88583,Rubus idaeus,OpenDryPoor
88584,Rubus idaeus,OpenDryPoor
88585,Rubus idaeus,OpenDryPoor
88586,Rubus idaeus,OpenDryPoor
88587,Rubus idaeus,OpenDryPoor
89088,Rubus idaeus,OpenDryPoor
89109,Rubus idaeus,OpenDryPoor
89110,Rubus idaeus,OpenDryPoor
89111,Rubus idaeus,OpenDryPoor
89112,Rubus idaeus,OpenDryPoor
89113,Rubus idaeus,OpenDryPoor
89114,Rubus idaeus,OpenDryPoor
89115,Rubus idaeus,OpenDryPoor
89116,Rubus idaeus,OpenDryPoor
89117,Rubus idaeus,OpenDryPoor
89118,Rubus idaeus,OpenDryPoor
89119,Rubus idaeus,OpenDryPoor
89120,Rubus idaeus,OpenDryPoor
89121,Rubus idaeus,OpenDryPoor
89122,Rubus idaeus,OpenDryPoor
89123,Rubus idaeus,OpenDryPoor
89124,Rubus idaeus,OpenDryPoor
89125,Rubus idaeus,OpenDryPoor
89126,Rubus idaeus,OpenDryPoor
89127,Rubus idaeus,OpenDryPoor
89128,Rubus idaeus,OpenDryPoor
89149,Rubus idaeus,OpenDryPoor
89150,Rubus idaeus,OpenDryPoor
89151,Rubus idaeus,OpenDryPoor
89152,Rubus idaeus,OpenDryPoor
89153,Rubus idaeus,OpenDryPoor
89154,Rubus idaeus,OpenDryPoor
89155,Rubus idaeus,OpenDryPoor
89156,Rubus idaeus,OpenDryPoor
89157,Rubus idaeus,OpenDryPoor
89158,Rubus idaeus,OpenDryPoor
89159,Rubus idaeus,OpenDryPoor
89160,Rubus idaeus,OpenDryPoor
89161,Rubus idaeus,OpenDryPoor
89162,Rubus idaeus,OpenDryPoor
89163,Rubus idaeus,OpenDryPoor
89164,Rubus idaeus,OpenDryPoor
89165,Rubus idaeus,OpenDryPoor
89166,Rubus idaeus,OpenDryPoor
89167,Rubus idaeus,OpenDryPoor
89168,Rubus idaeus,OpenDryPoor
89169,Rubus idaeus,OpenDryPoor
89170,Rubus idaeus,OpenDryPoor
89171,Rubus idaeus,OpenDryPoor
89172,Rubus idaeus,OpenDryPoor
89173,Rubus idaeus,OpenDryPoor
89174,Rubus idaeus,OpenDryPoor
89175,Rubus idaeus,OpenDryPoor
89176,Rubus idaeus,OpenDryPoor
89177,Rubus idaeus,OpenDryPoor
89178,Rubus idaeus,OpenDryPoor
89179,Rubus idaeus,OpenDryPoor
89180,Rubus idaeus,OpenDryPoor
89181,Rubus idaeus,OpenDryPoor
89182,Rubus idaeus,OpenDryPoor
89183,Rubus idaeus,OpenDryPoor
89184,Rubus idaeus,OpenDryPoor
89185,Rubus idaeus,OpenDryPoor
89186,Rubus idaeus,OpenDryPoor
89687,Rubus idaeus,OpenDryPoor
89708,Rubus idaeus,OpenDryPoor
89709,Rubus idaeus,OpenDryPoor
89710,Rubus idaeus,OpenDryPoor
89711,Rubus idaeus,OpenDryPoor
89712,Rubus idaeus,OpenDryPoor
89713,Rubus idaeus,OpenDryPoor
89714,Rubus idaeus,OpenDryPoor
89715,Rubus idaeus,OpenDryPoor
89716,Rubus idaeus,OpenDryPoor
89717,Rubus idaeus,OpenDryPoor
89718,Rubus idaeus,OpenDryPoor
89719,Rubus idaeus,OpenDryPoor
89720,Rubus idaeus,OpenDryPoor
89721,Rubus idaeus,OpenDryPoor
89722,Rubus idaeus,OpenDryPoor
89723,Rubus idaeus,OpenDryPoor
89724,Rubus idaeus,OpenDryPoor
89725,Rubus idaeus,OpenDryPoor
89726,Rubus idaeus,OpenDryPoor
89727,Rubus idaeus,OpenDryPoor
89748,Rubus idaeus,OpenDryPoor
89749,Rubus idaeus,OpenDryPoor
89750,Rubus idaeus,OpenDryPoor
89751,Rubus idaeus,OpenDryPoor
89752,Rubus idaeus,OpenDryPoor
89753,Rubus idaeus,OpenDryPoor
89754,Rubus idaeus,OpenDryPoor
89755,Rubus idaeus,OpenDryPoor
89756,Rubus idaeus,OpenDryPoor
89757,Rubus idaeus,OpenDryPoor
89758,Rubus idaeus,OpenDryPoor
89759,Rubus idaeus,OpenDryPoor
89760,Rubus idaeus,OpenDryPoor
89761,Rubus idaeus,OpenDryPoor
89762,Rubus idaeus,OpenDryPoor
89763,Rubus idaeus,OpenDryPoor
89764,Rubus idaeus,OpenDryPoor
89765,Rubus idaeus,OpenDryPoor
89766,Rubus idaeus,OpenDryPoor
89767,Rubus idaeus,OpenDryPoor
89768,Rubus idaeus,OpenDryPoor
89769,Rubus idaeus,OpenDryPoor
89770,Rubus idaeus,OpenDryPoor
89771,Rubus idaeus,OpenDryPoor
89772,Rubus idaeus,OpenDryPoor
89773,Rubus idaeus,OpenDryPoor
89774,Rubus idaeus,OpenDryPoor
89775,Rubus idaeus,OpenDryPoor
89776,Rubus idaeus,OpenDryPoor
89777,Rubus idaeus,OpenDryPoor
89778,Rubus idaeus,OpenDryPoor
89779,Rubus idaeus,OpenDryPoor
89780,Rubus idaeus,OpenDryPoor
89781,Rubus idaeus,OpenDryPoor
89782,Rubus idaeus,OpenDryPoor
89783,Rubus idaeus,OpenDryPoor
89784,Rubus idaeus,OpenDryPoor
89785,Rubus idaeus,OpenDryPoor
90286,Rubus idaeus,OpenDryPoor
90307,Rubus idaeus,OpenDryPoor
90308,Rubus idaeus,OpenDryPoor
90309,Rubus idaeus,OpenDryPoor
90310,Rubus idaeus,OpenDryPoor
90311,Rubus idaeus,OpenDryPoor
90312,Rubus idaeus,OpenDryPoor
90313,Rubus idaeus,OpenDryPoor
90314,Rubus idaeus,OpenDryPoor
90315,Rubus idaeus,OpenDryPoor
90316,Rubus idaeus,OpenDryPoor
90317,Rubus idaeus,OpenDryPoor
90318,Rubus idaeus,OpenDryPoor
90319,Rubus idaeus,OpenDryPoor
90320,Rubus idaeus,OpenDryPoor
90321,Rubus idaeus,OpenDryPoor
90322,Rubus idaeus,OpenDryPoor
90323,Rubus idaeus,OpenDryPoor
90324,Rubus idaeus,OpenDryPoor
90325,Rubus idaeus,OpenDryPoor
90326,Rubus idaeus,OpenDryPoor
90347,Rubus idaeus,OpenDryPoor
90348,Rubus idaeus,OpenDryPoor
90349,Rubus idaeus,OpenDryPoor
90350,Rubus idaeus,OpenDryPoor
90351,Rubus idaeus,OpenDryPoor
90352,Rubus idaeus,OpenDryPoor
90353,Rubus idaeus,OpenDryPoor
90354,Rubus idaeus,OpenDryPoor
90355,Rubus idaeus,OpenDryPoor
90356,Rubus idaeus,OpenDryPoor
90357,Rubus idaeus,OpenDryPoor
90358,Rubus idaeus,OpenDryPoor
90359,Rubus idaeus,OpenDryPoor
90360,Rubus idaeus,OpenDryPoor
90361,Rubus idaeus,OpenDryPoor
90362,Rubus idaeus,OpenDryPoor
90363,Rubus idaeus,OpenDryPoor
90364,Rubus idaeus,OpenDryPoor
90365,Rubus idaeus,OpenDryPoor
90366,Rubus idaeus,OpenDryPoor
90367,Rubus idaeus,OpenDryPoor
90368,Rubus idaeus,OpenDryPoor
90369,Rubus idaeus,OpenDryPoor
90370,Rubus idaeus,OpenDryPoor
90371,Rubus idaeus,OpenDryPoor
90372,Rubus idaeus,OpenDryPoor
90373,Rubus idaeus,OpenDryPoor
90374,Rubus idaeus,OpenDryPoor
90375,Rubus idaeus,OpenDryPoor
90376,Rubus idaeus,OpenDryPoor
90377,Rubus idaeus,OpenDryPoor
90378,Rubus idaeus,OpenDryPoor
90379,Rubus idaeus,OpenDryPoor
90380,Rubus idaeus,OpenDryPoor
90381,Rubus idaeus,OpenDryPoor
90382,Rubus idaeus,OpenDryPoor
90383,Rubus idaeus,OpenDryPoor
90384,Rubus idaeus,OpenDryPoor
90385,Rubus idaeus,OpenDryPoor
90885,Rubus idaeus,OpenDryPoor
90906,Rubus idaeus,OpenDryPoor
90907,Rubus idaeus,OpenDryPoorus idaeus,OpenDryPoor
84195,Rubus idaeus,OpenDryPoor
84196,Rubus idaeus,OpenDryPoor
84237,Rubus idaeus,OpenDryPoor
84238,Rubus idaeus,OpenDryPoor
84239,Rubus idaeus,OpenDryPoor
84240,Rubus idaeus,OpenDryPoor
84241,Rubus idaeus,OpenDryPoor
84242,Rubus idaeus,OpenDryPoor
84243,Rubus idaeus,OpenDryPoor
84244,Rubus idaeus,OpenDryPoor
84245,Rubus idaeus,OpenDryPoor
84246,Rubus idaeus,OpenDryPoor
84247,Rubus idaeus,OpenDryPoor
84248,Rubus idaeus,OpenDryPoor
84249,Rubus idaeus,OpenDryPoor
84250,Rubus idaeus,OpenDryPoor
84251,Rubus idaeus,OpenDryPoor
84252,Rubus idaeus,OpenDryPoor
84253,Rubus idaeus,OpenDryPoor
84254,Rubus idaeus,OpenDryPoor
84255,Rubus idaeus,OpenDryPoor
84256,Rubus idaeus,OpenDryPoor
84776,Rubus idaeus,OpenDryPoor
84777,Rubus idaeus,OpenDryPoor
84778,Rubus idaeus,OpenDryPoor
84779,Rubus idaeus,OpenDryPoor
84780,Rubus idaeus,OpenDryPoor
84781,Rubus idaeus,OpenDryPoor
84782,Rubus idaeus,OpenDryPoor
84783,Rubus idaeus,OpenDryPoor
84784,Rubus idaeus,OpenDryPoor
84785,Rubus idaeus,OpenDryPoor
84786,Rubus idaeus,OpenDryPoor
84787,Rubus idaeus,OpenDryPoor
84788,Rubus idaeus,OpenDryPoor
84789,Rubus idaeus,OpenDryPoor
84790,Rubus idaeus,OpenDryPoor
84791,Rubus idaeus,OpenDryPoor
84792,Rubus idaeus,OpenDryPoor
84793,Rubus idaeus,OpenDryPoor
84794,Rubus idaeus,OpenDryPoor
84795,Rubus idaeus,OpenDryPoor
84836,Rubus idaeus,OpenDryPoor
84837,Rubus idaeus,OpenDryPoor
84838,Rubus idaeus,OpenDryPoor
84839,Rubus idaeus,OpenDryPoor
84840,Rubus idaeus,OpenDryPoor
84841,Rubus idaeus,OpenDryPoor
84842,Rubus idaeus,OpenDryPoor
84843,Rubus idaeus,OpenDryPoor
84844,Rubus idaeus,OpenDryPoor
84845,Rubus idaeus,OpenDryPoor
84846,Rubus idaeus,OpenDryPoor
84847,Rubus idaeus,OpenDryPoor
84848,Rubus idaeus,OpenDryPoor
84849,Rubus idaeus,OpenDryPoor
84850,Rubus idaeus,OpenDryPoor
84851,Rubus idaeus,OpenDryPoor
84852,Rubus idaeus,OpenDryPoor
84853,Rubus idaeus,OpenDryPoor
84854,Rubus idaeus,OpenDryPoor
84855,Rubus idaeus,OpenDryPoor
85375,Rubus idaeus,OpenDryPoor
85376,Rubus idaeus,OpenDryPoor
85377,Rubus idaeus,OpenDryPoor
85378,Rubus idaeus,OpenDryPoor
85379,Rubus idaeus,OpenDryPoor
85380,Rubus idaeus,OpenDryPoor
85381,Rubus idaeus,OpenDryPoor
85382,Rubus idaeus,OpenDryPoor
85383,Rubus idaeus,OpenDryPoor
85384,Rubus idaeus,OpenDryPoor
85385,Rubus idaeus,OpenDryPoor
85386,Rubus idaeus,OpenDryPoor
85387,Rubus idaeus,OpenDryPoor
85388,Rubus idaeus,OpenDryPoor
85389,Rubus idaeus,OpenDryPoor
85390,Rubus idaeus,OpenDryPoor
85391,Rubus idaeus,OpenDryPoor
85392,Rubus idaeus,OpenDryPoor
85393,Rubus idaeus,OpenDryPoor
85394,Rubus idaeus,OpenDryPoor
85435,Rubus idaeus,OpenDryPoor
85436,Rubus idaeus,OpenDryPoor
85437,Rubus idaeus,OpenDryPoor
85438,Rubus idaeus,OpenDryPoor
85439,Rubus idaeus,OpenDryPoor
85440,Rubus idaeus,OpenDryPoor
85441,Rubus idaeus,OpenDryPoor
85442,Rubus idaeus,OpenDryPoor
85443,Rubus idaeus,OpenDryPoor
85444,Rubus idaeus,OpenDryPoor
85445,Rubus idaeus,OpenDryPoor
85446,Rubus idaeus,OpenDryPoor
85447,Rubus idaeus,OpenDryPoor
85448,Rubus idaeus,OpenDryPoor
85449,Rubus idaeus,OpenDryPoor
85450,Rubus idaeus,OpenDryPoor
85451,Rubus idaeus,OpenDryPoor
85452,Rubus idaeus,OpenDryPoor
85453,Rubus idaeus,OpenDryPoor
85454,Rubus idaeus,OpenDryPoor
85974,Rubus idaeus,OpenDryPoor
85975,Rubus idaeus,OpenDryPoor
85976,Rubus idaeus,OpenDryPoor
85977,Rubus idaeus,OpenDryPoor
85978,Rubus idaeus,OpenDryPoor
85979,Rubus idaeus,OpenDryPoor
85980,Rubus idaeus,OpenDryPoor
85981,Rubus idaeus,OpenDryPoor
85982,Rubus idaeus,OpenDryPoor
85983,Rubus idaeus,OpenDryPoor
85984,Rubus idaeus,OpenDryPoor
85985,Rubus idaeus,OpenDryPoor
85986,Rubus idaeus,OpenDryPoor
85987,Rubus idaeus,OpenDryPoor
85988,Rubus idaeus,OpenDryPoor
85989,Rubus idaeus,OpenDryPoor
85990,Rubus idaeus,OpenDryPoor
85991,Rubus idaeus,OpenDryPoor
85992,Rubus idaeus,OpenDryPoor
85993,Rubus idaeus,OpenDryPoor
86034,Rubus idaeus,OpenDryPoor
86035,Rubus idaeus,OpenDryPoor
86036,Rubus idaeus,OpenDryPoor
86037,Rubus idaeus,OpenDryPoor
86038,Rubus idaeus,OpenDryPoor
86039,Rubus idaeus,OpenDryPoor
86040,Rubus idaeus,OpenDryPoor
86041,Rubus idaeus,OpenDryPoor
86042,Rubus idaeus,OpenDryPoor
86043,Rubus i
90908,Rubus idaeus,OpenDryPoor
90909,Rubus idaeus,OpenDryPoor
90910,Rubus idaeus,OpenDryPoor
90911,Rubus idaeus,OpenDryPoor
90912,Rubus idaeus,OpenDryPoor
90913,Rubus idaeus,OpenDryPoor
90914,Rubus idaeus,OpenDryPoor
90915,Rubus idaeus,OpenDryPoor
90916,Rubus idaeus,OpenDryPoor
90917,Rubus idaeus,OpenDryPoor
90918,Rubus idaeus,OpenDryPoor
90919,Rubus idaeus,OpenDryPoor
90920,Rubus idaeus,OpenDryPoor
90921,Rubus idaeus,OpenDryPoor
90922,Rubus idaeus,OpenDryPoor
90923,Rubus idaeus,OpenDryPoor
90924,Rubus idaeus,OpenDryPoor
90925,Rubus idaeus,OpenDryPoor
90946,Rubus idaeus,OpenDryPoor
90947,Rubus idaeus,OpenDryPoor
90948,Rubus idaeus,OpenDryPoor
90949,Rubus idaeus,OpenDryPoor
90950,Rubus idaeus,OpenDryPoor
90951,Rubus idaeus,OpenDryPoor
90952,Rubus idaeus,OpenDryPoor
90953,Rubus idaeus,OpenDryPoor
90954,Rubus idaeus,OpenDryPoor
90955,Rubus idaeus,OpenDryPoor
90956,Rubus idaeus,OpenDryPoor
90957,Rubus idaeus,OpenDryPoor
90958,Rubus idaeus,OpenDryPoor
90959,Rubus idaeus,OpenDryPoor
90960,Rubus idaeus,OpenDryPoor
90961,Rubus idaeus,OpenDryPoor
90962,Rubus idaeus,OpenDryPoor
90963,Rubus idaeus,OpenDryPoor
90964,Rubus idaeus,OpenDryPoor
90965,Rubus idaeus,OpenDryPoor
90966,Rubus idaeus,OpenDryPoor
90967,Rubus idaeus,OpenDryPoor
90968,Rubus idaeus,OpenDryPoor
90969,Rubus idaeus,OpenDryPoor
90970,Rubus idaeus,OpenDryPoor
90971,Rubus idaeus,OpenDryPoor
90972,Rubus idaeus,OpenDryPoor
90973,Rubus idaeus,OpenDryPoor
90974,Rubus idaeus,OpenDryPoor
90975,Rubus idaeus,OpenDryPoor
90976,Rubus idaeus,OpenDryPoor
90977,Rubus idaeus,OpenDryPoor
90978,Rubus idaeus,OpenDryPoor
90979,Rubus idaeus,OpenDryPoor
90980,Rubus idaeus,OpenDryPoor
90981,Rubus idaeus,OpenDryPoor
90982,Rubus idaeus,OpenDryPoor
90983,Rubus idaeus,OpenDryPoor
90984,Rubus idaeus,OpenDryPoor
91484,Rubus idaeus,OpenDryPoor
91505,Rubus idaeus,OpenDryPoor
91506,Rubus idaeus,OpenDryPoor
91507,Rubus idaeus,OpenDryPoor
91508,Rubus idaeus,OpenDryPoor
91509,Rubus idaeus,OpenDryPoor
91510,Rubus idaeus,OpenDryPoor
91511,Rubus idaeus,OpenDryPoor
91512,Rubus idaeus,OpenDryPoor
91513,Rubus idaeus,OpenDryPoor
91514,Rubus idaeus,OpenDryPoor
91515,Rubus idaeus,OpenDryPoor
91516,Rubus idaeus,OpenDryPoor
91517,Rubus idaeus,OpenDryPoor
91518,Rubus idaeus,OpenDryPoor
91519,Rubus idaeus,OpenDryPoor
91520,Rubus idaeus,OpenDryPoor
91521,Rubus idaeus,OpenDryPoor
91522,Rubus idaeus,OpenDryPoor
91523,Rubus idaeus,OpenDryPoor
91524,Rubus idaeus,OpenDryPoor
91545,Rubus idaeus,OpenDryPoor
91546,Rubus idaeus,OpenDryPoor
91547,Rubus idaeus,OpenDryPoor
91548,Rubus idaeus,OpenDryPoor
91549,Rubus idaeus,OpenDryPoor
91550,Rubus idaeus,OpenDryPoor
91551,Rubus idaeus,OpenDryPoor
91552,Rubus idaeus,OpenDryPoor
91553,Rubus idaeus,OpenDryPoor
91554,Rubus idaeus,OpenDryPoor
91555,Rubus idaeus,OpenDryPoor
91556,Rubus idaeus,OpenDryPoor
91557,Rubus idaeus,OpenDryPoor
91558,Rubus idaeus,OpenDryPoor
91559,Rubus idaeus,OpenDryPoor
91560,Rubus idaeus,OpenDryPoor
91561,Rubus idaeus,OpenDryPoor
91562,Rubus idaeus,OpenDryPoor
91563,Rubus idaeus,OpenDryPoor
91564,Rubus idaeus,OpenDryPoor
91565,Rubus idaeus,OpenDryPoor
91566,Rubus idaeus,OpenDryPoor
91567,Rubus idaeus,OpenDryPoor
91568,Rubus idaeus,OpenDryPoor
91569,Rubus idaeus,OpenDryPoor
91570,Rubus idaeus,OpenDryPoor
91571,Rubus idaeus,OpenDryPoor
91572,Rubus idaeus,OpenDryPoor
91573,Rubus idaeus,OpenDryPoor
91574,Rubus idaeus,OpenDryPoor
91575,Rubus idaeus,OpenDryPoor
91576,Rubus idaeus,OpenDryPoor
91577,Rubus idaeus,OpenDryPoor
91578,Rubus idaeus,OpenDryPoor
91579,Rubus idaeus,OpenDryPoor
91580,Rubus idaeus,OpenDryPoor
91581,Rubus idaeus,OpenDryPoor
91582,Rubus idaeus,OpenDryPoor
91583,Rubus idaeus,OpenDryPoor
92083,Rubus idaeus,OpenDryPoor
92104,Rubus idaeus,OpenDryPoor
92105,Rubus idaeus,OpenDryPoor
92106,Rubus idaeus,OpenDryPoor
92107,Rubus idaeus,OpenDryPoor
92108,Rubus idaeus,OpenDryPoor
92109,Rubus idaeus,OpenDryPoor
92110,Rubus idaeus,OpenDryPoor
92111,Rubus idaeus,OpenDryPoor
92112,Rubus idaeus,OpenDryPoor
92113,Rubus idaeus,OpenDryPoor
92114,Rubus idaeus,OpenDryPoor
92115,Rubus idaeus,OpenDryPoor
92116,Rubus idaeus,OpenDryPoor
92117,Rubus idaeus,OpenDryPoor
921daeus,OpenDryPoor
86044,Rubus idaeus,OpenDryPoor
86045,Rubus idaeus,OpenDryPoor
86046,Rubus idaeus,OpenDryPoor
86047,Rubus idaeus,OpenDryPoor
86048,Rubus idaeus,OpenDryPoor
86049,Rubus idaeus,OpenDryPoor
86050,Rubus idaeus,OpenDryPoor
86051,Rubus idaeus,OpenDryPoor
86052,Rubus idaeus,OpenDryPoor
86053,Rubus idaeus,OpenDryPoor
86573,Rubus idaeus,OpenDryPoor
86574,Rubus idaeus,OpenDryPoor
86575,Rubus idaeus,OpenDryPoor
86576,Rubus idaeus,OpenDryPoor
86577,Rubus idaeus,OpenDryPoor
86578,Rubus idaeus,OpenDryPoor
86579,Rubus idaeus,OpenDryPoor
86580,Rubus idaeus,OpenDryPoor
86581,Rubus idaeus,OpenDryPoor
86582,Rubus idaeus,OpenDryPoor
86583,Rubus idaeus,OpenDryPoor
86584,Rubus idaeus,OpenDryPoor
86585,Rubus idaeus,OpenDryPoor
86586,Rubus idaeus,OpenDryPoor
86587,Rubus idaeus,OpenDryPoor
86588,Rubus idaeus,OpenDryPoor
86589,Rubus idaeus,OpenDryPoor
86590,Rubus idaeus,OpenDryPoor
86591,Rubus idaeus,OpenDryPoor
86592,Rubus idaeus,OpenDryPoor
86593,Rubus idaeus,OpenDryPoor
86594,Rubus idaeus,OpenDryPoor
86595,Rubus idaeus,OpenDryPoor
86596,Rubus idaeus,OpenDryPoor
86597,Rubus idaeus,OpenDryPoor
86598,Rubus idaeus,OpenDryPoor
86599,Rubus idaeus,OpenDryPoor
86600,Rubus idaeus,OpenDryPoor
86601,Rubus idaeus,OpenDryPoor
86602,Rubus idaeus,OpenDryPoor
86603,Rubus idaeus,OpenDryPoor
86604,Rubus idaeus,OpenDryPoor
86605,Rubus idaeus,OpenDryPoor
86606,Rubus idaeus,OpenDryPoor
86607,Rubus idaeus,OpenDryPoor
86608,Rubus idaeus,OpenDryPoor
86609,Rubus idaeus,OpenDryPoor
86610,Rubus idaeus,OpenDryPoor
86611,Rubus idaeus,OpenDryPoor
86612,Rubus idaeus,OpenDryPoor
86613,Rubus idaeus,OpenDryPoor
86614,Rubus idaeus,OpenDryPoor
86615,Rubus idaeus,OpenDryPoor
86616,Rubus idaeus,OpenDryPoor
86617,Rubus idaeus,OpenDryPoor
86618,Rubus idaeus,OpenDryPoor
86619,Rubus idaeus,OpenDryPoor
86620,Rubus idaeus,OpenDryPoor
86621,Rubus idaeus,OpenDryPoor
86622,Rubus idaeus,OpenDryPoor
86623,Rubus idaeus,OpenDryPoor
86624,Rubus idaeus,OpenDryPoor
86625,Rubus idaeus,OpenDryPoor
86626,Rubus idaeus,OpenDryPoor
86627,Rubus idaeus,OpenDryPoor
86628,Rubus idaeus,OpenDryPoor
86629,Rubus idaeus,OpenDryPoor
86630,Rubus idaeus,OpenDryPoor
86631,Rubus idaeus,OpenDryPoor
86632,Rubus idaeus,OpenDryPoor
87172,Rubus idaeus,OpenDryPoor
87173,Rubus idaeus,OpenDryPoor
87174,Rubus idaeus,OpenDryPoor
87175,Rubus idaeus,OpenDryPoor
87176,Rubus idaeus,OpenDryPoor
87177,Rubus idaeus,OpenDryPoor
87178,Rubus idaeus,OpenDryPoor
87179,Rubus idaeus,OpenDryPoor
87180,Rubus idaeus,OpenDryPoor
87181,Rubus idaeus,OpenDryPoor
87182,Rubus idaeus,OpenDryPoor
87183,Rubus idaeus,OpenDryPoor
87184,Rubus idaeus,OpenDryPoor
87185,Rubus idaeus,OpenDryPoor
87186,Rubus idaeus,OpenDryPoor
87187,Rubus idaeus,OpenDryPoor
87188,Rubus idaeus,OpenDryPoor
87189,Rubus idaeus,OpenDryPoor
87190,Rubus idaeus,OpenDryPoor
87191,Rubus idaeus,OpenDryPoor
87192,Rubus idaeus,OpenDryPoor
87193,Rubus idaeus,OpenDryPoor
87194,Rubus idaeus,OpenDryPoor
87195,Rubus idaeus,OpenDryPoor
87196,Rubus idaeus,OpenDryPoor
87197,Rubus idaeus,OpenDryPoor
87198,Rubus idaeus,OpenDryPoor
87199,Rubus idaeus,OpenDryPoor
87200,Rubus idaeus,OpenDryPoor
87201,Rubus idaeus,OpenDryPoor
87202,Rubus idaeus,OpenDryPoor
87203,Rubus idaeus,OpenDryPoor
87204,Rubus idaeus,OpenDryPoor
87205,Rubus idaeus,OpenDryPoor
87206,Rubus idaeus,OpenDryPoor
87207,Rubus idaeus,OpenDryPoor
87208,Rubus idaeus,OpenDryPoor
87209,Rubus idaeus,OpenDryPoor
87210,Rubus idaeus,OpenDryPoor
87211,Rubus idaeus,OpenDryPoor
87212,Rubus idaeus,OpenDryPoor
87213,Rubus idaeus,OpenDryPoor
87214,Rubus idaeus,OpenDryPoor
87215,Rubus idaeus,OpenDryPoor
87216,Rubus idaeus,OpenDryPoor
87217,Rubus idaeus,OpenDryPoor
87218,Rubus idaeus,OpenDryPoor
87219,Rubus idaeus,OpenDryPoor
87220,Rubus idaeus,OpenDryPoor
87221,Rubus idaeus,OpenDryPoor
87222,Rubus idaeus,OpenDryPoor
87223,Rubus idaeus,OpenDryPoor
87224,Rubus idaeus,OpenDryPoor
87225,Rubus idaeus,OpenDryPoor
87226,Rubus idaeus,OpenDryPoor
87227,Rubus idaeus,OpenDryPoor
87228,Rubus idaeus,OpenDryPoor
87229,Rubus idaeus,OpenDryPoor
87230,Rubus idaeus,OpenDryPoor
87231,Rubus idaeus,OpenDryPoor
87771,Rubus idaeus,OpenDryPoor
87772,Rubus idaeu18,Rubus idaeus,OpenDryPoor
92119,Rubus idaeus,OpenDryPoor
92120,Rubus idaeus,OpenDryPoor
92121,Rubus idaeus,OpenDryPoor
92122,Rubus idaeus,OpenDryPoor
92123,Rubus idaeus,OpenDryPoor
92144,Rubus idaeus,OpenDryPoor
92145,Rubus idaeus,OpenDryPoor
92146,Rubus idaeus,OpenDryPoor
92147,Rubus idaeus,OpenDryPoor
92148,Rubus idaeus,OpenDryPoor
92149,Rubus idaeus,OpenDryPoor
92150,Rubus idaeus,OpenDryPoor
92151,Rubus idaeus,OpenDryPoor
92152,Rubus idaeus,OpenDryPoor
92153,Rubus idaeus,OpenDryPoor
92154,Rubus idaeus,OpenDryPoor
92155,Rubus idaeus,OpenDryPoor
92156,Rubus idaeus,OpenDryPoor
92157,Rubus idaeus,OpenDryPoor
92158,Rubus idaeus,OpenDryPoor
92159,Rubus idaeus,OpenDryPoor
92160,Rubus idaeus,OpenDryPoor
92161,Rubus idaeus,OpenDryPoor
92162,Rubus idaeus,OpenDryPoor
92163,Rubus idaeus,OpenDryPoor
92164,Rubus idaeus,OpenDryPoor
92165,Rubus idaeus,OpenDryPoor
92166,Rubus idaeus,OpenDryPoor
92167,Rubus idaeus,OpenDryPoor
92168,Rubus idaeus,OpenDryPoor
92169,Rubus idaeus,OpenDryPoor
92170,Rubus idaeus,OpenDryPoor
92171,Rubus idaeus,OpenDryPoor
92172,Rubus idaeus,OpenDryPoor
92173,Rubus idaeus,OpenDryPoor
92174,Rubus idaeus,OpenDryPoor
92175,Rubus idaeus,OpenDryPoor
92176,Rubus idaeus,OpenDryPoor
92177,Rubus idaeus,OpenDryPoor
92178,Rubus idaeus,OpenDryPoor
92179,Rubus idaeus,OpenDryPoor
92180,Rubus idaeus,OpenDryPoor
92181,Rubus idaeus,OpenDryPoor
92182,Rubus idaeus,OpenDryPoor
92682,Rubus idaeus,OpenDryPoor
92703,Rubus idaeus,OpenDryPoor
92704,Rubus idaeus,OpenDryPoor
92705,Rubus idaeus,OpenDryPoor
92706,Rubus idaeus,OpenDryPoor
92707,Rubus idaeus,OpenDryPoor
92708,Rubus idaeus,OpenDryPoor
92709,Rubus idaeus,OpenDryPoor
92710,Rubus idaeus,OpenDryPoor
92711,Rubus idaeus,OpenDryPoor
92712,Rubus idaeus,OpenDryPoor
92713,Rubus idaeus,OpenDryPoor
92714,Rubus idaeus,OpenDryPoor
92715,Rubus idaeus,OpenDryPoor
92716,Rubus idaeus,OpenDryPoor
92717,Rubus idaeus,OpenDryPoor
92718,Rubus idaeus,OpenDryPoor
92719,Rubus idaeus,OpenDryPoor
92720,Rubus idaeus,OpenDryPoor
92721,Rubus idaeus,OpenDryPoor
92722,Rubus idaeus,OpenDryPoor
92743,Rubus idaeus,OpenDryPoor
92744,Rubus idaeus,OpenDryPoor
92745,Rubus idaeus,OpenDryPoor
92746,Rubus idaeus,OpenDryPoor
92747,Rubus idaeus,OpenDryPoor
92748,Rubus idaeus,OpenDryPoor
92749,Rubus idaeus,OpenDryPoor
92750,Rubus idaeus,OpenDryPoor
92751,Rubus idaeus,OpenDryPoor
92752,Rubus idaeus,OpenDryPoor
92753,Rubus idaeus,OpenDryPoor
92754,Rubus idaeus,OpenDryPoor
92755,Rubus idaeus,OpenDryPoor
92756,Rubus idaeus,OpenDryPoor
92757,Rubus idaeus,OpenDryPoor
92758,Rubus idaeus,OpenDryPoor
92759,Rubus idaeus,OpenDryPoor
92760,Rubus idaeus,OpenDryPoor
92761,Rubus idaeus,OpenDryPoor
92762,Rubus idaeus,OpenDryPoor
92763,Rubus idaeus,OpenDryPoor
92764,Rubus idaeus,OpenDryPoor
92765,Rubus idaeus,OpenDryPoor
92766,Rubus idaeus,OpenDryPoor
92767,Rubus idaeus,OpenDryPoor
92768,Rubus idaeus,OpenDryPoor
92769,Rubus idaeus,OpenDryPoor
92770,Rubus idaeus,OpenDryPoor
92771,Rubus idaeus,OpenDryPoor
92772,Rubus idaeus,OpenDryPoor
92773,Rubus idaeus,OpenDryPoor
92774,Rubus idaeus,OpenDryPoor
92775,Rubus idaeus,OpenDryPoor
92776,Rubus idaeus,OpenDryPoor
92777,Rubus idaeus,OpenDryPoor
92778,Rubus idaeus,OpenDryPoor
92779,Rubus idaeus,OpenDryPoor
92780,Rubus idaeus,OpenDryPoor
92781,Rubus idaeus,OpenDryPoor
93281,Rubus idaeus,OpenDryPoor
93302,Rubus idaeus,OpenDryPoor
93303,Rubus idaeus,OpenDryPoor
93304,Rubus idaeus,OpenDryPoor
93305,Rubus idaeus,OpenDryPoor
93306,Rubus idaeus,OpenDryPoor
93307,Rubus idaeus,OpenDryPoor
93308,Rubus idaeus,OpenDryPoor
93309,Rubus idaeus,OpenDryPoor
93310,Rubus idaeus,OpenDryPoor
93311,Rubus idaeus,OpenDryPoor
93312,Rubus idaeus,OpenDryPoor
93313,Rubus idaeus,OpenDryPoor
93314,Rubus idaeus,OpenDryPoor
93315,Rubus idaeus,OpenDryPoor
93316,Rubus idaeus,OpenDryPoor
93317,Rubus idaeus,OpenDryPoor
93318,Rubus idaeus,OpenDryPoor
93319,Rubus idaeus,OpenDryPoor
93320,Rubus idaeus,OpenDryPoor
93321,Rubus idaeus,OpenDryPoor
93342,Rubus idaeus,OpenDryPoor
93343,Rubus idaeus,OpenDryPoor
93344,Rubus idaeus,OpenDryPoor
93345,Rubus idaeus,OpenDryPoor
93346,Rubus idaeus,OpenDryPoor
93347,Rubus idaeus,OpenDryPoor
93348,Rs,OpenDryPoor
87773,Rubus idaeus,OpenDryPoor
87774,Rubus idaeus,OpenDryPoor
87775,Rubus idaeus,OpenDryPoor
87776,Rubus idaeus,OpenDryPoor
87777,Rubus idaeus,OpenDryPoor
87778,Rubus idaeus,OpenDryPoor
87779,Rubus idaeus,OpenDryPoor
87780,Rubus idaeus,OpenDryPoor
87781,Rubus idaeus,OpenDryPoor
87782,Rubus idaeus,OpenDryPoor
87783,Rubus idaeus,OpenDryPoor
87784,Rubus idaeus,OpenDryPoor
87785,Rubus idaeus,OpenDryPoor
87786,Rubus idaeus,OpenDryPoor
87787,Rubus idaeus,OpenDryPoor
87788,Rubus idaeus,OpenDryPoor
87789,Rubus idaeus,OpenDryPoor
87790,Rubus idaeus,OpenDryPoor
87791,Rubus idaeus,OpenDryPoor
87792,Rubus idaeus,OpenDryPoor
87793,Rubus idaeus,OpenDryPoor
87794,Rubus idaeus,OpenDryPoor
87795,Rubus idaeus,OpenDryPoor
87796,Rubus idaeus,OpenDryPoor
87797,Rubus idaeus,OpenDryPoor
87798,Rubus idaeus,OpenDryPoor
87799,Rubus idaeus,OpenDryPoor
87800,Rubus idaeus,OpenDryPoor
87801,Rubus idaeus,OpenDryPoor
87802,Rubus idaeus,OpenDryPoor
87803,Rubus idaeus,OpenDryPoor
87804,Rubus idaeus,OpenDryPoor
87805,Rubus idaeus,OpenDryPoor
87806,Rubus idaeus,OpenDryPoor
87807,Rubus idaeus,OpenDryPoor
87808,Rubus idaeus,OpenDryPoor
87809,Rubus idaeus,OpenDryPoor
87810,Rubus idaeus,OpenDryPoor
87811,Rubus idaeus,OpenDryPoor
87812,Rubus idaeus,OpenDryPoor
87813,Rubus idaeus,OpenDryPoor
87814,Rubus idaeus,OpenDryPoor
87815,Rubus idaeus,OpenDryPoor
87816,Rubus idaeus,OpenDryPoor
87817,Rubus idaeus,OpenDryPoor
87818,Rubus idaeus,OpenDryPoor
87819,Rubus idaeus,OpenDryPoor
87820,Rubus idaeus,OpenDryPoor
87821,Rubus idaeus,OpenDryPoor
87822,Rubus idaeus,OpenDryPoor
87823,Rubus idaeus,OpenDryPoor
87824,Rubus idaeus,OpenDryPoor
87825,Rubus idaeus,OpenDryPoor
87826,Rubus idaeus,OpenDryPoor
87827,Rubus idaeus,OpenDryPoor
87828,Rubus idaeus,OpenDryPoor
87829,Rubus idaeus,OpenDryPoor
87830,Rubus idaeus,OpenDryPoor
88370,Rubus idaeus,OpenDryPoor
88371,Rubus idaeus,OpenDryPoor
88372,Rubus idaeus,OpenDryPoor
88373,Rubus idaeus,OpenDryPoor
88374,Rubus idaeus,OpenDryPoor
88375,Rubus idaeus,OpenDryPoor
88376,Rubus idaeus,OpenDryPoor
88377,Rubus idaeus,OpenDryPoor
88378,Rubus idaeus,OpenDryPoor
88379,Rubus idaeus,OpenDryPoor
88380,Rubus idaeus,OpenDryPoor
88381,Rubus idaeus,OpenDryPoor
88382,Rubus idaeus,OpenDryPoor
88383,Rubus idaeus,OpenDryPoor
88384,Rubus idaeus,OpenDryPoor
88385,Rubus idaeus,OpenDryPoor
88386,Rubus idaeus,OpenDryPoor
88387,Rubus idaeus,OpenDryPoor
88388,Rubus idaeus,OpenDryPoor
88389,Rubus idaeus,OpenDryPoor
88390,Rubus idaeus,OpenDryPoor
88391,Rubus idaeus,OpenDryPoor
88392,Rubus idaeus,OpenDryPoor
88393,Rubus idaeus,OpenDryPoor
88394,Rubus idaeus,OpenDryPoor
88395,Rubus idaeus,OpenDryPoor
88396,Rubus idaeus,OpenDryPoor
88397,Rubus idaeus,OpenDryPoor
88398,Rubus idaeus,OpenDryPoor
88399,Rubus idaeus,OpenDryPoor
88400,Rubus idaeus,OpenDryPoor
88401,Rubus idaeus,OpenDryPoor
88402,Rubus idaeus,OpenDryPoor
88403,Rubus idaeus,OpenDryPoor
88404,Rubus idaeus,OpenDryPoor
88405,Rubus idaeus,OpenDryPoor
88406,Rubus idaeus,OpenDryPoor
88407,Rubus idaeus,OpenDryPoor
88408,Rubus idaeus,OpenDryPoor
88409,Rubus idaeus,OpenDryPoor
88410,Rubus idaeus,OpenDryPoor
88411,Rubus idaeus,OpenDryPoor
88412,Rubus idaeus,OpenDryPoor
88413,Rubus idaeus,OpenDryPoor
88414,Rubus idaeus,OpenDryPoor
88415,Rubus idaeus,OpenDryPoor
88416,Rubus idaeus,OpenDryPoor
88417,Rubus idaeus,OpenDryPoor
88418,Rubus idaeus,OpenDryPoor
88419,Rubus idaeus,OpenDryPoor
88420,Rubus idaeus,OpenDryPoor
88421,Rubus idaeus,OpenDryPoor
88422,Rubus idaeus,OpenDryPoor
88423,Rubus idaeus,OpenDryPoor
88424,Rubus idaeus,OpenDryPoor
88425,Rubus idaeus,OpenDryPoor
88426,Rubus idaeus,OpenDryPoor
88427,Rubus idaeus,OpenDryPoor
88428,Rubus idaeus,OpenDryPoor
88429,Rubus idaeus,OpenDryPoor
88969,Rubus idaeus,OpenDryPoor
88970,Rubus idaeus,OpenDryPoor
88971,Rubus idaeus,OpenDryPoor
88972,Rubus idaeus,OpenDryPoor
88973,Rubus idaeus,OpenDryPoor
88974,Rubus idaeus,OpenDryPoor
88975,Rubus idaeus,OpenDryPoor
88976,Rubus idaeus,OpenDryPoor
88977,Rubus idaeus,OpenDryPoor
88978,Rubus idaeus,OpenDryPoor
88979,Rubus idaeus,OpenDryPoor
88980,Rubus idaeus,OpenDryPoor
88981,Rubus idaeus,OpenDryPoor
88982,Rubus idaeus,Opubus idaeus,OpenDryPoor
93349,Rubus idaeus,OpenDryPoor
93350,Rubus idaeus,OpenDryPoor
93351,Rubus idaeus,OpenDryPoor
93352,Rubus idaeus,OpenDryPoor
93353,Rubus idaeus,OpenDryPoor
93354,Rubus idaeus,OpenDryPoor
93355,Rubus idaeus,OpenDryPoor
93356,Rubus idaeus,OpenDryPoor
93357,Rubus idaeus,OpenDryPoor
93358,Rubus idaeus,OpenDryPoor
93359,Rubus idaeus,OpenDryPoor
93360,Rubus idaeus,OpenDryPoor
93361,Rubus idaeus,OpenDryPoor
93362,Rubus idaeus,OpenDryPoor
93363,Rubus idaeus,OpenDryPoor
93364,Rubus idaeus,OpenDryPoor
93365,Rubus idaeus,OpenDryPoor
93366,Rubus idaeus,OpenDryPoor
93367,Rubus idaeus,OpenDryPoor
93368,Rubus idaeus,OpenDryPoor
93369,Rubus idaeus,OpenDryPoor
93370,Rubus idaeus,OpenDryPoor
93371,Rubus idaeus,OpenDryPoor
93372,Rubus idaeus,OpenDryPoor
93373,Rubus idaeus,OpenDryPoor
93374,Rubus idaeus,OpenDryPoor
93375,Rubus idaeus,OpenDryPoor
93376,Rubus idaeus,OpenDryPoor
93377,Rubus idaeus,OpenDryPoor
93378,Rubus idaeus,OpenDryPoor
93379,Rubus idaeus,OpenDryPoor
93880,Rubus idaeus,OpenDryPoor
93901,Rubus idaeus,OpenDryPoor
93902,Rubus idaeus,OpenDryPoor
93903,Rubus idaeus,OpenDryPoor
93904,Rubus idaeus,OpenDryPoor
93905,Rubus idaeus,OpenDryPoor
93906,Rubus idaeus,OpenDryPoor
93907,Rubus idaeus,OpenDryPoor
93908,Rubus idaeus,OpenDryPoor
93909,Rubus idaeus,OpenDryPoor
93910,Rubus idaeus,OpenDryPoor
93911,Rubus idaeus,OpenDryPoor
93912,Rubus idaeus,OpenDryPoor
93913,Rubus idaeus,OpenDryPoor
93914,Rubus idaeus,OpenDryPoor
93915,Rubus idaeus,OpenDryPoor
93916,Rubus idaeus,OpenDryPoor
93917,Rubus idaeus,OpenDryPoor
93918,Rubus idaeus,OpenDryPoor
93919,Rubus idaeus,OpenDryPoor
93920,Rubus idaeus,OpenDryPoor
93941,Rubus idaeus,OpenDryPoor
93942,Rubus idaeus,OpenDryPoor
93943,Rubus idaeus,OpenDryPoor
93944,Rubus idaeus,OpenDryPoor
93945,Rubus idaeus,OpenDryPoor
93946,Rubus idaeus,OpenDryPoor
93947,Rubus idaeus,OpenDryPoor
93948,Rubus idaeus,OpenDryPoor
93949,Rubus idaeus,OpenDryPoor
93950,Rubus idaeus,OpenDryPoor
93951,Rubus idaeus,OpenDryPoor
93952,Rubus idaeus,OpenDryPoor
93953,Rubus idaeus,OpenDryPoor
93954,Rubus idaeus,OpenDryPoor
93955,Rubus idaeus,OpenDryPoor
93956,Rubus idaeus,OpenDryPoor
93957,Rubus idaeus,OpenDryPoor
93958,Rubus idaeus,OpenDryPoor
93959,Rubus idaeus,OpenDryPoor
93960,Rubus idaeus,OpenDryPoor
93961,Rubus idaeus,OpenDryPoor
93962,Rubus idaeus,OpenDryPoor
93963,Rubus idaeus,OpenDryPoor
93964,Rubus idaeus,OpenDryPoor
93965,Rubus idaeus,OpenDryPoor
93966,Rubus idaeus,OpenDryPoor
93967,Rubus idaeus,OpenDryPoor
93968,Rubus idaeus,OpenDryPoor
93969,Rubus idaeus,OpenDryPoor
93970,Rubus idaeus,OpenDryPoor
93971,Rubus idaeus,OpenDryPoor
93972,Rubus idaeus,OpenDryPoor
93973,Rubus idaeus,OpenDryPoor
93974,Rubus idaeus,OpenDryPoor
93975,Rubus idaeus,OpenDryPoor
93976,Rubus idaeus,OpenDryPoor
93977,Rubus idaeus,OpenDryPoor
93978,Rubus idaeus,OpenDryPoor
94479,Rubus idaeus,OpenDryPoor
94500,Rubus idaeus,OpenDryPoor
94501,Rubus idaeus,OpenDryPoor
94502,Rubus idaeus,OpenDryPoor
94503,Rubus idaeus,OpenDryPoor
94504,Rubus idaeus,OpenDryPoor
94505,Rubus idaeus,OpenDryPoor
94506,Rubus idaeus,OpenDryPoor
94507,Rubus idaeus,OpenDryPoor
94508,Rubus idaeus,OpenDryPoor
94509,Rubus idaeus,OpenDryPoor
94510,Rubus idaeus,OpenDryPoor
94511,Rubus idaeus,OpenDryPoor
94512,Rubus idaeus,OpenDryPoor
94513,Rubus idaeus,OpenDryPoor
94514,Rubus idaeus,OpenDryPoor
94515,Rubus idaeus,OpenDryPoor
94516,Rubus idaeus,OpenDryPoor
94517,Rubus idaeus,OpenDryPoor
94518,Rubus idaeus,OpenDryPoor
94519,Rubus idaeus,OpenDryPoor
94540,Rubus idaeus,OpenDryPoor
94541,Rubus idaeus,OpenDryPoor
94542,Rubus idaeus,OpenDryPoor
94543,Rubus idaeus,OpenDryPoor
94544,Rubus idaeus,OpenDryPoor
94545,Rubus idaeus,OpenDryPoor
94546,Rubus idaeus,OpenDryPoor
94547,Rubus idaeus,OpenDryPoor
94548,Rubus idaeus,OpenDryPoor
94549,Rubus idaeus,OpenDryPoor
94550,Rubus idaeus,OpenDryPoor
94551,Rubus idaeus,OpenDryPoor
94552,Rubus idaeus,OpenDryPoor
94553,Rubus idaeus,OpenDryPoor
94554,Rubus idaeus,OpenDryPoor
94555,Rubus idaeus,OpenDryPoor
94556,Rubus idaeus,OpenDryPoor
94557,Rubus idaeus,OpenDryPoor
94558,Rubus idaeus,OpenDryPoor
94559,Rubus idaeus,OpenDryPoor
94560,RubusenDryPoor
88983,Rubus idaeus,OpenDryPoor
88984,Rubus idaeus,OpenDryPoor
88985,Rubus idaeus,OpenDryPoor
88986,Rubus idaeus,OpenDryPoor
88987,Rubus idaeus,OpenDryPoor
88988,Rubus idaeus,OpenDryPoor
88989,Rubus idaeus,OpenDryPoor
88990,Rubus idaeus,OpenDryPoor
88991,Rubus idaeus,OpenDryPoor
88992,Rubus idaeus,OpenDryPoor
88993,Rubus idaeus,OpenDryPoor
88994,Rubus idaeus,OpenDryPoor
88995,Rubus idaeus,OpenDryPoor
88996,Rubus idaeus,OpenDryPoor
88997,Rubus idaeus,OpenDryPoor
88998,Rubus idaeus,OpenDryPoor
88999,Rubus idaeus,OpenDryPoor
89000,Rubus idaeus,OpenDryPoor
89001,Rubus idaeus,OpenDryPoor
89002,Rubus idaeus,OpenDryPoor
89003,Rubus idaeus,OpenDryPoor
89004,Rubus idaeus,OpenDryPoor
89005,Rubus idaeus,OpenDryPoor
89006,Rubus idaeus,OpenDryPoor
89007,Rubus idaeus,OpenDryPoor
89008,Rubus idaeus,OpenDryPoor
89009,Rubus idaeus,OpenDryPoor
89010,Rubus idaeus,OpenDryPoor
89011,Rubus idaeus,OpenDryPoor
89012,Rubus idaeus,OpenDryPoor
89013,Rubus idaeus,OpenDryPoor
89014,Rubus idaeus,OpenDryPoor
89015,Rubus idaeus,OpenDryPoor
89016,Rubus idaeus,OpenDryPoor
89017,Rubus idaeus,OpenDryPoor
89018,Rubus idaeus,OpenDryPoor
89019,Rubus idaeus,OpenDryPoor
89020,Rubus idaeus,OpenDryPoor
89021,Rubus idaeus,OpenDryPoor
89022,Rubus idaeus,OpenDryPoor
89023,Rubus idaeus,OpenDryPoor
89024,Rubus idaeus,OpenDryPoor
89025,Rubus idaeus,OpenDryPoor
89026,Rubus idaeus,OpenDryPoor
89027,Rubus idaeus,OpenDryPoor
89028,Rubus idaeus,OpenDryPoor
89568,Rubus idaeus,OpenDryPoor
89569,Rubus idaeus,OpenDryPoor
89570,Rubus idaeus,OpenDryPoor
89571,Rubus idaeus,OpenDryPoor
89572,Rubus idaeus,OpenDryPoor
89573,Rubus idaeus,OpenDryPoor
89574,Rubus idaeus,OpenDryPoor
89575,Rubus idaeus,OpenDryPoor
89576,Rubus idaeus,OpenDryPoor
89577,Rubus idaeus,OpenDryPoor
89578,Rubus idaeus,OpenDryPoor
89579,Rubus idaeus,OpenDryPoor
89580,Rubus idaeus,OpenDryPoor
89581,Rubus idaeus,OpenDryPoor
89582,Rubus idaeus,OpenDryPoor
89583,Rubus idaeus,OpenDryPoor
89584,Rubus idaeus,OpenDryPoor
89585,Rubus idaeus,OpenDryPoor
89586,Rubus idaeus,OpenDryPoor
89587,Rubus idaeus,OpenDryPoor
89588,Rubus idaeus,OpenDryPoor
89589,Rubus idaeus,OpenDryPoor
89590,Rubus idaeus,OpenDryPoor
89591,Rubus idaeus,OpenDryPoor
89592,Rubus idaeus,OpenDryPoor
89593,Rubus idaeus,OpenDryPoor
89594,Rubus idaeus,OpenDryPoor
89595,Rubus idaeus,OpenDryPoor
89596,Rubus idaeus,OpenDryPoor
89597,Rubus idaeus,OpenDryPoor
89598,Rubus idaeus,OpenDryPoor
89599,Rubus idaeus,OpenDryPoor
89600,Rubus idaeus,OpenDryPoor
89601,Rubus idaeus,OpenDryPoor
89602,Rubus idaeus,OpenDryPoor
89603,Rubus idaeus,OpenDryPoor
89604,Rubus idaeus,OpenDryPoor
89605,Rubus idaeus,OpenDryPoor
89606,Rubus idaeus,OpenDryPoor
89607,Rubus idaeus,OpenDryPoor
89608,Rubus idaeus,OpenDryPoor
89609,Rubus idaeus,OpenDryPoor
89610,Rubus idaeus,OpenDryPoor
89611,Rubus idaeus,OpenDryPoor
89612,Rubus idaeus,OpenDryPoor
89613,Rubus idaeus,OpenDryPoor
89614,Rubus idaeus,OpenDryPoor
89615,Rubus idaeus,OpenDryPoor
89616,Rubus idaeus,OpenDryPoor
89617,Rubus idaeus,OpenDryPoor
89618,Rubus idaeus,OpenDryPoor
89619,Rubus idaeus,OpenDryPoor
89620,Rubus idaeus,OpenDryPoor
89621,Rubus idaeus,OpenDryPoor
89622,Rubus idaeus,OpenDryPoor
89623,Rubus idaeus,OpenDryPoor
89624,Rubus idaeus,OpenDryPoor
89625,Rubus idaeus,OpenDryPoor
89626,Rubus idaeus,OpenDryPoor
89627,Rubus idaeus,OpenDryPoor
90167,Rubus idaeus,OpenDryPoor
90168,Rubus idaeus,OpenDryPoor
90169,Rubus idaeus,OpenDryPoor
90170,Rubus idaeus,OpenDryPoor
90171,Rubus idaeus,OpenDryPoor
90172,Rubus idaeus,OpenDryPoor
90173,Rubus idaeus,OpenDryPoor
90174,Rubus idaeus,OpenDryPoor
90175,Rubus idaeus,OpenDryPoor
90176,Rubus idaeus,OpenDryPoor
90177,Rubus idaeus,OpenDryPoor
90178,Rubus idaeus,OpenDryPoor
90179,Rubus idaeus,OpenDryPoor
90180,Rubus idaeus,OpenDryPoor
90181,Rubus idaeus,OpenDryPoor
90182,Rubus idaeus,OpenDryPoor
90183,Rubus idaeus,OpenDryPoor
90184,Rubus idaeus,OpenDryPoor
90185,Rubus idaeus,OpenDryPoor
90186,Rubus idaeus,OpenDryPoor
90187,Rubus idaeus,OpenDryPoor
90188,Rubus idaeus,OpenDryPoor
90189,Rubus idaeus,OpenDryPoor
90190,Rubus idaeus,OpenDryPoor
90191,Rubus idaeus,OpenDryPoor
90192,Rubus idaeus,OpenDr idaeus,OpenDryPoor
94561,Rubus idaeus,OpenDryPoor
94562,Rubus idaeus,OpenDryPoor
94563,Rubus idaeus,OpenDryPoor
94564,Rubus idaeus,OpenDryPoor
94565,Rubus idaeus,OpenDryPoor
94566,Rubus idaeus,OpenDryPoor
94567,Rubus idaeus,OpenDryPoor
94568,Rubus idaeus,OpenDryPoor
94569,Rubus idaeus,OpenDryPoor
94570,Rubus idaeus,OpenDryPoor
94571,Rubus idaeus,OpenDryPoor
94572,Rubus idaeus,OpenDryPoor
94573,Rubus idaeus,OpenDryPoor
94574,Rubus idaeus,OpenDryPoor
94575,Rubus idaeus,OpenDryPoor
94576,Rubus idaeus,OpenDryPoor
94577,Rubus idaeus,OpenDryPoor
95078,Rubus idaeus,OpenDryPoor
95099,Rubus idaeus,OpenDryPoor
95100,Rubus idaeus,OpenDryPoor
95101,Rubus idaeus,OpenDryPoor
95102,Rubus idaeus,OpenDryPoor
95103,Rubus idaeus,OpenDryPoor
95104,Rubus idaeus,OpenDryPoor
95105,Rubus idaeus,OpenDryPoor
95106,Rubus idaeus,OpenDryPoor
95107,Rubus idaeus,OpenDryPoor
95108,Rubus idaeus,OpenDryPoor
95109,Rubus idaeus,OpenDryPoor
95110,Rubus idaeus,OpenDryPoor
95111,Rubus idaeus,OpenDryPoor
95112,Rubus idaeus,OpenDryPoor
95113,Rubus idaeus,OpenDryPoor
95114,Rubus idaeus,OpenDryPoor
95115,Rubus idaeus,OpenDryPoor
95116,Rubus idaeus,OpenDryPoor
95117,Rubus idaeus,OpenDryPoor
95118,Rubus idaeus,OpenDryPoor
95139,Rubus idaeus,OpenDryPoor
95140,Rubus idaeus,OpenDryPoor
95141,Rubus idaeus,OpenDryPoor
95142,Rubus idaeus,OpenDryPoor
95143,Rubus idaeus,OpenDryPoor
95144,Rubus idaeus,OpenDryPoor
95145,Rubus idaeus,OpenDryPoor
95146,Rubus idaeus,OpenDryPoor
95147,Rubus idaeus,OpenDryPoor
95148,Rubus idaeus,OpenDryPoor
95149,Rubus idaeus,OpenDryPoor
95150,Rubus idaeus,OpenDryPoor
95151,Rubus idaeus,OpenDryPoor
95152,Rubus idaeus,OpenDryPoor
95153,Rubus idaeus,OpenDryPoor
95154,Rubus idaeus,OpenDryPoor
95155,Rubus idaeus,OpenDryPoor
95156,Rubus idaeus,OpenDryPoor
95157,Rubus idaeus,OpenDryPoor
95158,Rubus idaeus,OpenDryPoor
95159,Rubus idaeus,OpenDryPoor
95160,Rubus idaeus,OpenDryPoor
95161,Rubus idaeus,OpenDryPoor
95162,Rubus idaeus,OpenDryPoor
95163,Rubus idaeus,OpenDryPoor
95164,Rubus idaeus,OpenDryPoor
95165,Rubus idaeus,OpenDryPoor
95166,Rubus idaeus,OpenDryPoor
95167,Rubus idaeus,OpenDryPoor
95168,Rubus idaeus,OpenDryPoor
95169,Rubus idaeus,OpenDryPoor
95170,Rubus idaeus,OpenDryPoor
95171,Rubus idaeus,OpenDryPoor
95172,Rubus idaeus,OpenDryPoor
95173,Rubus idaeus,OpenDryPoor
95174,Rubus idaeus,OpenDryPoor
95175,Rubus idaeus,OpenDryPoor
95176,Rubus idaeus,OpenDryPoor
95677,Rubus idaeus,OpenDryPoor
95698,Rubus idaeus,OpenDryPoor
95699,Rubus idaeus,OpenDryPoor
95700,Rubus idaeus,OpenDryPoor
95701,Rubus idaeus,OpenDryPoor
95702,Rubus idaeus,OpenDryPoor
95703,Rubus idaeus,OpenDryPoor
95704,Rubus idaeus,OpenDryPoor
95705,Rubus idaeus,OpenDryPoor
95706,Rubus idaeus,OpenDryPoor
95707,Rubus idaeus,OpenDryPoor
95708,Rubus idaeus,OpenDryPoor
95709,Rubus idaeus,OpenDryPoor
95710,Rubus idaeus,OpenDryPoor
95711,Rubus idaeus,OpenDryPoor
95712,Rubus idaeus,OpenDryPoor
95713,Rubus idaeus,OpenDryPoor
95714,Rubus idaeus,OpenDryPoor
95715,Rubus idaeus,OpenDryPoor
95716,Rubus idaeus,OpenDryPoor
95717,Rubus idaeus,OpenDryPoor
95738,Rubus idaeus,OpenDryPoor
95739,Rubus idaeus,OpenDryPoor
95740,Rubus idaeus,OpenDryPoor
95741,Rubus idaeus,OpenDryPoor
95742,Rubus idaeus,OpenDryPoor
95743,Rubus idaeus,OpenDryPoor
95744,Rubus idaeus,OpenDryPoor
95745,Rubus idaeus,OpenDryPoor
95746,Rubus idaeus,OpenDryPoor
95747,Rubus idaeus,OpenDryPoor
95748,Rubus idaeus,OpenDryPoor
95749,Rubus idaeus,OpenDryPoor
95750,Rubus idaeus,OpenDryPoor
95751,Rubus idaeus,OpenDryPoor
95752,Rubus idaeus,OpenDryPoor
95753,Rubus idaeus,OpenDryPoor
95754,Rubus idaeus,OpenDryPoor
95755,Rubus idaeus,OpenDryPoor
95756,Rubus idaeus,OpenDryPoor
95757,Rubus idaeus,OpenDryPoor
95758,Rubus idaeus,OpenDryPoor
95759,Rubus idaeus,OpenDryPoor
95760,Rubus idaeus,OpenDryPoor
95761,Rubus idaeus,OpenDryPoor
95762,Rubus idaeus,OpenDryPoor
95763,Rubus idaeus,OpenDryPoor
95764,Rubus idaeus,OpenDryPoor
95765,Rubus idaeus,OpenDryPoor
95766,Rubus idaeus,OpenDryPoor
95767,Rubus idaeus,OpenDryPoor
95768,Rubus idaeus,OpenDryPoor
95769,Rubus idaeus,OpenDryPoor
95770,Rubus idaeus,OpenDryPoor
95771,Rubus idaeus,OpenDryPoor
95772,Rubus idayPoor
90193,Rubus idaeus,OpenDryPoor
90194,Rubus idaeus,OpenDryPoor
90195,Rubus idaeus,OpenDryPoor
90196,Rubus idaeus,OpenDryPoor
90197,Rubus idaeus,OpenDryPoor
90198,Rubus idaeus,OpenDryPoor
90199,Rubus idaeus,OpenDryPoor
90200,Rubus idaeus,OpenDryPoor
90201,Rubus idaeus,OpenDryPoor
90202,Rubus idaeus,OpenDryPoor
90203,Rubus idaeus,OpenDryPoor
90204,Rubus idaeus,OpenDryPoor
90205,Rubus idaeus,OpenDryPoor
90206,Rubus idaeus,OpenDryPoor
90207,Rubus idaeus,OpenDryPoor
90208,Rubus idaeus,OpenDryPoor
90209,Rubus idaeus,OpenDryPoor
90210,Rubus idaeus,OpenDryPoor
90211,Rubus idaeus,OpenDryPoor
90212,Rubus idaeus,OpenDryPoor
90213,Rubus idaeus,OpenDryPoor
90214,Rubus idaeus,OpenDryPoor
90215,Rubus idaeus,OpenDryPoor
90216,Rubus idaeus,OpenDryPoor
90217,Rubus idaeus,OpenDryPoor
90218,Rubus idaeus,OpenDryPoor
90219,Rubus idaeus,OpenDryPoor
90220,Rubus idaeus,OpenDryPoor
90221,Rubus idaeus,OpenDryPoor
90222,Rubus idaeus,OpenDryPoor
90223,Rubus idaeus,OpenDryPoor
90224,Rubus idaeus,OpenDryPoor
90225,Rubus idaeus,OpenDryPoor
90226,Rubus idaeus,OpenDryPoor
90767,Rubus idaeus,OpenDryPoor
90768,Rubus idaeus,OpenDryPoor
90769,Rubus idaeus,OpenDryPoor
90770,Rubus idaeus,OpenDryPoor
90771,Rubus idaeus,OpenDryPoor
90772,Rubus idaeus,OpenDryPoor
90773,Rubus idaeus,OpenDryPoor
90774,Rubus idaeus,OpenDryPoor
90775,Rubus idaeus,OpenDryPoor
90776,Rubus idaeus,OpenDryPoor
90777,Rubus idaeus,OpenDryPoor
90778,Rubus idaeus,OpenDryPoor
90779,Rubus idaeus,OpenDryPoor
90780,Rubus idaeus,OpenDryPoor
90781,Rubus idaeus,OpenDryPoor
90782,Rubus idaeus,OpenDryPoor
90783,Rubus idaeus,OpenDryPoor
90784,Rubus idaeus,OpenDryPoor
90785,Rubus idaeus,OpenDryPoor
90786,Rubus idaeus,OpenDryPoor
90787,Rubus idaeus,OpenDryPoor
90788,Rubus idaeus,OpenDryPoor
90789,Rubus idaeus,OpenDryPoor
90790,Rubus idaeus,OpenDryPoor
90791,Rubus idaeus,OpenDryPoor
90792,Rubus idaeus,OpenDryPoor
90793,Rubus idaeus,OpenDryPoor
90794,Rubus idaeus,OpenDryPoor
90795,Rubus idaeus,OpenDryPoor
90796,Rubus idaeus,OpenDryPoor
90797,Rubus idaeus,OpenDryPoor
90798,Rubus idaeus,OpenDryPoor
90799,Rubus idaeus,OpenDryPoor
90800,Rubus idaeus,OpenDryPoor
90801,Rubus idaeus,OpenDryPoor
90802,Rubus idaeus,OpenDryPoor
90803,Rubus idaeus,OpenDryPoor
90804,Rubus idaeus,OpenDryPoor
90805,Rubus idaeus,OpenDryPoor
90806,Rubus idaeus,OpenDryPoor
90807,Rubus idaeus,OpenDryPoor
90808,Rubus idaeus,OpenDryPoor
90809,Rubus idaeus,OpenDryPoor
90810,Rubus idaeus,OpenDryPoor
90811,Rubus idaeus,OpenDryPoor
90812,Rubus idaeus,OpenDryPoor
90813,Rubus idaeus,OpenDryPoor
90814,Rubus idaeus,OpenDryPoor
90815,Rubus idaeus,OpenDryPoor
90816,Rubus idaeus,OpenDryPoor
90817,Rubus idaeus,OpenDryPoor
90818,Rubus idaeus,OpenDryPoor
90819,Rubus idaeus,OpenDryPoor
90820,Rubus idaeus,OpenDryPoor
90821,Rubus idaeus,OpenDryPoor
90822,Rubus idaeus,OpenDryPoor
90823,Rubus idaeus,OpenDryPoor
90824,Rubus idaeus,OpenDryPoor
90825,Rubus idaeus,OpenDryPoor
91366,Rubus idaeus,OpenDryPoor
91367,Rubus idaeus,OpenDryPoor
91368,Rubus idaeus,OpenDryPoor
91369,Rubus idaeus,OpenDryPoor
91370,Rubus idaeus,OpenDryPoor
91371,Rubus idaeus,OpenDryPoor
91372,Rubus idaeus,OpenDryPoor
91373,Rubus idaeus,OpenDryPoor
91374,Rubus idaeus,OpenDryPoor
91375,Rubus idaeus,OpenDryPoor
91376,Rubus idaeus,OpenDryPoor
91377,Rubus idaeus,OpenDryPoor
91378,Rubus idaeus,OpenDryPoor
91379,Rubus idaeus,OpenDryPoor
91380,Rubus idaeus,OpenDryPoor
91381,Rubus idaeus,OpenDryPoor
91382,Rubus idaeus,OpenDryPoor
91383,Rubus idaeus,OpenDryPoor
91384,Rubus idaeus,OpenDryPoor
91385,Rubus idaeus,OpenDryPoor
91386,Rubus idaeus,OpenDryPoor
91387,Rubus idaeus,OpenDryPoor
91388,Rubus idaeus,OpenDryPoor
91389,Rubus idaeus,OpenDryPoor
91390,Rubus idaeus,OpenDryPoor
91391,Rubus idaeus,OpenDryPoor
91392,Rubus idaeus,OpenDryPoor
91393,Rubus idaeus,OpenDryPoor
91394,Rubus idaeus,OpenDryPoor
91395,Rubus idaeus,OpenDryPoor
91396,Rubus idaeus,OpenDryPoor
91397,Rubus idaeus,OpenDryPoor
91398,Rubus idaeus,OpenDryPoor
91399,Rubus idaeus,OpenDryPoor
91400,Rubus idaeus,OpenDryPoor
91401,Rubus idaeus,OpenDryPoor
91402,Rubus idaeus,OpenDryPoor
91403,Rubus idaeus,OpenDryPoor
91404,Rubus idaeus,OpenDryPooeus,OpenDryPoor
95773,Rubus idaeus,OpenDryPoor
95774,Rubus idaeus,OpenDryPoor
95775,Rubus idaeus,OpenDryPoor
96276,Rubus idaeus,OpenDryPoor
96297,Rubus idaeus,OpenDryPoor
96298,Rubus idaeus,OpenDryPoor
96299,Rubus idaeus,OpenDryPoor
96300,Rubus idaeus,OpenDryPoor
96301,Rubus idaeus,OpenDryPoor
96302,Rubus idaeus,OpenDryPoor
96303,Rubus idaeus,OpenDryPoor
96304,Rubus idaeus,OpenDryPoor
96305,Rubus idaeus,OpenDryPoor
96306,Rubus idaeus,OpenDryPoor
96307,Rubus idaeus,OpenDryPoor
96308,Rubus idaeus,OpenDryPoor
96309,Rubus idaeus,OpenDryPoor
96310,Rubus idaeus,OpenDryPoor
96311,Rubus idaeus,OpenDryPoor
96312,Rubus idaeus,OpenDryPoor
96313,Rubus idaeus,OpenDryPoor
96314,Rubus idaeus,OpenDryPoor
96315,Rubus idaeus,OpenDryPoor
96316,Rubus idaeus,OpenDryPoor
96337,Rubus idaeus,OpenDryPoor
96338,Rubus idaeus,OpenDryPoor
96339,Rubus idaeus,OpenDryPoor
96340,Rubus idaeus,OpenDryPoor
96341,Rubus idaeus,OpenDryPoor
96342,Rubus idaeus,OpenDryPoor
96343,Rubus idaeus,OpenDryPoor
96344,Rubus idaeus,OpenDryPoor
96345,Rubus idaeus,OpenDryPoor
96346,Rubus idaeus,OpenDryPoor
96347,Rubus idaeus,OpenDryPoor
96348,Rubus idaeus,OpenDryPoor
96349,Rubus idaeus,OpenDryPoor
96350,Rubus idaeus,OpenDryPoor
96351,Rubus idaeus,OpenDryPoor
96352,Rubus idaeus,OpenDryPoor
96353,Rubus idaeus,OpenDryPoor
96354,Rubus idaeus,OpenDryPoor
96355,Rubus idaeus,OpenDryPoor
96356,Rubus idaeus,OpenDryPoor
96357,Rubus idaeus,OpenDryPoor
96358,Rubus idaeus,OpenDryPoor
96359,Rubus idaeus,OpenDryPoor
96360,Rubus idaeus,OpenDryPoor
96361,Rubus idaeus,OpenDryPoor
96362,Rubus idaeus,OpenDryPoor
96363,Rubus idaeus,OpenDryPoor
96364,Rubus idaeus,OpenDryPoor
96365,Rubus idaeus,OpenDryPoor
96366,Rubus idaeus,OpenDryPoor
96367,Rubus idaeus,OpenDryPoor
96368,Rubus idaeus,OpenDryPoor
96369,Rubus idaeus,OpenDryPoor
96370,Rubus idaeus,OpenDryPoor
96371,Rubus idaeus,OpenDryPoor
96372,Rubus idaeus,OpenDryPoor
96373,Rubus idaeus,OpenDryPoor
96374,Rubus idaeus,OpenDryPoor
96896,Rubus idaeus,OpenDryPoor
96897,Rubus idaeus,OpenDryPoor
96898,Rubus idaeus,OpenDryPoor
96899,Rubus idaeus,OpenDryPoor
96900,Rubus idaeus,OpenDryPoor
96901,Rubus idaeus,OpenDryPoor
96902,Rubus idaeus,OpenDryPoor
96903,Rubus idaeus,OpenDryPoor
96904,Rubus idaeus,OpenDryPoor
96905,Rubus idaeus,OpenDryPoor
96906,Rubus idaeus,OpenDryPoor
96907,Rubus idaeus,OpenDryPoor
96908,Rubus idaeus,OpenDryPoor
96909,Rubus idaeus,OpenDryPoor
96910,Rubus idaeus,OpenDryPoor
96911,Rubus idaeus,OpenDryPoor
96912,Rubus idaeus,OpenDryPoor
96913,Rubus idaeus,OpenDryPoor
96914,Rubus idaeus,OpenDryPoor
96915,Rubus idaeus,OpenDryPoor
96936,Rubus idaeus,OpenDryPoor
96937,Rubus idaeus,OpenDryPoor
96938,Rubus idaeus,OpenDryPoor
96939,Rubus idaeus,OpenDryPoor
96940,Rubus idaeus,OpenDryPoor
96941,Rubus idaeus,OpenDryPoor
96942,Rubus idaeus,OpenDryPoor
96943,Rubus idaeus,OpenDryPoor
96944,Rubus idaeus,OpenDryPoor
96945,Rubus idaeus,OpenDryPoor
96946,Rubus idaeus,OpenDryPoor
96947,Rubus idaeus,OpenDryPoor
96948,Rubus idaeus,OpenDryPoor
96949,Rubus idaeus,OpenDryPoor
96950,Rubus idaeus,OpenDryPoor
96951,Rubus idaeus,OpenDryPoor
96952,Rubus idaeus,OpenDryPoor
96953,Rubus idaeus,OpenDryPoor
96954,Rubus idaeus,OpenDryPoor
96955,Rubus idaeus,OpenDryPoor
96956,Rubus idaeus,OpenDryPoor
96957,Rubus idaeus,OpenDryPoor
96958,Rubus idaeus,OpenDryPoor
96959,Rubus idaeus,OpenDryPoor
96960,Rubus idaeus,OpenDryPoor
96961,Rubus idaeus,OpenDryPoor
96962,Rubus idaeus,OpenDryPoor
96963,Rubus idaeus,OpenDryPoor
96964,Rubus idaeus,OpenDryPoor
96965,Rubus idaeus,OpenDryPoor
96966,Rubus idaeus,OpenDryPoor
96967,Rubus idaeus,OpenDryPoor
96968,Rubus idaeus,OpenDryPoor
96969,Rubus idaeus,OpenDryPoor
96970,Rubus idaeus,OpenDryPoor
96971,Rubus idaeus,OpenDryPoor
96972,Rubus idaeus,OpenDryPoor
96973,Rubus idaeus,OpenDryPoor
97495,Rubus idaeus,OpenDryPoor
97496,Rubus idaeus,OpenDryPoor
97497,Rubus idaeus,OpenDryPoor
97498,Rubus idaeus,OpenDryPoor
97499,Rubus idaeus,OpenDryPoor
97500,Rubus idaeus,OpenDryPoor
97501,Rubus idaeus,OpenDryPoor
97502,Rubus idaeus,OpenDryPoor
97503,Rubus idaeus,OpenDryPoor
97504,Rubus idaeus,OpenDryPoor
97505,Rubus idaeus,OpenDryPoor
97506,Rubus idaeus,r
91405,Rubus idaeus,OpenDryPoor
91406,Rubus idaeus,OpenDryPoor
91407,Rubus idaeus,OpenDryPoor
91408,Rubus idaeus,OpenDryPoor
91409,Rubus idaeus,OpenDryPoor
91410,Rubus idaeus,OpenDryPoor
91411,Rubus idaeus,OpenDryPoor
91412,Rubus idaeus,OpenDryPoor
91413,Rubus idaeus,OpenDryPoor
91414,Rubus idaeus,OpenDryPoor
91415,Rubus idaeus,OpenDryPoor
91416,Rubus idaeus,OpenDryPoor
91417,Rubus idaeus,OpenDryPoor
91418,Rubus idaeus,OpenDryPoor
91419,Rubus idaeus,OpenDryPoor
91420,Rubus idaeus,OpenDryPoor
91421,Rubus idaeus,OpenDryPoor
91422,Rubus idaeus,OpenDryPoor
91423,Rubus idaeus,OpenDryPoor
91424,Rubus idaeus,OpenDryPoor
91965,Rubus idaeus,OpenDryPoor
91966,Rubus idaeus,OpenDryPoor
91967,Rubus idaeus,OpenDryPoor
91968,Rubus idaeus,OpenDryPoor
91969,Rubus idaeus,OpenDryPoor
91970,Rubus idaeus,OpenDryPoor
91971,Rubus idaeus,OpenDryPoor
91972,Rubus idaeus,OpenDryPoor
91973,Rubus idaeus,OpenDryPoor
91974,Rubus idaeus,OpenDryPoor
91975,Rubus idaeus,OpenDryPoor
91976,Rubus idaeus,OpenDryPoor
91977,Rubus idaeus,OpenDryPoor
91978,Rubus idaeus,OpenDryPoor
91979,Rubus idaeus,OpenDryPoor
91980,Rubus idaeus,OpenDryPoor
91981,Rubus idaeus,OpenDryPoor
91982,Rubus idaeus,OpenDryPoor
91983,Rubus idaeus,OpenDryPoor
91984,Rubus idaeus,OpenDryPoor
91985,Rubus idaeus,OpenDryPoor
91986,Rubus idaeus,OpenDryPoor
91987,Rubus idaeus,OpenDryPoor
91988,Rubus idaeus,OpenDryPoor
91989,Rubus idaeus,OpenDryPoor
91990,Rubus idaeus,OpenDryPoor
91991,Rubus idaeus,OpenDryPoor
91992,Rubus idaeus,OpenDryPoor
91993,Rubus idaeus,OpenDryPoor
91994,Rubus idaeus,OpenDryPoor
91995,Rubus idaeus,OpenDryPoor
91996,Rubus idaeus,OpenDryPoor
91997,Rubus idaeus,OpenDryPoor
91998,Rubus idaeus,OpenDryPoor
91999,Rubus idaeus,OpenDryPoor
92000,Rubus idaeus,OpenDryPoor
92001,Rubus idaeus,OpenDryPoor
92002,Rubus idaeus,OpenDryPoor
92003,Rubus idaeus,OpenDryPoor
92004,Rubus idaeus,OpenDryPoor
92005,Rubus idaeus,OpenDryPoor
92006,Rubus idaeus,OpenDryPoor
92007,Rubus idaeus,OpenDryPoor
92008,Rubus idaeus,OpenDryPoor
92009,Rubus idaeus,OpenDryPoor
92010,Rubus idaeus,OpenDryPoor
92011,Rubus idaeus,OpenDryPoor
92012,Rubus idaeus,OpenDryPoor
92013,Rubus idaeus,OpenDryPoor
92014,Rubus idaeus,OpenDryPoor
92015,Rubus idaeus,OpenDryPoor
92016,Rubus idaeus,OpenDryPoor
92017,Rubus idaeus,OpenDryPoor
92018,Rubus idaeus,OpenDryPoor
92019,Rubus idaeus,OpenDryPoor
92020,Rubus idaeus,OpenDryPoor
92021,Rubus idaeus,OpenDryPoor
92022,Rubus idaeus,OpenDryPoor
92023,Rubus idaeus,OpenDryPoor
92564,Rubus idaeus,OpenDryPoor
92565,Rubus idaeus,OpenDryPoor
92566,Rubus idaeus,OpenDryPoor
92567,Rubus idaeus,OpenDryPoor
92568,Rubus idaeus,OpenDryPoor
92569,Rubus idaeus,OpenDryPoor
92570,Rubus idaeus,OpenDryPoor
92571,Rubus idaeus,OpenDryPoor
92572,Rubus idaeus,OpenDryPoor
92573,Rubus idaeus,OpenDryPoor
92574,Rubus idaeus,OpenDryPoor
92575,Rubus idaeus,OpenDryPoor
92576,Rubus idaeus,OpenDryPoor
92577,Rubus idaeus,OpenDryPoor
92578,Rubus idaeus,OpenDryPoor
92579,Rubus idaeus,OpenDryPoor
92580,Rubus idaeus,OpenDryPoor
92581,Rubus idaeus,OpenDryPoor
92582,Rubus idaeus,OpenDryPoor
92583,Rubus idaeus,OpenDryPoor
92584,Rubus idaeus,OpenDryPoor
92585,Rubus idaeus,OpenDryPoor
92586,Rubus idaeus,OpenDryPoor
92587,Rubus idaeus,OpenDryPoor
92588,Rubus idaeus,OpenDryPoor
92589,Rubus idaeus,OpenDryPoor
92590,Rubus idaeus,OpenDryPoor
92591,Rubus idaeus,OpenDryPoor
92592,Rubus idaeus,OpenDryPoor
92593,Rubus idaeus,OpenDryPoor
92594,Rubus idaeus,OpenDryPoor
92595,Rubus idaeus,OpenDryPoor
92596,Rubus idaeus,OpenDryPoor
92597,Rubus idaeus,OpenDryPoor
92598,Rubus idaeus,OpenDryPoor
92599,Rubus idaeus,OpenDryPoor
92600,Rubus idaeus,OpenDryPoor
92601,Rubus idaeus,OpenDryPoor
92602,Rubus idaeus,OpenDryPoor
92603,Rubus idaeus,OpenDryPoor
92604,Rubus idaeus,OpenDryPoor
92605,Rubus idaeus,OpenDryPoor
92606,Rubus idaeus,OpenDryPoor
92607,Rubus idaeus,OpenDryPoor
92608,Rubus idaeus,OpenDryPoor
92609,Rubus idaeus,OpenDryPoor
92610,Rubus idaeus,OpenDryPoor
92611,Rubus idaeus,OpenDryPoor
92612,Rubus idaeus,OpenDryPoor
92613,Rubus idaeus,OpenDryPoor
92614,Rubus idaeus,OpenDryPoor
92615,Rubus idaeus,OpenDryPoor
92616,Rubus idaeus,OpenDryPoor
92OpenDryPoor
97507,Rubus idaeus,OpenDryPoor
97508,Rubus idaeus,OpenDryPoor
97509,Rubus idaeus,OpenDryPoor
97510,Rubus idaeus,OpenDryPoor
97511,Rubus idaeus,OpenDryPoor
97512,Rubus idaeus,OpenDryPoor
97513,Rubus idaeus,OpenDryPoor
97514,Rubus idaeus,OpenDryPoor
97535,Rubus idaeus,OpenDryPoor
97536,Rubus idaeus,OpenDryPoor
97537,Rubus idaeus,OpenDryPoor
97538,Rubus idaeus,OpenDryPoor
97539,Rubus idaeus,OpenDryPoor
97540,Rubus idaeus,OpenDryPoor
97541,Rubus idaeus,OpenDryPoor
97542,Rubus idaeus,OpenDryPoor
97543,Rubus idaeus,OpenDryPoor
97544,Rubus idaeus,OpenDryPoor
97545,Rubus idaeus,OpenDryPoor
97546,Rubus idaeus,OpenDryPoor
97547,Rubus idaeus,OpenDryPoor
97548,Rubus idaeus,OpenDryPoor
97549,Rubus idaeus,OpenDryPoor
97550,Rubus idaeus,OpenDryPoor
97551,Rubus idaeus,OpenDryPoor
97552,Rubus idaeus,OpenDryPoor
97553,Rubus idaeus,OpenDryPoor
97554,Rubus idaeus,OpenDryPoor
97555,Rubus idaeus,OpenDryPoor
97556,Rubus idaeus,OpenDryPoor
97557,Rubus idaeus,OpenDryPoor
97558,Rubus idaeus,OpenDryPoor
97559,Rubus idaeus,OpenDryPoor
97560,Rubus idaeus,OpenDryPoor
97561,Rubus idaeus,OpenDryPoor
97562,Rubus idaeus,OpenDryPoor
97563,Rubus idaeus,OpenDryPoor
97564,Rubus idaeus,OpenDryPoor
97565,Rubus idaeus,OpenDryPoor
97566,Rubus idaeus,OpenDryPoor
97567,Rubus idaeus,OpenDryPoor
97568,Rubus idaeus,OpenDryPoor
97569,Rubus idaeus,OpenDryPoor
97570,Rubus idaeus,OpenDryPoor
97571,Rubus idaeus,OpenDryPoor
97572,Rubus idaeus,OpenDryPoor
98094,Rubus idaeus,OpenDryPoor
98095,Rubus idaeus,OpenDryPoor
98096,Rubus idaeus,OpenDryPoor
98097,Rubus idaeus,OpenDryPoor
98098,Rubus idaeus,OpenDryPoor
98099,Rubus idaeus,OpenDryPoor
98100,Rubus idaeus,OpenDryPoor
98101,Rubus idaeus,OpenDryPoor
98102,Rubus idaeus,OpenDryPoor
98103,Rubus idaeus,OpenDryPoor
98104,Rubus idaeus,OpenDryPoor
98105,Rubus idaeus,OpenDryPoor
98106,Rubus idaeus,OpenDryPoor
98107,Rubus idaeus,OpenDryPoor
98108,Rubus idaeus,OpenDryPoor
98109,Rubus idaeus,OpenDryPoor
98110,Rubus idaeus,OpenDryPoor
98111,Rubus idaeus,OpenDryPoor
98112,Rubus idaeus,OpenDryPoor
98113,Rubus idaeus,OpenDryPoor
98134,Rubus idaeus,OpenDryPoor
98135,Rubus idaeus,OpenDryPoor
98136,Rubus idaeus,OpenDryPoor
98137,Rubus idaeus,OpenDryPoor
98138,Rubus idaeus,OpenDryPoor
98139,Rubus idaeus,OpenDryPoor
98140,Rubus idaeus,OpenDryPoor
98141,Rubus idaeus,OpenDryPoor
98142,Rubus idaeus,OpenDryPoor
98143,Rubus idaeus,OpenDryPoor
98144,Rubus idaeus,OpenDryPoor
98145,Rubus idaeus,OpenDryPoor
98146,Rubus idaeus,OpenDryPoor
98147,Rubus idaeus,OpenDryPoor
98148,Rubus idaeus,OpenDryPoor
98149,Rubus idaeus,OpenDryPoor
98150,Rubus idaeus,OpenDryPoor
98151,Rubus idaeus,OpenDryPoor
98152,Rubus idaeus,OpenDryPoor
98153,Rubus idaeus,OpenDryPoor
98154,Rubus idaeus,OpenDryPoor
98155,Rubus idaeus,OpenDryPoor
98156,Rubus idaeus,OpenDryPoor
98157,Rubus idaeus,OpenDryPoor
98158,Rubus idaeus,OpenDryPoor
98159,Rubus idaeus,OpenDryPoor
98160,Rubus idaeus,OpenDryPoor
98161,Rubus idaeus,OpenDryPoor
98162,Rubus idaeus,OpenDryPoor
98163,Rubus idaeus,OpenDryPoor
98164,Rubus idaeus,OpenDryPoor
98165,Rubus idaeus,OpenDryPoor
98166,Rubus idaeus,OpenDryPoor
98167,Rubus idaeus,OpenDryPoor
98168,Rubus idaeus,OpenDryPoor
98169,Rubus idaeus,OpenDryPoor
98170,Rubus idaeus,OpenDryPoor
98673,Rubus idaeus,OpenDryPoor
98674,Rubus idaeus,OpenDryPoor
98675,Rubus idaeus,OpenDryPoor
98676,Rubus idaeus,OpenDryPoor
98677,Rubus idaeus,OpenDryPoor
98678,Rubus idaeus,OpenDryPoor
98679,Rubus idaeus,OpenDryPoor
98680,Rubus idaeus,OpenDryPoor
98681,Rubus idaeus,OpenDryPoor
98682,Rubus idaeus,OpenDryPoor
98683,Rubus idaeus,OpenDryPoor
98684,Rubus idaeus,OpenDryPoor
98685,Rubus idaeus,OpenDryPoor
98686,Rubus idaeus,OpenDryPoor
98687,Rubus idaeus,OpenDryPoor
98688,Rubus idaeus,OpenDryPoor
98689,Rubus idaeus,OpenDryPoor
98690,Rubus idaeus,OpenDryPoor
98691,Rubus idaeus,OpenDryPoor
98692,Rubus idaeus,OpenDryPoor
98693,Rubus idaeus,OpenDryPoor
98694,Rubus idaeus,OpenDryPoor
98695,Rubus idaeus,OpenDryPoor
98696,Rubus idaeus,OpenDryPoor
98697,Rubus idaeus,OpenDryPoor
98698,Rubus idaeus,OpenDryPoor
98699,Rubus idaeus,OpenDryPoor
98700,Rubus idaeus,OpenDryPoor
98701,Rubus idaeus,Open617,Rubus idaeus,OpenDryPoor
92618,Rubus idaeus,OpenDryPoor
92619,Rubus idaeus,OpenDryPoor
92620,Rubus idaeus,OpenDryPoor
92621,Rubus idaeus,OpenDryPoor
92622,Rubus idaeus,OpenDryPoor
93164,Rubus idaeus,OpenDryPoor
93165,Rubus idaeus,OpenDryPoor
93166,Rubus idaeus,OpenDryPoor
93167,Rubus idaeus,OpenDryPoor
93168,Rubus idaeus,OpenDryPoor
93169,Rubus idaeus,OpenDryPoor
93170,Rubus idaeus,OpenDryPoor
93171,Rubus idaeus,OpenDryPoor
93172,Rubus idaeus,OpenDryPoor
93173,Rubus idaeus,OpenDryPoor
93174,Rubus idaeus,OpenDryPoor
93175,Rubus idaeus,OpenDryPoor
93176,Rubus idaeus,OpenDryPoor
93177,Rubus idaeus,OpenDryPoor
93178,Rubus idaeus,OpenDryPoor
93179,Rubus idaeus,OpenDryPoor
93180,Rubus idaeus,OpenDryPoor
93181,Rubus idaeus,OpenDryPoor
93182,Rubus idaeus,OpenDryPoor
93183,Rubus idaeus,OpenDryPoor
93184,Rubus idaeus,OpenDryPoor
93185,Rubus idaeus,OpenDryPoor
93186,Rubus idaeus,OpenDryPoor
93187,Rubus idaeus,OpenDryPoor
93188,Rubus idaeus,OpenDryPoor
93189,Rubus idaeus,OpenDryPoor
93190,Rubus idaeus,OpenDryPoor
93191,Rubus idaeus,OpenDryPoor
93192,Rubus idaeus,OpenDryPoor
93193,Rubus idaeus,OpenDryPoor
93194,Rubus idaeus,OpenDryPoor
93195,Rubus idaeus,OpenDryPoor
93196,Rubus idaeus,OpenDryPoor
93197,Rubus idaeus,OpenDryPoor
93198,Rubus idaeus,OpenDryPoor
93199,Rubus idaeus,OpenDryPoor
93200,Rubus idaeus,OpenDryPoor
93201,Rubus idaeus,OpenDryPoor
93202,Rubus idaeus,OpenDryPoor
93203,Rubus idaeus,OpenDryPoor
93204,Rubus idaeus,OpenDryPoor
93205,Rubus idaeus,OpenDryPoor
93206,Rubus idaeus,OpenDryPoor
93207,Rubus idaeus,OpenDryPoor
93208,Rubus idaeus,OpenDryPoor
93209,Rubus idaeus,OpenDryPoor
93210,Rubus idaeus,OpenDryPoor
93211,Rubus idaeus,OpenDryPoor
93212,Rubus idaeus,OpenDryPoor
93213,Rubus idaeus,OpenDryPoor
93214,Rubus idaeus,OpenDryPoor
93215,Rubus idaeus,OpenDryPoor
93216,Rubus idaeus,OpenDryPoor
93217,Rubus idaeus,OpenDryPoor
93218,Rubus idaeus,OpenDryPoor
93219,Rubus idaeus,OpenDryPoor
93220,Rubus idaeus,OpenDryPoor
93221,Rubus idaeus,OpenDryPoor
93763,Rubus idaeus,OpenDryPoor
93764,Rubus idaeus,OpenDryPoor
93765,Rubus idaeus,OpenDryPoor
93766,Rubus idaeus,OpenDryPoor
93767,Rubus idaeus,OpenDryPoor
93768,Rubus idaeus,OpenDryPoor
93769,Rubus idaeus,OpenDryPoor
93770,Rubus idaeus,OpenDryPoor
93771,Rubus idaeus,OpenDryPoor
93772,Rubus idaeus,OpenDryPoor
93773,Rubus idaeus,OpenDryPoor
93774,Rubus idaeus,OpenDryPoor
93775,Rubus idaeus,OpenDryPoor
93776,Rubus idaeus,OpenDryPoor
93777,Rubus idaeus,OpenDryPoor
93778,Rubus idaeus,OpenDryPoor
93779,Rubus idaeus,OpenDryPoor
93780,Rubus idaeus,OpenDryPoor
93781,Rubus idaeus,OpenDryPoor
93782,Rubus idaeus,OpenDryPoor
93783,Rubus idaeus,OpenDryPoor
93784,Rubus idaeus,OpenDryPoor
93785,Rubus idaeus,OpenDryPoor
93786,Rubus idaeus,OpenDryPoor
93787,Rubus idaeus,OpenDryPoor
93788,Rubus idaeus,OpenDryPoor
93789,Rubus idaeus,OpenDryPoor
93790,Rubus idaeus,OpenDryPoor
93791,Rubus idaeus,OpenDryPoor
93792,Rubus idaeus,OpenDryPoor
93793,Rubus idaeus,OpenDryPoor
93794,Rubus idaeus,OpenDryPoor
93795,Rubus idaeus,OpenDryPoor
93796,Rubus idaeus,OpenDryPoor
93797,Rubus idaeus,OpenDryPoor
93798,Rubus idaeus,OpenDryPoor
93799,Rubus idaeus,OpenDryPoor
93800,Rubus idaeus,OpenDryPoor
93801,Rubus idaeus,OpenDryPoor
93802,Rubus idaeus,OpenDryPoor
93803,Rubus idaeus,OpenDryPoor
93804,Rubus idaeus,OpenDryPoor
93805,Rubus idaeus,OpenDryPoor
93806,Rubus idaeus,OpenDryPoor
93807,Rubus idaeus,OpenDryPoor
93808,Rubus idaeus,OpenDryPoor
93809,Rubus idaeus,OpenDryPoor
93810,Rubus idaeus,OpenDryPoor
93811,Rubus idaeus,OpenDryPoor
93812,Rubus idaeus,OpenDryPoor
93813,Rubus idaeus,OpenDryPoor
93814,Rubus idaeus,OpenDryPoor
93815,Rubus idaeus,OpenDryPoor
93816,Rubus idaeus,OpenDryPoor
93817,Rubus idaeus,OpenDryPoor
93818,Rubus idaeus,OpenDryPoor
93819,Rubus idaeus,OpenDryPoor
93820,Rubus idaeus,OpenDryPoor
94362,Rubus idaeus,OpenDryPoor
94363,Rubus idaeus,OpenDryPoor
94364,Rubus idaeus,OpenDryPoor
94365,Rubus idaeus,OpenDryPoor
94366,Rubus idaeus,OpenDryPoor
94367,Rubus idaeus,OpenDryPoor
94368,Rubus idaeus,OpenDryPoor
94369,Rubus idaeus,OpenDryPoor
94370,Rubus idaeus,OpenDryPoor
94371,Rubus idaeus,OpenDryPoor
94372,DryPoor
98702,Rubus idaeus,OpenDryPoor
98703,Rubus idaeus,OpenDryPoor
98704,Rubus idaeus,OpenDryPoor
98705,Rubus idaeus,OpenDryPoor
98706,Rubus idaeus,OpenDryPoor
98707,Rubus idaeus,OpenDryPoor
98708,Rubus idaeus,OpenDryPoor
98709,Rubus idaeus,OpenDryPoor
98710,Rubus idaeus,OpenDryPoor
98711,Rubus idaeus,OpenDryPoor
98712,Rubus idaeus,OpenDryPoor
98713,Rubus idaeus,OpenDryPoor
98714,Rubus idaeus,OpenDryPoor
98715,Rubus idaeus,OpenDryPoor
98716,Rubus idaeus,OpenDryPoor
98717,Rubus idaeus,OpenDryPoor
98718,Rubus idaeus,OpenDryPoor
98719,Rubus idaeus,OpenDryPoor
98720,Rubus idaeus,OpenDryPoor
98721,Rubus idaeus,OpenDryPoor
98722,Rubus idaeus,OpenDryPoor
98723,Rubus idaeus,OpenDryPoor
98724,Rubus idaeus,OpenDryPoor
98725,Rubus idaeus,OpenDryPoor
98726,Rubus idaeus,OpenDryPoor
98727,Rubus idaeus,OpenDryPoor
98728,Rubus idaeus,OpenDryPoor
98729,Rubus idaeus,OpenDryPoor
98730,Rubus idaeus,OpenDryPoor
98731,Rubus idaeus,OpenDryPoor
98732,Rubus idaeus,OpenDryPoor
98733,Rubus idaeus,OpenDryPoor
98734,Rubus idaeus,OpenDryPoor
98735,Rubus idaeus,OpenDryPoor
98736,Rubus idaeus,OpenDryPoor
98737,Rubus idaeus,OpenDryPoor
98738,Rubus idaeus,OpenDryPoor
98739,Rubus idaeus,OpenDryPoor
98740,Rubus idaeus,OpenDryPoor
98741,Rubus idaeus,OpenDryPoor
98742,Rubus idaeus,OpenDryPoor
98743,Rubus idaeus,OpenDryPoor
98744,Rubus idaeus,OpenDryPoor
98745,Rubus idaeus,OpenDryPoor
98746,Rubus idaeus,OpenDryPoor
98747,Rubus idaeus,OpenDryPoor
98748,Rubus idaeus,OpenDryPoor
98749,Rubus idaeus,OpenDryPoor
98750,Rubus idaeus,OpenDryPoor
98751,Rubus idaeus,OpenDryPoor
98752,Rubus idaeus,OpenDryPoor
98753,Rubus idaeus,OpenDryPoor
98754,Rubus idaeus,OpenDryPoor
98755,Rubus idaeus,OpenDryPoor
98756,Rubus idaeus,OpenDryPoor
98757,Rubus idaeus,OpenDryPoor
98758,Rubus idaeus,OpenDryPoor
98759,Rubus idaeus,OpenDryPoor
98760,Rubus idaeus,OpenDryPoor
98761,Rubus idaeus,OpenDryPoor
98762,Rubus idaeus,OpenDryPoor
98763,Rubus idaeus,OpenDryPoor
98764,Rubus idaeus,OpenDryPoor
98765,Rubus idaeus,OpenDryPoor
98766,Rubus idaeus,OpenDryPoor
98767,Rubus idaeus,OpenDryPoor
98768,Rubus idaeus,OpenDryPoor
98769,Rubus idaeus,OpenDryPoor
99273,Rubus idaeus,OpenDryPoor
99274,Rubus idaeus,OpenDryPoor
99275,Rubus idaeus,OpenDryPoor
99276,Rubus idaeus,OpenDryPoor
99277,Rubus idaeus,OpenDryPoor
99278,Rubus idaeus,OpenDryPoor
99279,Rubus idaeus,OpenDryPoor
99280,Rubus idaeus,OpenDryPoor
99281,Rubus idaeus,OpenDryPoor
99282,Rubus idaeus,OpenDryPoor
99283,Rubus idaeus,OpenDryPoor
99284,Rubus idaeus,OpenDryPoor
99285,Rubus idaeus,OpenDryPoor
99286,Rubus idaeus,OpenDryPoor
99287,Rubus idaeus,OpenDryPoor
99288,Rubus idaeus,OpenDryPoor
99289,Rubus idaeus,OpenDryPoor
99290,Rubus idaeus,OpenDryPoor
99291,Rubus idaeus,OpenDryPoor
99292,Rubus idaeus,OpenDryPoor
99293,Rubus idaeus,OpenDryPoor
99294,Rubus idaeus,OpenDryPoor
99295,Rubus idaeus,OpenDryPoor
99296,Rubus idaeus,OpenDryPoor
99297,Rubus idaeus,OpenDryPoor
99298,Rubus idaeus,OpenDryPoor
99299,Rubus idaeus,OpenDryPoor
99300,Rubus idaeus,OpenDryPoor
99301,Rubus idaeus,OpenDryPoor
99302,Rubus idaeus,OpenDryPoor
99303,Rubus idaeus,OpenDryPoor
99304,Rubus idaeus,OpenDryPoor
99305,Rubus idaeus,OpenDryPoor
99306,Rubus idaeus,OpenDryPoor
99307,Rubus idaeus,OpenDryPoor
99308,Rubus idaeus,OpenDryPoor
99309,Rubus idaeus,OpenDryPoor
99310,Rubus idaeus,OpenDryPoor
99311,Rubus idaeus,OpenDryPoor
99312,Rubus idaeus,OpenDryPoor
99313,Rubus idaeus,OpenDryPoor
99314,Rubus idaeus,OpenDryPoor
99315,Rubus idaeus,OpenDryPoor
99316,Rubus idaeus,OpenDryPoor
99317,Rubus idaeus,OpenDryPoor
99318,Rubus idaeus,OpenDryPoor
99319,Rubus idaeus,OpenDryPoor
99320,Rubus idaeus,OpenDryPoor
99321,Rubus idaeus,OpenDryPoor
99322,Rubus idaeus,OpenDryPoor
99323,Rubus idaeus,OpenDryPoor
99324,Rubus idaeus,OpenDryPoor
99325,Rubus idaeus,OpenDryPoor
99326,Rubus idaeus,OpenDryPoor
99327,Rubus idaeus,OpenDryPoor
99328,Rubus idaeus,OpenDryPoor
99329,Rubus idaeus,OpenDryPoor
99330,Rubus idaeus,OpenDryPoor
99331,Rubus idaeus,OpenDryPoor
99332,Rubus idaeus,OpenDryPoor
99333,Rubus idaeus,OpenDryPoor
99334,Rubus idaeus,OpenDryPoor
99335,Rubus idaeus,OpenDryPoor
99336,Rubus idaeus,OpenDryPRubus idaeus,OpenDryPoor
94373,Rubus idaeus,OpenDryPoor
94374,Rubus idaeus,OpenDryPoor
94375,Rubus idaeus,OpenDryPoor
94376,Rubus idaeus,OpenDryPoor
94377,Rubus idaeus,OpenDryPoor
94378,Rubus idaeus,OpenDryPoor
94379,Rubus idaeus,OpenDryPoor
94380,Rubus idaeus,OpenDryPoor
94381,Rubus idaeus,OpenDryPoor
94382,Rubus idaeus,OpenDryPoor
94383,Rubus idaeus,OpenDryPoor
94384,Rubus idaeus,OpenDryPoor
94385,Rubus idaeus,OpenDryPoor
94386,Rubus idaeus,OpenDryPoor
94387,Rubus idaeus,OpenDryPoor
94388,Rubus idaeus,OpenDryPoor
94389,Rubus idaeus,OpenDryPoor
94390,Rubus idaeus,OpenDryPoor
94391,Rubus idaeus,OpenDryPoor
94392,Rubus idaeus,OpenDryPoor
94393,Rubus idaeus,OpenDryPoor
94394,Rubus idaeus,OpenDryPoor
94395,Rubus idaeus,OpenDryPoor
94396,Rubus idaeus,OpenDryPoor
94397,Rubus idaeus,OpenDryPoor
94398,Rubus idaeus,OpenDryPoor
94399,Rubus idaeus,OpenDryPoor
94400,Rubus idaeus,OpenDryPoor
94401,Rubus idaeus,OpenDryPoor
94402,Rubus idaeus,OpenDryPoor
94403,Rubus idaeus,OpenDryPoor
94404,Rubus idaeus,OpenDryPoor
94405,Rubus idaeus,OpenDryPoor
94406,Rubus idaeus,OpenDryPoor
94407,Rubus idaeus,OpenDryPoor
94408,Rubus idaeus,OpenDryPoor
94409,Rubus idaeus,OpenDryPoor
94410,Rubus idaeus,OpenDryPoor
94411,Rubus idaeus,OpenDryPoor
94412,Rubus idaeus,OpenDryPoor
94413,Rubus idaeus,OpenDryPoor
94414,Rubus idaeus,OpenDryPoor
94415,Rubus idaeus,OpenDryPoor
94416,Rubus idaeus,OpenDryPoor
94417,Rubus idaeus,OpenDryPoor
94418,Rubus idaeus,OpenDryPoor
94419,Rubus idaeus,OpenDryPoor
94962,Rubus idaeus,OpenDryPoor
94963,Rubus idaeus,OpenDryPoor
94964,Rubus idaeus,OpenDryPoor
94965,Rubus idaeus,OpenDryPoor
94966,Rubus idaeus,OpenDryPoor
94967,Rubus idaeus,OpenDryPoor
94968,Rubus idaeus,OpenDryPoor
94969,Rubus idaeus,OpenDryPoor
94970,Rubus idaeus,OpenDryPoor
94971,Rubus idaeus,OpenDryPoor
94972,Rubus idaeus,OpenDryPoor
94973,Rubus idaeus,OpenDryPoor
94974,Rubus idaeus,OpenDryPoor
94975,Rubus idaeus,OpenDryPoor
94976,Rubus idaeus,OpenDryPoor
94977,Rubus idaeus,OpenDryPoor
94978,Rubus idaeus,OpenDryPoor
94979,Rubus idaeus,OpenDryPoor
94980,Rubus idaeus,OpenDryPoor
94981,Rubus idaeus,OpenDryPoor
94982,Rubus idaeus,OpenDryPoor
94983,Rubus idaeus,OpenDryPoor
94984,Rubus idaeus,OpenDryPoor
94985,Rubus idaeus,OpenDryPoor
94986,Rubus idaeus,OpenDryPoor
94987,Rubus idaeus,OpenDryPoor
94988,Rubus idaeus,OpenDryPoor
94989,Rubus idaeus,OpenDryPoor
94990,Rubus idaeus,OpenDryPoor
94991,Rubus idaeus,OpenDryPoor
94992,Rubus idaeus,OpenDryPoor
94993,Rubus idaeus,OpenDryPoor
94994,Rubus idaeus,OpenDryPoor
94995,Rubus idaeus,OpenDryPoor
94996,Rubus idaeus,OpenDryPoor
94997,Rubus idaeus,OpenDryPoor
94998,Rubus idaeus,OpenDryPoor
94999,Rubus idaeus,OpenDryPoor
95000,Rubus idaeus,OpenDryPoor
95001,Rubus idaeus,OpenDryPoor
95002,Rubus idaeus,OpenDryPoor
95003,Rubus idaeus,OpenDryPoor
95004,Rubus idaeus,OpenDryPoor
95005,Rubus idaeus,OpenDryPoor
95006,Rubus idaeus,OpenDryPoor
95007,Rubus idaeus,OpenDryPoor
95008,Rubus idaeus,OpenDryPoor
95009,Rubus idaeus,OpenDryPoor
95010,Rubus idaeus,OpenDryPoor
95011,Rubus idaeus,OpenDryPoor
95012,Rubus idaeus,OpenDryPoor
95013,Rubus idaeus,OpenDryPoor
95014,Rubus idaeus,OpenDryPoor
95015,Rubus idaeus,OpenDryPoor
95016,Rubus idaeus,OpenDryPoor
95017,Rubus idaeus,OpenDryPoor
95018,Rubus idaeus,OpenDryPoor
95561,Rubus idaeus,OpenDryPoor
95562,Rubus idaeus,OpenDryPoor
95563,Rubus idaeus,OpenDryPoor
95564,Rubus idaeus,OpenDryPoor
95565,Rubus idaeus,OpenDryPoor
95566,Rubus idaeus,OpenDryPoor
95567,Rubus idaeus,OpenDryPoor
95568,Rubus idaeus,OpenDryPoor
95569,Rubus idaeus,OpenDryPoor
95570,Rubus idaeus,OpenDryPoor
95571,Rubus idaeus,OpenDryPoor
95572,Rubus idaeus,OpenDryPoor
95573,Rubus idaeus,OpenDryPoor
95574,Rubus idaeus,OpenDryPoor
95575,Rubus idaeus,OpenDryPoor
95576,Rubus idaeus,OpenDryPoor
95577,Rubus idaeus,OpenDryPoor
95578,Rubus idaeus,OpenDryPoor
95579,Rubus idaeus,OpenDryPoor
95580,Rubus idaeus,OpenDryPoor
95581,Rubus idaeus,OpenDryPoor
95582,Rubus idaeus,OpenDryPoor
95583,Rubus idaeus,OpenDryPoor
95584,Rubus idaeus,OpenDryPoor
95585,Rubus idaeus,OpenDryPoor
95586,Rubus idaeus,OpenDryPoor
95587,Rubus idaeus,OpenDryPoor
95588,Rubuoor
99337,Rubus idaeus,OpenDryPoor
99338,Rubus idaeus,OpenDryPoor
99339,Rubus idaeus,OpenDryPoor
99340,Rubus idaeus,OpenDryPoor
99341,Rubus idaeus,OpenDryPoor
99342,Rubus idaeus,OpenDryPoor
99343,Rubus idaeus,OpenDryPoor
99344,Rubus idaeus,OpenDryPoor
99345,Rubus idaeus,OpenDryPoor
99346,Rubus idaeus,OpenDryPoor
99347,Rubus idaeus,OpenDryPoor
99348,Rubus idaeus,OpenDryPoor
99349,Rubus idaeus,OpenDryPoor
99350,Rubus idaeus,OpenDryPoor
99351,Rubus idaeus,OpenDryPoor
99352,Rubus idaeus,OpenDryPoor
99353,Rubus idaeus,OpenDryPoor
99354,Rubus idaeus,OpenDryPoor
99355,Rubus idaeus,OpenDryPoor
99356,Rubus idaeus,OpenDryPoor
99357,Rubus idaeus,OpenDryPoor
99358,Rubus idaeus,OpenDryPoor
99359,Rubus idaeus,OpenDryPoor
99360,Rubus idaeus,OpenDryPoor
99361,Rubus idaeus,OpenDryPoor
99362,Rubus idaeus,OpenDryPoor
99363,Rubus idaeus,OpenDryPoor
99364,Rubus idaeus,OpenDryPoor
99365,Rubus idaeus,OpenDryPoor
99366,Rubus idaeus,OpenDryPoor
99367,Rubus idaeus,OpenDryPoor
99368,Rubus idaeus,OpenDryPoor
99872,Rubus idaeus,OpenDryPoor
99873,Rubus idaeus,OpenDryPoor
99874,Rubus idaeus,OpenDryPoor
99875,Rubus idaeus,OpenDryPoor
99876,Rubus idaeus,OpenDryPoor
99877,Rubus idaeus,OpenDryPoor
99878,Rubus idaeus,OpenDryPoor
99879,Rubus idaeus,OpenDryPoor
99880,Rubus idaeus,OpenDryPoor
99881,Rubus idaeus,OpenDryPoor
99882,Rubus idaeus,OpenDryPoor
99883,Rubus idaeus,OpenDryPoor
99884,Rubus idaeus,OpenDryPoor
99885,Rubus idaeus,OpenDryPoor
99886,Rubus idaeus,OpenDryPoor
99887,Rubus idaeus,OpenDryPoor
99888,Rubus idaeus,OpenDryPoor
99889,Rubus idaeus,OpenDryPoor
99890,Rubus idaeus,OpenDryPoor
99891,Rubus idaeus,OpenDryPoor
99892,Rubus idaeus,OpenDryPoor
99893,Rubus idaeus,OpenDryPoor
99894,Rubus idaeus,OpenDryPoor
99895,Rubus idaeus,OpenDryPoor
99896,Rubus idaeus,OpenDryPoor
99897,Rubus idaeus,OpenDryPoor
99898,Rubus idaeus,OpenDryPoor
99899,Rubus idaeus,OpenDryPoor
99900,Rubus idaeus,OpenDryPoor
99901,Rubus idaeus,OpenDryPoor
99902,Rubus idaeus,OpenDryPoor
99903,Rubus idaeus,OpenDryPoor
99904,Rubus idaeus,OpenDryPoor
99905,Rubus idaeus,OpenDryPoor
99906,Rubus idaeus,OpenDryPoor
99907,Rubus idaeus,OpenDryPoor
99908,Rubus idaeus,OpenDryPoor
99909,Rubus idaeus,OpenDryPoor
99910,Rubus idaeus,OpenDryPoor
99911,Rubus idaeus,OpenDryPoor
99912,Rubus idaeus,OpenDryPoor
99913,Rubus idaeus,OpenDryPoor
99914,Rubus idaeus,OpenDryPoor
99915,Rubus idaeus,OpenDryPoor
99916,Rubus idaeus,OpenDryPoor
99917,Rubus idaeus,OpenDryPoor
99918,Rubus idaeus,OpenDryPoor
99919,Rubus idaeus,OpenDryPoor
99920,Rubus idaeus,OpenDryPoor
99921,Rubus idaeus,OpenDryPoor
99922,Rubus idaeus,OpenDryPoor
99923,Rubus idaeus,OpenDryPoor
99924,Rubus idaeus,OpenDryPoor
99925,Rubus idaeus,OpenDryPoor
99926,Rubus idaeus,OpenDryPoor
99927,Rubus idaeus,OpenDryPoor
99928,Rubus idaeus,OpenDryPoor
99929,Rubus idaeus,OpenDryPoor
99930,Rubus idaeus,OpenDryPoor
99931,Rubus idaeus,OpenDryPoor
99932,Rubus idaeus,OpenDryPoor
99933,Rubus idaeus,OpenDryPoor
99934,Rubus idaeus,OpenDryPoor
99935,Rubus idaeus,OpenDryPoor
99936,Rubus idaeus,OpenDryPoor
99937,Rubus idaeus,OpenDryPoor
99938,Rubus idaeus,OpenDryPoor
99939,Rubus idaeus,OpenDryPoor
99940,Rubus idaeus,OpenDryPoor
99941,Rubus idaeus,OpenDryPoor
99942,Rubus idaeus,OpenDryPoor
99943,Rubus idaeus,OpenDryPoor
99944,Rubus idaeus,OpenDryPoor
99945,Rubus idaeus,OpenDryPoor
99946,Rubus idaeus,OpenDryPoor
99947,Rubus idaeus,OpenDryPoor
99948,Rubus idaeus,OpenDryPoor
99949,Rubus idaeus,OpenDryPoor
99950,Rubus idaeus,OpenDryPoor
99951,Rubus idaeus,OpenDryPoor
99952,Rubus idaeus,OpenDryPoor
99953,Rubus idaeus,OpenDryPoor
99954,Rubus idaeus,OpenDryPoor
99955,Rubus idaeus,OpenDryPoor
99956,Rubus idaeus,OpenDryPoor
99957,Rubus idaeus,OpenDryPoor
99958,Rubus idaeus,OpenDryPoor
99959,Rubus idaeus,OpenDryPoor
99960,Rubus idaeus,OpenDryPoor
99961,Rubus idaeus,OpenDryPoor
99962,Rubus idaeus,OpenDryPoor
99963,Rubus idaeus,OpenDryPoor
99964,Rubus idaeus,OpenDryPoor
99965,Rubus idaeus,OpenDryPoor
99966,Rubus idaeus,OpenDryPoor
99967,Rubus idaeus,OpenDryPoor
100471,Rubus idaeus,OpenDryPoor
100472,Rubus idaeus,OpenDryPoor
100473,Rubus idaeus,OpenDryPoor
100474,Rubus idaeus,OpenDryPs idaeus,OpenDryPoor
95589,Rubus idaeus,OpenDryPoor
95590,Rubus idaeus,OpenDryPoor
95591,Rubus idaeus,OpenDryPoor
95592,Rubus idaeus,OpenDryPoor
95593,Rubus idaeus,OpenDryPoor
95594,Rubus idaeus,OpenDryPoor
95595,Rubus idaeus,OpenDryPoor
95596,Rubus idaeus,OpenDryPoor
95597,Rubus idaeus,OpenDryPoor
95598,Rubus idaeus,OpenDryPoor
95599,Rubus idaeus,OpenDryPoor
95600,Rubus idaeus,OpenDryPoor
95601,Rubus idaeus,OpenDryPoor
95602,Rubus idaeus,OpenDryPoor
95603,Rubus idaeus,OpenDryPoor
95604,Rubus idaeus,OpenDryPoor
95605,Rubus idaeus,OpenDryPoor
95606,Rubus idaeus,OpenDryPoor
95607,Rubus idaeus,OpenDryPoor
95608,Rubus idaeus,OpenDryPoor
95609,Rubus idaeus,OpenDryPoor
95610,Rubus idaeus,OpenDryPoor
95611,Rubus idaeus,OpenDryPoor
95612,Rubus idaeus,OpenDryPoor
95613,Rubus idaeus,OpenDryPoor
95614,Rubus idaeus,OpenDryPoor
95615,Rubus idaeus,OpenDryPoor
95616,Rubus idaeus,OpenDryPoor
95617,Rubus idaeus,OpenDryPoor
96161,Rubus idaeus,OpenDryPoor
96162,Rubus idaeus,OpenDryPoor
96163,Rubus idaeus,OpenDryPoor
96164,Rubus idaeus,OpenDryPoor
96165,Rubus idaeus,OpenDryPoor
96166,Rubus idaeus,OpenDryPoor
96167,Rubus idaeus,OpenDryPoor
96168,Rubus idaeus,OpenDryPoor
96169,Rubus idaeus,OpenDryPoor
96170,Rubus idaeus,OpenDryPoor
96171,Rubus idaeus,OpenDryPoor
96172,Rubus idaeus,OpenDryPoor
96173,Rubus idaeus,OpenDryPoor
96174,Rubus idaeus,OpenDryPoor
96175,Rubus idaeus,OpenDryPoor
96176,Rubus idaeus,OpenDryPoor
96177,Rubus idaeus,OpenDryPoor
96178,Rubus idaeus,OpenDryPoor
96179,Rubus idaeus,OpenDryPoor
96180,Rubus idaeus,OpenDryPoor
96181,Rubus idaeus,OpenDryPoor
96182,Rubus idaeus,OpenDryPoor
96183,Rubus idaeus,OpenDryPoor
96184,Rubus idaeus,OpenDryPoor
96185,Rubus idaeus,OpenDryPoor
96186,Rubus idaeus,OpenDryPoor
96187,Rubus idaeus,OpenDryPoor
96188,Rubus idaeus,OpenDryPoor
96189,Rubus idaeus,OpenDryPoor
96190,Rubus idaeus,OpenDryPoor
96191,Rubus idaeus,OpenDryPoor
96192,Rubus idaeus,OpenDryPoor
96193,Rubus idaeus,OpenDryPoor
96194,Rubus idaeus,OpenDryPoor
96195,Rubus idaeus,OpenDryPoor
96196,Rubus idaeus,OpenDryPoor
96197,Rubus idaeus,OpenDryPoor
96198,Rubus idaeus,OpenDryPoor
96199,Rubus idaeus,OpenDryPoor
96200,Rubus idaeus,OpenDryPoor
96201,Rubus idaeus,OpenDryPoor
96202,Rubus idaeus,OpenDryPoor
96203,Rubus idaeus,OpenDryPoor
96204,Rubus idaeus,OpenDryPoor
96205,Rubus idaeus,OpenDryPoor
96206,Rubus idaeus,OpenDryPoor
96207,Rubus idaeus,OpenDryPoor
96208,Rubus idaeus,OpenDryPoor
96209,Rubus idaeus,OpenDryPoor
96210,Rubus idaeus,OpenDryPoor
96211,Rubus idaeus,OpenDryPoor
96212,Rubus idaeus,OpenDryPoor
96213,Rubus idaeus,OpenDryPoor
96214,Rubus idaeus,OpenDryPoor
96215,Rubus idaeus,OpenDryPoor
96216,Rubus idaeus,OpenDryPoor
96760,Rubus idaeus,OpenDryPoor
96761,Rubus idaeus,OpenDryPoor
96762,Rubus idaeus,OpenDryPoor
96763,Rubus idaeus,OpenDryPoor
96764,Rubus idaeus,OpenDryPoor
96765,Rubus idaeus,OpenDryPoor
96766,Rubus idaeus,OpenDryPoor
96767,Rubus idaeus,OpenDryPoor
96768,Rubus idaeus,OpenDryPoor
96769,Rubus idaeus,OpenDryPoor
96770,Rubus idaeus,OpenDryPoor
96771,Rubus idaeus,OpenDryPoor
96772,Rubus idaeus,OpenDryPoor
96773,Rubus idaeus,OpenDryPoor
96774,Rubus idaeus,OpenDryPoor
96775,Rubus idaeus,OpenDryPoor
96776,Rubus idaeus,OpenDryPoor
96777,Rubus idaeus,OpenDryPoor
96778,Rubus idaeus,OpenDryPoor
96779,Rubus idaeus,OpenDryPoor
96780,Rubus idaeus,OpenDryPoor
96781,Rubus idaeus,OpenDryPoor
96782,Rubus idaeus,OpenDryPoor
96783,Rubus idaeus,OpenDryPoor
96784,Rubus idaeus,OpenDryPoor
96785,Rubus idaeus,OpenDryPoor
96786,Rubus idaeus,OpenDryPoor
96787,Rubus idaeus,OpenDryPoor
96788,Rubus idaeus,OpenDryPoor
96789,Rubus idaeus,OpenDryPoor
96790,Rubus idaeus,OpenDryPoor
96791,Rubus idaeus,OpenDryPoor
96792,Rubus idaeus,OpenDryPoor
96793,Rubus idaeus,OpenDryPoor
96794,Rubus idaeus,OpenDryPoor
96795,Rubus idaeus,OpenDryPoor
96796,Rubus idaeus,OpenDryPoor
96797,Rubus idaeus,OpenDryPoor
96798,Rubus idaeus,OpenDryPoor
96799,Rubus idaeus,OpenDryPoor
96800,Rubus idaeus,OpenDryPoor
96801,Rubus idaeus,OpenDryPoor
96802,Rubus idaeus,OpenDryPoor
96803,Rubus idaeus,OpenDryPoor
96804,Rubus idaeus,OpenDryPoor
96805,Rubus idaeus,OpenDryPoor
96806,Rubus idoor
100475,Rubus idaeus,OpenDryPoor
100476,Rubus idaeus,OpenDryPoor
100477,Rubus idaeus,OpenDryPoor
100478,Rubus idaeus,OpenDryPoor
100479,Rubus idaeus,OpenDryPoor
100480,Rubus idaeus,OpenDryPoor
100481,Rubus idaeus,OpenDryPoor
100482,Rubus idaeus,OpenDryPoor
100483,Rubus idaeus,OpenDryPoor
100484,Rubus idaeus,OpenDryPoor
100485,Rubus idaeus,OpenDryPoor
100486,Rubus idaeus,OpenDryPoor
100487,Rubus idaeus,OpenDryPoor
100488,Rubus idaeus,OpenDryPoor
100489,Rubus idaeus,OpenDryPoor
100490,Rubus idaeus,OpenDryPoor
100491,Rubus idaeus,OpenDryPoor
100492,Rubus idaeus,OpenDryPoor
100493,Rubus idaeus,OpenDryPoor
100494,Rubus idaeus,OpenDryPoor
100495,Rubus idaeus,OpenDryPoor
100496,Rubus idaeus,OpenDryPoor
100497,Rubus idaeus,OpenDryPoor
100498,Rubus idaeus,OpenDryPoor
100499,Rubus idaeus,OpenDryPoor
100500,Rubus idaeus,OpenDryPoor
100501,Rubus idaeus,OpenDryPoor
100502,Rubus idaeus,OpenDryPoor
100503,Rubus idaeus,OpenDryPoor
100504,Rubus idaeus,OpenDryPoor
100505,Rubus idaeus,OpenDryPoor
100506,Rubus idaeus,OpenDryPoor
100507,Rubus idaeus,OpenDryPoor
100508,Rubus idaeus,OpenDryPoor
100509,Rubus idaeus,OpenDryPoor
100510,Rubus idaeus,OpenDryPoor
100511,Rubus idaeus,OpenDryPoor
100512,Rubus idaeus,OpenDryPoor
100513,Rubus idaeus,OpenDryPoor
100514,Rubus idaeus,OpenDryPoor
100515,Rubus idaeus,OpenDryPoor
100516,Rubus idaeus,OpenDryPoor
100517,Rubus idaeus,OpenDryPoor
100518,Rubus idaeus,OpenDryPoor
100519,Rubus idaeus,OpenDryPoor
100520,Rubus idaeus,OpenDryPoor
100521,Rubus idaeus,OpenDryPoor
100522,Rubus idaeus,OpenDryPoor
100523,Rubus idaeus,OpenDryPoor
100524,Rubus idaeus,OpenDryPoor
100525,Rubus idaeus,OpenDryPoor
100526,Rubus idaeus,OpenDryPoor
100527,Rubus idaeus,OpenDryPoor
100528,Rubus idaeus,OpenDryPoor
100529,Rubus idaeus,OpenDryPoor
100530,Rubus idaeus,OpenDryPoor
100531,Rubus idaeus,OpenDryPoor
100532,Rubus idaeus,OpenDryPoor
100533,Rubus idaeus,OpenDryPoor
100534,Rubus idaeus,OpenDryPoor
100535,Rubus idaeus,OpenDryPoor
100536,Rubus idaeus,OpenDryPoor
100537,Rubus idaeus,OpenDryPoor
100538,Rubus idaeus,OpenDryPoor
100539,Rubus idaeus,OpenDryPoor
100540,Rubus idaeus,OpenDryPoor
100541,Rubus idaeus,OpenDryPoor
100542,Rubus idaeus,OpenDryPoor
100543,Rubus idaeus,OpenDryPoor
100544,Rubus idaeus,OpenDryPoor
100545,Rubus idaeus,OpenDryPoor
100546,Rubus idaeus,OpenDryPoor
100547,Rubus idaeus,OpenDryPoor
100548,Rubus idaeus,OpenDryPoor
100549,Rubus idaeus,OpenDryPoor
100550,Rubus idaeus,OpenDryPoor
100551,Rubus idaeus,OpenDryPoor
100552,Rubus idaeus,OpenDryPoor
100553,Rubus idaeus,OpenDryPoor
100554,Rubus idaeus,OpenDryPoor
100555,Rubus idaeus,OpenDryPoor
100556,Rubus idaeus,OpenDryPoor
100557,Rubus idaeus,OpenDryPoor
100558,Rubus idaeus,OpenDryPoor
100559,Rubus idaeus,OpenDryPoor
100560,Rubus idaeus,OpenDryPoor
100561,Rubus idaeus,OpenDryPoor
100562,Rubus idaeus,OpenDryPoor
100563,Rubus idaeus,OpenDryPoor
100564,Rubus idaeus,OpenDryPoor
100565,Rubus idaeus,OpenDryPoor
101070,Rubus idaeus,OpenDryPoor
101071,Rubus idaeus,OpenDryPoor
101072,Rubus idaeus,OpenDryPoor
101073,Rubus idaeus,OpenDryPoor
101074,Rubus idaeus,OpenDryPoor
101075,Rubus idaeus,OpenDryPoor
101076,Rubus idaeus,OpenDryPoor
101077,Rubus idaeus,OpenDryPoor
101078,Rubus idaeus,OpenDryPoor
101079,Rubus idaeus,OpenDryPoor
101080,Rubus idaeus,OpenDryPoor
101081,Rubus idaeus,OpenDryPoor
101082,Rubus idaeus,OpenDryPoor
101083,Rubus idaeus,OpenDryPoor
101084,Rubus idaeus,OpenDryPoor
101085,Rubus idaeus,OpenDryPoor
101086,Rubus idaeus,OpenDryPoor
101087,Rubus idaeus,OpenDryPoor
101088,Rubus idaeus,OpenDryPoor
101089,Rubus idaeus,OpenDryPoor
101090,Rubus idaeus,OpenDryPoor
101091,Rubus idaeus,OpenDryPoor
101092,Rubus idaeus,OpenDryPoor
101093,Rubus idaeus,OpenDryPoor
101094,Rubus idaeus,OpenDryPoor
101095,Rubus idaeus,OpenDryPoor
101096,Rubus idaeus,OpenDryPoor
101097,Rubus idaeus,OpenDryPoor
101098,Rubus idaeus,OpenDryPoor
101099,Rubus idaeus,OpenDryPoor
101100,Rubus idaeus,OpenDryPoor
101101,Rubus idaeus,OpenDryPoor
101102,Rubus idaeus,OpenDryPoor
101103,Rubus idaeus,OpenDryPoor
101104,Rubus idaeus,OpenDryPoor
101105,Rubus idaeus,OpenDryPoor
101106,Rubus idaeus,OpenDryPaeus,OpenDryPoor
96807,Rubus idaeus,OpenDryPoor
96808,Rubus idaeus,OpenDryPoor
96809,Rubus idaeus,OpenDryPoor
96810,Rubus idaeus,OpenDryPoor
96811,Rubus idaeus,OpenDryPoor
96812,Rubus idaeus,OpenDryPoor
96813,Rubus idaeus,OpenDryPoor
96814,Rubus idaeus,OpenDryPoor
96815,Rubus idaeus,OpenDryPoor
97360,Rubus idaeus,OpenDryPoor
97361,Rubus idaeus,OpenDryPoor
97362,Rubus idaeus,OpenDryPoor
97363,Rubus idaeus,OpenDryPoor
97364,Rubus idaeus,OpenDryPoor
97365,Rubus idaeus,OpenDryPoor
97366,Rubus idaeus,OpenDryPoor
97367,Rubus idaeus,OpenDryPoor
97368,Rubus idaeus,OpenDryPoor
97369,Rubus idaeus,OpenDryPoor
97370,Rubus idaeus,OpenDryPoor
97371,Rubus idaeus,OpenDryPoor
97372,Rubus idaeus,OpenDryPoor
97373,Rubus idaeus,OpenDryPoor
97374,Rubus idaeus,OpenDryPoor
97375,Rubus idaeus,OpenDryPoor
97376,Rubus idaeus,OpenDryPoor
97377,Rubus idaeus,OpenDryPoor
97378,Rubus idaeus,OpenDryPoor
97379,Rubus idaeus,OpenDryPoor
97380,Rubus idaeus,OpenDryPoor
97381,Rubus idaeus,OpenDryPoor
97382,Rubus idaeus,OpenDryPoor
97383,Rubus idaeus,OpenDryPoor
97384,Rubus idaeus,OpenDryPoor
97385,Rubus idaeus,OpenDryPoor
97386,Rubus idaeus,OpenDryPoor
97387,Rubus idaeus,OpenDryPoor
97388,Rubus idaeus,OpenDryPoor
97389,Rubus idaeus,OpenDryPoor
97390,Rubus idaeus,OpenDryPoor
97391,Rubus idaeus,OpenDryPoor
97392,Rubus idaeus,OpenDryPoor
97393,Rubus idaeus,OpenDryPoor
97394,Rubus idaeus,OpenDryPoor
97395,Rubus idaeus,OpenDryPoor
97396,Rubus idaeus,OpenDryPoor
97397,Rubus idaeus,OpenDryPoor
97398,Rubus idaeus,OpenDryPoor
97399,Rubus idaeus,OpenDryPoor
97400,Rubus idaeus,OpenDryPoor
97401,Rubus idaeus,OpenDryPoor
97402,Rubus idaeus,OpenDryPoor
97403,Rubus idaeus,OpenDryPoor
97404,Rubus idaeus,OpenDryPoor
97405,Rubus idaeus,OpenDryPoor
97406,Rubus idaeus,OpenDryPoor
97407,Rubus idaeus,OpenDryPoor
97408,Rubus idaeus,OpenDryPoor
97409,Rubus idaeus,OpenDryPoor
97410,Rubus idaeus,OpenDryPoor
97411,Rubus idaeus,OpenDryPoor
97412,Rubus idaeus,OpenDryPoor
97413,Rubus idaeus,OpenDryPoor
97414,Rubus idaeus,OpenDryPoor
97959,Rubus idaeus,OpenDryPoor
97960,Rubus idaeus,OpenDryPoor
97961,Rubus idaeus,OpenDryPoor
97962,Rubus idaeus,OpenDryPoor
97963,Rubus idaeus,OpenDryPoor
97964,Rubus idaeus,OpenDryPoor
97965,Rubus idaeus,OpenDryPoor
97966,Rubus idaeus,OpenDryPoor
97967,Rubus idaeus,OpenDryPoor
97968,Rubus idaeus,OpenDryPoor
97969,Rubus idaeus,OpenDryPoor
97970,Rubus idaeus,OpenDryPoor
97971,Rubus idaeus,OpenDryPoor
97972,Rubus idaeus,OpenDryPoor
97973,Rubus idaeus,OpenDryPoor
97974,Rubus idaeus,OpenDryPoor
97975,Rubus idaeus,OpenDryPoor
97976,Rubus idaeus,OpenDryPoor
97977,Rubus idaeus,OpenDryPoor
97978,Rubus idaeus,OpenDryPoor
97979,Rubus idaeus,OpenDryPoor
97980,Rubus idaeus,OpenDryPoor
97981,Rubus idaeus,OpenDryPoor
97982,Rubus idaeus,OpenDryPoor
97983,Rubus idaeus,OpenDryPoor
97984,Rubus idaeus,OpenDryPoor
97985,Rubus idaeus,OpenDryPoor
97986,Rubus idaeus,OpenDryPoor
97987,Rubus idaeus,OpenDryPoor
97988,Rubus idaeus,OpenDryPoor
97989,Rubus idaeus,OpenDryPoor
97990,Rubus idaeus,OpenDryPoor
97991,Rubus idaeus,OpenDryPoor
97992,Rubus idaeus,OpenDryPoor
97993,Rubus idaeus,OpenDryPoor
97994,Rubus idaeus,OpenDryPoor
97995,Rubus idaeus,OpenDryPoor
97996,Rubus idaeus,OpenDryPoor
97997,Rubus idaeus,OpenDryPoor
97998,Rubus idaeus,OpenDryPoor
97999,Rubus idaeus,OpenDryPoor
98000,Rubus idaeus,OpenDryPoor
98001,Rubus idaeus,OpenDryPoor
98002,Rubus idaeus,OpenDryPoor
98003,Rubus idaeus,OpenDryPoor
98004,Rubus idaeus,OpenDryPoor
98005,Rubus idaeus,OpenDryPoor
98006,Rubus idaeus,OpenDryPoor
98007,Rubus idaeus,OpenDryPoor
98008,Rubus idaeus,OpenDryPoor
98009,Rubus idaeus,OpenDryPoor
98010,Rubus idaeus,OpenDryPoor
98011,Rubus idaeus,OpenDryPoor
98012,Rubus idaeus,OpenDryPoor
98013,Rubus idaeus,OpenDryPoor
98559,Rubus idaeus,OpenDryPoor
98560,Rubus idaeus,OpenDryPoor
98561,Rubus idaeus,OpenDryPoor
98562,Rubus idaeus,OpenDryPoor
98563,Rubus idaeus,OpenDryPoor
98564,Rubus idaeus,OpenDryPoor
98565,Rubus idaeus,OpenDryPoor
98566,Rubus idaeus,OpenDryPoor
98567,Rubus idaeus,OpenDryPoor
98568,Rubus idaeus,OpenDryPoor
98569,Rubus idaeus,OpenDryPoor
98570,Rubus idaeus,OpenDryPoor
98571,Rubus idaeusoor
101107,Rubus idaeus,OpenDryPoor
101108,Rubus idaeus,OpenDryPoor
101109,Rubus idaeus,OpenDryPoor
101110,Rubus idaeus,OpenDryPoor
101111,Rubus idaeus,OpenDryPoor
101112,Rubus idaeus,OpenDryPoor
101113,Rubus idaeus,OpenDryPoor
101114,Rubus idaeus,OpenDryPoor
101115,Rubus idaeus,OpenDryPoor
101116,Rubus idaeus,OpenDryPoor
101117,Rubus idaeus,OpenDryPoor
101118,Rubus idaeus,OpenDryPoor
101119,Rubus idaeus,OpenDryPoor
101120,Rubus idaeus,OpenDryPoor
101121,Rubus idaeus,OpenDryPoor
101122,Rubus idaeus,OpenDryPoor
101123,Rubus idaeus,OpenDryPoor
101124,Rubus idaeus,OpenDryPoor
101125,Rubus idaeus,OpenDryPoor
101126,Rubus idaeus,OpenDryPoor
101127,Rubus idaeus,OpenDryPoor
101128,Rubus idaeus,OpenDryPoor
101129,Rubus idaeus,OpenDryPoor
101130,Rubus idaeus,OpenDryPoor
101131,Rubus idaeus,OpenDryPoor
101132,Rubus idaeus,OpenDryPoor
101133,Rubus idaeus,OpenDryPoor
101134,Rubus idaeus,OpenDryPoor
101135,Rubus idaeus,OpenDryPoor
101136,Rubus idaeus,OpenDryPoor
101137,Rubus idaeus,OpenDryPoor
101138,Rubus idaeus,OpenDryPoor
101139,Rubus idaeus,OpenDryPoor
101140,Rubus idaeus,OpenDryPoor
101141,Rubus idaeus,OpenDryPoor
101142,Rubus idaeus,OpenDryPoor
101143,Rubus idaeus,OpenDryPoor
101144,Rubus idaeus,OpenDryPoor
101145,Rubus idaeus,OpenDryPoor
101146,Rubus idaeus,OpenDryPoor
101147,Rubus idaeus,OpenDryPoor
101148,Rubus idaeus,OpenDryPoor
101149,Rubus idaeus,OpenDryPoor
101150,Rubus idaeus,OpenDryPoor
101151,Rubus idaeus,OpenDryPoor
101152,Rubus idaeus,OpenDryPoor
101153,Rubus idaeus,OpenDryPoor
101154,Rubus idaeus,OpenDryPoor
101155,Rubus idaeus,OpenDryPoor
101156,Rubus idaeus,OpenDryPoor
101157,Rubus idaeus,OpenDryPoor
101158,Rubus idaeus,OpenDryPoor
101159,Rubus idaeus,OpenDryPoor
101160,Rubus idaeus,OpenDryPoor
101161,Rubus idaeus,OpenDryPoor
101162,Rubus idaeus,OpenDryPoor
101163,Rubus idaeus,OpenDryPoor
101164,Rubus idaeus,OpenDryPoor
101670,Rubus idaeus,OpenDryPoor
101671,Rubus idaeus,OpenDryPoor
101672,Rubus idaeus,OpenDryPoor
101673,Rubus idaeus,OpenDryPoor
101674,Rubus idaeus,OpenDryPoor
101675,Rubus idaeus,OpenDryPoor
101676,Rubus idaeus,OpenDryPoor
101677,Rubus idaeus,OpenDryPoor
101678,Rubus idaeus,OpenDryPoor
101679,Rubus idaeus,OpenDryPoor
101680,Rubus idaeus,OpenDryPoor
101681,Rubus idaeus,OpenDryPoor
101682,Rubus idaeus,OpenDryPoor
101683,Rubus idaeus,OpenDryPoor
101684,Rubus idaeus,OpenDryPoor
101685,Rubus idaeus,OpenDryPoor
101686,Rubus idaeus,OpenDryPoor
101687,Rubus idaeus,OpenDryPoor
101688,Rubus idaeus,OpenDryPoor
101689,Rubus idaeus,OpenDryPoor
101690,Rubus idaeus,OpenDryPoor
101691,Rubus idaeus,OpenDryPoor
101692,Rubus idaeus,OpenDryPoor
101693,Rubus idaeus,OpenDryPoor
101694,Rubus idaeus,OpenDryPoor
101695,Rubus idaeus,OpenDryPoor
101696,Rubus idaeus,OpenDryPoor
101697,Rubus idaeus,OpenDryPoor
101698,Rubus idaeus,OpenDryPoor
101699,Rubus idaeus,OpenDryPoor
101700,Rubus idaeus,OpenDryPoor
101701,Rubus idaeus,OpenDryPoor
101702,Rubus idaeus,OpenDryPoor
101703,Rubus idaeus,OpenDryPoor
101704,Rubus idaeus,OpenDryPoor
101705,Rubus idaeus,OpenDryPoor
101706,Rubus idaeus,OpenDryPoor
101707,Rubus idaeus,OpenDryPoor
101708,Rubus idaeus,OpenDryPoor
101709,Rubus idaeus,OpenDryPoor
101710,Rubus idaeus,OpenDryPoor
101711,Rubus idaeus,OpenDryPoor
101712,Rubus idaeus,OpenDryPoor
101713,Rubus idaeus,OpenDryPoor
101714,Rubus idaeus,OpenDryPoor
101715,Rubus idaeus,OpenDryPoor
101716,Rubus idaeus,OpenDryPoor
101717,Rubus idaeus,OpenDryPoor
101718,Rubus idaeus,OpenDryPoor
101719,Rubus idaeus,OpenDryPoor
101720,Rubus idaeus,OpenDryPoor
101721,Rubus idaeus,OpenDryPoor
101722,Rubus idaeus,OpenDryPoor
101723,Rubus idaeus,OpenDryPoor
101724,Rubus idaeus,OpenDryPoor
101725,Rubus idaeus,OpenDryPoor
101726,Rubus idaeus,OpenDryPoor
101727,Rubus idaeus,OpenDryPoor
101728,Rubus idaeus,OpenDryPoor
101729,Rubus idaeus,OpenDryPoor
101730,Rubus idaeus,OpenDryPoor
101731,Rubus idaeus,OpenDryPoor
101732,Rubus idaeus,OpenDryPoor
101733,Rubus idaeus,OpenDryPoor
101734,Rubus idaeus,OpenDryPoor
101735,Rubus idaeus,OpenDryPoor
101736,Rubus idaeus,OpenDryPoor
101737,Rubus idaeus,OpenDryPoor
101738,Rubus idaeus,OpenDryPoor
101739,Rubus idaeus,OpenDryP,OpenDryPoor
98572,Rubus idaeus,OpenDryPoor
98573,Rubus idaeus,OpenDryPoor
98574,Rubus idaeus,OpenDryPoor
98575,Rubus idaeus,OpenDryPoor
98576,Rubus idaeus,OpenDryPoor
98577,Rubus idaeus,OpenDryPoor
98578,Rubus idaeus,OpenDryPoor
98579,Rubus idaeus,OpenDryPoor
98580,Rubus idaeus,OpenDryPoor
98581,Rubus idaeus,OpenDryPoor
98582,Rubus idaeus,OpenDryPoor
98583,Rubus idaeus,OpenDryPoor
98584,Rubus idaeus,OpenDryPoor
98585,Rubus idaeus,OpenDryPoor
98586,Rubus idaeus,OpenDryPoor
98587,Rubus idaeus,OpenDryPoor
98588,Rubus idaeus,OpenDryPoor
98589,Rubus idaeus,OpenDryPoor
98590,Rubus idaeus,OpenDryPoor
98591,Rubus idaeus,OpenDryPoor
98592,Rubus idaeus,OpenDryPoor
98593,Rubus idaeus,OpenDryPoor
98594,Rubus idaeus,OpenDryPoor
98595,Rubus idaeus,OpenDryPoor
98596,Rubus idaeus,OpenDryPoor
98597,Rubus idaeus,OpenDryPoor
98598,Rubus idaeus,OpenDryPoor
98599,Rubus idaeus,OpenDryPoor
98600,Rubus idaeus,OpenDryPoor
98601,Rubus idaeus,OpenDryPoor
98602,Rubus idaeus,OpenDryPoor
98603,Rubus idaeus,OpenDryPoor
98604,Rubus idaeus,OpenDryPoor
98605,Rubus idaeus,OpenDryPoor
98606,Rubus idaeus,OpenDryPoor
98607,Rubus idaeus,OpenDryPoor
98608,Rubus idaeus,OpenDryPoor
98609,Rubus idaeus,OpenDryPoor
98610,Rubus idaeus,OpenDryPoor
98611,Rubus idaeus,OpenDryPoor
98612,Rubus idaeus,OpenDryPoor
98613,Rubus idaeus,OpenDryPoor
98614,Rubus idaeus,OpenDryPoor
98615,Rubus idaeus,OpenDryPoor
98616,Rubus idaeus,OpenDryPoor
98617,Rubus idaeus,OpenDryPoor
98618,Rubus idaeus,OpenDryPoor
98619,Rubus idaeus,OpenDryPoor
98620,Rubus idaeus,OpenDryPoor
98621,Rubus idaeus,OpenDryPoor
98622,Rubus idaeus,OpenDryPoor
98623,Rubus idaeus,OpenDryPoor
98624,Rubus idaeus,OpenDryPoor
98625,Rubus idaeus,OpenDryPoor
98626,Rubus idaeus,OpenDryPoor
98627,Rubus idaeus,OpenDryPoor
98628,Rubus idaeus,OpenDryPoor
98629,Rubus idaeus,OpenDryPoor
98630,Rubus idaeus,OpenDryPoor
98631,Rubus idaeus,OpenDryPoor
98632,Rubus idaeus,OpenDryPoor
98633,Rubus idaeus,OpenDryPoor
98634,Rubus idaeus,OpenDryPoor
98635,Rubus idaeus,OpenDryPoor
98636,Rubus idaeus,OpenDryPoor
98637,Rubus idaeus,OpenDryPoor
98638,Rubus idaeus,OpenDryPoor
98639,Rubus idaeus,OpenDryPoor
98640,Rubus idaeus,OpenDryPoor
98641,Rubus idaeus,OpenDryPoor
98642,Rubus idaeus,OpenDryPoor
98643,Rubus idaeus,OpenDryPoor
98644,Rubus idaeus,OpenDryPoor
98645,Rubus idaeus,OpenDryPoor
99158,Rubus idaeus,OpenDryPoor
99159,Rubus idaeus,OpenDryPoor
99160,Rubus idaeus,OpenDryPoor
99161,Rubus idaeus,OpenDryPoor
99162,Rubus idaeus,OpenDryPoor
99163,Rubus idaeus,OpenDryPoor
99164,Rubus idaeus,OpenDryPoor
99165,Rubus idaeus,OpenDryPoor
99166,Rubus idaeus,OpenDryPoor
99167,Rubus idaeus,OpenDryPoor
99168,Rubus idaeus,OpenDryPoor
99169,Rubus idaeus,OpenDryPoor
99170,Rubus idaeus,OpenDryPoor
99171,Rubus idaeus,OpenDryPoor
99172,Rubus idaeus,OpenDryPoor
99173,Rubus idaeus,OpenDryPoor
99174,Rubus idaeus,OpenDryPoor
99175,Rubus idaeus,OpenDryPoor
99176,Rubus idaeus,OpenDryPoor
99177,Rubus idaeus,OpenDryPoor
99178,Rubus idaeus,OpenDryPoor
99179,Rubus idaeus,OpenDryPoor
99180,Rubus idaeus,OpenDryPoor
99181,Rubus idaeus,OpenDryPoor
99182,Rubus idaeus,OpenDryPoor
99183,Rubus idaeus,OpenDryPoor
99184,Rubus idaeus,OpenDryPoor
99185,Rubus idaeus,OpenDryPoor
99186,Rubus idaeus,OpenDryPoor
99187,Rubus idaeus,OpenDryPoor
99188,Rubus idaeus,OpenDryPoor
99189,Rubus idaeus,OpenDryPoor
99190,Rubus idaeus,OpenDryPoor
99191,Rubus idaeus,OpenDryPoor
99192,Rubus idaeus,OpenDryPoor
99193,Rubus idaeus,OpenDryPoor
99194,Rubus idaeus,OpenDryPoor
99195,Rubus idaeus,OpenDryPoor
99196,Rubus idaeus,OpenDryPoor
99197,Rubus idaeus,OpenDryPoor
99198,Rubus idaeus,OpenDryPoor
99199,Rubus idaeus,OpenDryPoor
99200,Rubus idaeus,OpenDryPoor
99201,Rubus idaeus,OpenDryPoor
99202,Rubus idaeus,OpenDryPoor
99203,Rubus idaeus,OpenDryPoor
99204,Rubus idaeus,OpenDryPoor
99205,Rubus idaeus,OpenDryPoor
99206,Rubus idaeus,OpenDryPoor
99207,Rubus idaeus,OpenDryPoor
99208,Rubus idaeus,OpenDryPoor
99209,Rubus idaeus,OpenDryPoor
99210,Rubus idaeus,OpenDryPoor
99211,Rubus idaeus,OpenDryPoor
99212,Rubus idaeus,OpenDryPoor
99213,Rubus idaeus,OpenDryPoor
99214,Rubus idaeus,OpenDryPoor
99215,Rubus idaeus,Opeoor
101740,Rubus idaeus,OpenDryPoor
101741,Rubus idaeus,OpenDryPoor
101742,Rubus idaeus,OpenDryPoor
101743,Rubus idaeus,OpenDryPoor
101744,Rubus idaeus,OpenDryPoor
101745,Rubus idaeus,OpenDryPoor
101746,Rubus idaeus,OpenDryPoor
101747,Rubus idaeus,OpenDryPoor
101748,Rubus idaeus,OpenDryPoor
101749,Rubus idaeus,OpenDryPoor
101750,Rubus idaeus,OpenDryPoor
101751,Rubus idaeus,OpenDryPoor
101752,Rubus idaeus,OpenDryPoor
101753,Rubus idaeus,OpenDryPoor
101754,Rubus idaeus,OpenDryPoor
101755,Rubus idaeus,OpenDryPoor
101756,Rubus idaeus,OpenDryPoor
101757,Rubus idaeus,OpenDryPoor
101758,Rubus idaeus,OpenDryPoor
101759,Rubus idaeus,OpenDryPoor
101760,Rubus idaeus,OpenDryPoor
101761,Rubus idaeus,OpenDryPoor
101762,Rubus idaeus,OpenDryPoor
101763,Rubus idaeus,OpenDryPoor
102269,Rubus idaeus,OpenDryPoor
102270,Rubus idaeus,OpenDryPoor
102271,Rubus idaeus,OpenDryPoor
102272,Rubus idaeus,OpenDryPoor
102273,Rubus idaeus,OpenDryPoor
102274,Rubus idaeus,OpenDryPoor
102275,Rubus idaeus,OpenDryPoor
102276,Rubus idaeus,OpenDryPoor
102277,Rubus idaeus,OpenDryPoor
102278,Rubus idaeus,OpenDryPoor
102279,Rubus idaeus,OpenDryPoor
102280,Rubus idaeus,OpenDryPoor
102281,Rubus idaeus,OpenDryPoor
102282,Rubus idaeus,OpenDryPoor
102283,Rubus idaeus,OpenDryPoor
102284,Rubus idaeus,OpenDryPoor
102285,Rubus idaeus,OpenDryPoor
102286,Rubus idaeus,OpenDryPoor
102287,Rubus idaeus,OpenDryPoor
102288,Rubus idaeus,OpenDryPoor
102289,Rubus idaeus,OpenDryPoor
102290,Rubus idaeus,OpenDryPoor
102291,Rubus idaeus,OpenDryPoor
102292,Rubus idaeus,OpenDryPoor
102293,Rubus idaeus,OpenDryPoor
102294,Rubus idaeus,OpenDryPoor
102295,Rubus idaeus,OpenDryPoor
102296,Rubus idaeus,OpenDryPoor
102297,Rubus idaeus,OpenDryPoor
102298,Rubus idaeus,OpenDryPoor
102299,Rubus idaeus,OpenDryPoor
102300,Rubus idaeus,OpenDryPoor
102301,Rubus idaeus,OpenDryPoor
102302,Rubus idaeus,OpenDryPoor
102303,Rubus idaeus,OpenDryPoor
102304,Rubus idaeus,OpenDryPoor
102305,Rubus idaeus,OpenDryPoor
102306,Rubus idaeus,OpenDryPoor
102307,Rubus idaeus,OpenDryPoor
102308,Rubus idaeus,OpenDryPoor
102309,Rubus idaeus,OpenDryPoor
102310,Rubus idaeus,OpenDryPoor
102311,Rubus idaeus,OpenDryPoor
102312,Rubus idaeus,OpenDryPoor
102313,Rubus idaeus,OpenDryPoor
102314,Rubus idaeus,OpenDryPoor
102315,Rubus idaeus,OpenDryPoor
102316,Rubus idaeus,OpenDryPoor
102317,Rubus idaeus,OpenDryPoor
102318,Rubus idaeus,OpenDryPoor
102319,Rubus idaeus,OpenDryPoor
102320,Rubus idaeus,OpenDryPoor
102321,Rubus idaeus,OpenDryPoor
102322,Rubus idaeus,OpenDryPoor
102323,Rubus idaeus,OpenDryPoor
102324,Rubus idaeus,OpenDryPoor
102325,Rubus idaeus,OpenDryPoor
102326,Rubus idaeus,OpenDryPoor
102327,Rubus idaeus,OpenDryPoor
102328,Rubus idaeus,OpenDryPoor
102329,Rubus idaeus,OpenDryPoor
102330,Rubus idaeus,OpenDryPoor
102331,Rubus idaeus,OpenDryPoor
102332,Rubus idaeus,OpenDryPoor
102333,Rubus idaeus,OpenDryPoor
102334,Rubus idaeus,OpenDryPoor
102335,Rubus idaeus,OpenDryPoor
102336,Rubus idaeus,OpenDryPoor
102337,Rubus idaeus,OpenDryPoor
102338,Rubus idaeus,OpenDryPoor
102339,Rubus idaeus,OpenDryPoor
102340,Rubus idaeus,OpenDryPoor
102341,Rubus idaeus,OpenDryPoor
102342,Rubus idaeus,OpenDryPoor
102343,Rubus idaeus,OpenDryPoor
102344,Rubus idaeus,OpenDryPoor
102345,Rubus idaeus,OpenDryPoor
102346,Rubus idaeus,OpenDryPoor
102347,Rubus idaeus,OpenDryPoor
102348,Rubus idaeus,OpenDryPoor
102349,Rubus idaeus,OpenDryPoor
102350,Rubus idaeus,OpenDryPoor
102351,Rubus idaeus,OpenDryPoor
102352,Rubus idaeus,OpenDryPoor
102353,Rubus idaeus,OpenDryPoor
102354,Rubus idaeus,OpenDryPoor
102355,Rubus idaeus,OpenDryPoor
102356,Rubus idaeus,OpenDryPoor
102357,Rubus idaeus,OpenDryPoor
102358,Rubus idaeus,OpenDryPoor
102359,Rubus idaeus,OpenDryPoor
102360,Rubus idaeus,OpenDryPoor
102361,Rubus idaeus,OpenDryPoor
102869,Rubus idaeus,OpenDryPoor
102870,Rubus idaeus,OpenDryPoor
102871,Rubus idaeus,OpenDryPoor
102872,Rubus idaeus,OpenDryPoor
102873,Rubus idaeus,OpenDryPoor
102874,Rubus idaeus,OpenDryPoor
102875,Rubus idaeus,OpenDryPoor
102876,Rubus idaeus,OpenDryPoor
102877,Rubus idaeus,OpenDryPoor
102878,Rubus idaeus,OpenDryPoor
102879,Rubus idaeus,OpenDryPnDryPoor
99216,Rubus idaeus,OpenDryPoor
99217,Rubus idaeus,OpenDryPoor
99218,Rubus idaeus,OpenDryPoor
99219,Rubus idaeus,OpenDryPoor
99220,Rubus idaeus,OpenDryPoor
99221,Rubus idaeus,OpenDryPoor
99222,Rubus idaeus,OpenDryPoor
99223,Rubus idaeus,OpenDryPoor
99224,Rubus idaeus,OpenDryPoor
99225,Rubus idaeus,OpenDryPoor
99226,Rubus idaeus,OpenDryPoor
99227,Rubus idaeus,OpenDryPoor
99228,Rubus idaeus,OpenDryPoor
99229,Rubus idaeus,OpenDryPoor
99230,Rubus idaeus,OpenDryPoor
99231,Rubus idaeus,OpenDryPoor
99232,Rubus idaeus,OpenDryPoor
99233,Rubus idaeus,OpenDryPoor
99234,Rubus idaeus,OpenDryPoor
99235,Rubus idaeus,OpenDryPoor
99236,Rubus idaeus,OpenDryPoor
99237,Rubus idaeus,OpenDryPoor
99238,Rubus idaeus,OpenDryPoor
99239,Rubus idaeus,OpenDryPoor
99240,Rubus idaeus,OpenDryPoor
99241,Rubus idaeus,OpenDryPoor
99242,Rubus idaeus,OpenDryPoor
99243,Rubus idaeus,OpenDryPoor
99758,Rubus idaeus,OpenDryPoor
99759,Rubus idaeus,OpenDryPoor
99760,Rubus idaeus,OpenDryPoor
99761,Rubus idaeus,OpenDryPoor
99762,Rubus idaeus,OpenDryPoor
99763,Rubus idaeus,OpenDryPoor
99764,Rubus idaeus,OpenDryPoor
99765,Rubus idaeus,OpenDryPoor
99766,Rubus idaeus,OpenDryPoor
99767,Rubus idaeus,OpenDryPoor
99768,Rubus idaeus,OpenDryPoor
99769,Rubus idaeus,OpenDryPoor
99770,Rubus idaeus,OpenDryPoor
99771,Rubus idaeus,OpenDryPoor
99772,Rubus idaeus,OpenDryPoor
99773,Rubus idaeus,OpenDryPoor
99774,Rubus idaeus,OpenDryPoor
99775,Rubus idaeus,OpenDryPoor
99776,Rubus idaeus,OpenDryPoor
99777,Rubus idaeus,OpenDryPoor
99778,Rubus idaeus,OpenDryPoor
99779,Rubus idaeus,OpenDryPoor
99780,Rubus idaeus,OpenDryPoor
99781,Rubus idaeus,OpenDryPoor
99782,Rubus idaeus,OpenDryPoor
99783,Rubus idaeus,OpenDryPoor
99784,Rubus idaeus,OpenDryPoor
99785,Rubus idaeus,OpenDryPoor
99786,Rubus idaeus,OpenDryPoor
99787,Rubus idaeus,OpenDryPoor
99788,Rubus idaeus,OpenDryPoor
99789,Rubus idaeus,OpenDryPoor
99790,Rubus idaeus,OpenDryPoor
99791,Rubus idaeus,OpenDryPoor
99792,Rubus idaeus,OpenDryPoor
99793,Rubus idaeus,OpenDryPoor
99794,Rubus idaeus,OpenDryPoor
99795,Rubus idaeus,OpenDryPoor
99796,Rubus idaeus,OpenDryPoor
99797,Rubus idaeus,OpenDryPoor
99798,Rubus idaeus,OpenDryPoor
99799,Rubus idaeus,OpenDryPoor
99800,Rubus idaeus,OpenDryPoor
99801,Rubus idaeus,OpenDryPoor
99802,Rubus idaeus,OpenDryPoor
99803,Rubus idaeus,OpenDryPoor
99804,Rubus idaeus,OpenDryPoor
99805,Rubus idaeus,OpenDryPoor
99806,Rubus idaeus,OpenDryPoor
99807,Rubus idaeus,OpenDryPoor
99808,Rubus idaeus,OpenDryPoor
99809,Rubus idaeus,OpenDryPoor
99810,Rubus idaeus,OpenDryPoor
99811,Rubus idaeus,OpenDryPoor
99812,Rubus idaeus,OpenDryPoor
99813,Rubus idaeus,OpenDryPoor
99814,Rubus idaeus,OpenDryPoor
99815,Rubus idaeus,OpenDryPoor
99816,Rubus idaeus,OpenDryPoor
99817,Rubus idaeus,OpenDryPoor
99818,Rubus idaeus,OpenDryPoor
99819,Rubus idaeus,OpenDryPoor
99820,Rubus idaeus,OpenDryPoor
99821,Rubus idaeus,OpenDryPoor
99822,Rubus idaeus,OpenDryPoor
99823,Rubus idaeus,OpenDryPoor
99824,Rubus idaeus,OpenDryPoor
99825,Rubus idaeus,OpenDryPoor
99826,Rubus idaeus,OpenDryPoor
99827,Rubus idaeus,OpenDryPoor
99828,Rubus idaeus,OpenDryPoor
99829,Rubus idaeus,OpenDryPoor
99830,Rubus idaeus,OpenDryPoor
99831,Rubus idaeus,OpenDryPoor
99832,Rubus idaeus,OpenDryPoor
99833,Rubus idaeus,OpenDryPoor
99834,Rubus idaeus,OpenDryPoor
99835,Rubus idaeus,OpenDryPoor
99836,Rubus idaeus,OpenDryPoor
99837,Rubus idaeus,OpenDryPoor
99838,Rubus idaeus,OpenDryPoor
99839,Rubus idaeus,OpenDryPoor
99840,Rubus idaeus,OpenDryPoor
99841,Rubus idaeus,OpenDryPoor
100358,Rubus idaeus,OpenDryPoor
100359,Rubus idaeus,OpenDryPoor
100360,Rubus idaeus,OpenDryPoor
100361,Rubus idaeus,OpenDryPoor
100362,Rubus idaeus,OpenDryPoor
100363,Rubus idaeus,OpenDryPoor
100364,Rubus idaeus,OpenDryPoor
100365,Rubus idaeus,OpenDryPoor
100366,Rubus idaeus,OpenDryPoor
100367,Rubus idaeus,OpenDryPoor
100368,Rubus idaeus,OpenDryPoor
100369,Rubus idaeus,OpenDryPoor
100370,Rubus idaeus,OpenDryPoor
100371,Rubus idaeus,OpenDryPoor
100372,Rubus idaeus,OpenDryPoor
100373,Rubus idaeus,OpenDryPoor
100374,Rubus idaeus,OpenDryPoor
100375,Rubus idaeus,OpenDryPoor
100376,Rubus idaeus,OpenDryPoor
100377,oor
102880,Rubus idaeus,OpenDryPoor
102881,Rubus idaeus,OpenDryPoor
102882,Rubus idaeus,OpenDryPoor
102883,Rubus idaeus,OpenDryPoor
102884,Rubus idaeus,OpenDryPoor
102885,Rubus idaeus,OpenDryPoor
102886,Rubus idaeus,OpenDryPoor
102887,Rubus idaeus,OpenDryPoor
102888,Rubus idaeus,OpenDryPoor
102889,Rubus idaeus,OpenDryPoor
102890,Rubus idaeus,OpenDryPoor
102891,Rubus idaeus,OpenDryPoor
102892,Rubus idaeus,OpenDryPoor
102893,Rubus idaeus,OpenDryPoor
102894,Rubus idaeus,OpenDryPoor
102895,Rubus idaeus,OpenDryPoor
102896,Rubus idaeus,OpenDryPoor
102897,Rubus idaeus,OpenDryPoor
102898,Rubus idaeus,OpenDryPoor
102899,Rubus idaeus,OpenDryPoor
102900,Rubus idaeus,OpenDryPoor
102901,Rubus idaeus,OpenDryPoor
102902,Rubus idaeus,OpenDryPoor
102903,Rubus idaeus,OpenDryPoor
102904,Rubus idaeus,OpenDryPoor
102905,Rubus idaeus,OpenDryPoor
102906,Rubus idaeus,OpenDryPoor
102907,Rubus idaeus,OpenDryPoor
102908,Rubus idaeus,OpenDryPoor
102909,Rubus idaeus,OpenDryPoor
102910,Rubus idaeus,OpenDryPoor
102911,Rubus idaeus,OpenDryPoor
102912,Rubus idaeus,OpenDryPoor
102913,Rubus idaeus,OpenDryPoor
102914,Rubus idaeus,OpenDryPoor
102915,Rubus idaeus,OpenDryPoor
102916,Rubus idaeus,OpenDryPoor
102917,Rubus idaeus,OpenDryPoor
102918,Rubus idaeus,OpenDryPoor
102919,Rubus idaeus,OpenDryPoor
102920,Rubus idaeus,OpenDryPoor
102921,Rubus idaeus,OpenDryPoor
102922,Rubus idaeus,OpenDryPoor
102923,Rubus idaeus,OpenDryPoor
102924,Rubus idaeus,OpenDryPoor
102925,Rubus idaeus,OpenDryPoor
102926,Rubus idaeus,OpenDryPoor
102927,Rubus idaeus,OpenDryPoor
102928,Rubus idaeus,OpenDryPoor
102929,Rubus idaeus,OpenDryPoor
102930,Rubus idaeus,OpenDryPoor
102931,Rubus idaeus,OpenDryPoor
102932,Rubus idaeus,OpenDryPoor
102933,Rubus idaeus,OpenDryPoor
102934,Rubus idaeus,OpenDryPoor
102935,Rubus idaeus,OpenDryPoor
102936,Rubus idaeus,OpenDryPoor
102937,Rubus idaeus,OpenDryPoor
102938,Rubus idaeus,OpenDryPoor
102939,Rubus idaeus,OpenDryPoor
102940,Rubus idaeus,OpenDryPoor
102941,Rubus idaeus,OpenDryPoor
102942,Rubus idaeus,OpenDryPoor
102943,Rubus idaeus,OpenDryPoor
102944,Rubus idaeus,OpenDryPoor
102945,Rubus idaeus,OpenDryPoor
102946,Rubus idaeus,OpenDryPoor
102947,Rubus idaeus,OpenDryPoor
102948,Rubus idaeus,OpenDryPoor
102949,Rubus idaeus,OpenDryPoor
102950,Rubus idaeus,OpenDryPoor
102951,Rubus idaeus,OpenDryPoor
102952,Rubus idaeus,OpenDryPoor
102953,Rubus idaeus,OpenDryPoor
102954,Rubus idaeus,OpenDryPoor
102955,Rubus idaeus,OpenDryPoor
102956,Rubus idaeus,OpenDryPoor
102957,Rubus idaeus,OpenDryPoor
102958,Rubus idaeus,OpenDryPoor
102959,Rubus idaeus,OpenDryPoor
102960,Rubus idaeus,OpenDryPoor
103468,Rubus idaeus,OpenDryPoor
103469,Rubus idaeus,OpenDryPoor
103470,Rubus idaeus,OpenDryPoor
103471,Rubus idaeus,OpenDryPoor
103472,Rubus idaeus,OpenDryPoor
103473,Rubus idaeus,OpenDryPoor
103474,Rubus idaeus,OpenDryPoor
103475,Rubus idaeus,OpenDryPoor
103476,Rubus idaeus,OpenDryPoor
103477,Rubus idaeus,OpenDryPoor
103478,Rubus idaeus,OpenDryPoor
103479,Rubus idaeus,OpenDryPoor
103480,Rubus idaeus,OpenDryPoor
103481,Rubus idaeus,OpenDryPoor
103482,Rubus idaeus,OpenDryPoor
103483,Rubus idaeus,OpenDryPoor
103484,Rubus idaeus,OpenDryPoor
103485,Rubus idaeus,OpenDryPoor
103486,Rubus idaeus,OpenDryPoor
103487,Rubus idaeus,OpenDryPoor
103488,Rubus idaeus,OpenDryPoor
103489,Rubus idaeus,OpenDryPoor
103490,Rubus idaeus,OpenDryPoor
103491,Rubus idaeus,OpenDryPoor
103492,Rubus idaeus,OpenDryPoor
103493,Rubus idaeus,OpenDryPoor
103494,Rubus idaeus,OpenDryPoor
103495,Rubus idaeus,OpenDryPoor
103496,Rubus idaeus,OpenDryPoor
103497,Rubus idaeus,OpenDryPoor
103498,Rubus idaeus,OpenDryPoor
103499,Rubus idaeus,OpenDryPoor
103500,Rubus idaeus,OpenDryPoor
103501,Rubus idaeus,OpenDryPoor
103502,Rubus idaeus,OpenDryPoor
103503,Rubus idaeus,OpenDryPoor
103504,Rubus idaeus,OpenDryPoor
103505,Rubus idaeus,OpenDryPoor
103506,Rubus idaeus,OpenDryPoor
103507,Rubus idaeus,OpenDryPoor
103508,Rubus idaeus,OpenDryPoor
103509,Rubus idaeus,OpenDryPoor
103510,Rubus idaeus,OpenDryPoor
103511,Rubus idaeus,OpenDryPoor
103512,Rubus idaeus,OpenDryPoor
103513,Rubus idaeus,OpenDryPoor
103514,Rubus idaeus,OpenDryPRubus idaeus,OpenDryPoor
100378,Rubus idaeus,OpenDryPoor
100379,Rubus idaeus,OpenDryPoor
100380,Rubus idaeus,OpenDryPoor
100381,Rubus idaeus,OpenDryPoor
100382,Rubus idaeus,OpenDryPoor
100383,Rubus idaeus,OpenDryPoor
100384,Rubus idaeus,OpenDryPoor
100385,Rubus idaeus,OpenDryPoor
100386,Rubus idaeus,OpenDryPoor
100387,Rubus idaeus,OpenDryPoor
100388,Rubus idaeus,OpenDryPoor
100389,Rubus idaeus,OpenDryPoor
100390,Rubus idaeus,OpenDryPoor
100391,Rubus idaeus,OpenDryPoor
100392,Rubus idaeus,OpenDryPoor
100393,Rubus idaeus,OpenDryPoor
100394,Rubus idaeus,OpenDryPoor
100395,Rubus idaeus,OpenDryPoor
100396,Rubus idaeus,OpenDryPoor
100397,Rubus idaeus,OpenDryPoor
100398,Rubus idaeus,OpenDryPoor
100399,Rubus idaeus,OpenDryPoor
100400,Rubus idaeus,OpenDryPoor
100401,Rubus idaeus,OpenDryPoor
100402,Rubus idaeus,OpenDryPoor
100403,Rubus idaeus,OpenDryPoor
100404,Rubus idaeus,OpenDryPoor
100405,Rubus idaeus,OpenDryPoor
100406,Rubus idaeus,OpenDryPoor
100407,Rubus idaeus,OpenDryPoor
100408,Rubus idaeus,OpenDryPoor
100409,Rubus idaeus,OpenDryPoor
100410,Rubus idaeus,OpenDryPoor
100411,Rubus idaeus,OpenDryPoor
100412,Rubus idaeus,OpenDryPoor
100413,Rubus idaeus,OpenDryPoor
100414,Rubus idaeus,OpenDryPoor
100415,Rubus idaeus,OpenDryPoor
100416,Rubus idaeus,OpenDryPoor
100417,Rubus idaeus,OpenDryPoor
100418,Rubus idaeus,OpenDryPoor
100419,Rubus idaeus,OpenDryPoor
100420,Rubus idaeus,OpenDryPoor
100421,Rubus idaeus,OpenDryPoor
100422,Rubus idaeus,OpenDryPoor
100423,Rubus idaeus,OpenDryPoor
100424,Rubus idaeus,OpenDryPoor
100425,Rubus idaeus,OpenDryPoor
100426,Rubus idaeus,OpenDryPoor
100427,Rubus idaeus,OpenDryPoor
100428,Rubus idaeus,OpenDryPoor
100429,Rubus idaeus,OpenDryPoor
100430,Rubus idaeus,OpenDryPoor
100431,Rubus idaeus,OpenDryPoor
100432,Rubus idaeus,OpenDryPoor
100433,Rubus idaeus,OpenDryPoor
100434,Rubus idaeus,OpenDryPoor
100435,Rubus idaeus,OpenDryPoor
100436,Rubus idaeus,OpenDryPoor
100437,Rubus idaeus,OpenDryPoor
100438,Rubus idaeus,OpenDryPoor
100439,Rubus idaeus,OpenDryPoor
100440,Rubus idaeus,OpenDryPoor
100957,Rubus idaeus,OpenDryPoor
100958,Rubus idaeus,OpenDryPoor
100959,Rubus idaeus,OpenDryPoor
100960,Rubus idaeus,OpenDryPoor
100961,Rubus idaeus,OpenDryPoor
100962,Rubus idaeus,OpenDryPoor
100963,Rubus idaeus,OpenDryPoor
100964,Rubus idaeus,OpenDryPoor
100965,Rubus idaeus,OpenDryPoor
100966,Rubus idaeus,OpenDryPoor
100967,Rubus idaeus,OpenDryPoor
100968,Rubus idaeus,OpenDryPoor
100969,Rubus idaeus,OpenDryPoor
100970,Rubus idaeus,OpenDryPoor
100971,Rubus idaeus,OpenDryPoor
100972,Rubus idaeus,OpenDryPoor
100973,Rubus idaeus,OpenDryPoor
100974,Rubus idaeus,OpenDryPoor
100975,Rubus idaeus,OpenDryPoor
100976,Rubus idaeus,OpenDryPoor
100977,Rubus idaeus,OpenDryPoor
100978,Rubus idaeus,OpenDryPoor
100979,Rubus idaeus,OpenDryPoor
100980,Rubus idaeus,OpenDryPoor
100981,Rubus idaeus,OpenDryPoor
100982,Rubus idaeus,OpenDryPoor
100983,Rubus idaeus,OpenDryPoor
100984,Rubus idaeus,OpenDryPoor
100985,Rubus idaeus,OpenDryPoor
100986,Rubus idaeus,OpenDryPoor
100987,Rubus idaeus,OpenDryPoor
100988,Rubus idaeus,OpenDryPoor
100989,Rubus idaeus,OpenDryPoor
100990,Rubus idaeus,OpenDryPoor
100991,Rubus idaeus,OpenDryPoor
100992,Rubus idaeus,OpenDryPoor
100993,Rubus idaeus,OpenDryPoor
100994,Rubus idaeus,OpenDryPoor
100995,Rubus idaeus,OpenDryPoor
100996,Rubus idaeus,OpenDryPoor
100997,Rubus idaeus,OpenDryPoor
100998,Rubus idaeus,OpenDryPoor
100999,Rubus idaeus,OpenDryPoor
101000,Rubus idaeus,OpenDryPoor
101001,Rubus idaeus,OpenDryPoor
101002,Rubus idaeus,OpenDryPoor
101003,Rubus idaeus,OpenDryPoor
101004,Rubus idaeus,OpenDryPoor
101005,Rubus idaeus,OpenDryPoor
101006,Rubus idaeus,OpenDryPoor
101007,Rubus idaeus,OpenDryPoor
101008,Rubus idaeus,OpenDryPoor
101009,Rubus idaeus,OpenDryPoor
101010,Rubus idaeus,OpenDryPoor
101011,Rubus idaeus,OpenDryPoor
101012,Rubus idaeus,OpenDryPoor
101013,Rubus idaeus,OpenDryPoor
101014,Rubus idaeus,OpenDryPoor
101015,Rubus idaeus,OpenDryPoor
101016,Rubus idaeus,OpenDryPoor
101017,Rubus idaeus,OpenDryPoor
101018,Rubus idaeus,OpenDryPoor
101019,Rubus idaeus,OpenDryPoor
101020,Rubus idaeus,OpenDryPoor
101021,oor
103515,Rubus idaeus,OpenDryPoor
103516,Rubus idaeus,OpenDryPoor
103517,Rubus idaeus,OpenDryPoor
103518,Rubus idaeus,OpenDryPoor
103519,Rubus idaeus,OpenDryPoor
103520,Rubus idaeus,OpenDryPoor
103521,Rubus idaeus,OpenDryPoor
103522,Rubus idaeus,OpenDryPoor
103523,Rubus idaeus,OpenDryPoor
103524,Rubus idaeus,OpenDryPoor
103525,Rubus idaeus,OpenDryPoor
103526,Rubus idaeus,OpenDryPoor
103527,Rubus idaeus,OpenDryPoor
103528,Rubus idaeus,OpenDryPoor
103529,Rubus idaeus,OpenDryPoor
103530,Rubus idaeus,OpenDryPoor
103531,Rubus idaeus,OpenDryPoor
103532,Rubus idaeus,OpenDryPoor
103533,Rubus idaeus,OpenDryPoor
103534,Rubus idaeus,OpenDryPoor
103535,Rubus idaeus,OpenDryPoor
103536,Rubus idaeus,OpenDryPoor
103537,Rubus idaeus,OpenDryPoor
103538,Rubus idaeus,OpenDryPoor
103539,Rubus idaeus,OpenDryPoor
103540,Rubus idaeus,OpenDryPoor
103541,Rubus idaeus,OpenDryPoor
103542,Rubus idaeus,OpenDryPoor
103543,Rubus idaeus,OpenDryPoor
103544,Rubus idaeus,OpenDryPoor
103545,Rubus idaeus,OpenDryPoor
103546,Rubus idaeus,OpenDryPoor
103547,Rubus idaeus,OpenDryPoor
103548,Rubus idaeus,OpenDryPoor
103549,Rubus idaeus,OpenDryPoor
103550,Rubus idaeus,OpenDryPoor
103551,Rubus idaeus,OpenDryPoor
103552,Rubus idaeus,OpenDryPoor
103553,Rubus idaeus,OpenDryPoor
103554,Rubus idaeus,OpenDryPoor
103555,Rubus idaeus,OpenDryPoor
103556,Rubus idaeus,OpenDryPoor
103557,Rubus idaeus,OpenDryPoor
103558,Rubus idaeus,OpenDryPoor
104067,Rubus idaeus,OpenDryPoor
104068,Rubus idaeus,OpenDryPoor
104069,Rubus idaeus,OpenDryPoor
104070,Rubus idaeus,OpenDryPoor
104071,Rubus idaeus,OpenDryPoor
104072,Rubus idaeus,OpenDryPoor
104073,Rubus idaeus,OpenDryPoor
104074,Rubus idaeus,OpenDryPoor
104075,Rubus idaeus,OpenDryPoor
104076,Rubus idaeus,OpenDryPoor
104077,Rubus idaeus,OpenDryPoor
104078,Rubus idaeus,OpenDryPoor
104079,Rubus idaeus,OpenDryPoor
104080,Rubus idaeus,OpenDryPoor
104081,Rubus idaeus,OpenDryPoor
104082,Rubus idaeus,OpenDryPoor
104083,Rubus idaeus,OpenDryPoor
104084,Rubus idaeus,OpenDryPoor
104085,Rubus idaeus,OpenDryPoor
104086,Rubus idaeus,OpenDryPoor
104087,Rubus idaeus,OpenDryPoor
104088,Rubus idaeus,OpenDryPoor
104089,Rubus idaeus,OpenDryPoor
104090,Rubus idaeus,OpenDryPoor
104091,Rubus idaeus,OpenDryPoor
104092,Rubus idaeus,OpenDryPoor
104093,Rubus idaeus,OpenDryPoor
104094,Rubus idaeus,OpenDryPoor
104095,Rubus idaeus,OpenDryPoor
104096,Rubus idaeus,OpenDryPoor
104097,Rubus idaeus,OpenDryPoor
104098,Rubus idaeus,OpenDryPoor
104099,Rubus idaeus,OpenDryPoor
104100,Rubus idaeus,OpenDryPoor
104101,Rubus idaeus,OpenDryPoor
104102,Rubus idaeus,OpenDryPoor
104103,Rubus idaeus,OpenDryPoor
104104,Rubus idaeus,OpenDryPoor
104105,Rubus idaeus,OpenDryPoor
104106,Rubus idaeus,OpenDryPoor
104107,Rubus idaeus,OpenDryPoor
104108,Rubus idaeus,OpenDryPoor
104109,Rubus idaeus,OpenDryPoor
104110,Rubus idaeus,OpenDryPoor
104111,Rubus idaeus,OpenDryPoor
104112,Rubus idaeus,OpenDryPoor
104113,Rubus idaeus,OpenDryPoor
104114,Rubus idaeus,OpenDryPoor
104115,Rubus idaeus,OpenDryPoor
104116,Rubus idaeus,OpenDryPoor
104117,Rubus idaeus,OpenDryPoor
104118,Rubus idaeus,OpenDryPoor
104119,Rubus idaeus,OpenDryPoor
104120,Rubus idaeus,OpenDryPoor
104121,Rubus idaeus,OpenDryPoor
104122,Rubus idaeus,OpenDryPoor
104123,Rubus idaeus,OpenDryPoor
104124,Rubus idaeus,OpenDryPoor
104125,Rubus idaeus,OpenDryPoor
104126,Rubus idaeus,OpenDryPoor
104127,Rubus idaeus,OpenDryPoor
104128,Rubus idaeus,OpenDryPoor
104129,Rubus idaeus,OpenDryPoor
104130,Rubus idaeus,OpenDryPoor
104131,Rubus idaeus,OpenDryPoor
104132,Rubus idaeus,OpenDryPoor
104133,Rubus idaeus,OpenDryPoor
104134,Rubus idaeus,OpenDryPoor
104135,Rubus idaeus,OpenDryPoor
104136,Rubus idaeus,OpenDryPoor
104137,Rubus idaeus,OpenDryPoor
104138,Rubus idaeus,OpenDryPoor
104139,Rubus idaeus,OpenDryPoor
104140,Rubus idaeus,OpenDryPoor
104141,Rubus idaeus,OpenDryPoor
104142,Rubus idaeus,OpenDryPoor
104143,Rubus idaeus,OpenDryPoor
104144,Rubus idaeus,OpenDryPoor
104145,Rubus idaeus,OpenDryPoor
104146,Rubus idaeus,OpenDryPoor
104147,Rubus idaeus,OpenDryPoor
104148,Rubus idaeus,OpenDryPoor
104149,Rubus idaeus,OpenDryPoor
104150,Rubus idaeus,OpenDryPRubus idaeus,OpenDryPoor
101022,Rubus idaeus,OpenDryPoor
101023,Rubus idaeus,OpenDryPoor
101024,Rubus idaeus,OpenDryPoor
101025,Rubus idaeus,OpenDryPoor
101026,Rubus idaeus,OpenDryPoor
101027,Rubus idaeus,OpenDryPoor
101028,Rubus idaeus,OpenDryPoor
101029,Rubus idaeus,OpenDryPoor
101030,Rubus idaeus,OpenDryPoor
101031,Rubus idaeus,OpenDryPoor
101032,Rubus idaeus,OpenDryPoor
101033,Rubus idaeus,OpenDryPoor
101034,Rubus idaeus,OpenDryPoor
101035,Rubus idaeus,OpenDryPoor
101036,Rubus idaeus,OpenDryPoor
101037,Rubus idaeus,OpenDryPoor
101038,Rubus idaeus,OpenDryPoor
101557,Rubus idaeus,OpenDryPoor
101558,Rubus idaeus,OpenDryPoor
101559,Rubus idaeus,OpenDryPoor
101560,Rubus idaeus,OpenDryPoor
101561,Rubus idaeus,OpenDryPoor
101562,Rubus idaeus,OpenDryPoor
101563,Rubus idaeus,OpenDryPoor
101564,Rubus idaeus,OpenDryPoor
101565,Rubus idaeus,OpenDryPoor
101566,Rubus idaeus,OpenDryPoor
101567,Rubus idaeus,OpenDryPoor
101568,Rubus idaeus,OpenDryPoor
101569,Rubus idaeus,OpenDryPoor
101570,Rubus idaeus,OpenDryPoor
101571,Rubus idaeus,OpenDryPoor
101572,Rubus idaeus,OpenDryPoor
101573,Rubus idaeus,OpenDryPoor
101574,Rubus idaeus,OpenDryPoor
101575,Rubus idaeus,OpenDryPoor
101576,Rubus idaeus,OpenDryPoor
101577,Rubus idaeus,OpenDryPoor
101578,Rubus idaeus,OpenDryPoor
101579,Rubus idaeus,OpenDryPoor
101580,Rubus idaeus,OpenDryPoor
101581,Rubus idaeus,OpenDryPoor
101582,Rubus idaeus,OpenDryPoor
101583,Rubus idaeus,OpenDryPoor
101584,Rubus idaeus,OpenDryPoor
101585,Rubus idaeus,OpenDryPoor
101586,Rubus idaeus,OpenDryPoor
101587,Rubus idaeus,OpenDryPoor
101588,Rubus idaeus,OpenDryPoor
101589,Rubus idaeus,OpenDryPoor
101590,Rubus idaeus,OpenDryPoor
101591,Rubus idaeus,OpenDryPoor
101592,Rubus idaeus,OpenDryPoor
101593,Rubus idaeus,OpenDryPoor
101594,Rubus idaeus,OpenDryPoor
101595,Rubus idaeus,OpenDryPoor
101596,Rubus idaeus,OpenDryPoor
101597,Rubus idaeus,OpenDryPoor
101598,Rubus idaeus,OpenDryPoor
101599,Rubus idaeus,OpenDryPoor
101600,Rubus idaeus,OpenDryPoor
101601,Rubus idaeus,OpenDryPoor
101602,Rubus idaeus,OpenDryPoor
101603,Rubus idaeus,OpenDryPoor
101604,Rubus idaeus,OpenDryPoor
101605,Rubus idaeus,OpenDryPoor
101606,Rubus idaeus,OpenDryPoor
101607,Rubus idaeus,OpenDryPoor
101608,Rubus idaeus,OpenDryPoor
101609,Rubus idaeus,OpenDryPoor
101610,Rubus idaeus,OpenDryPoor
101611,Rubus idaeus,OpenDryPoor
101612,Rubus idaeus,OpenDryPoor
101613,Rubus idaeus,OpenDryPoor
101614,Rubus idaeus,OpenDryPoor
101615,Rubus idaeus,OpenDryPoor
101616,Rubus idaeus,OpenDryPoor
101617,Rubus idaeus,OpenDryPoor
101618,Rubus idaeus,OpenDryPoor
101619,Rubus idaeus,OpenDryPoor
101620,Rubus idaeus,OpenDryPoor
101621,Rubus idaeus,OpenDryPoor
101622,Rubus idaeus,OpenDryPoor
101623,Rubus idaeus,OpenDryPoor
101624,Rubus idaeus,OpenDryPoor
101625,Rubus idaeus,OpenDryPoor
101626,Rubus idaeus,OpenDryPoor
101627,Rubus idaeus,OpenDryPoor
101628,Rubus idaeus,OpenDryPoor
101629,Rubus idaeus,OpenDryPoor
101630,Rubus idaeus,OpenDryPoor
101631,Rubus idaeus,OpenDryPoor
101632,Rubus idaeus,OpenDryPoor
101633,Rubus idaeus,OpenDryPoor
101634,Rubus idaeus,OpenDryPoor
101635,Rubus idaeus,OpenDryPoor
101636,Rubus idaeus,OpenDryPoor
101637,Rubus idaeus,OpenDryPoor
102157,Rubus idaeus,OpenDryPoor
102158,Rubus idaeus,OpenDryPoor
102159,Rubus idaeus,OpenDryPoor
102160,Rubus idaeus,OpenDryPoor
102161,Rubus idaeus,OpenDryPoor
102162,Rubus idaeus,OpenDryPoor
102163,Rubus idaeus,OpenDryPoor
102164,Rubus idaeus,OpenDryPoor
102165,Rubus idaeus,OpenDryPoor
102166,Rubus idaeus,OpenDryPoor
102167,Rubus idaeus,OpenDryPoor
102168,Rubus idaeus,OpenDryPoor
102169,Rubus idaeus,OpenDryPoor
102170,Rubus idaeus,OpenDryPoor
102171,Rubus idaeus,OpenDryPoor
102172,Rubus idaeus,OpenDryPoor
102173,Rubus idaeus,OpenDryPoor
102174,Rubus idaeus,OpenDryPoor
102175,Rubus idaeus,OpenDryPoor
102176,Rubus idaeus,OpenDryPoor
102177,Rubus idaeus,OpenDryPoor
102178,Rubus idaeus,OpenDryPoor
102179,Rubus idaeus,OpenDryPoor
102180,Rubus idaeus,OpenDryPoor
102181,Rubus idaeus,OpenDryPoor
102182,Rubus idaeus,OpenDryPoor
102183,Rubus idaeus,OpenDryPoor
102184,Rubus idaeus,OpenDryPoor
102185,Rubus idaeus,OpenDryPoor
102186,oor
104151,Rubus idaeus,OpenDryPoor
104152,Rubus idaeus,OpenDryPoor
104153,Rubus idaeus,OpenDryPoor
104154,Rubus idaeus,OpenDryPoor
104155,Rubus idaeus,OpenDryPoor
104156,Rubus idaeus,OpenDryPoor
104157,Rubus idaeus,OpenDryPoor
104667,Rubus idaeus,OpenDryPoor
104668,Rubus idaeus,OpenDryPoor
104669,Rubus idaeus,OpenDryPoor
104670,Rubus idaeus,OpenDryPoor
104671,Rubus idaeus,OpenDryPoor
104672,Rubus idaeus,OpenDryPoor
104673,Rubus idaeus,OpenDryPoor
104674,Rubus idaeus,OpenDryPoor
104675,Rubus idaeus,OpenDryPoor
104676,Rubus idaeus,OpenDryPoor
104677,Rubus idaeus,OpenDryPoor
104678,Rubus idaeus,OpenDryPoor
104679,Rubus idaeus,OpenDryPoor
104680,Rubus idaeus,OpenDryPoor
104681,Rubus idaeus,OpenDryPoor
104682,Rubus idaeus,OpenDryPoor
104683,Rubus idaeus,OpenDryPoor
104684,Rubus idaeus,OpenDryPoor
104685,Rubus idaeus,OpenDryPoor
104686,Rubus idaeus,OpenDryPoor
104687,Rubus idaeus,OpenDryPoor
104688,Rubus idaeus,OpenDryPoor
104689,Rubus idaeus,OpenDryPoor
104690,Rubus idaeus,OpenDryPoor
104691,Rubus idaeus,OpenDryPoor
104692,Rubus idaeus,OpenDryPoor
104693,Rubus idaeus,OpenDryPoor
104694,Rubus idaeus,OpenDryPoor
104695,Rubus idaeus,OpenDryPoor
104696,Rubus idaeus,OpenDryPoor
104697,Rubus idaeus,OpenDryPoor
104698,Rubus idaeus,OpenDryPoor
104699,Rubus idaeus,OpenDryPoor
104700,Rubus idaeus,OpenDryPoor
104701,Rubus idaeus,OpenDryPoor
104702,Rubus idaeus,OpenDryPoor
104703,Rubus idaeus,OpenDryPoor
104704,Rubus idaeus,OpenDryPoor
104705,Rubus idaeus,OpenDryPoor
104706,Rubus idaeus,OpenDryPoor
104707,Rubus idaeus,OpenDryPoor
104708,Rubus idaeus,OpenDryPoor
104709,Rubus idaeus,OpenDryPoor
104710,Rubus idaeus,OpenDryPoor
104711,Rubus idaeus,OpenDryPoor
104712,Rubus idaeus,OpenDryPoor
104713,Rubus idaeus,OpenDryPoor
104714,Rubus idaeus,OpenDryPoor
104715,Rubus idaeus,OpenDryPoor
104716,Rubus idaeus,OpenDryPoor
104717,Rubus idaeus,OpenDryPoor
104718,Rubus idaeus,OpenDryPoor
104719,Rubus idaeus,OpenDryPoor
104720,Rubus idaeus,OpenDryPoor
104721,Rubus idaeus,OpenDryPoor
104722,Rubus idaeus,OpenDryPoor
104723,Rubus idaeus,OpenDryPoor
104724,Rubus idaeus,OpenDryPoor
104725,Rubus idaeus,OpenDryPoor
104726,Rubus idaeus,OpenDryPoor
104727,Rubus idaeus,OpenDryPoor
104728,Rubus idaeus,OpenDryPoor
104729,Rubus idaeus,OpenDryPoor
104730,Rubus idaeus,OpenDryPoor
104731,Rubus idaeus,OpenDryPoor
104732,Rubus idaeus,OpenDryPoor
104733,Rubus idaeus,OpenDryPoor
104734,Rubus idaeus,OpenDryPoor
104735,Rubus idaeus,OpenDryPoor
104736,Rubus idaeus,OpenDryPoor
104737,Rubus idaeus,OpenDryPoor
104738,Rubus idaeus,OpenDryPoor
104739,Rubus idaeus,OpenDryPoor
104740,Rubus idaeus,OpenDryPoor
104741,Rubus idaeus,OpenDryPoor
104742,Rubus idaeus,OpenDryPoor
104743,Rubus idaeus,OpenDryPoor
104744,Rubus idaeus,OpenDryPoor
104745,Rubus idaeus,OpenDryPoor
104746,Rubus idaeus,OpenDryPoor
104747,Rubus idaeus,OpenDryPoor
104748,Rubus idaeus,OpenDryPoor
104749,Rubus idaeus,OpenDryPoor
104750,Rubus idaeus,OpenDryPoor
104751,Rubus idaeus,OpenDryPoor
104752,Rubus idaeus,OpenDryPoor
104753,Rubus idaeus,OpenDryPoor
104754,Rubus idaeus,OpenDryPoor
104755,Rubus idaeus,OpenDryPoor
104756,Rubus idaeus,OpenDryPoor
105266,Rubus idaeus,OpenDryPoor
105267,Rubus idaeus,OpenDryPoor
105268,Rubus idaeus,OpenDryPoor
105269,Rubus idaeus,OpenDryPoor
105270,Rubus idaeus,OpenDryPoor
105271,Rubus idaeus,OpenDryPoor
105272,Rubus idaeus,OpenDryPoor
105273,Rubus idaeus,OpenDryPoor
105274,Rubus idaeus,OpenDryPoor
105275,Rubus idaeus,OpenDryPoor
105276,Rubus idaeus,OpenDryPoor
105277,Rubus idaeus,OpenDryPoor
105278,Rubus idaeus,OpenDryPoor
105279,Rubus idaeus,OpenDryPoor
105280,Rubus idaeus,OpenDryPoor
105281,Rubus idaeus,OpenDryPoor
105282,Rubus idaeus,OpenDryPoor
105283,Rubus idaeus,OpenDryPoor
105284,Rubus idaeus,OpenDryPoor
105285,Rubus idaeus,OpenDryPoor
105286,Rubus idaeus,OpenDryPoor
105287,Rubus idaeus,OpenDryPoor
105288,Rubus idaeus,OpenDryPoor
105289,Rubus idaeus,OpenDryPoor
105290,Rubus idaeus,OpenDryPoor
105291,Rubus idaeus,OpenDryPoor
105292,Rubus idaeus,OpenDryPoor
105293,Rubus idaeus,OpenDryPoor
105294,Rubus idaeus,OpenDryPoor
105295,Rubus idaeus,OpenDryPoor
105296,Rubus idaeus,OpenDryPRubus idaeus,OpenDryPoor
102187,Rubus idaeus,OpenDryPoor
102188,Rubus idaeus,OpenDryPoor
102189,Rubus idaeus,OpenDryPoor
102190,Rubus idaeus,OpenDryPoor
102191,Rubus idaeus,OpenDryPoor
102192,Rubus idaeus,OpenDryPoor
102193,Rubus idaeus,OpenDryPoor
102194,Rubus idaeus,OpenDryPoor
102195,Rubus idaeus,OpenDryPoor
102196,Rubus idaeus,OpenDryPoor
102197,Rubus idaeus,OpenDryPoor
102198,Rubus idaeus,OpenDryPoor
102199,Rubus idaeus,OpenDryPoor
102200,Rubus idaeus,OpenDryPoor
102201,Rubus idaeus,OpenDryPoor
102202,Rubus idaeus,OpenDryPoor
102203,Rubus idaeus,OpenDryPoor
102204,Rubus idaeus,OpenDryPoor
102205,Rubus idaeus,OpenDryPoor
102206,Rubus idaeus,OpenDryPoor
102207,Rubus idaeus,OpenDryPoor
102208,Rubus idaeus,OpenDryPoor
102209,Rubus idaeus,OpenDryPoor
102210,Rubus idaeus,OpenDryPoor
102211,Rubus idaeus,OpenDryPoor
102212,Rubus idaeus,OpenDryPoor
102213,Rubus idaeus,OpenDryPoor
102214,Rubus idaeus,OpenDryPoor
102215,Rubus idaeus,OpenDryPoor
102216,Rubus idaeus,OpenDryPoor
102217,Rubus idaeus,OpenDryPoor
102218,Rubus idaeus,OpenDryPoor
102219,Rubus idaeus,OpenDryPoor
102220,Rubus idaeus,OpenDryPoor
102221,Rubus idaeus,OpenDryPoor
102222,Rubus idaeus,OpenDryPoor
102223,Rubus idaeus,OpenDryPoor
102224,Rubus idaeus,OpenDryPoor
102225,Rubus idaeus,OpenDryPoor
102226,Rubus idaeus,OpenDryPoor
102227,Rubus idaeus,OpenDryPoor
102228,Rubus idaeus,OpenDryPoor
102229,Rubus idaeus,OpenDryPoor
102230,Rubus idaeus,OpenDryPoor
102231,Rubus idaeus,OpenDryPoor
102232,Rubus idaeus,OpenDryPoor
102233,Rubus idaeus,OpenDryPoor
102234,Rubus idaeus,OpenDryPoor
102235,Rubus idaeus,OpenDryPoor
102756,Rubus idaeus,OpenDryPoor
102757,Rubus idaeus,OpenDryPoor
102758,Rubus idaeus,OpenDryPoor
102759,Rubus idaeus,OpenDryPoor
102760,Rubus idaeus,OpenDryPoor
102761,Rubus idaeus,OpenDryPoor
102762,Rubus idaeus,OpenDryPoor
102763,Rubus idaeus,OpenDryPoor
102764,Rubus idaeus,OpenDryPoor
102765,Rubus idaeus,OpenDryPoor
102766,Rubus idaeus,OpenDryPoor
102767,Rubus idaeus,OpenDryPoor
102768,Rubus idaeus,OpenDryPoor
102769,Rubus idaeus,OpenDryPoor
102770,Rubus idaeus,OpenDryPoor
102771,Rubus idaeus,OpenDryPoor
102772,Rubus idaeus,OpenDryPoor
102773,Rubus idaeus,OpenDryPoor
102774,Rubus idaeus,OpenDryPoor
102775,Rubus idaeus,OpenDryPoor
102776,Rubus idaeus,OpenDryPoor
102777,Rubus idaeus,OpenDryPoor
102778,Rubus idaeus,OpenDryPoor
102779,Rubus idaeus,OpenDryPoor
102780,Rubus idaeus,OpenDryPoor
102781,Rubus idaeus,OpenDryPoor
102782,Rubus idaeus,OpenDryPoor
102783,Rubus idaeus,OpenDryPoor
102784,Rubus idaeus,OpenDryPoor
102785,Rubus idaeus,OpenDryPoor
102786,Rubus idaeus,OpenDryPoor
102787,Rubus idaeus,OpenDryPoor
102788,Rubus idaeus,OpenDryPoor
102789,Rubus idaeus,OpenDryPoor
102790,Rubus idaeus,OpenDryPoor
102791,Rubus idaeus,OpenDryPoor
102792,Rubus idaeus,OpenDryPoor
102793,Rubus idaeus,OpenDryPoor
102794,Rubus idaeus,OpenDryPoor
102795,Rubus idaeus,OpenDryPoor
102796,Rubus idaeus,OpenDryPoor
102797,Rubus idaeus,OpenDryPoor
102798,Rubus idaeus,OpenDryPoor
102799,Rubus idaeus,OpenDryPoor
102800,Rubus idaeus,OpenDryPoor
102801,Rubus idaeus,OpenDryPoor
102802,Rubus idaeus,OpenDryPoor
102803,Rubus idaeus,OpenDryPoor
102804,Rubus idaeus,OpenDryPoor
102805,Rubus idaeus,OpenDryPoor
102806,Rubus idaeus,OpenDryPoor
102807,Rubus idaeus,OpenDryPoor
102808,Rubus idaeus,OpenDryPoor
102809,Rubus idaeus,OpenDryPoor
102810,Rubus idaeus,OpenDryPoor
102811,Rubus idaeus,OpenDryPoor
102812,Rubus idaeus,OpenDryPoor
102813,Rubus idaeus,OpenDryPoor
102814,Rubus idaeus,OpenDryPoor
102815,Rubus idaeus,OpenDryPoor
102816,Rubus idaeus,OpenDryPoor
102817,Rubus idaeus,OpenDryPoor
102818,Rubus idaeus,OpenDryPoor
102819,Rubus idaeus,OpenDryPoor
102820,Rubus idaeus,OpenDryPoor
102821,Rubus idaeus,OpenDryPoor
102822,Rubus idaeus,OpenDryPoor
102823,Rubus idaeus,OpenDryPoor
102824,Rubus idaeus,OpenDryPoor
102825,Rubus idaeus,OpenDryPoor
102826,Rubus idaeus,OpenDryPoor
102827,Rubus idaeus,OpenDryPoor
102828,Rubus idaeus,OpenDryPoor
102829,Rubus idaeus,OpenDryPoor
102830,Rubus idaeus,OpenDryPoor
102831,Rubus idaeus,OpenDryPoor
102832,Rubus idaeus,OpenDryPoor
102833,Rubus idaeus,OpenDryPoor
103356,oor
105297,Rubus idaeus,OpenDryPoor
105298,Rubus idaeus,OpenDryPoor
105299,Rubus idaeus,OpenDryPoor
105300,Rubus idaeus,OpenDryPoor
105301,Rubus idaeus,OpenDryPoor
105302,Rubus idaeus,OpenDryPoor
105303,Rubus idaeus,OpenDryPoor
105304,Rubus idaeus,OpenDryPoor
105305,Rubus idaeus,OpenDryPoor
105306,Rubus idaeus,OpenDryPoor
105307,Rubus idaeus,OpenDryPoor
105308,Rubus idaeus,OpenDryPoor
105309,Rubus idaeus,OpenDryPoor
105310,Rubus idaeus,OpenDryPoor
105311,Rubus idaeus,OpenDryPoor
105312,Rubus idaeus,OpenDryPoor
105313,Rubus idaeus,OpenDryPoor
105314,Rubus idaeus,OpenDryPoor
105315,Rubus idaeus,OpenDryPoor
105316,Rubus idaeus,OpenDryPoor
105317,Rubus idaeus,OpenDryPoor
105318,Rubus idaeus,OpenDryPoor
105319,Rubus idaeus,OpenDryPoor
105320,Rubus idaeus,OpenDryPoor
105321,Rubus idaeus,OpenDryPoor
105322,Rubus idaeus,OpenDryPoor
105323,Rubus idaeus,OpenDryPoor
105324,Rubus idaeus,OpenDryPoor
105325,Rubus idaeus,OpenDryPoor
105326,Rubus idaeus,OpenDryPoor
105327,Rubus idaeus,OpenDryPoor
105328,Rubus idaeus,OpenDryPoor
105329,Rubus idaeus,OpenDryPoor
105330,Rubus idaeus,OpenDryPoor
105331,Rubus idaeus,OpenDryPoor
105332,Rubus idaeus,OpenDryPoor
105333,Rubus idaeus,OpenDryPoor
105334,Rubus idaeus,OpenDryPoor
105335,Rubus idaeus,OpenDryPoor
105336,Rubus idaeus,OpenDryPoor
105337,Rubus idaeus,OpenDryPoor
105338,Rubus idaeus,OpenDryPoor
105339,Rubus idaeus,OpenDryPoor
105340,Rubus idaeus,OpenDryPoor
105341,Rubus idaeus,OpenDryPoor
105342,Rubus idaeus,OpenDryPoor
105343,Rubus idaeus,OpenDryPoor
105344,Rubus idaeus,OpenDryPoor
105345,Rubus idaeus,OpenDryPoor
105346,Rubus idaeus,OpenDryPoor
105347,Rubus idaeus,OpenDryPoor
105348,Rubus idaeus,OpenDryPoor
105349,Rubus idaeus,OpenDryPoor
105350,Rubus idaeus,OpenDryPoor
105351,Rubus idaeus,OpenDryPoor
105352,Rubus idaeus,OpenDryPoor
105353,Rubus idaeus,OpenDryPoor
105354,Rubus idaeus,OpenDryPoor
105866,Rubus idaeus,OpenDryPoor
105867,Rubus idaeus,OpenDryPoor
105868,Rubus idaeus,OpenDryPoor
105869,Rubus idaeus,OpenDryPoor
105870,Rubus idaeus,OpenDryPoor
105871,Rubus idaeus,OpenDryPoor
105872,Rubus idaeus,OpenDryPoor
105873,Rubus idaeus,OpenDryPoor
105874,Rubus idaeus,OpenDryPoor
105875,Rubus idaeus,OpenDryPoor
105876,Rubus idaeus,OpenDryPoor
105877,Rubus idaeus,OpenDryPoor
105878,Rubus idaeus,OpenDryPoor
105879,Rubus idaeus,OpenDryPoor
105880,Rubus idaeus,OpenDryPoor
105881,Rubus idaeus,OpenDryPoor
105882,Rubus idaeus,OpenDryPoor
105883,Rubus idaeus,OpenDryPoor
105884,Rubus idaeus,OpenDryPoor
105885,Rubus idaeus,OpenDryPoor
105886,Rubus idaeus,OpenDryPoor
105887,Rubus idaeus,OpenDryPoor
105888,Rubus idaeus,OpenDryPoor
105889,Rubus idaeus,OpenDryPoor
105890,Rubus idaeus,OpenDryPoor
105891,Rubus idaeus,OpenDryPoor
105892,Rubus idaeus,OpenDryPoor
105893,Rubus idaeus,OpenDryPoor
105894,Rubus idaeus,OpenDryPoor
105895,Rubus idaeus,OpenDryPoor
105896,Rubus idaeus,OpenDryPoor
105897,Rubus idaeus,OpenDryPoor
105898,Rubus idaeus,OpenDryPoor
105899,Rubus idaeus,OpenDryPoor
105900,Rubus idaeus,OpenDryPoor
105901,Rubus idaeus,OpenDryPoor
105902,Rubus idaeus,OpenDryPoor
105903,Rubus idaeus,OpenDryPoor
105904,Rubus idaeus,OpenDryPoor
105905,Rubus idaeus,OpenDryPoor
105906,Rubus idaeus,OpenDryPoor
105907,Rubus idaeus,OpenDryPoor
105908,Rubus idaeus,OpenDryPoor
105909,Rubus idaeus,OpenDryPoor
105910,Rubus idaeus,OpenDryPoor
105911,Rubus idaeus,OpenDryPoor
105912,Rubus idaeus,OpenDryPoor
105913,Rubus idaeus,OpenDryPoor
105914,Rubus idaeus,OpenDryPoor
105915,Rubus idaeus,OpenDryPoor
105916,Rubus idaeus,OpenDryPoor
105917,Rubus idaeus,OpenDryPoor
105918,Rubus idaeus,OpenDryPoor
105919,Rubus idaeus,OpenDryPoor
105920,Rubus idaeus,OpenDryPoor
105921,Rubus idaeus,OpenDryPoor
105922,Rubus idaeus,OpenDryPoor
105923,Rubus idaeus,OpenDryPoor
105924,Rubus idaeus,OpenDryPoor
105925,Rubus idaeus,OpenDryPoor
105926,Rubus idaeus,OpenDryPoor
105927,Rubus idaeus,OpenDryPoor
105928,Rubus idaeus,OpenDryPoor
105929,Rubus idaeus,OpenDryPoor
105930,Rubus idaeus,OpenDryPoor
105931,Rubus idaeus,OpenDryPoor
105932,Rubus idaeus,OpenDryPoor
105933,Rubus idaeus,OpenDryPoor
105934,Rubus idaeus,OpenDryPoor
105935,Rubus idaeus,OpenDryPRubus idaeus,OpenDryPoor
103357,Rubus idaeus,OpenDryPoor
103358,Rubus idaeus,OpenDryPoor
103359,Rubus idaeus,OpenDryPoor
103360,Rubus idaeus,OpenDryPoor
103361,Rubus idaeus,OpenDryPoor
103362,Rubus idaeus,OpenDryPoor
103363,Rubus idaeus,OpenDryPoor
103364,Rubus idaeus,OpenDryPoor
103365,Rubus idaeus,OpenDryPoor
103366,Rubus idaeus,OpenDryPoor
103367,Rubus idaeus,OpenDryPoor
103368,Rubus idaeus,OpenDryPoor
103369,Rubus idaeus,OpenDryPoor
103370,Rubus idaeus,OpenDryPoor
103371,Rubus idaeus,OpenDryPoor
103372,Rubus idaeus,OpenDryPoor
103373,Rubus idaeus,OpenDryPoor
103374,Rubus idaeus,OpenDryPoor
103375,Rubus idaeus,OpenDryPoor
103376,Rubus idaeus,OpenDryPoor
103377,Rubus idaeus,OpenDryPoor
103378,Rubus idaeus,OpenDryPoor
103379,Rubus idaeus,OpenDryPoor
103380,Rubus idaeus,OpenDryPoor
103381,Rubus idaeus,OpenDryPoor
103382,Rubus idaeus,OpenDryPoor
103383,Rubus idaeus,OpenDryPoor
103384,Rubus idaeus,OpenDryPoor
103385,Rubus idaeus,OpenDryPoor
103386,Rubus idaeus,OpenDryPoor
103387,Rubus idaeus,OpenDryPoor
103388,Rubus idaeus,OpenDryPoor
103389,Rubus idaeus,OpenDryPoor
103390,Rubus idaeus,OpenDryPoor
103391,Rubus idaeus,OpenDryPoor
103392,Rubus idaeus,OpenDryPoor
103393,Rubus idaeus,OpenDryPoor
103394,Rubus idaeus,OpenDryPoor
103395,Rubus idaeus,OpenDryPoor
103396,Rubus idaeus,OpenDryPoor
103397,Rubus idaeus,OpenDryPoor
103398,Rubus idaeus,OpenDryPoor
103399,Rubus idaeus,OpenDryPoor
103400,Rubus idaeus,OpenDryPoor
103401,Rubus idaeus,OpenDryPoor
103402,Rubus idaeus,OpenDryPoor
103403,Rubus idaeus,OpenDryPoor
103404,Rubus idaeus,OpenDryPoor
103405,Rubus idaeus,OpenDryPoor
103406,Rubus idaeus,OpenDryPoor
103407,Rubus idaeus,OpenDryPoor
103408,Rubus idaeus,OpenDryPoor
103409,Rubus idaeus,OpenDryPoor
103410,Rubus idaeus,OpenDryPoor
103411,Rubus idaeus,OpenDryPoor
103412,Rubus idaeus,OpenDryPoor
103413,Rubus idaeus,OpenDryPoor
103414,Rubus idaeus,OpenDryPoor
103415,Rubus idaeus,OpenDryPoor
103416,Rubus idaeus,OpenDryPoor
103417,Rubus idaeus,OpenDryPoor
103418,Rubus idaeus,OpenDryPoor
103419,Rubus idaeus,OpenDryPoor
103420,Rubus idaeus,OpenDryPoor
103421,Rubus idaeus,OpenDryPoor
103422,Rubus idaeus,OpenDryPoor
103423,Rubus idaeus,OpenDryPoor
103424,Rubus idaeus,OpenDryPoor
103425,Rubus idaeus,OpenDryPoor
103426,Rubus idaeus,OpenDryPoor
103427,Rubus idaeus,OpenDryPoor
103428,Rubus idaeus,OpenDryPoor
103429,Rubus idaeus,OpenDryPoor
103430,Rubus idaeus,OpenDryPoor
103431,Rubus idaeus,OpenDryPoor
103956,Rubus idaeus,OpenDryPoor
103957,Rubus idaeus,OpenDryPoor
103958,Rubus idaeus,OpenDryPoor
103959,Rubus idaeus,OpenDryPoor
103960,Rubus idaeus,OpenDryPoor
103961,Rubus idaeus,OpenDryPoor
103962,Rubus idaeus,OpenDryPoor
103963,Rubus idaeus,OpenDryPoor
103964,Rubus idaeus,OpenDryPoor
103965,Rubus idaeus,OpenDryPoor
103966,Rubus idaeus,OpenDryPoor
103967,Rubus idaeus,OpenDryPoor
103968,Rubus idaeus,OpenDryPoor
103969,Rubus idaeus,OpenDryPoor
103970,Rubus idaeus,OpenDryPoor
103971,Rubus idaeus,OpenDryPoor
103972,Rubus idaeus,OpenDryPoor
103973,Rubus idaeus,OpenDryPoor
103974,Rubus idaeus,OpenDryPoor
103975,Rubus idaeus,OpenDryPoor
103976,Rubus idaeus,OpenDryPoor
103977,Rubus idaeus,OpenDryPoor
103978,Rubus idaeus,OpenDryPoor
103979,Rubus idaeus,OpenDryPoor
103980,Rubus idaeus,OpenDryPoor
103981,Rubus idaeus,OpenDryPoor
103982,Rubus idaeus,OpenDryPoor
103983,Rubus idaeus,OpenDryPoor
103984,Rubus idaeus,OpenDryPoor
103985,Rubus idaeus,OpenDryPoor
103986,Rubus idaeus,OpenDryPoor
103987,Rubus idaeus,OpenDryPoor
103988,Rubus idaeus,OpenDryPoor
103989,Rubus idaeus,OpenDryPoor
103990,Rubus idaeus,OpenDryPoor
103991,Rubus idaeus,OpenDryPoor
103992,Rubus idaeus,OpenDryPoor
103993,Rubus idaeus,OpenDryPoor
103994,Rubus idaeus,OpenDryPoor
103995,Rubus idaeus,OpenDryPoor
103996,Rubus idaeus,OpenDryPoor
103997,Rubus idaeus,OpenDryPoor
103998,Rubus idaeus,OpenDryPoor
103999,Rubus idaeus,OpenDryPoor
104000,Rubus idaeus,OpenDryPoor
104001,Rubus idaeus,OpenDryPoor
104002,Rubus idaeus,OpenDryPoor
104003,Rubus idaeus,OpenDryPoor
104004,Rubus idaeus,OpenDryPoor
104005,Rubus idaeus,OpenDryPoor
104006,Rubus idaeus,OpenDryPoor
104007,Rubus idaeus,OpenDryPoor
104008,oor
105936,Rubus idaeus,OpenDryPoor
105937,Rubus idaeus,OpenDryPoor
105938,Rubus idaeus,OpenDryPoor
105939,Rubus idaeus,OpenDryPoor
105940,Rubus idaeus,OpenDryPoor
105941,Rubus idaeus,OpenDryPoor
105942,Rubus idaeus,OpenDryPoor
105943,Rubus idaeus,OpenDryPoor
105944,Rubus idaeus,OpenDryPoor
105945,Rubus idaeus,OpenDryPoor
105946,Rubus idaeus,OpenDryPoor
105947,Rubus idaeus,OpenDryPoor
105948,Rubus idaeus,OpenDryPoor
105949,Rubus idaeus,OpenDryPoor
105950,Rubus idaeus,OpenDryPoor
105951,Rubus idaeus,OpenDryPoor
105952,Rubus idaeus,OpenDryPoor
105953,Rubus idaeus,OpenDryPoor
106465,Rubus idaeus,OpenDryPoor
106466,Rubus idaeus,OpenDryPoor
106467,Rubus idaeus,OpenDryPoor
106468,Rubus idaeus,OpenDryPoor
106469,Rubus idaeus,OpenDryPoor
106470,Rubus idaeus,OpenDryPoor
106471,Rubus idaeus,OpenDryPoor
106472,Rubus idaeus,OpenDryPoor
106473,Rubus idaeus,OpenDryPoor
106474,Rubus idaeus,OpenDryPoor
106475,Rubus idaeus,OpenDryPoor
106476,Rubus idaeus,OpenDryPoor
106477,Rubus idaeus,OpenDryPoor
106478,Rubus idaeus,OpenDryPoor
106479,Rubus idaeus,OpenDryPoor
106480,Rubus idaeus,OpenDryPoor
106481,Rubus idaeus,OpenDryPoor
106482,Rubus idaeus,OpenDryPoor
106483,Rubus idaeus,OpenDryPoor
106484,Rubus idaeus,OpenDryPoor
106485,Rubus idaeus,OpenDryPoor
106486,Rubus idaeus,OpenDryPoor
106487,Rubus idaeus,OpenDryPoor
106488,Rubus idaeus,OpenDryPoor
106489,Rubus idaeus,OpenDryPoor
106490,Rubus idaeus,OpenDryPoor
106491,Rubus idaeus,OpenDryPoor
106492,Rubus idaeus,OpenDryPoor
106493,Rubus idaeus,OpenDryPoor
106494,Rubus idaeus,OpenDryPoor
106495,Rubus idaeus,OpenDryPoor
106496,Rubus idaeus,OpenDryPoor
106497,Rubus idaeus,OpenDryPoor
106498,Rubus idaeus,OpenDryPoor
106499,Rubus idaeus,OpenDryPoor
106500,Rubus idaeus,OpenDryPoor
106501,Rubus idaeus,OpenDryPoor
106502,Rubus idaeus,OpenDryPoor
106503,Rubus idaeus,OpenDryPoor
106504,Rubus idaeus,OpenDryPoor
106505,Rubus idaeus,OpenDryPoor
106506,Rubus idaeus,OpenDryPoor
106507,Rubus idaeus,OpenDryPoor
106508,Rubus idaeus,OpenDryPoor
106509,Rubus idaeus,OpenDryPoor
106510,Rubus idaeus,OpenDryPoor
106511,Rubus idaeus,OpenDryPoor
106512,Rubus idaeus,OpenDryPoor
106513,Rubus idaeus,OpenDryPoor
106514,Rubus idaeus,OpenDryPoor
106515,Rubus idaeus,OpenDryPoor
106516,Rubus idaeus,OpenDryPoor
106517,Rubus idaeus,OpenDryPoor
106518,Rubus idaeus,OpenDryPoor
106519,Rubus idaeus,OpenDryPoor
106520,Rubus idaeus,OpenDryPoor
106521,Rubus idaeus,OpenDryPoor
106522,Rubus idaeus,OpenDryPoor
106523,Rubus idaeus,OpenDryPoor
106524,Rubus idaeus,OpenDryPoor
106525,Rubus idaeus,OpenDryPoor
106526,Rubus idaeus,OpenDryPoor
106527,Rubus idaeus,OpenDryPoor
106528,Rubus idaeus,OpenDryPoor
106529,Rubus idaeus,OpenDryPoor
106530,Rubus idaeus,OpenDryPoor
106531,Rubus idaeus,OpenDryPoor
106532,Rubus idaeus,OpenDryPoor
106533,Rubus idaeus,OpenDryPoor
106534,Rubus idaeus,OpenDryPoor
106535,Rubus idaeus,OpenDryPoor
106536,Rubus idaeus,OpenDryPoor
106537,Rubus idaeus,OpenDryPoor
106538,Rubus idaeus,OpenDryPoor
106539,Rubus idaeus,OpenDryPoor
106540,Rubus idaeus,OpenDryPoor
106541,Rubus idaeus,OpenDryPoor
106542,Rubus idaeus,OpenDryPoor
106543,Rubus idaeus,OpenDryPoor
106544,Rubus idaeus,OpenDryPoor
106545,Rubus idaeus,OpenDryPoor
106546,Rubus idaeus,OpenDryPoor
106547,Rubus idaeus,OpenDryPoor
106548,Rubus idaeus,OpenDryPoor
106549,Rubus idaeus,OpenDryPoor
106550,Rubus idaeus,OpenDryPoor
106551,Rubus idaeus,OpenDryPoor
107065,Rubus idaeus,OpenDryPoor
107066,Rubus idaeus,OpenDryPoor
107067,Rubus idaeus,OpenDryPoor
107068,Rubus idaeus,OpenDryPoor
107069,Rubus idaeus,OpenDryPoor
107070,Rubus idaeus,OpenDryPoor
107071,Rubus idaeus,OpenDryPoor
107072,Rubus idaeus,OpenDryPoor
107073,Rubus idaeus,OpenDryPoor
107074,Rubus idaeus,OpenDryPoor
107075,Rubus idaeus,OpenDryPoor
107076,Rubus idaeus,OpenDryPoor
107077,Rubus idaeus,OpenDryPoor
107078,Rubus idaeus,OpenDryPoor
107079,Rubus idaeus,OpenDryPoor
107080,Rubus idaeus,OpenDryPoor
107081,Rubus idaeus,OpenDryPoor
107082,Rubus idaeus,OpenDryPoor
107083,Rubus idaeus,OpenDryPoor
107084,Rubus idaeus,OpenDryPoor
107085,Rubus idaeus,OpenDryPoor
107086,Rubus idaeus,OpenDryPoor
107087,Rubus idaeus,OpenDryPRubus idaeus,OpenDryPoor
104009,Rubus idaeus,OpenDryPoor
104010,Rubus idaeus,OpenDryPoor
104011,Rubus idaeus,OpenDryPoor
104012,Rubus idaeus,OpenDryPoor
104013,Rubus idaeus,OpenDryPoor
104014,Rubus idaeus,OpenDryPoor
104015,Rubus idaeus,OpenDryPoor
104016,Rubus idaeus,OpenDryPoor
104017,Rubus idaeus,OpenDryPoor
104018,Rubus idaeus,OpenDryPoor
104019,Rubus idaeus,OpenDryPoor
104020,Rubus idaeus,OpenDryPoor
104021,Rubus idaeus,OpenDryPoor
104022,Rubus idaeus,OpenDryPoor
104023,Rubus idaeus,OpenDryPoor
104024,Rubus idaeus,OpenDryPoor
104025,Rubus idaeus,OpenDryPoor
104026,Rubus idaeus,OpenDryPoor
104027,Rubus idaeus,OpenDryPoor
104028,Rubus idaeus,OpenDryPoor
104029,Rubus idaeus,OpenDryPoor
104556,Rubus idaeus,OpenDryPoor
104557,Rubus idaeus,OpenDryPoor
104558,Rubus idaeus,OpenDryPoor
104559,Rubus idaeus,OpenDryPoor
104560,Rubus idaeus,OpenDryPoor
104561,Rubus idaeus,OpenDryPoor
104562,Rubus idaeus,OpenDryPoor
104563,Rubus idaeus,OpenDryPoor
104564,Rubus idaeus,OpenDryPoor
104565,Rubus idaeus,OpenDryPoor
104566,Rubus idaeus,OpenDryPoor
104567,Rubus idaeus,OpenDryPoor
104568,Rubus idaeus,OpenDryPoor
104569,Rubus idaeus,OpenDryPoor
104570,Rubus idaeus,OpenDryPoor
104571,Rubus idaeus,OpenDryPoor
104572,Rubus idaeus,OpenDryPoor
104573,Rubus idaeus,OpenDryPoor
104574,Rubus idaeus,OpenDryPoor
104575,Rubus idaeus,OpenDryPoor
104576,Rubus idaeus,OpenDryPoor
104577,Rubus idaeus,OpenDryPoor
104578,Rubus idaeus,OpenDryPoor
104579,Rubus idaeus,OpenDryPoor
104580,Rubus idaeus,OpenDryPoor
104581,Rubus idaeus,OpenDryPoor
104582,Rubus idaeus,OpenDryPoor
104583,Rubus idaeus,OpenDryPoor
104584,Rubus idaeus,OpenDryPoor
104585,Rubus idaeus,OpenDryPoor
104586,Rubus idaeus,OpenDryPoor
104587,Rubus idaeus,OpenDryPoor
104588,Rubus idaeus,OpenDryPoor
104589,Rubus idaeus,OpenDryPoor
104590,Rubus idaeus,OpenDryPoor
104591,Rubus idaeus,OpenDryPoor
104592,Rubus idaeus,OpenDryPoor
104593,Rubus idaeus,OpenDryPoor
104594,Rubus idaeus,OpenDryPoor
104595,Rubus idaeus,OpenDryPoor
104596,Rubus idaeus,OpenDryPoor
104597,Rubus idaeus,OpenDryPoor
104598,Rubus idaeus,OpenDryPoor
104599,Rubus idaeus,OpenDryPoor
104600,Rubus idaeus,OpenDryPoor
104601,Rubus idaeus,OpenDryPoor
104602,Rubus idaeus,OpenDryPoor
104603,Rubus idaeus,OpenDryPoor
104604,Rubus idaeus,OpenDryPoor
104605,Rubus idaeus,OpenDryPoor
104606,Rubus idaeus,OpenDryPoor
104607,Rubus idaeus,OpenDryPoor
104608,Rubus idaeus,OpenDryPoor
104609,Rubus idaeus,OpenDryPoor
104610,Rubus idaeus,OpenDryPoor
104611,Rubus idaeus,OpenDryPoor
104612,Rubus idaeus,OpenDryPoor
104613,Rubus idaeus,OpenDryPoor
104614,Rubus idaeus,OpenDryPoor
104615,Rubus idaeus,OpenDryPoor
104616,Rubus idaeus,OpenDryPoor
104617,Rubus idaeus,OpenDryPoor
104618,Rubus idaeus,OpenDryPoor
104619,Rubus idaeus,OpenDryPoor
104620,Rubus idaeus,OpenDryPoor
104621,Rubus idaeus,OpenDryPoor
104622,Rubus idaeus,OpenDryPoor
104623,Rubus idaeus,OpenDryPoor
104624,Rubus idaeus,OpenDryPoor
104625,Rubus idaeus,OpenDryPoor
104626,Rubus idaeus,OpenDryPoor
104627,Rubus idaeus,OpenDryPoor
105156,Rubus idaeus,OpenDryPoor
105157,Rubus idaeus,OpenDryPoor
105158,Rubus idaeus,OpenDryPoor
105159,Rubus idaeus,OpenDryPoor
105160,Rubus idaeus,OpenDryPoor
105161,Rubus idaeus,OpenDryPoor
105162,Rubus idaeus,OpenDryPoor
105163,Rubus idaeus,OpenDryPoor
105164,Rubus idaeus,OpenDryPoor
105165,Rubus idaeus,OpenDryPoor
105166,Rubus idaeus,OpenDryPoor
105167,Rubus idaeus,OpenDryPoor
105168,Rubus idaeus,OpenDryPoor
105169,Rubus idaeus,OpenDryPoor
105170,Rubus idaeus,OpenDryPoor
105171,Rubus idaeus,OpenDryPoor
105172,Rubus idaeus,OpenDryPoor
105173,Rubus idaeus,OpenDryPoor
105174,Rubus idaeus,OpenDryPoor
105175,Rubus idaeus,OpenDryPoor
105176,Rubus idaeus,OpenDryPoor
105177,Rubus idaeus,OpenDryPoor
105178,Rubus idaeus,OpenDryPoor
105179,Rubus idaeus,OpenDryPoor
105180,Rubus idaeus,OpenDryPoor
105181,Rubus idaeus,OpenDryPoor
105182,Rubus idaeus,OpenDryPoor
105183,Rubus idaeus,OpenDryPoor
105184,Rubus idaeus,OpenDryPoor
105185,Rubus idaeus,OpenDryPoor
105186,Rubus idaeus,OpenDryPoor
105187,Rubus idaeus,OpenDryPoor
105188,Rubus idaeus,OpenDryPoor
105189,Rubus idaeus,OpenDryPoor
105190,oor
107088,Rubus idaeus,OpenDryPoor
107089,Rubus idaeus,OpenDryPoor
107090,Rubus idaeus,OpenDryPoor
107091,Rubus idaeus,OpenDryPoor
107092,Rubus idaeus,OpenDryPoor
107093,Rubus idaeus,OpenDryPoor
107094,Rubus idaeus,OpenDryPoor
107095,Rubus idaeus,OpenDryPoor
107096,Rubus idaeus,OpenDryPoor
107097,Rubus idaeus,OpenDryPoor
107098,Rubus idaeus,OpenDryPoor
107099,Rubus idaeus,OpenDryPoor
107100,Rubus idaeus,OpenDryPoor
107101,Rubus idaeus,OpenDryPoor
107102,Rubus idaeus,OpenDryPoor
107103,Rubus idaeus,OpenDryPoor
107104,Rubus idaeus,OpenDryPoor
107105,Rubus idaeus,OpenDryPoor
107106,Rubus idaeus,OpenDryPoor
107107,Rubus idaeus,OpenDryPoor
107108,Rubus idaeus,OpenDryPoor
107109,Rubus idaeus,OpenDryPoor
107110,Rubus idaeus,OpenDryPoor
107111,Rubus idaeus,OpenDryPoor
107112,Rubus idaeus,OpenDryPoor
107113,Rubus idaeus,OpenDryPoor
107114,Rubus idaeus,OpenDryPoor
107115,Rubus idaeus,OpenDryPoor
107116,Rubus idaeus,OpenDryPoor
107117,Rubus idaeus,OpenDryPoor
107118,Rubus idaeus,OpenDryPoor
107119,Rubus idaeus,OpenDryPoor
107120,Rubus idaeus,OpenDryPoor
107121,Rubus idaeus,OpenDryPoor
107122,Rubus idaeus,OpenDryPoor
107123,Rubus idaeus,OpenDryPoor
107124,Rubus idaeus,OpenDryPoor
107125,Rubus idaeus,OpenDryPoor
107126,Rubus idaeus,OpenDryPoor
107127,Rubus idaeus,OpenDryPoor
107128,Rubus idaeus,OpenDryPoor
107129,Rubus idaeus,OpenDryPoor
107130,Rubus idaeus,OpenDryPoor
107131,Rubus idaeus,OpenDryPoor
107132,Rubus idaeus,OpenDryPoor
107133,Rubus idaeus,OpenDryPoor
107134,Rubus idaeus,OpenDryPoor
107135,Rubus idaeus,OpenDryPoor
107136,Rubus idaeus,OpenDryPoor
107137,Rubus idaeus,OpenDryPoor
107138,Rubus idaeus,OpenDryPoor
107139,Rubus idaeus,OpenDryPoor
107140,Rubus idaeus,OpenDryPoor
107141,Rubus idaeus,OpenDryPoor
107142,Rubus idaeus,OpenDryPoor
107143,Rubus idaeus,OpenDryPoor
107144,Rubus idaeus,OpenDryPoor
107145,Rubus idaeus,OpenDryPoor
107146,Rubus idaeus,OpenDryPoor
107147,Rubus idaeus,OpenDryPoor
107148,Rubus idaeus,OpenDryPoor
107149,Rubus idaeus,OpenDryPoor
107665,Rubus idaeus,OpenDryPoor
107666,Rubus idaeus,OpenDryPoor
107667,Rubus idaeus,OpenDryPoor
107668,Rubus idaeus,OpenDryPoor
107669,Rubus idaeus,OpenDryPoor
107670,Rubus idaeus,OpenDryPoor
107671,Rubus idaeus,OpenDryPoor
107672,Rubus idaeus,OpenDryPoor
107673,Rubus idaeus,OpenDryPoor
107674,Rubus idaeus,OpenDryPoor
107675,Rubus idaeus,OpenDryPoor
107676,Rubus idaeus,OpenDryPoor
107677,Rubus idaeus,OpenDryPoor
107678,Rubus idaeus,OpenDryPoor
107679,Rubus idaeus,OpenDryPoor
107680,Rubus idaeus,OpenDryPoor
107681,Rubus idaeus,OpenDryPoor
107682,Rubus idaeus,OpenDryPoor
107683,Rubus idaeus,OpenDryPoor
107684,Rubus idaeus,OpenDryPoor
107685,Rubus idaeus,OpenDryPoor
107686,Rubus idaeus,OpenDryPoor
107687,Rubus idaeus,OpenDryPoor
107688,Rubus idaeus,OpenDryPoor
107689,Rubus idaeus,OpenDryPoor
107690,Rubus idaeus,OpenDryPoor
107691,Rubus idaeus,OpenDryPoor
107692,Rubus idaeus,OpenDryPoor
107693,Rubus idaeus,OpenDryPoor
107694,Rubus idaeus,OpenDryPoor
107695,Rubus idaeus,OpenDryPoor
107696,Rubus idaeus,OpenDryPoor
107697,Rubus idaeus,OpenDryPoor
107698,Rubus idaeus,OpenDryPoor
107699,Rubus idaeus,OpenDryPoor
107700,Rubus idaeus,OpenDryPoor
107701,Rubus idaeus,OpenDryPoor
107702,Rubus idaeus,OpenDryPoor
107703,Rubus idaeus,OpenDryPoor
107704,Rubus idaeus,OpenDryPoor
107705,Rubus idaeus,OpenDryPoor
107706,Rubus idaeus,OpenDryPoor
107707,Rubus idaeus,OpenDryPoor
107708,Rubus idaeus,OpenDryPoor
107709,Rubus idaeus,OpenDryPoor
107710,Rubus idaeus,OpenDryPoor
107711,Rubus idaeus,OpenDryPoor
107712,Rubus idaeus,OpenDryPoor
107713,Rubus idaeus,OpenDryPoor
107714,Rubus idaeus,OpenDryPoor
107715,Rubus idaeus,OpenDryPoor
107716,Rubus idaeus,OpenDryPoor
107717,Rubus idaeus,OpenDryPoor
107718,Rubus idaeus,OpenDryPoor
107719,Rubus idaeus,OpenDryPoor
107720,Rubus idaeus,OpenDryPoor
107721,Rubus idaeus,OpenDryPoor
107722,Rubus idaeus,OpenDryPoor
107723,Rubus idaeus,OpenDryPoor
107724,Rubus idaeus,OpenDryPoor
107725,Rubus idaeus,OpenDryPoor
107726,Rubus idaeus,OpenDryPoor
107727,Rubus idaeus,OpenDryPoor
107728,Rubus idaeus,OpenDryPoor
107729,Rubus idaeus,OpenDryPoor
107730,Rubus idaeus,OpenDryPRubus idaeus,OpenDryPoor
105191,Rubus idaeus,OpenDryPoor
105192,Rubus idaeus,OpenDryPoor
105193,Rubus idaeus,OpenDryPoor
105194,Rubus idaeus,OpenDryPoor
105195,Rubus idaeus,OpenDryPoor
105196,Rubus idaeus,OpenDryPoor
105197,Rubus idaeus,OpenDryPoor
105198,Rubus idaeus,OpenDryPoor
105199,Rubus idaeus,OpenDryPoor
105200,Rubus idaeus,OpenDryPoor
105201,Rubus idaeus,OpenDryPoor
105202,Rubus idaeus,OpenDryPoor
105203,Rubus idaeus,OpenDryPoor
105204,Rubus idaeus,OpenDryPoor
105205,Rubus idaeus,OpenDryPoor
105206,Rubus idaeus,OpenDryPoor
105207,Rubus idaeus,OpenDryPoor
105208,Rubus idaeus,OpenDryPoor
105209,Rubus idaeus,OpenDryPoor
105210,Rubus idaeus,OpenDryPoor
105211,Rubus idaeus,OpenDryPoor
105212,Rubus idaeus,OpenDryPoor
105213,Rubus idaeus,OpenDryPoor
105214,Rubus idaeus,OpenDryPoor
105215,Rubus idaeus,OpenDryPoor
105216,Rubus idaeus,OpenDryPoor
105217,Rubus idaeus,OpenDryPoor
105218,Rubus idaeus,OpenDryPoor
105219,Rubus idaeus,OpenDryPoor
105220,Rubus idaeus,OpenDryPoor
105221,Rubus idaeus,OpenDryPoor
105222,Rubus idaeus,OpenDryPoor
105223,Rubus idaeus,OpenDryPoor
105224,Rubus idaeus,OpenDryPoor
105225,Rubus idaeus,OpenDryPoor
105226,Rubus idaeus,OpenDryPoor
105756,Rubus idaeus,OpenDryPoor
105757,Rubus idaeus,OpenDryPoor
105758,Rubus idaeus,OpenDryPoor
105759,Rubus idaeus,OpenDryPoor
105760,Rubus idaeus,OpenDryPoor
105761,Rubus idaeus,OpenDryPoor
105762,Rubus idaeus,OpenDryPoor
105763,Rubus idaeus,OpenDryPoor
105764,Rubus idaeus,OpenDryPoor
105765,Rubus idaeus,OpenDryPoor
105766,Rubus idaeus,OpenDryPoor
105767,Rubus idaeus,OpenDryPoor
105768,Rubus idaeus,OpenDryPoor
105769,Rubus idaeus,OpenDryPoor
105770,Rubus idaeus,OpenDryPoor
105771,Rubus idaeus,OpenDryPoor
105772,Rubus idaeus,OpenDryPoor
105773,Rubus idaeus,OpenDryPoor
105774,Rubus idaeus,OpenDryPoor
105775,Rubus idaeus,OpenDryPoor
105776,Rubus idaeus,OpenDryPoor
105777,Rubus idaeus,OpenDryPoor
105778,Rubus idaeus,OpenDryPoor
105779,Rubus idaeus,OpenDryPoor
105780,Rubus idaeus,OpenDryPoor
105781,Rubus idaeus,OpenDryPoor
105782,Rubus idaeus,OpenDryPoor
105783,Rubus idaeus,OpenDryPoor
105784,Rubus idaeus,OpenDryPoor
105785,Rubus idaeus,OpenDryPoor
105786,Rubus idaeus,OpenDryPoor
105787,Rubus idaeus,OpenDryPoor
105788,Rubus idaeus,OpenDryPoor
105789,Rubus idaeus,OpenDryPoor
105790,Rubus idaeus,OpenDryPoor
105791,Rubus idaeus,OpenDryPoor
105792,Rubus idaeus,OpenDryPoor
105793,Rubus idaeus,OpenDryPoor
105794,Rubus idaeus,OpenDryPoor
105795,Rubus idaeus,OpenDryPoor
105796,Rubus idaeus,OpenDryPoor
105797,Rubus idaeus,OpenDryPoor
105798,Rubus idaeus,OpenDryPoor
105799,Rubus idaeus,OpenDryPoor
105800,Rubus idaeus,OpenDryPoor
105801,Rubus idaeus,OpenDryPoor
105802,Rubus idaeus,OpenDryPoor
105803,Rubus idaeus,OpenDryPoor
105804,Rubus idaeus,OpenDryPoor
105805,Rubus idaeus,OpenDryPoor
105806,Rubus idaeus,OpenDryPoor
105807,Rubus idaeus,OpenDryPoor
105808,Rubus idaeus,OpenDryPoor
105809,Rubus idaeus,OpenDryPoor
105810,Rubus idaeus,OpenDryPoor
105811,Rubus idaeus,OpenDryPoor
105812,Rubus idaeus,OpenDryPoor
105813,Rubus idaeus,OpenDryPoor
105814,Rubus idaeus,OpenDryPoor
105815,Rubus idaeus,OpenDryPoor
105816,Rubus idaeus,OpenDryPoor
105817,Rubus idaeus,OpenDryPoor
105818,Rubus idaeus,OpenDryPoor
105819,Rubus idaeus,OpenDryPoor
105820,Rubus idaeus,OpenDryPoor
105821,Rubus idaeus,OpenDryPoor
105822,Rubus idaeus,OpenDryPoor
105823,Rubus idaeus,OpenDryPoor
106356,Rubus idaeus,OpenDryPoor
106357,Rubus idaeus,OpenDryPoor
106358,Rubus idaeus,OpenDryPoor
106359,Rubus idaeus,OpenDryPoor
106360,Rubus idaeus,OpenDryPoor
106361,Rubus idaeus,OpenDryPoor
106362,Rubus idaeus,OpenDryPoor
106363,Rubus idaeus,OpenDryPoor
106364,Rubus idaeus,OpenDryPoor
106365,Rubus idaeus,OpenDryPoor
106366,Rubus idaeus,OpenDryPoor
106367,Rubus idaeus,OpenDryPoor
106368,Rubus idaeus,OpenDryPoor
106369,Rubus idaeus,OpenDryPoor
106370,Rubus idaeus,OpenDryPoor
106371,Rubus idaeus,OpenDryPoor
106372,Rubus idaeus,OpenDryPoor
106373,Rubus idaeus,OpenDryPoor
106374,Rubus idaeus,OpenDryPoor
106375,Rubus idaeus,OpenDryPoor
106376,Rubus idaeus,OpenDryPoor
106377,Rubus idaeus,OpenDryPoor
106378,Rubus idaeus,OpenDryPoor
106379,oor
107731,Rubus idaeus,OpenDryPoor
107732,Rubus idaeus,OpenDryPoor
107733,Rubus idaeus,OpenDryPoor
107734,Rubus idaeus,OpenDryPoor
107735,Rubus idaeus,OpenDryPoor
107736,Rubus idaeus,OpenDryPoor
107737,Rubus idaeus,OpenDryPoor
107738,Rubus idaeus,OpenDryPoor
107739,Rubus idaeus,OpenDryPoor
107740,Rubus idaeus,OpenDryPoor
107741,Rubus idaeus,OpenDryPoor
107742,Rubus idaeus,OpenDryPoor
107743,Rubus idaeus,OpenDryPoor
107744,Rubus idaeus,OpenDryPoor
107745,Rubus idaeus,OpenDryPoor
107746,Rubus idaeus,OpenDryPoor
107747,Rubus idaeus,OpenDryPoor
107748,Rubus idaeus,OpenDryPoor
108264,Rubus idaeus,OpenDryPoor
108265,Rubus idaeus,OpenDryPoor
108266,Rubus idaeus,OpenDryPoor
108267,Rubus idaeus,OpenDryPoor
108268,Rubus idaeus,OpenDryPoor
108269,Rubus idaeus,OpenDryPoor
108270,Rubus idaeus,OpenDryPoor
108271,Rubus idaeus,OpenDryPoor
108272,Rubus idaeus,OpenDryPoor
108273,Rubus idaeus,OpenDryPoor
108274,Rubus idaeus,OpenDryPoor
108275,Rubus idaeus,OpenDryPoor
108276,Rubus idaeus,OpenDryPoor
108277,Rubus idaeus,OpenDryPoor
108278,Rubus idaeus,OpenDryPoor
108279,Rubus idaeus,OpenDryPoor
108280,Rubus idaeus,OpenDryPoor
108281,Rubus idaeus,OpenDryPoor
108282,Rubus idaeus,OpenDryPoor
108283,Rubus idaeus,OpenDryPoor
108284,Rubus idaeus,OpenDryPoor
108285,Rubus idaeus,OpenDryPoor
108286,Rubus idaeus,OpenDryPoor
108287,Rubus idaeus,OpenDryPoor
108288,Rubus idaeus,OpenDryPoor
108289,Rubus idaeus,OpenDryPoor
108290,Rubus idaeus,OpenDryPoor
108291,Rubus idaeus,OpenDryPoor
108292,Rubus idaeus,OpenDryPoor
108293,Rubus idaeus,OpenDryPoor
108294,Rubus idaeus,OpenDryPoor
108295,Rubus idaeus,OpenDryPoor
108296,Rubus idaeus,OpenDryPoor
108297,Rubus idaeus,OpenDryPoor
108298,Rubus idaeus,OpenDryPoor
108299,Rubus idaeus,OpenDryPoor
108300,Rubus idaeus,OpenDryPoor
108301,Rubus idaeus,OpenDryPoor
108302,Rubus idaeus,OpenDryPoor
108303,Rubus idaeus,OpenDryPoor
108304,Rubus idaeus,OpenDryPoor
108305,Rubus idaeus,OpenDryPoor
108306,Rubus idaeus,OpenDryPoor
108307,Rubus idaeus,OpenDryPoor
108308,Rubus idaeus,OpenDryPoor
108309,Rubus idaeus,OpenDryPoor
108310,Rubus idaeus,OpenDryPoor
108311,Rubus idaeus,OpenDryPoor
108312,Rubus idaeus,OpenDryPoor
108313,Rubus idaeus,OpenDryPoor
108314,Rubus idaeus,OpenDryPoor
108315,Rubus idaeus,OpenDryPoor
108316,Rubus idaeus,OpenDryPoor
108317,Rubus idaeus,OpenDryPoor
108318,Rubus idaeus,OpenDryPoor
108319,Rubus idaeus,OpenDryPoor
108320,Rubus idaeus,OpenDryPoor
108321,Rubus idaeus,OpenDryPoor
108322,Rubus idaeus,OpenDryPoor
108323,Rubus idaeus,OpenDryPoor
108324,Rubus idaeus,OpenDryPoor
108325,Rubus idaeus,OpenDryPoor
108326,Rubus idaeus,OpenDryPoor
108327,Rubus idaeus,OpenDryPoor
108328,Rubus idaeus,OpenDryPoor
108329,Rubus idaeus,OpenDryPoor
108330,Rubus idaeus,OpenDryPoor
108331,Rubus idaeus,OpenDryPoor
108332,Rubus idaeus,OpenDryPoor
108333,Rubus idaeus,OpenDryPoor
108334,Rubus idaeus,OpenDryPoor
108335,Rubus idaeus,OpenDryPoor
108336,Rubus idaeus,OpenDryPoor
108337,Rubus idaeus,OpenDryPoor
108338,Rubus idaeus,OpenDryPoor
108339,Rubus idaeus,OpenDryPoor
108340,Rubus idaeus,OpenDryPoor
108341,Rubus idaeus,OpenDryPoor
108342,Rubus idaeus,OpenDryPoor
108343,Rubus idaeus,OpenDryPoor
108344,Rubus idaeus,OpenDryPoor
108345,Rubus idaeus,OpenDryPoor
108346,Rubus idaeus,OpenDryPoor
108864,Rubus idaeus,OpenDryPoor
108865,Rubus idaeus,OpenDryPoor
108866,Rubus idaeus,OpenDryPoor
108867,Rubus idaeus,OpenDryPoor
108868,Rubus idaeus,OpenDryPoor
108869,Rubus idaeus,OpenDryPoor
108870,Rubus idaeus,OpenDryPoor
108871,Rubus idaeus,OpenDryPoor
108872,Rubus idaeus,OpenDryPoor
108873,Rubus idaeus,OpenDryPoor
108874,Rubus idaeus,OpenDryPoor
108875,Rubus idaeus,OpenDryPoor
108876,Rubus idaeus,OpenDryPoor
108877,Rubus idaeus,OpenDryPoor
108878,Rubus idaeus,OpenDryPoor
108879,Rubus idaeus,OpenDryPoor
108880,Rubus idaeus,OpenDryPoor
108881,Rubus idaeus,OpenDryPoor
108882,Rubus idaeus,OpenDryPoor
108883,Rubus idaeus,OpenDryPoor
108884,Rubus idaeus,OpenDryPoor
108885,Rubus idaeus,OpenDryPoor
108886,Rubus idaeus,OpenDryPoor
108887,Rubus idaeus,OpenDryPoor
108888,Rubus idaeus,OpenDryPoor
108889,Rubus idaeus,OpenDryPoor
108890,Rubus idaeus,OpenDryPRubus idaeus,OpenDryPoor
106380,Rubus idaeus,OpenDryPoor
106381,Rubus idaeus,OpenDryPoor
106382,Rubus idaeus,OpenDryPoor
106383,Rubus idaeus,OpenDryPoor
106384,Rubus idaeus,OpenDryPoor
106385,Rubus idaeus,OpenDryPoor
106386,Rubus idaeus,OpenDryPoor
106387,Rubus idaeus,OpenDryPoor
106388,Rubus idaeus,OpenDryPoor
106389,Rubus idaeus,OpenDryPoor
106390,Rubus idaeus,OpenDryPoor
106391,Rubus idaeus,OpenDryPoor
106392,Rubus idaeus,OpenDryPoor
106393,Rubus idaeus,OpenDryPoor
106394,Rubus idaeus,OpenDryPoor
106395,Rubus idaeus,OpenDryPoor
106396,Rubus idaeus,OpenDryPoor
106397,Rubus idaeus,OpenDryPoor
106398,Rubus idaeus,OpenDryPoor
106399,Rubus idaeus,OpenDryPoor
106400,Rubus idaeus,OpenDryPoor
106401,Rubus idaeus,OpenDryPoor
106402,Rubus idaeus,OpenDryPoor
106403,Rubus idaeus,OpenDryPoor
106404,Rubus idaeus,OpenDryPoor
106405,Rubus idaeus,OpenDryPoor
106406,Rubus idaeus,OpenDryPoor
106407,Rubus idaeus,OpenDryPoor
106408,Rubus idaeus,OpenDryPoor
106409,Rubus idaeus,OpenDryPoor
106410,Rubus idaeus,OpenDryPoor
106411,Rubus idaeus,OpenDryPoor
106412,Rubus idaeus,OpenDryPoor
106413,Rubus idaeus,OpenDryPoor
106414,Rubus idaeus,OpenDryPoor
106415,Rubus idaeus,OpenDryPoor
106416,Rubus idaeus,OpenDryPoor
106417,Rubus idaeus,OpenDryPoor
106418,Rubus idaeus,OpenDryPoor
106419,Rubus idaeus,OpenDryPoor
106420,Rubus idaeus,OpenDryPoor
106421,Rubus idaeus,OpenDryPoor
106956,Rubus idaeus,OpenDryPoor
106957,Rubus idaeus,OpenDryPoor
106958,Rubus idaeus,OpenDryPoor
106959,Rubus idaeus,OpenDryPoor
106960,Rubus idaeus,OpenDryPoor
106961,Rubus idaeus,OpenDryPoor
106962,Rubus idaeus,OpenDryPoor
106963,Rubus idaeus,OpenDryPoor
106964,Rubus idaeus,OpenDryPoor
106965,Rubus idaeus,OpenDryPoor
106966,Rubus idaeus,OpenDryPoor
106967,Rubus idaeus,OpenDryPoor
106968,Rubus idaeus,OpenDryPoor
106969,Rubus idaeus,OpenDryPoor
106970,Rubus idaeus,OpenDryPoor
106971,Rubus idaeus,OpenDryPoor
106972,Rubus idaeus,OpenDryPoor
106973,Rubus idaeus,OpenDryPoor
106974,Rubus idaeus,OpenDryPoor
106975,Rubus idaeus,OpenDryPoor
106976,Rubus idaeus,OpenDryPoor
106977,Rubus idaeus,OpenDryPoor
106978,Rubus idaeus,OpenDryPoor
106979,Rubus idaeus,OpenDryPoor
106980,Rubus idaeus,OpenDryPoor
106981,Rubus idaeus,OpenDryPoor
106982,Rubus idaeus,OpenDryPoor
106983,Rubus idaeus,OpenDryPoor
106984,Rubus idaeus,OpenDryPoor
106985,Rubus idaeus,OpenDryPoor
106986,Rubus idaeus,OpenDryPoor
106987,Rubus idaeus,OpenDryPoor
106988,Rubus idaeus,OpenDryPoor
106989,Rubus idaeus,OpenDryPoor
106990,Rubus idaeus,OpenDryPoor
106991,Rubus idaeus,OpenDryPoor
106992,Rubus idaeus,OpenDryPoor
106993,Rubus idaeus,OpenDryPoor
106994,Rubus idaeus,OpenDryPoor
106995,Rubus idaeus,OpenDryPoor
106996,Rubus idaeus,OpenDryPoor
106997,Rubus idaeus,OpenDryPoor
106998,Rubus idaeus,OpenDryPoor
106999,Rubus idaeus,OpenDryPoor
107000,Rubus idaeus,OpenDryPoor
107001,Rubus idaeus,OpenDryPoor
107002,Rubus idaeus,OpenDryPoor
107003,Rubus idaeus,OpenDryPoor
107004,Rubus idaeus,OpenDryPoor
107005,Rubus idaeus,OpenDryPoor
107006,Rubus idaeus,OpenDryPoor
107007,Rubus idaeus,OpenDryPoor
107008,Rubus idaeus,OpenDryPoor
107009,Rubus idaeus,OpenDryPoor
107010,Rubus idaeus,OpenDryPoor
107011,Rubus idaeus,OpenDryPoor
107012,Rubus idaeus,OpenDryPoor
107013,Rubus idaeus,OpenDryPoor
107014,Rubus idaeus,OpenDryPoor
107015,Rubus idaeus,OpenDryPoor
107016,Rubus idaeus,OpenDryPoor
107017,Rubus idaeus,OpenDryPoor
107018,Rubus idaeus,OpenDryPoor
107019,Rubus idaeus,OpenDryPoor
107557,Rubus idaeus,OpenDryPoor
107558,Rubus idaeus,OpenDryPoor
107559,Rubus idaeus,OpenDryPoor
107560,Rubus idaeus,OpenDryPoor
107561,Rubus idaeus,OpenDryPoor
107562,Rubus idaeus,OpenDryPoor
107563,Rubus idaeus,OpenDryPoor
107564,Rubus idaeus,OpenDryPoor
107565,Rubus idaeus,OpenDryPoor
107566,Rubus idaeus,OpenDryPoor
107567,Rubus idaeus,OpenDryPoor
107568,Rubus idaeus,OpenDryPoor
107569,Rubus idaeus,OpenDryPoor
107570,Rubus idaeus,OpenDryPoor
107571,Rubus idaeus,OpenDryPoor
107572,Rubus idaeus,OpenDryPoor
107573,Rubus idaeus,OpenDryPoor
107574,Rubus idaeus,OpenDryPoor
107575,Rubus idaeus,OpenDryPoor
107576,Rubus idaeus,OpenDryPoor
107577,Rubus idaeus,OpenDryPoor
107578,oor
108891,Rubus idaeus,OpenDryPoor
108892,Rubus idaeus,OpenDryPoor
108893,Rubus idaeus,OpenDryPoor
108894,Rubus idaeus,OpenDryPoor
108895,Rubus idaeus,OpenDryPoor
108896,Rubus idaeus,OpenDryPoor
108897,Rubus idaeus,OpenDryPoor
108898,Rubus idaeus,OpenDryPoor
108899,Rubus idaeus,OpenDryPoor
108900,Rubus idaeus,OpenDryPoor
108901,Rubus idaeus,OpenDryPoor
108902,Rubus idaeus,OpenDryPoor
108903,Rubus idaeus,OpenDryPoor
108904,Rubus idaeus,OpenDryPoor
108905,Rubus idaeus,OpenDryPoor
108906,Rubus idaeus,OpenDryPoor
108907,Rubus idaeus,OpenDryPoor
108908,Rubus idaeus,OpenDryPoor
108909,Rubus idaeus,OpenDryPoor
108910,Rubus idaeus,OpenDryPoor
108911,Rubus idaeus,OpenDryPoor
108912,Rubus idaeus,OpenDryPoor
108913,Rubus idaeus,OpenDryPoor
108914,Rubus idaeus,OpenDryPoor
108915,Rubus idaeus,OpenDryPoor
108916,Rubus idaeus,OpenDryPoor
108917,Rubus idaeus,OpenDryPoor
108918,Rubus idaeus,OpenDryPoor
108919,Rubus idaeus,OpenDryPoor
108920,Rubus idaeus,OpenDryPoor
108921,Rubus idaeus,OpenDryPoor
108922,Rubus idaeus,OpenDryPoor
108923,Rubus idaeus,OpenDryPoor
108924,Rubus idaeus,OpenDryPoor
108925,Rubus idaeus,OpenDryPoor
108926,Rubus idaeus,OpenDryPoor
108927,Rubus idaeus,OpenDryPoor
108928,Rubus idaeus,OpenDryPoor
108929,Rubus idaeus,OpenDryPoor
108930,Rubus idaeus,OpenDryPoor
108931,Rubus idaeus,OpenDryPoor
108932,Rubus idaeus,OpenDryPoor
108933,Rubus idaeus,OpenDryPoor
108934,Rubus idaeus,OpenDryPoor
108935,Rubus idaeus,OpenDryPoor
108936,Rubus idaeus,OpenDryPoor
108937,Rubus idaeus,OpenDryPoor
108938,Rubus idaeus,OpenDryPoor
108939,Rubus idaeus,OpenDryPoor
108940,Rubus idaeus,OpenDryPoor
108941,Rubus idaeus,OpenDryPoor
108942,Rubus idaeus,OpenDryPoor
108943,Rubus idaeus,OpenDryPoor
108944,Rubus idaeus,OpenDryPoor
108945,Rubus idaeus,OpenDryPoor
109464,Rubus idaeus,OpenDryPoor
109465,Rubus idaeus,OpenDryPoor
109466,Rubus idaeus,OpenDryPoor
109467,Rubus idaeus,OpenDryPoor
109468,Rubus idaeus,OpenDryPoor
109469,Rubus idaeus,OpenDryPoor
109470,Rubus idaeus,OpenDryPoor
109471,Rubus idaeus,OpenDryPoor
109472,Rubus idaeus,OpenDryPoor
109473,Rubus idaeus,OpenDryPoor
109474,Rubus idaeus,OpenDryPoor
109475,Rubus idaeus,OpenDryPoor
109476,Rubus idaeus,OpenDryPoor
109477,Rubus idaeus,OpenDryPoor
109478,Rubus idaeus,OpenDryPoor
109479,Rubus idaeus,OpenDryPoor
109480,Rubus idaeus,OpenDryPoor
109481,Rubus idaeus,OpenDryPoor
109482,Rubus idaeus,OpenDryPoor
109483,Rubus idaeus,OpenDryPoor
109484,Rubus idaeus,OpenDryPoor
109485,Rubus idaeus,OpenDryPoor
109486,Rubus idaeus,OpenDryPoor
109487,Rubus idaeus,OpenDryPoor
109488,Rubus idaeus,OpenDryPoor
109489,Rubus idaeus,OpenDryPoor
109490,Rubus idaeus,OpenDryPoor
109491,Rubus idaeus,OpenDryPoor
109492,Rubus idaeus,OpenDryPoor
109493,Rubus idaeus,OpenDryPoor
109494,Rubus idaeus,OpenDryPoor
109495,Rubus idaeus,OpenDryPoor
109496,Rubus idaeus,OpenDryPoor
109497,Rubus idaeus,OpenDryPoor
109498,Rubus idaeus,OpenDryPoor
109499,Rubus idaeus,OpenDryPoor
109500,Rubus idaeus,OpenDryPoor
109501,Rubus idaeus,OpenDryPoor
109502,Rubus idaeus,OpenDryPoor
109503,Rubus idaeus,OpenDryPoor
109504,Rubus idaeus,OpenDryPoor
109505,Rubus idaeus,OpenDryPoor
109506,Rubus idaeus,OpenDryPoor
109507,Rubus idaeus,OpenDryPoor
109508,Rubus idaeus,OpenDryPoor
109509,Rubus idaeus,OpenDryPoor
109510,Rubus idaeus,OpenDryPoor
109511,Rubus idaeus,OpenDryPoor
109512,Rubus idaeus,OpenDryPoor
109513,Rubus idaeus,OpenDryPoor
109514,Rubus idaeus,OpenDryPoor
109515,Rubus idaeus,OpenDryPoor
109516,Rubus idaeus,OpenDryPoor
109517,Rubus idaeus,OpenDryPoor
109518,Rubus idaeus,OpenDryPoor
109519,Rubus idaeus,OpenDryPoor
109520,Rubus idaeus,OpenDryPoor
109521,Rubus idaeus,OpenDryPoor
109522,Rubus idaeus,OpenDryPoor
109523,Rubus idaeus,OpenDryPoor
109524,Rubus idaeus,OpenDryPoor
109525,Rubus idaeus,OpenDryPoor
109526,Rubus idaeus,OpenDryPoor
109527,Rubus idaeus,OpenDryPoor
109528,Rubus idaeus,OpenDryPoor
109529,Rubus idaeus,OpenDryPoor
109530,Rubus idaeus,OpenDryPoor
109531,Rubus idaeus,OpenDryPoor
109532,Rubus idaeus,OpenDryPoor
109533,Rubus idaeus,OpenDryPoor
109534,Rubus idaeus,OpenDryPoor
109535,Rubus idaeus,OpenDryPoor
109536,Rubus idaeus,OpenDryPRubus idaeus,OpenDryPoor
107579,Rubus idaeus,OpenDryPoor
107580,Rubus idaeus,OpenDryPoor
107581,Rubus idaeus,OpenDryPoor
107582,Rubus idaeus,OpenDryPoor
107583,Rubus idaeus,OpenDryPoor
107584,Rubus idaeus,OpenDryPoor
107585,Rubus idaeus,OpenDryPoor
107586,Rubus idaeus,OpenDryPoor
107587,Rubus idaeus,OpenDryPoor
107588,Rubus idaeus,OpenDryPoor
107589,Rubus idaeus,OpenDryPoor
107590,Rubus idaeus,OpenDryPoor
107591,Rubus idaeus,OpenDryPoor
107592,Rubus idaeus,OpenDryPoor
107593,Rubus idaeus,OpenDryPoor
107594,Rubus idaeus,OpenDryPoor
107595,Rubus idaeus,OpenDryPoor
107596,Rubus idaeus,OpenDryPoor
107597,Rubus idaeus,OpenDryPoor
107598,Rubus idaeus,OpenDryPoor
107599,Rubus idaeus,OpenDryPoor
107600,Rubus idaeus,OpenDryPoor
107601,Rubus idaeus,OpenDryPoor
107602,Rubus idaeus,OpenDryPoor
107603,Rubus idaeus,OpenDryPoor
107604,Rubus idaeus,OpenDryPoor
107605,Rubus idaeus,OpenDryPoor
107606,Rubus idaeus,OpenDryPoor
107607,Rubus idaeus,OpenDryPoor
107608,Rubus idaeus,OpenDryPoor
107609,Rubus idaeus,OpenDryPoor
107610,Rubus idaeus,OpenDryPoor
107611,Rubus idaeus,OpenDryPoor
107612,Rubus idaeus,OpenDryPoor
107613,Rubus idaeus,OpenDryPoor
107614,Rubus idaeus,OpenDryPoor
107615,Rubus idaeus,OpenDryPoor
107616,Rubus idaeus,OpenDryPoor
107617,Rubus idaeus,OpenDryPoor
108157,Rubus idaeus,OpenDryPoor
108158,Rubus idaeus,OpenDryPoor
108159,Rubus idaeus,OpenDryPoor
108160,Rubus idaeus,OpenDryPoor
108161,Rubus idaeus,OpenDryPoor
108162,Rubus idaeus,OpenDryPoor
108163,Rubus idaeus,OpenDryPoor
108164,Rubus idaeus,OpenDryPoor
108165,Rubus idaeus,OpenDryPoor
108166,Rubus idaeus,OpenDryPoor
108167,Rubus idaeus,OpenDryPoor
108168,Rubus idaeus,OpenDryPoor
108169,Rubus idaeus,OpenDryPoor
108170,Rubus idaeus,OpenDryPoor
108171,Rubus idaeus,OpenDryPoor
108172,Rubus idaeus,OpenDryPoor
108173,Rubus idaeus,OpenDryPoor
108174,Rubus idaeus,OpenDryPoor
108175,Rubus idaeus,OpenDryPoor
108176,Rubus idaeus,OpenDryPoor
108177,Rubus idaeus,OpenDryPoor
108178,Rubus idaeus,OpenDryPoor
108179,Rubus idaeus,OpenDryPoor
108180,Rubus idaeus,OpenDryPoor
108181,Rubus idaeus,OpenDryPoor
108182,Rubus idaeus,OpenDryPoor
108183,Rubus idaeus,OpenDryPoor
108184,Rubus idaeus,OpenDryPoor
108185,Rubus idaeus,OpenDryPoor
108186,Rubus idaeus,OpenDryPoor
108187,Rubus idaeus,OpenDryPoor
108188,Rubus idaeus,OpenDryPoor
108189,Rubus idaeus,OpenDryPoor
108190,Rubus idaeus,OpenDryPoor
108191,Rubus idaeus,OpenDryPoor
108192,Rubus idaeus,OpenDryPoor
108193,Rubus idaeus,OpenDryPoor
108194,Rubus idaeus,OpenDryPoor
108195,Rubus idaeus,OpenDryPoor
108196,Rubus idaeus,OpenDryPoor
108197,Rubus idaeus,OpenDryPoor
108198,Rubus idaeus,OpenDryPoor
108199,Rubus idaeus,OpenDryPoor
108200,Rubus idaeus,OpenDryPoor
108201,Rubus idaeus,OpenDryPoor
108202,Rubus idaeus,OpenDryPoor
108203,Rubus idaeus,OpenDryPoor
108204,Rubus idaeus,OpenDryPoor
108205,Rubus idaeus,OpenDryPoor
108206,Rubus idaeus,OpenDryPoor
108207,Rubus idaeus,OpenDryPoor
108208,Rubus idaeus,OpenDryPoor
108209,Rubus idaeus,OpenDryPoor
108210,Rubus idaeus,OpenDryPoor
108211,Rubus idaeus,OpenDryPoor
108212,Rubus idaeus,OpenDryPoor
108213,Rubus idaeus,OpenDryPoor
108214,Rubus idaeus,OpenDryPoor
108215,Rubus idaeus,OpenDryPoor
108757,Rubus idaeus,OpenDryPoor
108758,Rubus idaeus,OpenDryPoor
108759,Rubus idaeus,OpenDryPoor
108760,Rubus idaeus,OpenDryPoor
108761,Rubus idaeus,OpenDryPoor
108762,Rubus idaeus,OpenDryPoor
108763,Rubus idaeus,OpenDryPoor
108764,Rubus idaeus,OpenDryPoor
108765,Rubus idaeus,OpenDryPoor
108766,Rubus idaeus,OpenDryPoor
108767,Rubus idaeus,OpenDryPoor
108768,Rubus idaeus,OpenDryPoor
108769,Rubus idaeus,OpenDryPoor
108770,Rubus idaeus,OpenDryPoor
108771,Rubus idaeus,OpenDryPoor
108772,Rubus idaeus,OpenDryPoor
108773,Rubus idaeus,OpenDryPoor
108774,Rubus idaeus,OpenDryPoor
108775,Rubus idaeus,OpenDryPoor
108776,Rubus idaeus,OpenDryPoor
108777,Rubus idaeus,OpenDryPoor
108778,Rubus idaeus,OpenDryPoor
108779,Rubus idaeus,OpenDryPoor
108780,Rubus idaeus,OpenDryPoor
108781,Rubus idaeus,OpenDryPoor
108782,Rubus idaeus,OpenDryPoor
108783,Rubus idaeus,OpenDryPoor
108784,Rubus idaeus,OpenDryPoor
108785,Rubus idaeus,OpenDryPoor
108786,oor
109537,Rubus idaeus,OpenDryPoor
109538,Rubus idaeus,OpenDryPoor
109539,Rubus idaeus,OpenDryPoor
109540,Rubus idaeus,OpenDryPoor
109541,Rubus idaeus,OpenDryPoor
109542,Rubus idaeus,OpenDryPoor
109543,Rubus idaeus,OpenDryPoor
110063,Rubus idaeus,OpenDryPoor
110064,Rubus idaeus,OpenDryPoor
110065,Rubus idaeus,OpenDryPoor
110066,Rubus idaeus,OpenDryPoor
110067,Rubus idaeus,OpenDryPoor
110068,Rubus idaeus,OpenDryPoor
110069,Rubus idaeus,OpenDryPoor
110070,Rubus idaeus,OpenDryPoor
110071,Rubus idaeus,OpenDryPoor
110072,Rubus idaeus,OpenDryPoor
110073,Rubus idaeus,OpenDryPoor
110074,Rubus idaeus,OpenDryPoor
110075,Rubus idaeus,OpenDryPoor
110076,Rubus idaeus,OpenDryPoor
110077,Rubus idaeus,OpenDryPoor
110078,Rubus idaeus,OpenDryPoor
110079,Rubus idaeus,OpenDryPoor
110080,Rubus idaeus,OpenDryPoor
110081,Rubus idaeus,OpenDryPoor
110082,Rubus idaeus,OpenDryPoor
110083,Rubus idaeus,OpenDryPoor
110084,Rubus idaeus,OpenDryPoor
110085,Rubus idaeus,OpenDryPoor
110086,Rubus idaeus,OpenDryPoor
110087,Rubus idaeus,OpenDryPoor
110088,Rubus idaeus,OpenDryPoor
110089,Rubus idaeus,OpenDryPoor
110090,Rubus idaeus,OpenDryPoor
110091,Rubus idaeus,OpenDryPoor
110092,Rubus idaeus,OpenDryPoor
110093,Rubus idaeus,OpenDryPoor
110094,Rubus idaeus,OpenDryPoor
110095,Rubus idaeus,OpenDryPoor
110096,Rubus idaeus,OpenDryPoor
110097,Rubus idaeus,OpenDryPoor
110098,Rubus idaeus,OpenDryPoor
110099,Rubus idaeus,OpenDryPoor
110100,Rubus idaeus,OpenDryPoor
110101,Rubus idaeus,OpenDryPoor
110102,Rubus idaeus,OpenDryPoor
110103,Rubus idaeus,OpenDryPoor
110104,Rubus idaeus,OpenDryPoor
110105,Rubus idaeus,OpenDryPoor
110106,Rubus idaeus,OpenDryPoor
110107,Rubus idaeus,OpenDryPoor
110108,Rubus idaeus,OpenDryPoor
110109,Rubus idaeus,OpenDryPoor
110110,Rubus idaeus,OpenDryPoor
110111,Rubus idaeus,OpenDryPoor
110112,Rubus idaeus,OpenDryPoor
110113,Rubus idaeus,OpenDryPoor
110114,Rubus idaeus,OpenDryPoor
110115,Rubus idaeus,OpenDryPoor
110116,Rubus idaeus,OpenDryPoor
110117,Rubus idaeus,OpenDryPoor
110118,Rubus idaeus,OpenDryPoor
110119,Rubus idaeus,OpenDryPoor
110120,Rubus idaeus,OpenDryPoor
110121,Rubus idaeus,OpenDryPoor
110122,Rubus idaeus,OpenDryPoor
110123,Rubus idaeus,OpenDryPoor
110124,Rubus idaeus,OpenDryPoor
110125,Rubus idaeus,OpenDryPoor
110126,Rubus idaeus,OpenDryPoor
110127,Rubus idaeus,OpenDryPoor
110128,Rubus idaeus,OpenDryPoor
110129,Rubus idaeus,OpenDryPoor
110130,Rubus idaeus,OpenDryPoor
110131,Rubus idaeus,OpenDryPoor
110132,Rubus idaeus,OpenDryPoor
110133,Rubus idaeus,OpenDryPoor
110134,Rubus idaeus,OpenDryPoor
110135,Rubus idaeus,OpenDryPoor
110136,Rubus idaeus,OpenDryPoor
110137,Rubus idaeus,OpenDryPoor
110138,Rubus idaeus,OpenDryPoor
110139,Rubus idaeus,OpenDryPoor
110140,Rubus idaeus,OpenDryPoor
110141,Rubus idaeus,OpenDryPoor
110663,Rubus idaeus,OpenDryPoor
110664,Rubus idaeus,OpenDryPoor
110665,Rubus idaeus,OpenDryPoor
110666,Rubus idaeus,OpenDryPoor
110667,Rubus idaeus,OpenDryPoor
110668,Rubus idaeus,OpenDryPoor
110669,Rubus idaeus,OpenDryPoor
110670,Rubus idaeus,OpenDryPoor
110671,Rubus idaeus,OpenDryPoor
110672,Rubus idaeus,OpenDryPoor
110673,Rubus idaeus,OpenDryPoor
110674,Rubus idaeus,OpenDryPoor
110675,Rubus idaeus,OpenDryPoor
110676,Rubus idaeus,OpenDryPoor
110677,Rubus idaeus,OpenDryPoor
110678,Rubus idaeus,OpenDryPoor
110679,Rubus idaeus,OpenDryPoor
110680,Rubus idaeus,OpenDryPoor
110681,Rubus idaeus,OpenDryPoor
110682,Rubus idaeus,OpenDryPoor
110683,Rubus idaeus,OpenDryPoor
110684,Rubus idaeus,OpenDryPoor
110685,Rubus idaeus,OpenDryPoor
110686,Rubus idaeus,OpenDryPoor
110687,Rubus idaeus,OpenDryPoor
110688,Rubus idaeus,OpenDryPoor
110689,Rubus idaeus,OpenDryPoor
110690,Rubus idaeus,OpenDryPoor
110691,Rubus idaeus,OpenDryPoor
110692,Rubus idaeus,OpenDryPoor
110693,Rubus idaeus,OpenDryPoor
110694,Rubus idaeus,OpenDryPoor
110695,Rubus idaeus,OpenDryPoor
110696,Rubus idaeus,OpenDryPoor
110697,Rubus idaeus,OpenDryPoor
110698,Rubus idaeus,OpenDryPoor
110699,Rubus idaeus,OpenDryPoor
110700,Rubus idaeus,OpenDryPoor
110701,Rubus idaeus,OpenDryPoor
110702,Rubus idaeus,OpenDryPoor
110703,Rubus idaeus,OpenDryPoor
110704,Rubus idaeus,OpenDryPRubus idaeus,OpenDryPoor
108787,Rubus idaeus,OpenDryPoor
108788,Rubus idaeus,OpenDryPoor
108789,Rubus idaeus,OpenDryPoor
108790,Rubus idaeus,OpenDryPoor
108791,Rubus idaeus,OpenDryPoor
108792,Rubus idaeus,OpenDryPoor
108793,Rubus idaeus,OpenDryPoor
108794,Rubus idaeus,OpenDryPoor
108795,Rubus idaeus,OpenDryPoor
108796,Rubus idaeus,OpenDryPoor
108797,Rubus idaeus,OpenDryPoor
108798,Rubus idaeus,OpenDryPoor
108799,Rubus idaeus,OpenDryPoor
108800,Rubus idaeus,OpenDryPoor
108801,Rubus idaeus,OpenDryPoor
108802,Rubus idaeus,OpenDryPoor
108803,Rubus idaeus,OpenDryPoor
108804,Rubus idaeus,OpenDryPoor
108805,Rubus idaeus,OpenDryPoor
108806,Rubus idaeus,OpenDryPoor
108807,Rubus idaeus,OpenDryPoor
108808,Rubus idaeus,OpenDryPoor
108809,Rubus idaeus,OpenDryPoor
108810,Rubus idaeus,OpenDryPoor
108811,Rubus idaeus,OpenDryPoor
108812,Rubus idaeus,OpenDryPoor
109358,Rubus idaeus,OpenDryPoor
109359,Rubus idaeus,OpenDryPoor
109360,Rubus idaeus,OpenDryPoor
109361,Rubus idaeus,OpenDryPoor
109362,Rubus idaeus,OpenDryPoor
109363,Rubus idaeus,OpenDryPoor
109364,Rubus idaeus,OpenDryPoor
109365,Rubus idaeus,OpenDryPoor
109366,Rubus idaeus,OpenDryPoor
109367,Rubus idaeus,OpenDryPoor
109368,Rubus idaeus,OpenDryPoor
109369,Rubus idaeus,OpenDryPoor
109370,Rubus idaeus,OpenDryPoor
109371,Rubus idaeus,OpenDryPoor
109372,Rubus idaeus,OpenDryPoor
109373,Rubus idaeus,OpenDryPoor
109374,Rubus idaeus,OpenDryPoor
109375,Rubus idaeus,OpenDryPoor
109376,Rubus idaeus,OpenDryPoor
109377,Rubus idaeus,OpenDryPoor
109378,Rubus idaeus,OpenDryPoor
109379,Rubus idaeus,OpenDryPoor
109380,Rubus idaeus,OpenDryPoor
109381,Rubus idaeus,OpenDryPoor
109382,Rubus idaeus,OpenDryPoor
109383,Rubus idaeus,OpenDryPoor
109384,Rubus idaeus,OpenDryPoor
109385,Rubus idaeus,OpenDryPoor
109386,Rubus idaeus,OpenDryPoor
109387,Rubus idaeus,OpenDryPoor
109388,Rubus idaeus,OpenDryPoor
109389,Rubus idaeus,OpenDryPoor
109390,Rubus idaeus,OpenDryPoor
109391,Rubus idaeus,OpenDryPoor
109392,Rubus idaeus,OpenDryPoor
109393,Rubus idaeus,OpenDryPoor
109394,Rubus idaeus,OpenDryPoor
109395,Rubus idaeus,OpenDryPoor
109396,Rubus idaeus,OpenDryPoor
109397,Rubus idaeus,OpenDryPoor
109398,Rubus idaeus,OpenDryPoor
109399,Rubus idaeus,OpenDryPoor
109400,Rubus idaeus,OpenDryPoor
109401,Rubus idaeus,OpenDryPoor
109402,Rubus idaeus,OpenDryPoor
109403,Rubus idaeus,OpenDryPoor
109404,Rubus idaeus,OpenDryPoor
109405,Rubus idaeus,OpenDryPoor
109406,Rubus idaeus,OpenDryPoor
109407,Rubus idaeus,OpenDryPoor
109408,Rubus idaeus,OpenDryPoor
109409,Rubus idaeus,OpenDryPoor
109959,Rubus idaeus,OpenDryPoor
109960,Rubus idaeus,OpenDryPoor
109961,Rubus idaeus,OpenDryPoor
109962,Rubus idaeus,OpenDryPoor
109963,Rubus idaeus,OpenDryPoor
109964,Rubus idaeus,OpenDryPoor
109965,Rubus idaeus,OpenDryPoor
109966,Rubus idaeus,OpenDryPoor
109967,Rubus idaeus,OpenDryPoor
109968,Rubus idaeus,OpenDryPoor
109969,Rubus idaeus,OpenDryPoor
109970,Rubus idaeus,OpenDryPoor
109971,Rubus idaeus,OpenDryPoor
109972,Rubus idaeus,OpenDryPoor
109973,Rubus idaeus,OpenDryPoor
109974,Rubus idaeus,OpenDryPoor
109975,Rubus idaeus,OpenDryPoor
109976,Rubus idaeus,OpenDryPoor
109977,Rubus idaeus,OpenDryPoor
109978,Rubus idaeus,OpenDryPoor
109979,Rubus idaeus,OpenDryPoor
109980,Rubus idaeus,OpenDryPoor
109981,Rubus idaeus,OpenDryPoor
109982,Rubus idaeus,OpenDryPoor
109983,Rubus idaeus,OpenDryPoor
109984,Rubus idaeus,OpenDryPoor
109985,Rubus idaeus,OpenDryPoor
109986,Rubus idaeus,OpenDryPoor
109987,Rubus idaeus,OpenDryPoor
109988,Rubus idaeus,OpenDryPoor
109989,Rubus idaeus,OpenDryPoor
109990,Rubus idaeus,OpenDryPoor
109991,Rubus idaeus,OpenDryPoor
109992,Rubus idaeus,OpenDryPoor
109993,Rubus idaeus,OpenDryPoor
109994,Rubus idaeus,OpenDryPoor
109995,Rubus idaeus,OpenDryPoor
109996,Rubus idaeus,OpenDryPoor
109997,Rubus idaeus,OpenDryPoor
109998,Rubus idaeus,OpenDryPoor
109999,Rubus idaeus,OpenDryPoor
110000,Rubus idaeus,OpenDryPoor
110001,Rubus idaeus,OpenDryPoor
110002,Rubus idaeus,OpenDryPoor
110003,Rubus idaeus,OpenDryPoor
110004,Rubus idaeus,OpenDryPoor
110005,Rubus idaeus,OpenDryPoor
110006,Rubus idaeus,OpenDryPoor
110007,Rubus idaeus,OpenDryPoor
oor
110705,Rubus idaeus,OpenDryPoor
110706,Rubus idaeus,OpenDryPoor
110707,Rubus idaeus,OpenDryPoor
110708,Rubus idaeus,OpenDryPoor
110709,Rubus idaeus,OpenDryPoor
110710,Rubus idaeus,OpenDryPoor
110711,Rubus idaeus,OpenDryPoor
110712,Rubus idaeus,OpenDryPoor
111263,Rubus idaeus,OpenDryPoor
111264,Rubus idaeus,OpenDryPoor
111265,Rubus idaeus,OpenDryPoor
111266,Rubus idaeus,OpenDryPoor
111267,Rubus idaeus,OpenDryPoor
111268,Rubus idaeus,OpenDryPoor
111269,Rubus idaeus,OpenDryPoor
111270,Rubus idaeus,OpenDryPoor
111271,Rubus idaeus,OpenDryPoor
111272,Rubus idaeus,OpenDryPoor
111273,Rubus idaeus,OpenDryPoor
111274,Rubus idaeus,OpenDryPoor
111275,Rubus idaeus,OpenDryPoor
111276,Rubus idaeus,OpenDryPoor
111277,Rubus idaeus,OpenDryPoor
111278,Rubus idaeus,OpenDryPoor
111279,Rubus idaeus,OpenDryPoor
111280,Rubus idaeus,OpenDryPoor
111281,Rubus idaeus,OpenDryPoor
111282,Rubus idaeus,OpenDryPoor
111283,Rubus idaeus,OpenDryPoor
111284,Rubus idaeus,OpenDryPoor
111285,Rubus idaeus,OpenDryPoor
111286,Rubus idaeus,OpenDryPoor
111287,Rubus idaeus,OpenDryPoor
111288,Rubus idaeus,OpenDryPoor
111289,Rubus idaeus,OpenDryPoor
111290,Rubus idaeus,OpenDryPoor
111291,Rubus idaeus,OpenDryPoor
111292,Rubus idaeus,OpenDryPoor
111293,Rubus idaeus,OpenDryPoor
111294,Rubus idaeus,OpenDryPoor
111295,Rubus idaeus,OpenDryPoor
111296,Rubus idaeus,OpenDryPoor
111297,Rubus idaeus,OpenDryPoor
111298,Rubus idaeus,OpenDryPoor
111299,Rubus idaeus,OpenDryPoor
111300,Rubus idaeus,OpenDryPoor
111301,Rubus idaeus,OpenDryPoor
111302,Rubus idaeus,OpenDryPoor
111303,Rubus idaeus,OpenDryPoor
111304,Rubus idaeus,OpenDryPoor
111305,Rubus idaeus,OpenDryPoor
111306,Rubus idaeus,OpenDryPoor
111307,Rubus idaeus,OpenDryPoor
111308,Rubus idaeus,OpenDryPoor
111309,Rubus idaeus,OpenDryPoor
111310,Rubus idaeus,OpenDryPoor
111311,Rubus idaeus,OpenDryPoor
111863,Rubus idaeus,OpenDryPoor
111864,Rubus idaeus,OpenDryPoor
111865,Rubus idaeus,OpenDryPoor
111866,Rubus idaeus,OpenDryPoor
111867,Rubus idaeus,OpenDryPoor
111868,Rubus idaeus,OpenDryPoor
111869,Rubus idaeus,OpenDryPoor
111870,Rubus idaeus,OpenDryPoor
111871,Rubus idaeus,OpenDryPoor
111872,Rubus idaeus,OpenDryPoor
111873,Rubus idaeus,OpenDryPoor
111874,Rubus idaeus,OpenDryPoor
111875,Rubus idaeus,OpenDryPoor
111876,Rubus idaeus,OpenDryPoor
111877,Rubus idaeus,OpenDryPoor
111878,Rubus idaeus,OpenDryPoor
111879,Rubus idaeus,OpenDryPoor
111880,Rubus idaeus,OpenDryPoor
111881,Rubus idaeus,OpenDryPoor
111882,Rubus idaeus,OpenDryPoor
111883,Rubus idaeus,OpenDryPoor
111884,Rubus idaeus,OpenDryPoor
111885,Rubus idaeus,OpenDryPoor
111886,Rubus idaeus,OpenDryPoor
111887,Rubus idaeus,OpenDryPoor
111888,Rubus idaeus,OpenDryPoor
111889,Rubus idaeus,OpenDryPoor
111890,Rubus idaeus,OpenDryPoor
111891,Rubus idaeus,OpenDryPoor
111892,Rubus idaeus,OpenDryPoor
111893,Rubus idaeus,OpenDryPoor
111894,Rubus idaeus,OpenDryPoor
111895,Rubus idaeus,OpenDryPoor
111896,Rubus idaeus,OpenDryPoor
111897,Rubus idaeus,OpenDryPoor
111898,Rubus idaeus,OpenDryPoor
111899,Rubus idaeus,OpenDryPoor
111900,Rubus idaeus,OpenDryPoor
111901,Rubus idaeus,OpenDryPoor
111902,Rubus idaeus,OpenDryPoor
111903,Rubus idaeus,OpenDryPoor
111904,Rubus idaeus,OpenDryPoor
111905,Rubus idaeus,OpenDryPoor
111906,Rubus idaeus,OpenDryPoor
111907,Rubus idaeus,OpenDryPoor
111908,Rubus idaeus,OpenDryPoor
111909,Rubus idaeus,OpenDryPoor
111910,Rubus idaeus,OpenDryPoor
112463,Rubus idaeus,OpenDryPoor
112464,Rubus idaeus,OpenDryPoor
112465,Rubus idaeus,OpenDryPoor
112466,Rubus idaeus,OpenDryPoor
112467,Rubus idaeus,OpenDryPoor
112468,Rubus idaeus,OpenDryPoor
112469,Rubus idaeus,OpenDryPoor
112470,Rubus idaeus,OpenDryPoor
112471,Rubus idaeus,OpenDryPoor
112472,Rubus idaeus,OpenDryPoor
112473,Rubus idaeus,OpenDryPoor
112474,Rubus idaeus,OpenDryPoor
112475,Rubus idaeus,OpenDryPoor
112476,Rubus idaeus,OpenDryPoor
112477,Rubus idaeus,OpenDryPoor
112478,Rubus idaeus,OpenDryPoor
112479,Rubus idaeus,OpenDryPoor
112480,Rubus idaeus,OpenDryPoor
112481,Rubus idaeus,OpenDryPoor
112482,Rubus idaeus,OpenDryPoor
112483,Rubus idaeus,OpenDryPoor
112484,Rubus idaeus,OpenDryPoor
112485,Rubus idaeus,OpenDryPoor
112486,Rubus idaeus,OpenDryPoor
112487,Rubus idaeus,OpenDryPoor
112488,Rubus idaeus,OpenDryPoor
112489,Rubus idaeus,OpenDryPoor
112490,Rubus idaeus,OpenDryPoor
112491,Rubus idaeus,OpenDryPoor
112492,Rubus idaeus,OpenDryPoor
112493,Rubus idaeus,OpenDryPoor
112494,Rubus idaeus,OpenDryPoor
112495,Rubus idaeus,OpenDryPoor
112496,Rubus idaeus,OpenDryPoor
112497,Rubus idaeus,OpenDryPoor
112498,Rubus idaeus,OpenDryPoor
112499,Rubus idaeus,OpenDryPoor
112500,Rubus idaeus,OpenDryPoor
112501,Rubus idaeus,OpenDryPoor
112502,Rubus idaeus,OpenDryPoor
112503,Rubus idaeus,OpenDryPoor
112504,Rubus idaeus,OpenDryPoor
112505,Rubus idaeus,OpenDryPoor
112506,Rubus idaeus,OpenDryPoor
112507,Rubus idaeus,OpenDryPoor
112508,Rubus idaeus,OpenDryPoor
112509,Rubus idaeus,OpenDryPoor
113063,Rubus idaeus,OpenDryPoor
113064,Rubus idaeus,OpenDryPoor
113065,Rubus idaeus,OpenDryPoor
113066,Rubus idaeus,OpenDryPoor
113067,Rubus idaeus,OpenDryPoor
113068,Rubus idaeus,OpenDryPoor
113069,Rubus idaeus,OpenDryPoor
113070,Rubus idaeus,OpenDryPoor
113071,Rubus idaeus,OpenDryPoor
113072,Rubus idaeus,OpenDryPoor
113073,Rubus idaeus,OpenDryPoor
113074,Rubus idaeus,OpenDryPoor
113075,Rubus idaeus,OpenDryPoor
113076,Rubus idaeus,OpenDryPoor
113077,Rubus idaeus,OpenDryPoor
113078,Rubus idaeus,OpenDryPoor
113079,Rubus idaeus,OpenDryPoor
113080,Rubus idaeus,OpenDryPoor
113081,Rubus idaeus,OpenDryPoor
113082,Rubus idaeus,OpenDryPoor
113083,Rubus idaeus,OpenDryPoor
113084,Rubus idaeus,OpenDryPoor
113085,Rubus idaeus,OpenDryPoor
113086,Rubus idaeus,OpenDryPoor
113087,Rubus idaeus,OpenDryPoor
113088,Rubus idaeus,OpenDryPoor
113089,Rubus idaeus,OpenDryPoor
113090,Rubus idaeus,OpenDryPoor
113091,Rubus idaeus,OpenDryPoor
113092,Rubus idaeus,OpenDryPoor
113093,Rubus idaeus,OpenDryPoor
113094,Rubus idaeus,OpenDryPoor
113095,Rubus idaeus,OpenDryPoor
113096,Rubus idaeus,OpenDryPoor
113097,Rubus idaeus,OpenDryPoor
113098,Rubus idaeus,OpenDryPoor
113099,Rubus idaeus,OpenDryPoor
113100,Rubus idaeus,OpenDryPoor
113101,Rubus idaeus,OpenDryPoor
113102,Rubus idaeus,OpenDryPoor
113103,Rubus idaeus,OpenDryPoor
113104,Rubus idaeus,OpenDryPoor
113105,Rubus idaeus,OpenDryPoor
113106,Rubus idaeus,OpenDryPoor
113107,Rubus idaeus,OpenDryPoor
113108,Rubus idaeus,OpenDryPoor
113663,Rubus idaeus,OpenDryPoor
113664,Rubus idaeus,OpenDryPoor
113665,Rubus idaeus,OpenDryPoor
113666,Rubus idaeus,OpenDryPoor
113667,Rubus idaeus,OpenDryPoor
113668,Rubus idaeus,OpenDryPoor
113669,Rubus idaeus,OpenDryPoor
113670,Rubus idaeus,OpenDryPoor
113671,Rubus idaeus,OpenDryPoor
113672,Rubus idaeus,OpenDryPoor
113673,Rubus idaeus,OpenDryPoor
113674,Rubus idaeus,OpenDryPoor
113675,Rubus idaeus,OpenDryPoor
113676,Rubus idaeus,OpenDryPoor
113677,Rubus idaeus,OpenDryPoor
113678,Rubus idaeus,OpenDryPoor
113679,Rubus idaeus,OpenDryPoor
113680,Rubus idaeus,OpenDryPoor
113681,Rubus idaeus,OpenDryPoor
113682,Rubus idaeus,OpenDryPoor
113683,Rubus idaeus,OpenDryPoor
113684,Rubus idaeus,OpenDryPoor
113685,Rubus idaeus,OpenDryPoor
113686,Rubus idaeus,OpenDryPoor
113687,Rubus idaeus,OpenDryPoor
113688,Rubus idaeus,OpenDryPoor
113689,Rubus idaeus,OpenDryPoor
113690,Rubus idaeus,OpenDryPoor
113691,Rubus idaeus,OpenDryPoor
113692,Rubus idaeus,OpenDryPoor
113693,Rubus idaeus,OpenDryPoor
113694,Rubus idaeus,OpenDryPoor
113695,Rubus idaeus,OpenDryPoor
113696,Rubus idaeus,OpenDryPoor
113697,Rubus idaeus,OpenDryPoor
113698,Rubus idaeus,OpenDryPoor
113699,Rubus idaeus,OpenDryPoor
113700,Rubus idaeus,OpenDryPoor
113701,Rubus idaeus,OpenDryPoor
113702,Rubus idaeus,OpenDryPoor
113703,Rubus idaeus,OpenDryPoor
113704,Rubus idaeus,OpenDryPoor
113705,Rubus idaeus,OpenDryPoor
113706,Rubus idaeus,OpenDryPoor
113707,Rubus idaeus,OpenDryPoor
114263,Rubus idaeus,OpenDryPoor
114264,Rubus idaeus,OpenDryPoor
114265,Rubus idaeus,OpenDryPoor
114266,Rubus idaeus,OpenDryPoor
114267,Rubus idaeus,OpenDryPoor
114268,Rubus idaeus,OpenDryPoor
114269,Rubus idaeus,OpenDryPoor
114270,Rubus idaeus,OpenDryPoor
114271,Rubus idaeus,OpenDryPoor
114272,Rubus idaeus,OpenDryPoor
114273,Rubus idaeus,OpenDryPoor
114274,Rubus idaeus,OpenDryPoor
114275,Rubus idaeus,OpenDryPoor
114276,Rubus idaeus,OpenDryPoor
114277,Rubus idaeus,OpenDryPoor
114278,Rubus idaeus,OpenDryPoor
114279,Rubus idaeus,OpenDryPoor
114280,Rubus idaeus,OpenDryPoor
114281,Rubus idaeus,OpenDryPoor
114282,Rubus idaeus,OpenDryPoor
114283,Rubus idaeus,OpenDryPoor
114284,Rubus idaeus,OpenDryPoor
114285,Rubus idaeus,OpenDryPoor
114286,Rubus idaeus,OpenDryPoor
114287,Rubus idaeus,OpenDryPoor
114288,Rubus idaeus,OpenDryPoor
114289,Rubus idaeus,OpenDryPoor
114290,Rubus idaeus,OpenDryPoor
114291,Rubus idaeus,OpenDryPoor
114292,Rubus idaeus,OpenDryPoor
114293,Rubus idaeus,OpenDryPoor
114294,Rubus idaeus,OpenDryPoor
114295,Rubus idaeus,OpenDryPoor
114296,Rubus idaeus,OpenDryPoor
114297,Rubus idaeus,OpenDryPoor
114298,Rubus idaeus,OpenDryPoor
114299,Rubus idaeus,OpenDryPoor
114300,Rubus idaeus,OpenDryPoor
114301,Rubus idaeus,OpenDryPoor
114302,Rubus idaeus,OpenDryPoor
114303,Rubus idaeus,OpenDryPoor
114304,Rubus idaeus,OpenDryPoor
114305,Rubus idaeus,OpenDryPoor
114306,Rubus idaeus,OpenDryPoor
114863,Rubus idaeus,OpenDryPoor
114864,Rubus idaeus,OpenDryPoor
114865,Rubus idaeus,OpenDryPoor
114866,Rubus idaeus,OpenDryPoor
114867,Rubus idaeus,OpenDryPoor
114868,Rubus idaeus,OpenDryPoor
114869,Rubus idaeus,OpenDryPoor
114870,Rubus idaeus,OpenDryPoor
114871,Rubus idaeus,OpenDryPoor
114872,Rubus idaeus,OpenDryPoor
114873,Rubus idaeus,OpenDryPoor
114874,Rubus idaeus,OpenDryPoor
114875,Rubus idaeus,OpenDryPoor
114876,Rubus idaeus,OpenDryPoor
114877,Rubus idaeus,OpenDryPoor
114878,Rubus idaeus,OpenDryPoor
114879,Rubus idaeus,OpenDryPoor
114880,Rubus idaeus,OpenDryPoor
114881,Rubus idaeus,OpenDryPoor
114882,Rubus idaeus,OpenDryPoor
114883,Rubus idaeus,OpenDryPoor
114884,Rubus idaeus,OpenDryPoor
114885,Rubus idaeus,OpenDryPoor
114886,Rubus idaeus,OpenDryPoor
114887,Rubus idaeus,OpenDryPoor
114888,Rubus idaeus,OpenDryPoor
114889,Rubus idaeus,OpenDryPoor
114890,Rubus idaeus,OpenDryPoor
114891,Rubus idaeus,OpenDryPoor
114892,Rubus idaeus,OpenDryPoor
114893,Rubus idaeus,OpenDryPoor
114894,Rubus idaeus,OpenDryPoor
114895,Rubus idaeus,OpenDryPoor
114896,Rubus idaeus,OpenDryPoor
114897,Rubus idaeus,OpenDryPoor
114898,Rubus idaeus,OpenDryPoor
114899,Rubus idaeus,OpenDryPoor
114900,Rubus idaeus,OpenDryPoor
114901,Rubus idaeus,OpenDryPoor
114902,Rubus idaeus,OpenDryPoor
114903,Rubus idaeus,OpenDryPoor
114904,Rubus idaeus,OpenDryPoor
114905,Rubus idaeus,OpenDryPoor
115464,Rubus idaeus,OpenDryPoor
115465,Rubus idaeus,OpenDryPoor
115466,Rubus idaeus,OpenDryPoor
115467,Rubus idaeus,OpenDryPoor
115468,Rubus idaeus,OpenDryPoor
115469,Rubus idaeus,OpenDryPoor
115470,Rubus idaeus,OpenDryPoor
115471,Rubus idaeus,OpenDryPoor
115472,Rubus idaeus,OpenDryPoor
115473,Rubus idaeus,OpenDryPoor
115474,Rubus idaeus,OpenDryPoor
115475,Rubus idaeus,OpenDryPoor
115476,Rubus idaeus,OpenDryPoor
115477,Rubus idaeus,OpenDryPoor
115478,Rubus idaeus,OpenDryPoor
115479,Rubus idaeus,OpenDryPoor
115480,Rubus idaeus,OpenDryPoor
115481,Rubus idaeus,OpenDryPoor
115482,Rubus idaeus,OpenDryPoor
115483,Rubus idaeus,OpenDryPoor
115484,Rubus idaeus,OpenDryPoor
115485,Rubus idaeus,OpenDryPoor
115486,Rubus idaeus,OpenDryPoor
115487,Rubus idaeus,OpenDryPoor
115488,Rubus idaeus,OpenDryPoor
115489,Rubus idaeus,OpenDryPoor
115490,Rubus idaeus,OpenDryPoor
115491,Rubus idaeus,OpenDryPoor
115492,Rubus idaeus,OpenDryPoor
115493,Rubus idaeus,OpenDryPoor
115494,Rubus idaeus,OpenDryPoor
115495,Rubus idaeus,OpenDryPoor
115496,Rubus idaeus,OpenDryPoor
115497,Rubus idaeus,OpenDryPoor
115498,Rubus idaeus,OpenDryPoor
115499,Rubus idaeus,OpenDryPoor
115500,Rubus idaeus,OpenDryPoor
115501,Rubus idaeus,OpenDryPoor
115502,Rubus idaeus,OpenDryPoor
115503,Rubus idaeus,OpenDryPoor
115504,Rubus idaeus,OpenDryPoor
116064,Rubus idaeus,OpenDryPoor
116065,Rubus idaeus,OpenDryPoor
116066,Rubus idaeus,OpenDryPoor
116067,Rubus idaeus,OpenDryPoor
116068,Rubus idaeus,OpenDryPoor
116069,Rubus idaeus,OpenDryPoor
116070,Rubus idaeus,OpenDryPoor
116071,Rubus idaeus,OpenDryPoor
116072,Rubus idaeus,OpenDryPoor
116073,Rubus idaeus,OpenDryPoor
116074,Rubus idaeus,OpenDryPoor
116075,Rubus idaeus,OpenDryPoor
116076,Rubus idaeus,OpenDryPoor
116077,Rubus idaeus,OpenDryPoor
116078,Rubus idaeus,OpenDryPoor
116079,Rubus idaeus,OpenDryPoor
116080,Rubus idaeus,OpenDryPoor
116081,Rubus idaeus,OpenDryPoor
116082,Rubus idaeus,OpenDryPoor
116083,Rubus idaeus,OpenDryPoor
116084,Rubus idaeus,OpenDryPoor
116085,Rubus idaeus,OpenDryPoor
116086,Rubus idaeus,OpenDryPoor
116087,Rubus idaeus,OpenDryPoor
116088,Rubus idaeus,OpenDryPoor
116089,Rubus idaeus,OpenDryPoor
116090,Rubus idaeus,OpenDryPoor
116091,Rubus idaeus,OpenDryPoor
116092,Rubus idaeus,OpenDryPoor
116093,Rubus idaeus,OpenDryPoor
116094,Rubus idaeus,OpenDryPoor
116095,Rubus idaeus,OpenDryPoor
116096,Rubus idaeus,OpenDryPoor
116097,Rubus idaeus,OpenDryPoor
116098,Rubus idaeus,OpenDryPoor
116099,Rubus idaeus,OpenDryPoor
116100,Rubus idaeus,OpenDryPoor
116101,Rubus idaeus,OpenDryPoor
116102,Rubus idaeus,OpenDryPoor
116103,Rubus idaeus,OpenDryPoor
116665,Rubus idaeus,OpenDryPoor
116666,Rubus idaeus,OpenDryPoor
116667,Rubus idaeus,OpenDryPoor
116668,Rubus idaeus,OpenDryPoor
116669,Rubus idaeus,OpenDryPoor
116670,Rubus idaeus,OpenDryPoor
116671,Rubus idaeus,OpenDryPoor
116672,Rubus idaeus,OpenDryPoor
116673,Rubus idaeus,OpenDryPoor
116674,Rubus idaeus,OpenDryPoor
116675,Rubus idaeus,OpenDryPoor
116676,Rubus idaeus,OpenDryPoor
116677,Rubus idaeus,OpenDryPoor
116678,Rubus idaeus,OpenDryPoor
116679,Rubus idaeus,OpenDryPoor
116680,Rubus idaeus,OpenDryPoor
116681,Rubus idaeus,OpenDryPoor
116682,Rubus idaeus,OpenDryPoor
116683,Rubus idaeus,OpenDryPoor
116684,Rubus idaeus,OpenDryPoor
116685,Rubus idaeus,OpenDryPoor
116686,Rubus idaeus,OpenDryPoor
116687,Rubus idaeus,OpenDryPoor
116688,Rubus idaeus,OpenDryPoor
116689,Rubus idaeus,OpenDryPoor
116690,Rubus idaeus,OpenDryPoor
116691,Rubus idaeus,OpenDryPoor
116692,Rubus idaeus,OpenDryPoor
116693,Rubus idaeus,OpenDryPoor
116694,Rubus idaeus,OpenDryPoor
116695,Rubus idaeus,OpenDryPoor
116696,Rubus idaeus,OpenDryPoor
116697,Rubus idaeus,OpenDryPoor
116698,Rubus idaeus,OpenDryPoor
116699,Rubus idaeus,OpenDryPoor
116700,Rubus idaeus,OpenDryPoor
116701,Rubus idaeus,OpenDryPoor
116702,Rubus idaeus,OpenDryPoor
117265,Rubus idaeus,OpenDryPoor
117266,Rubus idaeus,OpenDryPoor
117267,Rubus idaeus,OpenDryPoor
117268,Rubus idaeus,OpenDryPoor
117269,Rubus idaeus,OpenDryPoor
117270,Rubus idaeus,OpenDryPoor
117271,Rubus idaeus,OpenDryPoor
117272,Rubus idaeus,OpenDryPoor
117273,Rubus idaeus,OpenDryPoor
117274,Rubus idaeus,OpenDryPoor
117275,Rubus idaeus,OpenDryPoor
117276,Rubus idaeus,OpenDryPoor
117277,Rubus idaeus,OpenDryPoor
117278,Rubus idaeus,OpenDryPoor
117279,Rubus idaeus,OpenDryPoor
117280,Rubus idaeus,OpenDryPoor
117281,Rubus idaeus,OpenDryPoor
117282,Rubus idaeus,OpenDryPoor
117283,Rubus idaeus,OpenDryPoor
117284,Rubus idaeus,OpenDryPoor
117285,Rubus idaeus,OpenDryPoor
117286,Rubus idaeus,OpenDryPoor
117287,Rubus idaeus,OpenDryPoor
117288,Rubus idaeus,OpenDryPoor
117289,Rubus idaeus,OpenDryPoor
117290,Rubus idaeus,OpenDryPoor
117291,Rubus idaeus,OpenDryPoor
117292,Rubus idaeus,OpenDryPoor
117293,Rubus idaeus,OpenDryPoor
117294,Rubus idaeus,OpenDryPoor
117295,Rubus idaeus,OpenDryPoor
117296,Rubus idaeus,OpenDryPoor
117297,Rubus idaeus,OpenDryPoor
117298,Rubus idaeus,OpenDryPoor
117299,Rubus idaeus,OpenDryPoor
117300,Rubus idaeus,OpenDryPoor
117301,Rubus idaeus,OpenDryPoor
117866,Rubus idaeus,OpenDryPoor
117867,Rubus idaeus,OpenDryPoor
117868,Rubus idaeus,OpenDryPoor
117869,Rubus idaeus,OpenDryPoor
117870,Rubus idaeus,OpenDryPoor
117871,Rubus idaeus,OpenDryPoor
117872,Rubus idaeus,OpenDryPoor
117873,Rubus idaeus,OpenDryPoor
117874,Rubus idaeus,OpenDryPoor
117875,Rubus idaeus,OpenDryPoor
117876,Rubus idaeus,OpenDryPoor
117877,Rubus idaeus,OpenDryPoor
117878,Rubus idaeus,OpenDryPoor
117879,Rubus idaeus,OpenDryPoor
117880,Rubus idaeus,OpenDryPoor
117881,Rubus idaeus,OpenDryPoor
117882,Rubus idaeus,OpenDryPoor
117883,Rubus idaeus,OpenDryPoor
117884,Rubus idaeus,OpenDryPoor
117885,Rubus idaeus,OpenDryPoor
117886,Rubus idaeus,OpenDryPoor
117887,Rubus idaeus,OpenDryPoor
117888,Rubus idaeus,OpenDryPoor
117889,Rubus idaeus,OpenDryPoor
117890,Rubus idaeus,OpenDryPoor
117891,Rubus idaeus,OpenDryPoor
117892,Rubus idaeus,OpenDryPoor
117893,Rubus idaeus,OpenDryPoor
117894,Rubus idaeus,OpenDryPoor
117895,Rubus idaeus,OpenDryPoor
117896,Rubus idaeus,OpenDryPoor
117897,Rubus idaeus,OpenDryPoor
117898,Rubus idaeus,OpenDryPoor
117899,Rubus idaeus,OpenDryPoor
117900,Rubus idaeus,OpenDryPoor
118467,Rubus idaeus,OpenDryPoor
118468,Rubus idaeus,OpenDryPoor
118469,Rubus idaeus,OpenDryPoor
118470,Rubus idaeus,OpenDryPoor
118471,Rubus idaeus,OpenDryPoor
118472,Rubus idaeus,OpenDryPoor
118473,Rubus idaeus,OpenDryPoor
118474,Rubus idaeus,OpenDryPoor
118475,Rubus idaeus,OpenDryPoor
118476,Rubus idaeus,OpenDryPoor
118477,Rubus idaeus,OpenDryPoor
118478,Rubus idaeus,OpenDryPoor
118479,Rubus idaeus,OpenDryPoor
118480,Rubus idaeus,OpenDryPoor
118481,Rubus idaeus,OpenDryPoor
118482,Rubus idaeus,OpenDryPoor
118483,Rubus idaeus,OpenDryPoor
118484,Rubus idaeus,OpenDryPoor
118485,Rubus idaeus,OpenDryPoor
118486,Rubus idaeus,OpenDryPoor
118487,Rubus idaeus,OpenDryPoor
118488,Rubus idaeus,OpenDryPoor
118489,Rubus idaeus,OpenDryPoor
118490,Rubus idaeus,OpenDryPoor
118491,Rubus idaeus,OpenDryPoor
118492,Rubus idaeus,OpenDryPoor
118493,Rubus idaeus,OpenDryPoor
118494,Rubus idaeus,OpenDryPoor
118495,Rubus idaeus,OpenDryPoor
118496,Rubus idaeus,OpenDryPoor
118497,Rubus idaeus,OpenDryPoor
118498,Rubus idaeus,OpenDryPoor
118499,Rubus idaeus,OpenDryPoor
119068,Rubus idaeus,OpenDryPoor
119069,Rubus idaeus,OpenDryPoor
119070,Rubus idaeus,OpenDryPoor
119071,Rubus idaeus,OpenDryPoor
119072,Rubus idaeus,OpenDryPoor
119073,Rubus idaeus,OpenDryPoor
119074,Rubus idaeus,OpenDryPoor
119075,Rubus idaeus,OpenDryPoor
119076,Rubus idaeus,OpenDryPoor
119077,Rubus idaeus,OpenDryPoor
119078,Rubus idaeus,OpenDryPoor
119079,Rubus idaeus,OpenDryPoor
119080,Rubus idaeus,OpenDryPoor
119081,Rubus idaeus,OpenDryPoor
119082,Rubus idaeus,OpenDryPoor
119083,Rubus idaeus,OpenDryPoor
119084,Rubus idaeus,OpenDryPoor
119085,Rubus idaeus,OpenDryPoor
119086,Rubus idaeus,OpenDryPoor
119087,Rubus idaeus,OpenDryPoor
119088,Rubus idaeus,OpenDryPoor
119089,Rubus idaeus,OpenDryPoor
119090,Rubus idaeus,OpenDryPoor
119091,Rubus idaeus,OpenDryPoor
119092,Rubus idaeus,OpenDryPoor
119093,Rubus idaeus,OpenDryPoor
119094,Rubus idaeus,OpenDryPoor
119095,Rubus idaeus,OpenDryPoor
119096,Rubus idaeus,OpenDryPoor
119097,Rubus idaeus,OpenDryPoor
119098,Rubus idaeus,OpenDryPoor
119669,Rubus idaeus,OpenDryPoor
119670,Rubus idaeus,OpenDryPoor
119671,Rubus idaeus,OpenDryPoor
119672,Rubus idaeus,OpenDryPoor
119673,Rubus idaeus,OpenDryPoor
119674,Rubus idaeus,OpenDryPoor
119675,Rubus idaeus,OpenDryPoor
119676,Rubus idaeus,OpenDryPoor
119677,Rubus idaeus,OpenDryPoor
119678,Rubus idaeus,OpenDryPoor
119679,Rubus idaeus,OpenDryPoor
119680,Rubus idaeus,OpenDryPoor
119681,Rubus idaeus,OpenDryPoor
119682,Rubus idaeus,OpenDryPoor
119683,Rubus idaeus,OpenDryPoor
119684,Rubus idaeus,OpenDryPoor
119685,Rubus idaeus,OpenDryPoor
119686,Rubus idaeus,OpenDryPoor
119687,Rubus idaeus,OpenDryPoor
119688,Rubus idaeus,OpenDryPoor
119689,Rubus idaeus,OpenDryPoor
119690,Rubus idaeus,OpenDryPoor
119691,Rubus idaeus,OpenDryPoor
119692,Rubus idaeus,OpenDryPoor
119693,Rubus idaeus,OpenDryPoor
119694,Rubus idaeus,OpenDryPoor
119695,Rubus idaeus,OpenDryPoor
119696,Rubus idaeus,OpenDryPoor
119697,Rubus idaeus,OpenDryPoor
120271,Rubus idaeus,OpenDryPoor
120272,Rubus idaeus,OpenDryPoor
120273,Rubus idaeus,OpenDryPoor
120274,Rubus idaeus,OpenDryPoor
120275,Rubus idaeus,OpenDryPoor
120276,Rubus idaeus,OpenDryPoor
120277,Rubus idaeus,OpenDryPoor
120278,Rubus idaeus,OpenDryPoor
120279,Rubus idaeus,OpenDryPoor
120280,Rubus idaeus,OpenDryPoor
120281,Rubus idaeus,OpenDryPoor
120282,Rubus idaeus,OpenDryPoor
120283,Rubus idaeus,OpenDryPoor
120284,Rubus idaeus,OpenDryPoor
120285,Rubus idaeus,OpenDryPoor
120286,Rubus idaeus,OpenDryPoor
120287,Rubus idaeus,OpenDryPoor
120288,Rubus idaeus,OpenDryPoor
120289,Rubus idaeus,OpenDryPoor
120290,Rubus idaeus,OpenDryPoor
120291,Rubus idaeus,OpenDryPoor
120292,Rubus idaeus,OpenDryPoor
120293,Rubus idaeus,OpenDryPoor
120294,Rubus idaeus,OpenDryPoor
120295,Rubus idaeus,OpenDryPoor
120296,Rubus idaeus,OpenDryPoor
120874,Rubus idaeus,OpenDryPoor
120875,Rubus idaeus,OpenDryPoor
120876,Rubus idaeus,OpenDryPoor
120877,Rubus idaeus,OpenDryPoor
120878,Rubus idaeus,OpenDryPoor
120879,Rubus idaeus,OpenDryPoor
120880,Rubus idaeus,OpenDryPoor
120881,Rubus idaeus,OpenDryPoor
120882,Rubus idaeus,OpenDryPoor
120883,Rubus idaeus,OpenDryPoor
120884,Rubus idaeus,OpenDryPoor
120885,Rubus idaeus,OpenDryPoor
120886,Rubus idaeus,OpenDryPoor
120887,Rubus idaeus,OpenDryPoor
120888,Rubus idaeus,OpenDryPoor
120889,Rubus idaeus,OpenDryPoor
120890,Rubus idaeus,OpenDryPoor
120891,Rubus idaeus,OpenDryPoor
120892,Rubus idaeus,OpenDryPoor
120893,Rubus idaeus,OpenDryPoor
120894,Rubus idaeus,OpenDryPoor
121481,Rubus idaeus,OpenDryPoor
121482,Rubus idaeus,OpenDryPoor
121483,Rubus idaeus,OpenDryPoor
121484,Rubus idaeus,OpenDryPoor
121485,Rubus idaeus,OpenDryPoor
50793,Rubus idaeus,OpenDryPoor
50794,Rubus idaeus,OpenDryPoor
50795,Rubus idaeus,OpenDryPoor
50796,Rubus idaeus,OpenDryPoor
50797,Rubus idaeus,OpenDryPoor
50798,Rubus idaeus,OpenDryPoor
50799,Rubus idaeus,OpenDryPoor
50800,Rubus idaeus,OpenDryPoor
50801,Rubus idaeus,OpenDryPoor
50802,Rubus idaeus,OpenDryPoor
50803,Rubus idaeus,OpenDryPoor
50804,Rubus idaeus,OpenDryPoor
50805,Rubus idaeus,OpenDryPoor
50806,Rubus idaeus,OpenDryPoor
50807,Rubus idaeus,OpenDryPoor
50808,Rubus idaeus,OpenDryPoor
50809,Rubus idaeus,OpenDryPoor
50810,Rubus idaeus,OpenDryPoor
50811,Rubus idaeus,OpenDryPoor
50812,Rubus idaeus,OpenDryPoor
50813,Rubus idaeus,OpenDryPoor
50814,Rubus idaeus,OpenDryPoor
50815,Rubus idaeus,OpenDryPoor
50816,Rubus idaeus,OpenDryPoor
50817,Rubus idaeus,OpenDryPoor
50818,Rubus idaeus,OpenDryPoor
50819,Rubus idaeus,OpenDryPoor
50820,Rubus idaeus,OpenDryPoor
50821,Rubus idaeus,OpenDryPoor
50822,Rubus idaeus,OpenDryPoor
50823,Rubus idaeus,OpenDryPoor
50824,Rubus idaeus,OpenDryPoor
50825,Rubus idaeus,OpenDryPoor
50826,Rubus idaeus,OpenDryPoor
50827,Rubus idaeus,OpenDryPoor
50828,Rubus idaeus,OpenDryPoor
50829,Rubus idaeus,OpenDryPoor
50830,Rubus idaeus,OpenDryPoor
50831,Rubus idaeus,OpenDryPoor
50832,Rubus idaeus,OpenDryPoor
51392,Rubus idaeus,OpenDryPoor
51393,Rubus idaeus,OpenDryPoor
51394,Rubus idaeus,OpenDryPoor
51395,Rubus idaeus,OpenDryPoor
51396,Rubus idaeus,OpenDryPoor
51397,Rubus idaeus,OpenDryPoor
51398,Rubus idaeus,OpenDryPoor
51399,Rubus idaeus,OpenDryPoor
51400,Rubus idaeus,OpenDryPoor
51401,Rubus idaeus,OpenDryPoor
51402,Rubus idaeus,OpenDryPoor
51403,Rubus idaeus,OpenDryPoor
51404,Rubus idaeus,OpenDryPoor
51405,Rubus idaeus,OpenDryPoor
51406,Rubus idaeus,OpenDryPoor
51407,Rubus idaeus,OpenDryPoor
51408,Rubus idaeus,OpenDryPoor
51409,Rubus idaeus,OpenDryPoor
51410,Rubus idaeus,OpenDryPoor
51411,Rubus idaeus,OpenDryPoor
51412,Rubus idaeus,OpenDryPoor
51413,Rubus idaeus,OpenDryPoor
51414,Rubus idaeus,OpenDryPoor
51415,Rubus idaeus,OpenDryPoor
51416,Rubus idaeus,OpenDryPoor
51417,Rubus idaeus,OpenDryPoor
51418,Rubus idaeus,OpenDryPoor
51419,Rubus idaeus,OpenDryPoor
51420,Rubus idaeus,OpenDryPoor
51421,Rubus idaeus,OpenDryPoor
51422,Rubus idaeus,OpenDryPoor
51423,Rubus idaeus,OpenDryPoor
51424,Rubus idaeus,OpenDryPoor
51425,Rubus idaeus,OpenDryPoor
51426,Rubus idaeus,OpenDryPoor
51427,Rubus idaeus,OpenDryPoor
51428,Rubus idaeus,OpenDryPoor
51429,Rubus idaeus,OpenDryPoor
51430,Rubus idaeus,OpenDryPoor
51431,Rubus idaeus,OpenDryPoor
51991,Rubus idaeus,OpenDryPoor
51992,Rubus idaeus,OpenDryPoor
51993,Rubus idaeus,OpenDryPoor
51994,Rubus idaeus,OpenDryPoor
51995,Rubus idaeus,OpenDryPoor
51996,Rubus idaeus,OpenDryPoor
51997,Rubus idaeus,OpenDryPoor
51998,Rubus idaeus,OpenDryPoor
51999,Rubus idaeus,OpenDryPoor
52000,Rubus idaeus,OpenDryPoor
52001,Rubus idaeus,OpenDryPoor
52002,Rubus idaeus,OpenDryPoor
52003,Rubus idaeus,OpenDryPoor
52004,Rubus idaeus,OpenDryPoor
52005,Rubus idaeus,OpenDryPoor
52006,Rubus idaeus,OpenDryPoor
52007,Rubus idaeus,OpenDryPoor
52008,Rubus idaeus,OpenDryPoor
52009,Rubus idaeus,OpenDryPoor
52010,Rubus idaeus,OpenDryPoor
52011,Rubus idaeus,OpenDryPoor
52012,Rubus idaeus,OpenDryPoor
52013,Rubus idaeus,OpenDryPoor
52014,Rubus idaeus,OpenDryPoor
52015,Rubus idaeus,OpenDryPoor
52016,Rubus idaeus,OpenDryPoor
52017,Rubus idaeus,OpenDryPoor
52018,Rubus idaeus,OpenDryPoor
52019,Rubus idaeus,OpenDryPoor
52020,Rubus idaeus,OpenDryPoor
52021,Rubus idaeus,OpenDryPoor
52022,Rubus idaeus,OpenDryPoor
52023,Rubus idaeus,OpenDryPoor
52024,Rubus idaeus,OpenDryPoor
52025,Rubus idaeus,OpenDryPoor
52026,Rubus idaeus,OpenDryPoor
52027,Rubus idaeus,OpenDryPoor
52028,Rubus idaeus,OpenDryPoor
52029,Rubus idaeus,OpenDryPoor
52030,Rubus idaeus,OpenDryPoor
52590,Rubus idaeus,OpenDryPoor
52591,Rubus idaeus,OpenDryPoor
52592,Rubus idaeus,OpenDryPoor
52593,Rubus idaeus,OpenDryPoor
52594,Rubus idaeus,OpenDryPoor
52595,Rubus idaeus,OpenDryPoor
52596,Rubus idaeus,OpenDryPoor
52597,Rubus idaeus,OpenDryPoor
52598,Rubus idaeus,OpenDryPoor
52599,Rubus idaeus,OpenDryPoor
52600,Rubus idaeus,OpenDryPoor
52601,Rubus idaeus,OpenDryPoor
52602,Rubus idaeus,OpenDryPoor
52603,Rubus idaeus,OpenDryPoor
52604,Rubus idaeus,OpenDryPoor
52605,Rubus idaeus,OpenDryPoor
52606,Rubus idaeus,OpenDryPoor
52607,Rubus idaeus,OpenDryPoor
52608,Rubus idaeus,OpenDryPoor
52609,Rubus idaeus,OpenDryPoor
52610,Rubus idaeus,OpenDryPoor
52611,Rubus idaeus,OpenDryPoor
52612,Rubus idaeus,OpenDryPoor
52613,Rubus idaeus,OpenDryPoor
52614,Rubus idaeus,OpenDryPoor
52615,Rubus idaeus,OpenDryPoor
52616,Rubus idaeus,OpenDryPoor
52617,Rubus idaeus,OpenDryPoor
52618,Rubus idaeus,OpenDryPoor
52619,Rubus idaeus,OpenDryPoor
52620,Rubus idaeus,OpenDryPoor
52621,Rubus idaeus,OpenDryPoor
52622,Rubus idaeus,OpenDryPoor
52623,Rubus idaeus,OpenDryPoor
52624,Rubus idaeus,OpenDryPoor
52625,Rubus idaeus,OpenDryPoor
52626,Rubus idaeus,OpenDryPoor
52627,Rubus idaeus,OpenDryPoor
52628,Rubus idaeus,OpenDryPoor
52629,Rubus idaeus,OpenDryPoor
53189,Rubus idaeus,OpenDryPoor
53190,Rubus idaeus,OpenDryPoor
53191,Rubus idaeus,OpenDryPoor
53192,Rubus idaeus,OpenDryPoor
53193,Rubus idaeus,OpenDryPoor
53194,Rubus idaeus,OpenDryPoor
53195,Rubus idaeus,OpenDryPoor
53196,Rubus idaeus,OpenDryPoor
53197,Rubus idaeus,OpenDryPoor
53198,Rubus idaeus,OpenDryPoor
53199,Rubus idaeus,OpenDryPoor
53200,Rubus idaeus,OpenDryPoor
53201,Rubus idaeus,OpenDryPoor
53202,Rubus idaeus,OpenDryPoor
53203,Rubus idaeus,OpenDryPoor
53204,Rubus idaeus,OpenDryPoor
53205,Rubus idaeus,OpenDryPoor
53206,Rubus idaeus,OpenDryPoor
53207,Rubus idaeus,OpenDryPoor
53208,Rubus idaeus,OpenDryPoor
53209,Rubus idaeus,OpenDryPoor
53210,Rubus idaeus,OpenDryPoor
53211,Rubus idaeus,OpenDryPoor
53212,Rubus idaeus,OpenDryPoor
53213,Rubus idaeus,OpenDryPoor
53214,Rubus idaeus,OpenDryPoor
53215,Rubus idaeus,OpenDryPoor
53216,Rubus idaeus,OpenDryPoor
53217,Rubus idaeus,OpenDryPoor
53218,Rubus idaeus,OpenDryPoor
53219,Rubus idaeus,OpenDryPoor
53220,Rubus idaeus,OpenDryPoor
53221,Rubus idaeus,OpenDryPoor
53222,Rubus idaeus,OpenDryPoor
53223,Rubus idaeus,OpenDryPoor
53224,Rubus idaeus,OpenDryPoor
53225,Rubus idaeus,OpenDryPoor
53226,Rubus idaeus,OpenDryPoor
53227,Rubus idaeus,OpenDryPoor
53228,Rubus idaeus,OpenDryPoor
53788,Rubus idaeus,OpenDryPoor
53789,Rubus idaeus,OpenDryPoor
53790,Rubus idaeus,OpenDryPoor
53791,Rubus idaeus,OpenDryPoor
53792,Rubus idaeus,OpenDryPoor
53793,Rubus idaeus,OpenDryPoor
53794,Rubus idaeus,OpenDryPoor
53795,Rubus idaeus,OpenDryPoor
53796,Rubus idaeus,OpenDryPoor
53797,Rubus idaeus,OpenDryPoor
53798,Rubus idaeus,OpenDryPoor
53799,Rubus idaeus,OpenDryPoor
53800,Rubus idaeus,OpenDryPoor
53801,Rubus idaeus,OpenDryPoor
53802,Rubus idaeus,OpenDryPoor
53803,Rubus idaeus,OpenDryPoor
53804,Rubus idaeus,OpenDryPoor
53805,Rubus idaeus,OpenDryPoor
53806,Rubus idaeus,OpenDryPoor
53807,Rubus idaeus,OpenDryPoor
53808,Rubus idaeus,OpenDryPoor
53809,Rubus idaeus,OpenDryPoor
53810,Rubus idaeus,OpenDryPoor
53811,Rubus idaeus,OpenDryPoor
53812,Rubus idaeus,OpenDryPoor
53813,Rubus idaeus,OpenDryPoor
53814,Rubus idaeus,OpenDryPoor
53815,Rubus idaeus,OpenDryPoor
53816,Rubus idaeus,OpenDryPoor
53817,Rubus idaeus,OpenDryPoor
53818,Rubus idaeus,OpenDryPoor
53819,Rubus idaeus,OpenDryPoor
53820,Rubus idaeus,OpenDryPoor
53821,Rubus idaeus,OpenDryPoor
53822,Rubus idaeus,OpenDryPoor
53823,Rubus idaeus,OpenDryPoor
53824,Rubus idaeus,OpenDryPoor
53825,Rubus idaeus,OpenDryPoor
53826,Rubus idaeus,OpenDryPoor
53827,Rubus idaeus,OpenDryPoor
54387,Rubus idaeus,OpenDryPoor
54388,Rubus idaeus,OpenDryPoor
54389,Rubus idaeus,OpenDryPoor
54390,Rubus idaeus,OpenDryPoor
54391,Rubus idaeus,OpenDryPoor
54392,Rubus idaeus,OpenDryPoor
54393,Rubus idaeus,OpenDryPoor
54394,Rubus idaeus,OpenDryPoor
54395,Rubus idaeus,OpenDryPoor
54396,Rubus idaeus,OpenDryPoor
54397,Rubus idaeus,OpenDryPoor
54398,Rubus idaeus,OpenDryPoor
54399,Rubus idaeus,OpenDryPoor
54400,Rubus idaeus,OpenDryPoor
54401,Rubus idaeus,OpenDryPoor
54402,Rubus idaeus,OpenDryPoor
54403,Rubus idaeus,OpenDryPoor
54404,Rubus idaeus,OpenDryPoor
54405,Rubus idaeus,OpenDryPoor
54406,Rubus idaeus,OpenDryPoor
54407,Rubus idaeus,OpenDryPoor
54408,Rubus idaeus,OpenDryPoor
54409,Rubus idaeus,OpenDryPoor
54410,Rubus idaeus,OpenDryPoor
54411,Rubus idaeus,OpenDryPoor
54412,Rubus idaeus,OpenDryPoor
54413,Rubus idaeus,OpenDryPoor
54414,Rubus idaeus,OpenDryPoor
54415,Rubus idaeus,OpenDryPoor
54416,Rubus idaeus,OpenDryPoor
54417,Rubus idaeus,OpenDryPoor
54418,Rubus idaeus,OpenDryPoor
54419,Rubus idaeus,OpenDryPoor
54420,Rubus idaeus,OpenDryPoor
54421,Rubus idaeus,OpenDryPoor
54422,Rubus idaeus,OpenDryPoor
54423,Rubus idaeus,OpenDryPoor
54424,Rubus idaeus,OpenDryPoor
54425,Rubus idaeus,OpenDryPoor
54426,Rubus idaeus,OpenDryPoor
54986,Rubus idaeus,OpenDryPoor
54987,Rubus idaeus,OpenDryPoor
54988,Rubus idaeus,OpenDryPoor
54989,Rubus idaeus,OpenDryPoor
54990,Rubus idaeus,OpenDryPoor
54991,Rubus idaeus,OpenDryPoor
54992,Rubus idaeus,OpenDryPoor
54993,Rubus idaeus,OpenDryPoor
54994,Rubus idaeus,OpenDryPoor
54995,Rubus idaeus,OpenDryPoor
54996,Rubus idaeus,OpenDryPoor
54997,Rubus idaeus,OpenDryPoor
54998,Rubus idaeus,OpenDryPoor
54999,Rubus idaeus,OpenDryPoor
55000,Rubus idaeus,OpenDryPoor
55001,Rubus idaeus,OpenDryPoor
55002,Rubus idaeus,OpenDryPoor
55003,Rubus idaeus,OpenDryPoor
55004,Rubus idaeus,OpenDryPoor
55005,Rubus idaeus,OpenDryPoor
55006,Rubus idaeus,OpenDryPoor
55007,Rubus idaeus,OpenDryPoor
55008,Rubus idaeus,OpenDryPoor
55009,Rubus idaeus,OpenDryPoor
55010,Rubus idaeus,OpenDryPoor
55011,Rubus idaeus,OpenDryPoor
55012,Rubus idaeus,OpenDryPoor
55013,Rubus idaeus,OpenDryPoor
55014,Rubus idaeus,OpenDryPoor
55015,Rubus idaeus,OpenDryPoor
55016,Rubus idaeus,OpenDryPoor
55017,Rubus idaeus,OpenDryPoor
55018,Rubus idaeus,OpenDryPoor
55019,Rubus idaeus,OpenDryPoor
55020,Rubus idaeus,OpenDryPoor
55021,Rubus idaeus,OpenDryPoor
55022,Rubus idaeus,OpenDryPoor
55023,Rubus idaeus,OpenDryPoor
55024,Rubus idaeus,OpenDryPoor
55025,Rubus idaeus,OpenDryPoor
55585,Rubus idaeus,OpenDryPoor
55586,Rubus idaeus,OpenDryPoor
55587,Rubus idaeus,OpenDryPoor
55588,Rubus idaeus,OpenDryPoor
55589,Rubus idaeus,OpenDryPoor
55590,Rubus idaeus,OpenDryPoor
55591,Rubus idaeus,OpenDryPoor
55592,Rubus idaeus,OpenDryPoor
55593,Rubus idaeus,OpenDryPoor
55594,Rubus idaeus,OpenDryPoor
55595,Rubus idaeus,OpenDryPoor
55596,Rubus idaeus,OpenDryPoor
55597,Rubus idaeus,OpenDryPoor
55598,Rubus idaeus,OpenDryPoor
55599,Rubus idaeus,OpenDryPoor
55600,Rubus idaeus,OpenDryPoor
55601,Rubus idaeus,OpenDryPoor
55602,Rubus idaeus,OpenDryPoor
55603,Rubus idaeus,OpenDryPoor
55604,Rubus idaeus,OpenDryPoor
55605,Rubus idaeus,OpenDryPoor
55606,Rubus idaeus,OpenDryPoor
55607,Rubus idaeus,OpenDryPoor
55608,Rubus idaeus,OpenDryPoor
55609,Rubus idaeus,OpenDryPoor
55610,Rubus idaeus,OpenDryPoor
55611,Rubus idaeus,OpenDryPoor
55612,Rubus idaeus,OpenDryPoor
55613,Rubus idaeus,OpenDryPoor
55614,Rubus idaeus,OpenDryPoor
55615,Rubus idaeus,OpenDryPoor
55616,Rubus idaeus,OpenDryPoor
55617,Rubus idaeus,OpenDryPoor
55618,Rubus idaeus,OpenDryPoor
55619,Rubus idaeus,OpenDryPoor
55620,Rubus idaeus,OpenDryPoor
55621,Rubus idaeus,OpenDryPoor
55622,Rubus idaeus,OpenDryPoor
55623,Rubus idaeus,OpenDryPoor
55624,Rubus idaeus,OpenDryPoor
56184,Rubus idaeus,OpenDryPoor
56185,Rubus idaeus,OpenDryPoor
56186,Rubus idaeus,OpenDryPoor
56187,Rubus idaeus,OpenDryPoor
56188,Rubus idaeus,OpenDryPoor
56189,Rubus idaeus,OpenDryPoor
56190,Rubus idaeus,OpenDryPoor
56191,Rubus idaeus,OpenDryPoor
56192,Rubus idaeus,OpenDryPoor
56193,Rubus idaeus,OpenDryPoor
56194,Rubus idaeus,OpenDryPoor
56195,Rubus idaeus,OpenDryPoor
56196,Rubus idaeus,OpenDryPoor
56197,Rubus idaeus,OpenDryPoor
56198,Rubus idaeus,OpenDryPoor
56199,Rubus idaeus,OpenDryPoor
56200,Rubus idaeus,OpenDryPoor
56201,Rubus idaeus,OpenDryPoor
56202,Rubus idaeus,OpenDryPoor
56203,Rubus idaeus,OpenDryPoor
56204,Rubus idaeus,OpenDryPoor
56205,Rubus idaeus,OpenDryPoor
56206,Rubus idaeus,OpenDryPoor
56207,Rubus idaeus,OpenDryPoor
56208,Rubus idaeus,OpenDryPoor
56209,Rubus idaeus,OpenDryPoor
56210,Rubus idaeus,OpenDryPoor
56211,Rubus idaeus,OpenDryPoor
56212,Rubus idaeus,OpenDryPoor
56213,Rubus idaeus,OpenDryPoor
56214,Rubus idaeus,OpenDryPoor
56215,Rubus idaeus,OpenDryPoor
56216,Rubus idaeus,OpenDryPoor
56217,Rubus idaeus,OpenDryPoor
56218,Rubus idaeus,OpenDryPoor
56219,Rubus idaeus,OpenDryPoor
56220,Rubus idaeus,OpenDryPoor
56221,Rubus idaeus,OpenDryPoor
56222,Rubus idaeus,OpenDryPoor
56223,Rubus idaeus,OpenDryPoor
56783,Rubus idaeus,OpenDryPoor
56784,Rubus idaeus,OpenDryPoor
56785,Rubus idaeus,OpenDryPoor
56786,Rubus idaeus,OpenDryPoor
56787,Rubus idaeus,OpenDryPoor
56788,Rubus idaeus,OpenDryPoor
56789,Rubus idaeus,OpenDryPoor
56790,Rubus idaeus,OpenDryPoor
56791,Rubus idaeus,OpenDryPoor
56792,Rubus idaeus,OpenDryPoor
56793,Rubus idaeus,OpenDryPoor
56794,Rubus idaeus,OpenDryPoor
56795,Rubus idaeus,OpenDryPoor
56796,Rubus idaeus,OpenDryPoor
56797,Rubus idaeus,OpenDryPoor
56798,Rubus idaeus,OpenDryPoor
56799,Rubus idaeus,OpenDryPoor
56800,Rubus idaeus,OpenDryPoor
56801,Rubus idaeus,OpenDryPoor
56802,Rubus idaeus,OpenDryPoor
56803,Rubus idaeus,OpenDryPoor
56804,Rubus idaeus,OpenDryPoor
56805,Rubus idaeus,OpenDryPoor
56806,Rubus idaeus,OpenDryPoor
56807,Rubus idaeus,OpenDryPoor
56808,Rubus idaeus,OpenDryPoor
56809,Rubus idaeus,OpenDryPoor
56810,Rubus idaeus,OpenDryPoor
56811,Rubus idaeus,OpenDryPoor
56812,Rubus idaeus,OpenDryPoor
56813,Rubus idaeus,OpenDryPoor
56814,Rubus idaeus,OpenDryPoor
56815,Rubus idaeus,OpenDryPoor
56816,Rubus idaeus,OpenDryPoor
56817,Rubus idaeus,OpenDryPoor
56818,Rubus idaeus,OpenDryPoor
56819,Rubus idaeus,OpenDryPoor
56820,Rubus idaeus,OpenDryPoor
56821,Rubus idaeus,OpenDryPoor
56822,Rubus idaeus,OpenDryPoor
57382,Rubus idaeus,OpenDryPoor
57383,Rubus idaeus,OpenDryPoor
57384,Rubus idaeus,OpenDryPoor
57385,Rubus idaeus,OpenDryPoor
57386,Rubus idaeus,OpenDryPoor
57387,Rubus idaeus,OpenDryPoor
57388,Rubus idaeus,OpenDryPoor
57389,Rubus idaeus,OpenDryPoor
57390,Rubus idaeus,OpenDryPoor
57391,Rubus idaeus,OpenDryPoor
57392,Rubus idaeus,OpenDryPoor
57393,Rubus idaeus,OpenDryPoor
57394,Rubus idaeus,OpenDryPoor
57395,Rubus idaeus,OpenDryPoor
57396,Rubus idaeus,OpenDryPoor
57397,Rubus idaeus,OpenDryPoor
57398,Rubus idaeus,OpenDryPoor
57399,Rubus idaeus,OpenDryPoor
57400,Rubus idaeus,OpenDryPoor
57401,Rubus idaeus,OpenDryPoor
57402,Rubus idaeus,OpenDryPoor
57403,Rubus idaeus,OpenDryPoor
57404,Rubus idaeus,OpenDryPoor
57405,Rubus idaeus,OpenDryPoor
57406,Rubus idaeus,OpenDryPoor
57407,Rubus idaeus,OpenDryPoor
57408,Rubus idaeus,OpenDryPoor
57409,Rubus idaeus,OpenDryPoor
57410,Rubus idaeus,OpenDryPoor
57411,Rubus idaeus,OpenDryPoor
57412,Rubus idaeus,OpenDryPoor
57413,Rubus idaeus,OpenDryPoor
57414,Rubus idaeus,OpenDryPoor
57415,Rubus idaeus,OpenDryPoor
57416,Rubus idaeus,OpenDryPoor
57417,Rubus idaeus,OpenDryPoor
57418,Rubus idaeus,OpenDryPoor
57419,Rubus idaeus,OpenDryPoor
57420,Rubus idaeus,OpenDryPoor
57421,Rubus idaeus,OpenDryPoor
57981,Rubus idaeus,OpenDryPoor
57982,Rubus idaeus,OpenDryPoor
57983,Rubus idaeus,OpenDryPoor
57984,Rubus idaeus,OpenDryPoor
57985,Rubus idaeus,OpenDryPoor
57986,Rubus idaeus,OpenDryPoor
57987,Rubus idaeus,OpenDryPoor
57988,Rubus idaeus,OpenDryPoor
57989,Rubus idaeus,OpenDryPoor
57990,Rubus idaeus,OpenDryPoor
57991,Rubus idaeus,OpenDryPoor
57992,Rubus idaeus,OpenDryPoor
57993,Rubus idaeus,OpenDryPoor
57994,Rubus idaeus,OpenDryPoor
57995,Rubus idaeus,OpenDryPoor
57996,Rubus idaeus,OpenDryPoor
57997,Rubus idaeus,OpenDryPoor
57998,Rubus idaeus,OpenDryPoor
57999,Rubus idaeus,OpenDryPoor
58000,Rubus idaeus,OpenDryPoor
58001,Rubus idaeus,OpenDryPoor
58002,Rubus idaeus,OpenDryPoor
58003,Rubus idaeus,OpenDryPoor
58004,Rubus idaeus,OpenDryPoor
58005,Rubus idaeus,OpenDryPoor
58006,Rubus idaeus,OpenDryPoor
58007,Rubus idaeus,OpenDryPoor
58008,Rubus idaeus,OpenDryPoor
58009,Rubus idaeus,OpenDryPoor
58010,Rubus idaeus,OpenDryPoor
58011,Rubus idaeus,OpenDryPoor
58012,Rubus idaeus,OpenDryPoor
58013,Rubus idaeus,OpenDryPoor
58014,Rubus idaeus,OpenDryPoor
58015,Rubus idaeus,OpenDryPoor
58016,Rubus idaeus,OpenDryPoor
58017,Rubus idaeus,OpenDryPoor
58018,Rubus idaeus,OpenDryPoor
58019,Rubus idaeus,OpenDryPoor
58020,Rubus idaeus,OpenDryPoor
58580,Rubus idaeus,OpenDryPoor
58581,Rubus idaeus,OpenDryPoor
58582,Rubus idaeus,OpenDryPoor
58583,Rubus idaeus,OpenDryPoor
58584,Rubus idaeus,OpenDryPoor
58585,Rubus idaeus,OpenDryPoor
58586,Rubus idaeus,OpenDryPoor
58587,Rubus idaeus,OpenDryPoor
58588,Rubus idaeus,OpenDryPoor
58589,Rubus idaeus,OpenDryPoor
58590,Rubus idaeus,OpenDryPoor
58591,Rubus idaeus,OpenDryPoor
58592,Rubus idaeus,OpenDryPoor
58593,Rubus idaeus,OpenDryPoor
58594,Rubus idaeus,OpenDryPoor
58595,Rubus idaeus,OpenDryPoor
58596,Rubus idaeus,OpenDryPoor
58597,Rubus idaeus,OpenDryPoor
58598,Rubus idaeus,OpenDryPoor
58599,Rubus idaeus,OpenDryPoor
58600,Rubus idaeus,OpenDryPoor
58601,Rubus idaeus,OpenDryPoor
58602,Rubus idaeus,OpenDryPoor
58603,Rubus idaeus,OpenDryPoor
58604,Rubus idaeus,OpenDryPoor
58605,Rubus idaeus,OpenDryPoor
58606,Rubus idaeus,OpenDryPoor
58607,Rubus idaeus,OpenDryPoor
58608,Rubus idaeus,OpenDryPoor
58609,Rubus idaeus,OpenDryPoor
58610,Rubus idaeus,OpenDryPoor
58611,Rubus idaeus,OpenDryPoor
58612,Rubus idaeus,OpenDryPoor
58613,Rubus idaeus,OpenDryPoor
58614,Rubus idaeus,OpenDryPoor
58615,Rubus idaeus,OpenDryPoor
58616,Rubus idaeus,OpenDryPoor
58617,Rubus idaeus,OpenDryPoor
58618,Rubus idaeus,OpenDryPoor
58619,Rubus idaeus,OpenDryPoor
59179,Rubus idaeus,OpenDryPoor
59180,Rubus idaeus,OpenDryPoor
59181,Rubus idaeus,OpenDryPoor
59182,Rubus idaeus,OpenDryPoor
59183,Rubus idaeus,OpenDryPoor
59184,Rubus idaeus,OpenDryPoor
59185,Rubus idaeus,OpenDryPoor
59186,Rubus idaeus,OpenDryPoor
59187,Rubus idaeus,OpenDryPoor
59188,Rubus idaeus,OpenDryPoor
59189,Rubus idaeus,OpenDryPoor
59190,Rubus idaeus,OpenDryPoor
59191,Rubus idaeus,OpenDryPoor
59192,Rubus idaeus,OpenDryPoor
59193,Rubus idaeus,OpenDryPoor
59194,Rubus idaeus,OpenDryPoor
59195,Rubus idaeus,OpenDryPoor
59196,Rubus idaeus,OpenDryPoor
59197,Rubus idaeus,OpenDryPoor
59198,Rubus idaeus,OpenDryPoor
59199,Rubus idaeus,OpenDryPoor
59200,Rubus idaeus,OpenDryPoor
59201,Rubus idaeus,OpenDryPoor
59202,Rubus idaeus,OpenDryPoor
59203,Rubus idaeus,OpenDryPoor
59204,Rubus idaeus,OpenDryPoor
59205,Rubus idaeus,OpenDryPoor
59206,Rubus idaeus,OpenDryPoor
59207,Rubus idaeus,OpenDryPoor
59208,Rubus idaeus,OpenDryPoor
59209,Rubus idaeus,OpenDryPoor
59210,Rubus idaeus,OpenDryPoor
59211,Rubus idaeus,OpenDryPoor
59212,Rubus idaeus,OpenDryPoor
59213,Rubus idaeus,OpenDryPoor
59214,Rubus idaeus,OpenDryPoor
59215,Rubus idaeus,OpenDryPoor
59216,Rubus idaeus,OpenDryPoor
59217,Rubus idaeus,OpenDryPoor
59218,Rubus idaeus,OpenDryPoor
59778,Rubus idaeus,OpenDryPoor
59779,Rubus idaeus,OpenDryPoor
59780,Rubus idaeus,OpenDryPoor
59781,Rubus idaeus,OpenDryPoor
59782,Rubus idaeus,OpenDryPoor
59783,Rubus idaeus,OpenDryPoor
59784,Rubus idaeus,OpenDryPoor
59785,Rubus idaeus,OpenDryPoor
59786,Rubus idaeus,OpenDryPoor
59787,Rubus idaeus,OpenDryPoor
59788,Rubus idaeus,OpenDryPoor
59789,Rubus idaeus,OpenDryPoor
59790,Rubus idaeus,OpenDryPoor
59791,Rubus idaeus,OpenDryPoor
59792,Rubus idaeus,OpenDryPoor
59793,Rubus idaeus,OpenDryPoor
59794,Rubus idaeus,OpenDryPoor
59795,Rubus idaeus,OpenDryPoor
59796,Rubus idaeus,OpenDryPoor
59797,Rubus idaeus,OpenDryPoor
59798,Rubus idaeus,OpenDryPoor
59799,Rubus idaeus,OpenDryPoor
59800,Rubus idaeus,OpenDryPoor
59801,Rubus idaeus,OpenDryPoor
59802,Rubus idaeus,OpenDryPoor
59803,Rubus idaeus,OpenDryPoor
59804,Rubus idaeus,OpenDryPoor
59805,Rubus idaeus,OpenDryPoor
59806,Rubus idaeus,OpenDryPoor
59807,Rubus idaeus,OpenDryPoor
59808,Rubus idaeus,OpenDryPoor
59809,Rubus idaeus,OpenDryPoor
59810,Rubus idaeus,OpenDryPoor
59811,Rubus idaeus,OpenDryPoor
59812,Rubus idaeus,OpenDryPoor
59813,Rubus idaeus,OpenDryPoor
59814,Rubus idaeus,OpenDryPoor
59815,Rubus idaeus,OpenDryPoor
59816,Rubus idaeus,OpenDryPoor
59817,Rubus idaeus,OpenDryPoor
60377,Rubus idaeus,OpenDryPoor
60378,Rubus idaeus,OpenDryPoor
60379,Rubus idaeus,OpenDryPoor
60380,Rubus idaeus,OpenDryPoor
60381,Rubus idaeus,OpenDryPoor
60382,Rubus idaeus,OpenDryPoor
60383,Rubus idaeus,OpenDryPoor
60384,Rubus idaeus,OpenDryPoor
60385,Rubus idaeus,OpenDryPoor
60386,Rubus idaeus,OpenDryPoor
60387,Rubus idaeus,OpenDryPoor
60388,Rubus idaeus,OpenDryPoor
60389,Rubus idaeus,OpenDryPoor
60390,Rubus idaeus,OpenDryPoor
60391,Rubus idaeus,OpenDryPoor
60392,Rubus idaeus,OpenDryPoor
60393,Rubus idaeus,OpenDryPoor
60394,Rubus idaeus,OpenDryPoor
60395,Rubus idaeus,OpenDryPoor
60396,Rubus idaeus,OpenDryPoor
60397,Rubus idaeus,OpenDryPoor
60398,Rubus idaeus,OpenDryPoor
60399,Rubus idaeus,OpenDryPoor
60400,Rubus idaeus,OpenDryPoor
60401,Rubus idaeus,OpenDryPoor
60402,Rubus idaeus,OpenDryPoor
60403,Rubus idaeus,OpenDryPoor
60404,Rubus idaeus,OpenDryPoor
60405,Rubus idaeus,OpenDryPoor
60406,Rubus idaeus,OpenDryPoor
60407,Rubus idaeus,OpenDryPoor
60408,Rubus idaeus,OpenDryPoor
60409,Rubus idaeus,OpenDryPoor
60410,Rubus idaeus,OpenDryPoor
60411,Rubus idaeus,OpenDryPoor
60412,Rubus idaeus,OpenDryPoor
60413,Rubus idaeus,OpenDryPoor
60414,Rubus idaeus,OpenDryPoor
60415,Rubus idaeus,OpenDryPoor
60416,Rubus idaeus,OpenDryPoor
60976,Rubus idaeus,OpenDryPoor
60977,Rubus idaeus,OpenDryPoor
60978,Rubus idaeus,OpenDryPoor
60979,Rubus idaeus,OpenDryPoor
60980,Rubus idaeus,OpenDryPoor
60981,Rubus idaeus,OpenDryPoor
60982,Rubus idaeus,OpenDryPoor
60983,Rubus idaeus,OpenDryPoor
60984,Rubus idaeus,OpenDryPoor
60985,Rubus idaeus,OpenDryPoor
60986,Rubus idaeus,OpenDryPoor
60987,Rubus idaeus,OpenDryPoor
60988,Rubus idaeus,OpenDryPoor
60989,Rubus idaeus,OpenDryPoor
60990,Rubus idaeus,OpenDryPoor
60991,Rubus idaeus,OpenDryPoor
60992,Rubus idaeus,OpenDryPoor
60993,Rubus idaeus,OpenDryPoor
60994,Rubus idaeus,OpenDryPoor
60995,Rubus idaeus,OpenDryPoor
60996,Rubus idaeus,OpenDryPoor
60997,Rubus idaeus,OpenDryPoor
60998,Rubus idaeus,OpenDryPoor
60999,Rubus idaeus,OpenDryPoor
61000,Rubus idaeus,OpenDryPoor
61001,Rubus idaeus,OpenDryPoor
61002,Rubus idaeus,OpenDryPoor
61003,Rubus idaeus,OpenDryPoor
61004,Rubus idaeus,OpenDryPoor
61005,Rubus idaeus,OpenDryPoor
61006,Rubus idaeus,OpenDryPoor
61007,Rubus idaeus,OpenDryPoor
61008,Rubus idaeus,OpenDryPoor
61009,Rubus idaeus,OpenDryPoor
61010,Rubus idaeus,OpenDryPoor
61011,Rubus idaeus,OpenDryPoor
61012,Rubus idaeus,OpenDryPoor
61013,Rubus idaeus,OpenDryPoor
61014,Rubus idaeus,OpenDryPoor
61015,Rubus idaeus,OpenDryPoor
61575,Rubus idaeus,OpenDryPoor
61576,Rubus idaeus,OpenDryPoor
61577,Rubus idaeus,OpenDryPoor
61578,Rubus idaeus,OpenDryPoor
61579,Rubus idaeus,OpenDryPoor
61580,Rubus idaeus,OpenDryPoor
61581,Rubus idaeus,OpenDryPoor
61582,Rubus idaeus,OpenDryPoor
61583,Rubus idaeus,OpenDryPoor
61584,Rubus idaeus,OpenDryPoor
61585,Rubus idaeus,OpenDryPoor
61586,Rubus idaeus,OpenDryPoor
61587,Rubus idaeus,OpenDryPoor
61588,Rubus idaeus,OpenDryPoor
61589,Rubus idaeus,OpenDryPoor
61590,Rubus idaeus,OpenDryPoor
61591,Rubus idaeus,OpenDryPoor
61592,Rubus idaeus,OpenDryPoor
61593,Rubus idaeus,OpenDryPoor
61594,Rubus idaeus,OpenDryPoor
61595,Rubus idaeus,OpenDryPoor
61596,Rubus idaeus,OpenDryPoor
61597,Rubus idaeus,OpenDryPoor
61598,Rubus idaeus,OpenDryPoor
61599,Rubus idaeus,OpenDryPoor
61600,Rubus idaeus,OpenDryPoor
61601,Rubus idaeus,OpenDryPoor
61602,Rubus idaeus,OpenDryPoor
61603,Rubus idaeus,OpenDryPoor
61604,Rubus idaeus,OpenDryPoor
61605,Rubus idaeus,OpenDryPoor
61606,Rubus idaeus,OpenDryPoor
61607,Rubus idaeus,OpenDryPoor
61608,Rubus idaeus,OpenDryPoor
61609,Rubus idaeus,OpenDryPoor
61610,Rubus idaeus,OpenDryPoor
61611,Rubus idaeus,OpenDryPoor
61612,Rubus idaeus,OpenDryPoor
61613,Rubus idaeus,OpenDryPoor
61614,Rubus idaeus,OpenDryPoor
61635,Rubus idaeus,OpenDryPoor
62174,Rubus idaeus,OpenDryPoor
62175,Rubus idaeus,OpenDryPoor
62176,Rubus idaeus,OpenDryPoor
62177,Rubus idaeus,OpenDryPoor
62178,Rubus idaeus,OpenDryPoor
62179,Rubus idaeus,OpenDryPoor
62180,Rubus idaeus,OpenDryPoor
62181,Rubus idaeus,OpenDryPoor
62182,Rubus idaeus,OpenDryPoor
62183,Rubus idaeus,OpenDryPoor
62184,Rubus idaeus,OpenDryPoor
62185,Rubus idaeus,OpenDryPoor
62186,Rubus idaeus,OpenDryPoor
62187,Rubus idaeus,OpenDryPoor
62188,Rubus idaeus,OpenDryPoor
62189,Rubus idaeus,OpenDryPoor
62190,Rubus idaeus,OpenDryPoor
62191,Rubus idaeus,OpenDryPoor
62192,Rubus idaeus,OpenDryPoor
62193,Rubus idaeus,OpenDryPoor
62194,Rubus idaeus,OpenDryPoor
62195,Rubus idaeus,OpenDryPoor
62196,Rubus idaeus,OpenDryPoor
62197,Rubus idaeus,OpenDryPoor
62198,Rubus idaeus,OpenDryPoor
62199,Rubus idaeus,OpenDryPoor
62200,Rubus idaeus,OpenDryPoor
62201,Rubus idaeus,OpenDryPoor
62202,Rubus idaeus,OpenDryPoor
62203,Rubus idaeus,OpenDryPoor
62204,Rubus idaeus,OpenDryPoor
62205,Rubus idaeus,OpenDryPoor
62206,Rubus idaeus,OpenDryPoor
62207,Rubus idaeus,OpenDryPoor
62208,Rubus idaeus,OpenDryPoor
62209,Rubus idaeus,OpenDryPoor
62210,Rubus idaeus,OpenDryPoor
62211,Rubus idaeus,OpenDryPoor
62212,Rubus idaeus,OpenDryPoor
62213,Rubus idaeus,OpenDryPoor
62234,Rubus idaeus,OpenDryPoor
62753,Rubus idaeus,OpenDryPoor
62754,Rubus idaeus,OpenDryPoor
62755,Rubus idaeus,OpenDryPoor
62756,Rubus idaeus,OpenDryPoor
62757,Rubus idaeus,OpenDryPoor
62758,Rubus idaeus,OpenDryPoor
62759,Rubus idaeus,OpenDryPoor
62760,Rubus idaeus,OpenDryPoor
62761,Rubus idaeus,OpenDryPoor
62762,Rubus idaeus,OpenDryPoor
62763,Rubus idaeus,OpenDryPoor
62764,Rubus idaeus,OpenDryPoor
62765,Rubus idaeus,OpenDryPoor
62766,Rubus idaeus,OpenDryPoor
62767,Rubus idaeus,OpenDryPoor
62768,Rubus idaeus,OpenDryPoor
62769,Rubus idaeus,OpenDryPoor
62770,Rubus idaeus,OpenDryPoor
62771,Rubus idaeus,OpenDryPoor
62772,Rubus idaeus,OpenDryPoor
62773,Rubus idaeus,OpenDryPoor
62774,Rubus idaeus,OpenDryPoor
62775,Rubus idaeus,OpenDryPoor
62776,Rubus idaeus,OpenDryPoor
62777,Rubus idaeus,OpenDryPoor
62778,Rubus idaeus,OpenDryPoor
62779,Rubus idaeus,OpenDryPoor
62780,Rubus idaeus,OpenDryPoor
62781,Rubus idaeus,OpenDryPoor
62782,Rubus idaeus,OpenDryPoor
62783,Rubus idaeus,OpenDryPoor
62784,Rubus idaeus,OpenDryPoor
62785,Rubus idaeus,OpenDryPoor
62786,Rubus idaeus,OpenDryPoor
62787,Rubus idaeus,OpenDryPoor
62788,Rubus idaeus,OpenDryPoor
62789,Rubus idaeus,OpenDryPoor
62790,Rubus idaeus,OpenDryPoor
62791,Rubus idaeus,OpenDryPoor
62792,Rubus idaeus,OpenDryPoor
62793,Rubus idaeus,OpenDryPoor
62794,Rubus idaeus,OpenDryPoor
62795,Rubus idaeus,OpenDryPoor
62796,Rubus idaeus,OpenDryPoor
62797,Rubus idaeus,OpenDryPoor
62798,Rubus idaeus,OpenDryPoor
62799,Rubus idaeus,OpenDryPoor
62800,Rubus idaeus,OpenDryPoor
62801,Rubus idaeus,OpenDryPoor
62802,Rubus idaeus,OpenDryPoor
62803,Rubus idaeus,OpenDryPoor
62804,Rubus idaeus,OpenDryPoor
62805,Rubus idaeus,OpenDryPoor
62806,Rubus idaeus,OpenDryPoor
62807,Rubus idaeus,OpenDryPoor
62808,Rubus idaeus,OpenDryPoor
62809,Rubus idaeus,OpenDryPoor
62810,Rubus idaeus,OpenDryPoor
62811,Rubus idaeus,OpenDryPoor
62812,Rubus idaeus,OpenDryPoor
62813,Rubus idaeus,OpenDryPoor
62814,Rubus idaeus,OpenDryPoor
62815,Rubus idaeus,OpenDryPoor
62816,Rubus idaeus,OpenDryPoor
62817,Rubus idaeus,OpenDryPoor
62818,Rubus idaeus,OpenDryPoor
62819,Rubus idaeus,OpenDryPoor
62820,Rubus idaeus,OpenDryPoor
62821,Rubus idaeus,OpenDryPoor
62822,Rubus idaeus,OpenDryPoor
62823,Rubus idaeus,OpenDryPoor
62824,Rubus idaeus,OpenDryPoor
62825,Rubus idaeus,OpenDryPoor
62826,Rubus idaeus,OpenDryPoor
62827,Rubus idaeus,OpenDryPoor
62828,Rubus idaeus,OpenDryPoor
62829,Rubus idaeus,OpenDryPoor
62830,Rubus idaeus,OpenDryPoor
62831,Rubus idaeus,OpenDryPoor
62832,Rubus idaeus,OpenDryPoor
62833,Rubus idaeus,OpenDryPoor
63352,Rubus idaeus,OpenDryPoor
63353,Rubus idaeus,OpenDryPoor
63354,Rubus idaeus,OpenDryPoor
63355,Rubus idaeus,OpenDryPoor
63356,Rubus idaeus,OpenDryPoor
63357,Rubus idaeus,OpenDryPoor
63358,Rubus idaeus,OpenDryPoor
63359,Rubus idaeus,OpenDryPoor
63360,Rubus idaeus,OpenDryPoor
63361,Rubus idaeus,OpenDryPoor
63362,Rubus idaeus,OpenDryPoor
63363,Rubus idaeus,OpenDryPoor
63364,Rubus idaeus,OpenDryPoor
63365,Rubus idaeus,OpenDryPoor
63366,Rubus idaeus,OpenDryPoor
63367,Rubus idaeus,OpenDryPoor
63368,Rubus idaeus,OpenDryPoor
63369,Rubus idaeus,OpenDryPoor
63370,Rubus idaeus,OpenDryPoor
63371,Rubus idaeus,OpenDryPoor
63372,Rubus idaeus,OpenDryPoor
63373,Rubus idaeus,OpenDryPoor
63374,Rubus idaeus,OpenDryPoor
63375,Rubus idaeus,OpenDryPoor
63376,Rubus idaeus,OpenDryPoor
63377,Rubus idaeus,OpenDryPoor
63378,Rubus idaeus,OpenDryPoor
63379,Rubus idaeus,OpenDryPoor
63380,Rubus idaeus,OpenDryPoor
63381,Rubus idaeus,OpenDryPoor
63382,Rubus idaeus,OpenDryPoor
63383,Rubus idaeus,OpenDryPoor
63384,Rubus idaeus,OpenDryPoor
63385,Rubus idaeus,OpenDryPoor
63386,Rubus idaeus,OpenDryPoor
63387,Rubus idaeus,OpenDryPoor
63388,Rubus idaeus,OpenDryPoor
63389,Rubus idaeus,OpenDryPoor
63390,Rubus idaeus,OpenDryPoor
63391,Rubus idaeus,OpenDryPoor
63392,Rubus idaeus,OpenDryPoor
63393,Rubus idaeus,OpenDryPoor
63394,Rubus idaeus,OpenDryPoor
63395,Rubus idaeus,OpenDryPoor
63396,Rubus idaeus,OpenDryPoor
63397,Rubus idaeus,OpenDryPoor
63398,Rubus idaeus,OpenDryPoor
63399,Rubus idaeus,OpenDryPoor
63400,Rubus idaeus,OpenDryPoor
63401,Rubus idaeus,OpenDryPoor
63402,Rubus idaeus,OpenDryPoor
63403,Rubus idaeus,OpenDryPoor
63404,Rubus idaeus,OpenDryPoor
63405,Rubus idaeus,OpenDryPoor
63406,Rubus idaeus,OpenDryPoor
63407,Rubus idaeus,OpenDryPoor
63408,Rubus idaeus,OpenDryPoor
63409,Rubus idaeus,OpenDryPoor
63410,Rubus idaeus,OpenDryPoor
63411,Rubus idaeus,OpenDryPoor
63412,Rubus idaeus,OpenDryPoor
63413,Rubus idaeus,OpenDryPoor
63414,Rubus idaeus,OpenDryPoor
63415,Rubus idaeus,OpenDryPoor
63416,Rubus idaeus,OpenDryPoor
63417,Rubus idaeus,OpenDryPoor
63418,Rubus idaeus,OpenDryPoor
63419,Rubus idaeus,OpenDryPoor
63420,Rubus idaeus,OpenDryPoor
63421,Rubus idaeus,OpenDryPoor
63422,Rubus idaeus,OpenDryPoor
63423,Rubus idaeus,OpenDryPoor
63424,Rubus idaeus,OpenDryPoor
63425,Rubus idaeus,OpenDryPoor
63426,Rubus idaeus,OpenDryPoor
63427,Rubus idaeus,OpenDryPoor
63428,Rubus idaeus,OpenDryPoor
63429,Rubus idaeus,OpenDryPoor
63430,Rubus idaeus,OpenDryPoor
63431,Rubus idaeus,OpenDryPoor
63432,Rubus idaeus,OpenDryPoor
63951,Rubus idaeus,OpenDryPoor
63952,Rubus idaeus,OpenDryPoor
63953,Rubus idaeus,OpenDryPoor
63954,Rubus idaeus,OpenDryPoor
63955,Rubus idaeus,OpenDryPoor
63956,Rubus idaeus,OpenDryPoor
63957,Rubus idaeus,OpenDryPoor
63958,Rubus idaeus,OpenDryPoor
63959,Rubus idaeus,OpenDryPoor
63960,Rubus idaeus,OpenDryPoor
63961,Rubus idaeus,OpenDryPoor
63962,Rubus idaeus,OpenDryPoor
63963,Rubus idaeus,OpenDryPoor
63964,Rubus idaeus,OpenDryPoor
63965,Rubus idaeus,OpenDryPoor
63966,Rubus idaeus,OpenDryPoor
63967,Rubus idaeus,OpenDryPoor
63968,Rubus idaeus,OpenDryPoor
63969,Rubus idaeus,OpenDryPoor
63970,Rubus idaeus,OpenDryPoor
63971,Rubus idaeus,OpenDryPoor
63972,Rubus idaeus,OpenDryPoor
63973,Rubus idaeus,OpenDryPoor
63974,Rubus idaeus,OpenDryPoor
63975,Rubus idaeus,OpenDryPoor
63976,Rubus idaeus,OpenDryPoor
63977,Rubus idaeus,OpenDryPoor
63978,Rubus idaeus,OpenDryPoor
63979,Rubus idaeus,OpenDryPoor
63980,Rubus idaeus,OpenDryPoor
63981,Rubus idaeus,OpenDryPoor
63982,Rubus idaeus,OpenDryPoor
63983,Rubus idaeus,OpenDryPoor
63984,Rubus idaeus,OpenDryPoor
63985,Rubus idaeus,OpenDryPoor
63986,Rubus idaeus,OpenDryPoor
63987,Rubus idaeus,OpenDryPoor
63988,Rubus idaeus,OpenDryPoor
63989,Rubus idaeus,OpenDryPoor
63990,Rubus idaeus,OpenDryPoor
63991,Rubus idaeus,OpenDryPoor
63992,Rubus idaeus,OpenDryPoor
63993,Rubus idaeus,OpenDryPoor
63994,Rubus idaeus,OpenDryPoor
63995,Rubus idaeus,OpenDryPoor
63996,Rubus idaeus,OpenDryPoor
63997,Rubus idaeus,OpenDryPoor
63998,Rubus idaeus,OpenDryPoor
63999,Rubus idaeus,OpenDryPoor
64000,Rubus idaeus,OpenDryPoor
64001,Rubus idaeus,OpenDryPoor
64002,Rubus idaeus,OpenDryPoor
64003,Rubus idaeus,OpenDryPoor
64004,Rubus idaeus,OpenDryPoor
64005,Rubus idaeus,OpenDryPoor
64006,Rubus idaeus,OpenDryPoor
64007,Rubus idaeus,OpenDryPoor
64008,Rubus idaeus,OpenDryPoor
64009,Rubus idaeus,OpenDryPoor
64010,Rubus idaeus,OpenDryPoor
64011,Rubus idaeus,OpenDryPoor
64012,Rubus idaeus,OpenDryPoor
64013,Rubus idaeus,OpenDryPoor
64014,Rubus idaeus,OpenDryPoor
64015,Rubus idaeus,OpenDryPoor
64016,Rubus idaeus,OpenDryPoor
64017,Rubus idaeus,OpenDryPoor
64018,Rubus idaeus,OpenDryPoor
64019,Rubus idaeus,OpenDryPoor
64020,Rubus idaeus,OpenDryPoor
64021,Rubus idaeus,OpenDryPoor
64022,Rubus idaeus,OpenDryPoor
64023,Rubus idaeus,OpenDryPoor
64024,Rubus idaeus,OpenDryPoor
64025,Rubus idaeus,OpenDryPoor
64026,Rubus idaeus,OpenDryPoor
64027,Rubus idaeus,OpenDryPoor
64028,Rubus idaeus,OpenDryPoor
64029,Rubus idaeus,OpenDryPoor
64030,Rubus idaeus,OpenDryPoor
64031,Rubus idaeus,OpenDryPoor
64032,Rubus idaeus,OpenDryPoor
64550,Rubus idaeus,OpenDryPoor
64551,Rubus idaeus,OpenDryPoor
64552,Rubus idaeus,OpenDryPoor
64553,Rubus idaeus,OpenDryPoor
64554,Rubus idaeus,OpenDryPoor
64555,Rubus idaeus,OpenDryPoor
64556,Rubus idaeus,OpenDryPoor
64557,Rubus idaeus,OpenDryPoor
64558,Rubus idaeus,OpenDryPoor
64559,Rubus idaeus,OpenDryPoor
64560,Rubus idaeus,OpenDryPoor
64561,Rubus idaeus,OpenDryPoor
64562,Rubus idaeus,OpenDryPoor
64563,Rubus idaeus,OpenDryPoor
64564,Rubus idaeus,OpenDryPoor
64565,Rubus idaeus,OpenDryPoor
64566,Rubus idaeus,OpenDryPoor
64567,Rubus idaeus,OpenDryPoor
64568,Rubus idaeus,OpenDryPoor
64569,Rubus idaeus,OpenDryPoor
64570,Rubus idaeus,OpenDryPoor
64571,Rubus idaeus,OpenDryPoor
64572,Rubus idaeus,OpenDryPoor
64573,Rubus idaeus,OpenDryPoor
64574,Rubus idaeus,OpenDryPoor
64575,Rubus idaeus,OpenDryPoor
64576,Rubus idaeus,OpenDryPoor
64577,Rubus idaeus,OpenDryPoor
64578,Rubus idaeus,OpenDryPoor
64579,Rubus idaeus,OpenDryPoor
64580,Rubus idaeus,OpenDryPoor
64581,Rubus idaeus,OpenDryPoor
64582,Rubus idaeus,OpenDryPoor
64583,Rubus idaeus,OpenDryPoor
64584,Rubus idaeus,OpenDryPoor
64585,Rubus idaeus,OpenDryPoor
64586,Rubus idaeus,OpenDryPoor
64587,Rubus idaeus,OpenDryPoor
64588,Rubus idaeus,OpenDryPoor
64589,Rubus idaeus,OpenDryPoor
64590,Rubus idaeus,OpenDryPoor
64591,Rubus idaeus,OpenDryPoor
64592,Rubus idaeus,OpenDryPoor
64593,Rubus idaeus,OpenDryPoor
64594,Rubus idaeus,OpenDryPoor
64595,Rubus idaeus,OpenDryPoor
64596,Rubus idaeus,OpenDryPoor
64597,Rubus idaeus,OpenDryPoor
64598,Rubus idaeus,OpenDryPoor
64599,Rubus idaeus,OpenDryPoor
64600,Rubus idaeus,OpenDryPoor
64601,Rubus idaeus,OpenDryPoor
64602,Rubus idaeus,OpenDryPoor
64603,Rubus idaeus,OpenDryPoor
64604,Rubus idaeus,OpenDryPoor
64605,Rubus idaeus,OpenDryPoor
64606,Rubus idaeus,OpenDryPoor
64607,Rubus idaeus,OpenDryPoor
64608,Rubus idaeus,OpenDryPoor
64609,Rubus idaeus,OpenDryPoor
64610,Rubus idaeus,OpenDryPoor
64611,Rubus idaeus,OpenDryPoor
64612,Rubus idaeus,OpenDryPoor
64613,Rubus idaeus,OpenDryPoor
64614,Rubus idaeus,OpenDryPoor
64615,Rubus idaeus,OpenDryPoor
64616,Rubus idaeus,OpenDryPoor
64617,Rubus idaeus,OpenDryPoor
64618,Rubus idaeus,OpenDryPoor
64619,Rubus idaeus,OpenDryPoor
64620,Rubus idaeus,OpenDryPoor
64621,Rubus idaeus,OpenDryPoor
64622,Rubus idaeus,OpenDryPoor
64623,Rubus idaeus,OpenDryPoor
64624,Rubus idaeus,OpenDryPoor
64625,Rubus idaeus,OpenDryPoor
64626,Rubus idaeus,OpenDryPoor
64627,Rubus idaeus,OpenDryPoor
64628,Rubus idaeus,OpenDryPoor
64629,Rubus idaeus,OpenDryPoor
64630,Rubus idaeus,OpenDryPoor
64631,Rubus idaeus,OpenDryPoor
65149,Rubus idaeus,OpenDryPoor
65150,Rubus idaeus,OpenDryPoor
65151,Rubus idaeus,OpenDryPoor
65152,Rubus idaeus,OpenDryPoor
65153,Rubus idaeus,OpenDryPoor
65154,Rubus idaeus,OpenDryPoor
65155,Rubus idaeus,OpenDryPoor
65156,Rubus idaeus,OpenDryPoor
65157,Rubus idaeus,OpenDryPoor
65158,Rubus idaeus,OpenDryPoor
65159,Rubus idaeus,OpenDryPoor
65160,Rubus idaeus,OpenDryPoor
65161,Rubus idaeus,OpenDryPoor
65162,Rubus idaeus,OpenDryPoor
65163,Rubus idaeus,OpenDryPoor
65164,Rubus idaeus,OpenDryPoor
65165,Rubus idaeus,OpenDryPoor
65166,Rubus idaeus,OpenDryPoor
65167,Rubus idaeus,OpenDryPoor
65168,Rubus idaeus,OpenDryPoor
65169,Rubus idaeus,OpenDryPoor
65170,Rubus idaeus,OpenDryPoor
65171,Rubus idaeus,OpenDryPoor
65172,Rubus idaeus,OpenDryPoor
65173,Rubus idaeus,OpenDryPoor
65174,Rubus idaeus,OpenDryPoor
65175,Rubus idaeus,OpenDryPoor
65176,Rubus idaeus,OpenDryPoor
65177,Rubus idaeus,OpenDryPoor
65178,Rubus idaeus,OpenDryPoor
65179,Rubus idaeus,OpenDryPoor
65180,Rubus idaeus,OpenDryPoor
65181,Rubus idaeus,OpenDryPoor
65182,Rubus idaeus,OpenDryPoor
65183,Rubus idaeus,OpenDryPoor
65184,Rubus idaeus,OpenDryPoor
65185,Rubus idaeus,OpenDryPoor
65186,Rubus idaeus,OpenDryPoor
65187,Rubus idaeus,OpenDryPoor
65188,Rubus idaeus,OpenDryPoor
65189,Rubus idaeus,OpenDryPoor
65190,Rubus idaeus,OpenDryPoor
65191,Rubus idaeus,OpenDryPoor
65192,Rubus idaeus,OpenDryPoor
65193,Rubus idaeus,OpenDryPoor
65194,Rubus idaeus,OpenDryPoor
65195,Rubus idaeus,OpenDryPoor
65196,Rubus idaeus,OpenDryPoor
65197,Rubus idaeus,OpenDryPoor
65198,Rubus idaeus,OpenDryPoor
65199,Rubus idaeus,OpenDryPoor
65200,Rubus idaeus,OpenDryPoor
65201,Rubus idaeus,OpenDryPoor
65202,Rubus idaeus,OpenDryPoor
65203,Rubus idaeus,OpenDryPoor
65204,Rubus idaeus,OpenDryPoor
65205,Rubus idaeus,OpenDryPoor
65206,Rubus idaeus,OpenDryPoor
65207,Rubus idaeus,OpenDryPoor
65208,Rubus idaeus,OpenDryPoor
65209,Rubus idaeus,OpenDryPoor
65210,Rubus idaeus,OpenDryPoor
65211,Rubus idaeus,OpenDryPoor
65212,Rubus idaeus,OpenDryPoor
65213,Rubus idaeus,OpenDryPoor
65214,Rubus idaeus,OpenDryPoor
65215,Rubus idaeus,OpenDryPoor
65216,Rubus idaeus,OpenDryPoor
65217,Rubus idaeus,OpenDryPoor
65218,Rubus idaeus,OpenDryPoor
65219,Rubus idaeus,OpenDryPoor
65220,Rubus idaeus,OpenDryPoor
65221,Rubus idaeus,OpenDryPoor
65222,Rubus idaeus,OpenDryPoor
65223,Rubus idaeus,OpenDryPoor
65224,Rubus idaeus,OpenDryPoor
65225,Rubus idaeus,OpenDryPoor
65226,Rubus idaeus,OpenDryPoor
65227,Rubus idaeus,OpenDryPoor
65228,Rubus idaeus,OpenDryPoor
65229,Rubus idaeus,OpenDryPoor
65230,Rubus idaeus,OpenDryPoor
65748,Rubus idaeus,OpenDryPoor
65749,Rubus idaeus,OpenDryPoor
65750,Rubus idaeus,OpenDryPoor
65751,Rubus idaeus,OpenDryPoor
65752,Rubus idaeus,OpenDryPoor
65753,Rubus idaeus,OpenDryPoor
65754,Rubus idaeus,OpenDryPoor
65755,Rubus idaeus,OpenDryPoor
65756,Rubus idaeus,OpenDryPoor
65757,Rubus idaeus,OpenDryPoor
65758,Rubus idaeus,OpenDryPoor
65759,Rubus idaeus,OpenDryPoor
65760,Rubus idaeus,OpenDryPoor
65761,Rubus idaeus,OpenDryPoor
65762,Rubus idaeus,OpenDryPoor
65763,Rubus idaeus,OpenDryPoor
65764,Rubus idaeus,OpenDryPoor
65765,Rubus idaeus,OpenDryPoor
65766,Rubus idaeus,OpenDryPoor
65767,Rubus idaeus,OpenDryPoor
65768,Rubus idaeus,OpenDryPoor
65769,Rubus idaeus,OpenDryPoor
65770,Rubus idaeus,OpenDryPoor
65771,Rubus idaeus,OpenDryPoor
65772,Rubus idaeus,OpenDryPoor
65773,Rubus idaeus,OpenDryPoor
65774,Rubus idaeus,OpenDryPoor
65775,Rubus idaeus,OpenDryPoor
65776,Rubus idaeus,OpenDryPoor
65777,Rubus idaeus,OpenDryPoor
65778,Rubus idaeus,OpenDryPoor
65779,Rubus idaeus,OpenDryPoor
65780,Rubus idaeus,OpenDryPoor
65781,Rubus idaeus,OpenDryPoor
65782,Rubus idaeus,OpenDryPoor
65783,Rubus idaeus,OpenDryPoor
65784,Rubus idaeus,OpenDryPoor
65785,Rubus idaeus,OpenDryPoor
65786,Rubus idaeus,OpenDryPoor
65787,Rubus idaeus,OpenDryPoor
65788,Rubus idaeus,OpenDryPoor
65789,Rubus idaeus,OpenDryPoor
65790,Rubus idaeus,OpenDryPoor
65791,Rubus idaeus,OpenDryPoor
65792,Rubus idaeus,OpenDryPoor
65793,Rubus idaeus,OpenDryPoor
65794,Rubus idaeus,OpenDryPoor
65795,Rubus idaeus,OpenDryPoor
65796,Rubus idaeus,OpenDryPoor
65797,Rubus idaeus,OpenDryPoor
65798,Rubus idaeus,OpenDryPoor
65799,Rubus idaeus,OpenDryPoor
65800,Rubus idaeus,OpenDryPoor
65801,Rubus idaeus,OpenDryPoor
65802,Rubus idaeus,OpenDryPoor
65803,Rubus idaeus,OpenDryPoor
65804,Rubus idaeus,OpenDryPoor
65805,Rubus idaeus,OpenDryPoor
65806,Rubus idaeus,OpenDryPoor
65807,Rubus idaeus,OpenDryPoor
65808,Rubus idaeus,OpenDryPoor
65809,Rubus idaeus,OpenDryPoor
65810,Rubus idaeus,OpenDryPoor
65811,Rubus idaeus,OpenDryPoor
65812,Rubus idaeus,OpenDryPoor
65813,Rubus idaeus,OpenDryPoor
65814,Rubus idaeus,OpenDryPoor
65815,Rubus idaeus,OpenDryPoor
65816,Rubus idaeus,OpenDryPoor
65817,Rubus idaeus,OpenDryPoor
65818,Rubus idaeus,OpenDryPoor
65819,Rubus idaeus,OpenDryPoor
65820,Rubus idaeus,OpenDryPoor
65821,Rubus idaeus,OpenDryPoor
65822,Rubus idaeus,OpenDryPoor
65823,Rubus idaeus,OpenDryPoor
65824,Rubus idaeus,OpenDryPoor
65825,Rubus idaeus,OpenDryPoor
65826,Rubus idaeus,OpenDryPoor
65827,Rubus idaeus,OpenDryPoor
65828,Rubus idaeus,OpenDryPoor
65829,Rubus idaeus,OpenDryPoor
66347,Rubus idaeus,OpenDryPoor
66348,Rubus idaeus,OpenDryPoor
66349,Rubus idaeus,OpenDryPoor
66350,Rubus idaeus,OpenDryPoor
66351,Rubus idaeus,OpenDryPoor
66352,Rubus idaeus,OpenDryPoor
66353,Rubus idaeus,OpenDryPoor
66354,Rubus idaeus,OpenDryPoor
66355,Rubus idaeus,OpenDryPoor
66356,Rubus idaeus,OpenDryPoor
66357,Rubus idaeus,OpenDryPoor
66358,Rubus idaeus,OpenDryPoor
66359,Rubus idaeus,OpenDryPoor
66360,Rubus idaeus,OpenDryPoor
66361,Rubus idaeus,OpenDryPoor
66362,Rubus idaeus,OpenDryPoor
66363,Rubus idaeus,OpenDryPoor
66364,Rubus idaeus,OpenDryPoor
66365,Rubus idaeus,OpenDryPoor
66366,Rubus idaeus,OpenDryPoor
66367,Rubus idaeus,OpenDryPoor
66368,Rubus idaeus,OpenDryPoor
66369,Rubus idaeus,OpenDryPoor
66370,Rubus idaeus,OpenDryPoor
66371,Rubus idaeus,OpenDryPoor
66372,Rubus idaeus,OpenDryPoor
66373,Rubus idaeus,OpenDryPoor
66374,Rubus idaeus,OpenDryPoor
66375,Rubus idaeus,OpenDryPoor
66376,Rubus idaeus,OpenDryPoor
66377,Rubus idaeus,OpenDryPoor
66378,Rubus idaeus,OpenDryPoor
66379,Rubus idaeus,OpenDryPoor
66380,Rubus idaeus,OpenDryPoor
66381,Rubus idaeus,OpenDryPoor
66382,Rubus idaeus,OpenDryPoor
66383,Rubus idaeus,OpenDryPoor
66384,Rubus idaeus,OpenDryPoor
66385,Rubus idaeus,OpenDryPoor
66386,Rubus idaeus,OpenDryPoor
66387,Rubus idaeus,OpenDryPoor
66388,Rubus idaeus,OpenDryPoor
66389,Rubus idaeus,OpenDryPoor
66390,Rubus idaeus,OpenDryPoor
66391,Rubus idaeus,OpenDryPoor
66392,Rubus idaeus,OpenDryPoor
66393,Rubus idaeus,OpenDryPoor
66394,Rubus idaeus,OpenDryPoor
66395,Rubus idaeus,OpenDryPoor
66396,Rubus idaeus,OpenDryPoor
66397,Rubus idaeus,OpenDryPoor
66398,Rubus idaeus,OpenDryPoor
66399,Rubus idaeus,OpenDryPoor
66400,Rubus idaeus,OpenDryPoor
66401,Rubus idaeus,OpenDryPoor
66402,Rubus idaeus,OpenDryPoor
66403,Rubus idaeus,OpenDryPoor
66404,Rubus idaeus,OpenDryPoor
66405,Rubus idaeus,OpenDryPoor
66406,Rubus idaeus,OpenDryPoor
66407,Rubus idaeus,OpenDryPoor
66408,Rubus idaeus,OpenDryPoor
66409,Rubus idaeus,OpenDryPoor
66410,Rubus idaeus,OpenDryPoor
66411,Rubus idaeus,OpenDryPoor
66412,Rubus idaeus,OpenDryPoor
66413,Rubus idaeus,OpenDryPoor
66414,Rubus idaeus,OpenDryPoor
66415,Rubus idaeus,OpenDryPoor
66416,Rubus idaeus,OpenDryPoor
66417,Rubus idaeus,OpenDryPoor
66418,Rubus idaeus,OpenDryPoor
66419,Rubus idaeus,OpenDryPoor
66420,Rubus idaeus,OpenDryPoor
66421,Rubus idaeus,OpenDryPoor
66422,Rubus idaeus,OpenDryPoor
66423,Rubus idaeus,OpenDryPoor
66424,Rubus idaeus,OpenDryPoor
66425,Rubus idaeus,OpenDryPoor
66426,Rubus idaeus,OpenDryPoor
66427,Rubus idaeus,OpenDryPoor
66428,Rubus idaeus,OpenDryPoor
66429,Rubus idaeus,OpenDryPoor
66946,Rubus idaeus,OpenDryPoor
66947,Rubus idaeus,OpenDryPoor
66948,Rubus idaeus,OpenDryPoor
66949,Rubus idaeus,OpenDryPoor
66950,Rubus idaeus,OpenDryPoor
66951,Rubus idaeus,OpenDryPoor
66952,Rubus idaeus,OpenDryPoor
66953,Rubus idaeus,OpenDryPoor
66954,Rubus idaeus,OpenDryPoor
66955,Rubus idaeus,OpenDryPoor
66956,Rubus idaeus,OpenDryPoor
66957,Rubus idaeus,OpenDryPoor
66958,Rubus idaeus,OpenDryPoor
66959,Rubus idaeus,OpenDryPoor
66960,Rubus idaeus,OpenDryPoor
66961,Rubus idaeus,OpenDryPoor
66962,Rubus idaeus,OpenDryPoor
66963,Rubus idaeus,OpenDryPoor
66964,Rubus idaeus,OpenDryPoor
66965,Rubus idaeus,OpenDryPoor
66966,Rubus idaeus,OpenDryPoor
66967,Rubus idaeus,OpenDryPoor
66968,Rubus idaeus,OpenDryPoor
66969,Rubus idaeus,OpenDryPoor
66970,Rubus idaeus,OpenDryPoor
66971,Rubus idaeus,OpenDryPoor
66972,Rubus idaeus,OpenDryPoor
66973,Rubus idaeus,OpenDryPoor
66974,Rubus idaeus,OpenDryPoor
66975,Rubus idaeus,OpenDryPoor
66976,Rubus idaeus,OpenDryPoor
66977,Rubus idaeus,OpenDryPoor
66978,Rubus idaeus,OpenDryPoor
66979,Rubus idaeus,OpenDryPoor
66980,Rubus idaeus,OpenDryPoor
66981,Rubus idaeus,OpenDryPoor
66982,Rubus idaeus,OpenDryPoor
66983,Rubus idaeus,OpenDryPoor
66984,Rubus idaeus,OpenDryPoor
66985,Rubus idaeus,OpenDryPoor
66986,Rubus idaeus,OpenDryPoor
66987,Rubus idaeus,OpenDryPoor
66988,Rubus idaeus,OpenDryPoor
66989,Rubus idaeus,OpenDryPoor
66990,Rubus idaeus,OpenDryPoor
66991,Rubus idaeus,OpenDryPoor
66992,Rubus idaeus,OpenDryPoor
66993,Rubus idaeus,OpenDryPoor
66994,Rubus idaeus,OpenDryPoor
66995,Rubus idaeus,OpenDryPoor
66996,Rubus idaeus,OpenDryPoor
66997,Rubus idaeus,OpenDryPoor
66998,Rubus idaeus,OpenDryPoor
66999,Rubus idaeus,OpenDryPoor
67000,Rubus idaeus,OpenDryPoor
67001,Rubus idaeus,OpenDryPoor
67002,Rubus idaeus,OpenDryPoor
67003,Rubus idaeus,OpenDryPoor
67004,Rubus idaeus,OpenDryPoor
67005,Rubus idaeus,OpenDryPoor
67006,Rubus idaeus,OpenDryPoor
67007,Rubus idaeus,OpenDryPoor
67008,Rubus idaeus,OpenDryPoor
67009,Rubus idaeus,OpenDryPoor
67010,Rubus idaeus,OpenDryPoor
67011,Rubus idaeus,OpenDryPoor
67012,Rubus idaeus,OpenDryPoor
67013,Rubus idaeus,OpenDryPoor
67014,Rubus idaeus,OpenDryPoor
67015,Rubus idaeus,OpenDryPoor
67016,Rubus idaeus,OpenDryPoor
67017,Rubus idaeus,OpenDryPoor
67018,Rubus idaeus,OpenDryPoor
67019,Rubus idaeus,OpenDryPoor
67020,Rubus idaeus,OpenDryPoor
67021,Rubus idaeus,OpenDryPoor
67022,Rubus idaeus,OpenDryPoor
67023,Rubus idaeus,OpenDryPoor
67024,Rubus idaeus,OpenDryPoor
67025,Rubus idaeus,OpenDryPoor
67026,Rubus idaeus,OpenDryPoor
67027,Rubus idaeus,OpenDryPoor
67028,Rubus idaeus,OpenDryPoor
67545,Rubus idaeus,OpenDryPoor
67546,Rubus idaeus,OpenDryPoor
67547,Rubus idaeus,OpenDryPoor
67548,Rubus idaeus,OpenDryPoor
67549,Rubus idaeus,OpenDryPoor
67550,Rubus idaeus,OpenDryPoor
67551,Rubus idaeus,OpenDryPoor
67552,Rubus idaeus,OpenDryPoor
67553,Rubus idaeus,OpenDryPoor
67554,Rubus idaeus,OpenDryPoor
67555,Rubus idaeus,OpenDryPoor
67556,Rubus idaeus,OpenDryPoor
67557,Rubus idaeus,OpenDryPoor
67558,Rubus idaeus,OpenDryPoor
67559,Rubus idaeus,OpenDryPoor
67560,Rubus idaeus,OpenDryPoor
67561,Rubus idaeus,OpenDryPoor
67562,Rubus idaeus,OpenDryPoor
67563,Rubus idaeus,OpenDryPoor
67564,Rubus idaeus,OpenDryPoor
67565,Rubus idaeus,OpenDryPoor
67566,Rubus idaeus,OpenDryPoor
67567,Rubus idaeus,OpenDryPoor
67568,Rubus idaeus,OpenDryPoor
67569,Rubus idaeus,OpenDryPoor
67570,Rubus idaeus,OpenDryPoor
67571,Rubus idaeus,OpenDryPoor
67572,Rubus idaeus,OpenDryPoor
67573,Rubus idaeus,OpenDryPoor
67574,Rubus idaeus,OpenDryPoor
67575,Rubus idaeus,OpenDryPoor
67576,Rubus idaeus,OpenDryPoor
67577,Rubus idaeus,OpenDryPoor
67578,Rubus idaeus,OpenDryPoor
67579,Rubus idaeus,OpenDryPoor
67580,Rubus idaeus,OpenDryPoor
67581,Rubus idaeus,OpenDryPoor
67582,Rubus idaeus,OpenDryPoor
67583,Rubus idaeus,OpenDryPoor
67584,Rubus idaeus,OpenDryPoor
67585,Rubus idaeus,OpenDryPoor
67586,Rubus idaeus,OpenDryPoor
67587,Rubus idaeus,OpenDryPoor
67588,Rubus idaeus,OpenDryPoor
67589,Rubus idaeus,OpenDryPoor
67590,Rubus idaeus,OpenDryPoor
67591,Rubus idaeus,OpenDryPoor
67592,Rubus idaeus,OpenDryPoor
67593,Rubus idaeus,OpenDryPoor
67594,Rubus idaeus,OpenDryPoor
67595,Rubus idaeus,OpenDryPoor
67596,Rubus idaeus,OpenDryPoor
67597,Rubus idaeus,OpenDryPoor
67598,Rubus idaeus,OpenDryPoor
67599,Rubus idaeus,OpenDryPoor
67600,Rubus idaeus,OpenDryPoor
67601,Rubus idaeus,OpenDryPoor
67602,Rubus idaeus,OpenDryPoor
67603,Rubus idaeus,OpenDryPoor
67604,Rubus idaeus,OpenDryPoor
67605,Rubus idaeus,OpenDryPoor
67606,Rubus idaeus,OpenDryPoor
67607,Rubus idaeus,OpenDryPoor
67608,Rubus idaeus,OpenDryPoor
67609,Rubus idaeus,OpenDryPoor
67610,Rubus idaeus,OpenDryPoor
67611,Rubus idaeus,OpenDryPoor
67612,Rubus idaeus,OpenDryPoor
67613,Rubus idaeus,OpenDryPoor
67614,Rubus idaeus,OpenDryPoor
67615,Rubus idaeus,OpenDryPoor
67616,Rubus idaeus,OpenDryPoor
67617,Rubus idaeus,OpenDryPoor
67618,Rubus idaeus,OpenDryPoor
67619,Rubus idaeus,OpenDryPoor
67620,Rubus idaeus,OpenDryPoor
67621,Rubus idaeus,OpenDryPoor
67622,Rubus idaeus,OpenDryPoor
67623,Rubus idaeus,OpenDryPoor
67624,Rubus idaeus,OpenDryPoor
67625,Rubus idaeus,OpenDryPoor
67626,Rubus idaeus,OpenDryPoor
67627,Rubus idaeus,OpenDryPoor
68144,Rubus idaeus,OpenDryPoor
68145,Rubus idaeus,OpenDryPoor
68146,Rubus idaeus,OpenDryPoor
68147,Rubus idaeus,OpenDryPoor
68148,Rubus idaeus,OpenDryPoor
68149,Rubus idaeus,OpenDryPoor
68150,Rubus idaeus,OpenDryPoor
68151,Rubus idaeus,OpenDryPoor
68152,Rubus idaeus,OpenDryPoor
68153,Rubus idaeus,OpenDryPoor
68154,Rubus idaeus,OpenDryPoor
68155,Rubus idaeus,OpenDryPoor
68156,Rubus idaeus,OpenDryPoor
68157,Rubus idaeus,OpenDryPoor
68158,Rubus idaeus,OpenDryPoor
68159,Rubus idaeus,OpenDryPoor
68160,Rubus idaeus,OpenDryPoor
68161,Rubus idaeus,OpenDryPoor
68162,Rubus idaeus,OpenDryPoor
68163,Rubus idaeus,OpenDryPoor
68164,Rubus idaeus,OpenDryPoor
68165,Rubus idaeus,OpenDryPoor
68166,Rubus idaeus,OpenDryPoor
68167,Rubus idaeus,OpenDryPoor
68168,Rubus idaeus,OpenDryPoor
68169,Rubus idaeus,OpenDryPoor
68170,Rubus idaeus,OpenDryPoor
68171,Rubus idaeus,OpenDryPoor
68172,Rubus idaeus,OpenDryPoor
68173,Rubus idaeus,OpenDryPoor
68174,Rubus idaeus,OpenDryPoor
68175,Rubus idaeus,OpenDryPoor
68176,Rubus idaeus,OpenDryPoor
68177,Rubus idaeus,OpenDryPoor
68178,Rubus idaeus,OpenDryPoor
68179,Rubus idaeus,OpenDryPoor
68180,Rubus idaeus,OpenDryPoor
68181,Rubus idaeus,OpenDryPoor
68182,Rubus idaeus,OpenDryPoor
68183,Rubus idaeus,OpenDryPoor
68184,Rubus idaeus,OpenDryPoor
68185,Rubus idaeus,OpenDryPoor
68186,Rubus idaeus,OpenDryPoor
68187,Rubus idaeus,OpenDryPoor
68188,Rubus idaeus,OpenDryPoor
68189,Rubus idaeus,OpenDryPoor
68190,Rubus idaeus,OpenDryPoor
68191,Rubus idaeus,OpenDryPoor
68192,Rubus idaeus,OpenDryPoor
68193,Rubus idaeus,OpenDryPoor
68194,Rubus idaeus,OpenDryPoor
68195,Rubus idaeus,OpenDryPoor
68196,Rubus idaeus,OpenDryPoor
68197,Rubus idaeus,OpenDryPoor
68198,Rubus idaeus,OpenDryPoor
68199,Rubus idaeus,OpenDryPoor
68200,Rubus idaeus,OpenDryPoor
68201,Rubus idaeus,OpenDryPoor
68202,Rubus idaeus,OpenDryPoor
68203,Rubus idaeus,OpenDryPoor
68204,Rubus idaeus,OpenDryPoor
68205,Rubus idaeus,OpenDryPoor
68206,Rubus idaeus,OpenDryPoor
68207,Rubus idaeus,OpenDryPoor
68208,Rubus idaeus,OpenDryPoor
68209,Rubus idaeus,OpenDryPoor
68210,Rubus idaeus,OpenDryPoor
68211,Rubus idaeus,OpenDryPoor
68212,Rubus idaeus,OpenDryPoor
68213,Rubus idaeus,OpenDryPoor
68214,Rubus idaeus,OpenDryPoor
68215,Rubus idaeus,OpenDryPoor
68216,Rubus idaeus,OpenDryPoor
68217,Rubus idaeus,OpenDryPoor
68218,Rubus idaeus,OpenDryPoor
68219,Rubus idaeus,OpenDryPoor
68220,Rubus idaeus,OpenDryPoor
68221,Rubus idaeus,OpenDryPoor
68222,Rubus idaeus,OpenDryPoor
68223,Rubus idaeus,OpenDryPoor
68224,Rubus idaeus,OpenDryPoor
68225,Rubus idaeus,OpenDryPoor
68226,Rubus idaeus,OpenDryPoor
68743,Rubus idaeus,OpenDryPoor
68744,Rubus idaeus,OpenDryPoor
68745,Rubus idaeus,OpenDryPoor
68746,Rubus idaeus,OpenDryPoor
68747,Rubus idaeus,OpenDryPoor
68748,Rubus idaeus,OpenDryPoor
68749,Rubus idaeus,OpenDryPoor
68750,Rubus idaeus,OpenDryPoor
68751,Rubus idaeus,OpenDryPoor
68752,Rubus idaeus,OpenDryPoor
68753,Rubus idaeus,OpenDryPoor
68754,Rubus idaeus,OpenDryPoor
68755,Rubus idaeus,OpenDryPoor
68756,Rubus idaeus,OpenDryPoor
68757,Rubus idaeus,OpenDryPoor
68758,Rubus idaeus,OpenDryPoor
68759,Rubus idaeus,OpenDryPoor
68760,Rubus idaeus,OpenDryPoor
68761,Rubus idaeus,OpenDryPoor
68762,Rubus idaeus,OpenDryPoor
68763,Rubus idaeus,OpenDryPoor
68764,Rubus idaeus,OpenDryPoor
68765,Rubus idaeus,OpenDryPoor
68766,Rubus idaeus,OpenDryPoor
68767,Rubus idaeus,OpenDryPoor
68768,Rubus idaeus,OpenDryPoor
68769,Rubus idaeus,OpenDryPoor
68770,Rubus idaeus,OpenDryPoor
68771,Rubus idaeus,OpenDryPoor
68772,Rubus idaeus,OpenDryPoor
68773,Rubus idaeus,OpenDryPoor
68774,Rubus idaeus,OpenDryPoor
68775,Rubus idaeus,OpenDryPoor
68776,Rubus idaeus,OpenDryPoor
68777,Rubus idaeus,OpenDryPoor
68778,Rubus idaeus,OpenDryPoor
68779,Rubus idaeus,OpenDryPoor
68780,Rubus idaeus,OpenDryPoor
68781,Rubus idaeus,OpenDryPoor
68782,Rubus idaeus,OpenDryPoor
68783,Rubus idaeus,OpenDryPoor
68784,Rubus idaeus,OpenDryPoor
68785,Rubus idaeus,OpenDryPoor
68786,Rubus idaeus,OpenDryPoor
68787,Rubus idaeus,OpenDryPoor
68788,Rubus idaeus,OpenDryPoor
68789,Rubus idaeus,OpenDryPoor
68790,Rubus idaeus,OpenDryPoor
68791,Rubus idaeus,OpenDryPoor
68792,Rubus idaeus,OpenDryPoor
68793,Rubus idaeus,OpenDryPoor
68794,Rubus idaeus,OpenDryPoor
68795,Rubus idaeus,OpenDryPoor
68796,Rubus idaeus,OpenDryPoor
68797,Rubus idaeus,OpenDryPoor
68798,Rubus idaeus,OpenDryPoor
68799,Rubus idaeus,OpenDryPoor
68800,Rubus idaeus,OpenDryPoor
68801,Rubus idaeus,OpenDryPoor
68802,Rubus idaeus,OpenDryPoor
68803,Rubus idaeus,OpenDryPoor
68804,Rubus idaeus,OpenDryPoor
68805,Rubus idaeus,OpenDryPoor
68806,Rubus idaeus,OpenDryPoor
68807,Rubus idaeus,OpenDryPoor
68808,Rubus idaeus,OpenDryPoor
68809,Rubus idaeus,OpenDryPoor
68810,Rubus idaeus,OpenDryPoor
68811,Rubus idaeus,OpenDryPoor
68812,Rubus idaeus,OpenDryPoor
68813,Rubus idaeus,OpenDryPoor
68814,Rubus idaeus,OpenDryPoor
68815,Rubus idaeus,OpenDryPoor
68816,Rubus idaeus,OpenDryPoor
68817,Rubus idaeus,OpenDryPoor
68818,Rubus idaeus,OpenDryPoor
68819,Rubus idaeus,OpenDryPoor
68820,Rubus idaeus,OpenDryPoor
68821,Rubus idaeus,OpenDryPoor
68822,Rubus idaeus,OpenDryPoor
68823,Rubus idaeus,OpenDryPoor
68824,Rubus idaeus,OpenDryPoor
68825,Rubus idaeus,OpenDryPoor
69342,Rubus idaeus,OpenDryPoor
69343,Rubus idaeus,OpenDryPoor
69344,Rubus idaeus,OpenDryPoor
69345,Rubus idaeus,OpenDryPoor
69346,Rubus idaeus,OpenDryPoor
69347,Rubus idaeus,OpenDryPoor
69348,Rubus idaeus,OpenDryPoor
69349,Rubus idaeus,OpenDryPoor
69350,Rubus idaeus,OpenDryPoor
69351,Rubus idaeus,OpenDryPoor
69352,Rubus idaeus,OpenDryPoor
69353,Rubus idaeus,OpenDryPoor
69354,Rubus idaeus,OpenDryPoor
69355,Rubus idaeus,OpenDryPoor
69356,Rubus idaeus,OpenDryPoor
69357,Rubus idaeus,OpenDryPoor
69358,Rubus idaeus,OpenDryPoor
69359,Rubus idaeus,OpenDryPoor
69360,Rubus idaeus,OpenDryPoor
69361,Rubus idaeus,OpenDryPoor
69362,Rubus idaeus,OpenDryPoor
69363,Rubus idaeus,OpenDryPoor
69364,Rubus idaeus,OpenDryPoor
69365,Rubus idaeus,OpenDryPoor
69366,Rubus idaeus,OpenDryPoor
69367,Rubus idaeus,OpenDryPoor
69368,Rubus idaeus,OpenDryPoor
69369,Rubus idaeus,OpenDryPoor
69370,Rubus idaeus,OpenDryPoor
69371,Rubus idaeus,OpenDryPoor
69372,Rubus idaeus,OpenDryPoor
69373,Rubus idaeus,OpenDryPoor
69374,Rubus idaeus,OpenDryPoor
69375,Rubus idaeus,OpenDryPoor
69376,Rubus idaeus,OpenDryPoor
69377,Rubus idaeus,OpenDryPoor
69378,Rubus idaeus,OpenDryPoor
69379,Rubus idaeus,OpenDryPoor
69380,Rubus idaeus,OpenDryPoor
69381,Rubus idaeus,OpenDryPoor
69382,Rubus idaeus,OpenDryPoor
69383,Rubus idaeus,OpenDryPoor
69384,Rubus idaeus,OpenDryPoor
69385,Rubus idaeus,OpenDryPoor
69386,Rubus idaeus,OpenDryPoor
69387,Rubus idaeus,OpenDryPoor
69388,Rubus idaeus,OpenDryPoor
69389,Rubus idaeus,OpenDryPoor
69390,Rubus idaeus,OpenDryPoor
69391,Rubus idaeus,OpenDryPoor
69392,Rubus idaeus,OpenDryPoor
69393,Rubus idaeus,OpenDryPoor
69394,Rubus idaeus,OpenDryPoor
69395,Rubus idaeus,OpenDryPoor
69396,Rubus idaeus,OpenDryPoor
69397,Rubus idaeus,OpenDryPoor
69398,Rubus idaeus,OpenDryPoor
69399,Rubus idaeus,OpenDryPoor
69400,Rubus idaeus,OpenDryPoor
69401,Rubus idaeus,OpenDryPoor
69402,Rubus idaeus,OpenDryPoor
69403,Rubus idaeus,OpenDryPoor
69404,Rubus idaeus,OpenDryPoor
69405,Rubus idaeus,OpenDryPoor
69406,Rubus idaeus,OpenDryPoor
69407,Rubus idaeus,OpenDryPoor
69408,Rubus idaeus,OpenDryPoor
69409,Rubus idaeus,OpenDryPoor
69410,Rubus idaeus,OpenDryPoor
69411,Rubus idaeus,OpenDryPoor
69412,Rubus idaeus,OpenDryPoor
69413,Rubus idaeus,OpenDryPoor
69414,Rubus idaeus,OpenDryPoor
69415,Rubus idaeus,OpenDryPoor
69416,Rubus idaeus,OpenDryPoor
69417,Rubus idaeus,OpenDryPoor
69418,Rubus idaeus,OpenDryPoor
69419,Rubus idaeus,OpenDryPoor
69420,Rubus idaeus,OpenDryPoor
69421,Rubus idaeus,OpenDryPoor
69422,Rubus idaeus,OpenDryPoor
69423,Rubus idaeus,OpenDryPoor
69424,Rubus idaeus,OpenDryPoor
69941,Rubus idaeus,OpenDryPoor
69942,Rubus idaeus,OpenDryPoor
69943,Rubus idaeus,OpenDryPoor
69944,Rubus idaeus,OpenDryPoor
69945,Rubus idaeus,OpenDryPoor
69946,Rubus idaeus,OpenDryPoor
69947,Rubus idaeus,OpenDryPoor
69948,Rubus idaeus,OpenDryPoor
69949,Rubus idaeus,OpenDryPoor
69950,Rubus idaeus,OpenDryPoor
69951,Rubus idaeus,OpenDryPoor
69952,Rubus idaeus,OpenDryPoor
69953,Rubus idaeus,OpenDryPoor
69954,Rubus idaeus,OpenDryPoor
69955,Rubus idaeus,OpenDryPoor
69956,Rubus idaeus,OpenDryPoor
69957,Rubus idaeus,OpenDryPoor
69958,Rubus idaeus,OpenDryPoor
69959,Rubus idaeus,OpenDryPoor
69960,Rubus idaeus,OpenDryPoor
69961,Rubus idaeus,OpenDryPoor
69962,Rubus idaeus,OpenDryPoor
69963,Rubus idaeus,OpenDryPoor
69964,Rubus idaeus,OpenDryPoor
69965,Rubus idaeus,OpenDryPoor
69966,Rubus idaeus,OpenDryPoor
69967,Rubus idaeus,OpenDryPoor
69968,Rubus idaeus,OpenDryPoor
69969,Rubus idaeus,OpenDryPoor
69970,Rubus idaeus,OpenDryPoor
69971,Rubus idaeus,OpenDryPoor
69972,Rubus idaeus,OpenDryPoor
69973,Rubus idaeus,OpenDryPoor
69974,Rubus idaeus,OpenDryPoor
69975,Rubus idaeus,OpenDryPoor
69976,Rubus idaeus,OpenDryPoor
69977,Rubus idaeus,OpenDryPoor
69978,Rubus idaeus,OpenDryPoor
69979,Rubus idaeus,OpenDryPoor
69980,Rubus idaeus,OpenDryPoor
69981,Rubus idaeus,OpenDryPoor
69982,Rubus idaeus,OpenDryPoor
69983,Rubus idaeus,OpenDryPoor
69984,Rubus idaeus,OpenDryPoor
69985,Rubus idaeus,OpenDryPoor
69986,Rubus idaeus,OpenDryPoor
69987,Rubus idaeus,OpenDryPoor
69988,Rubus idaeus,OpenDryPoor
69989,Rubus idaeus,OpenDryPoor
69990,Rubus idaeus,OpenDryPoor
69991,Rubus idaeus,OpenDryPoor
69992,Rubus idaeus,OpenDryPoor
69993,Rubus idaeus,OpenDryPoor
69994,Rubus idaeus,OpenDryPoor
69995,Rubus idaeus,OpenDryPoor
69996,Rubus idaeus,OpenDryPoor
69997,Rubus idaeus,OpenDryPoor
69998,Rubus idaeus,OpenDryPoor
69999,Rubus idaeus,OpenDryPoor
70000,Rubus idaeus,OpenDryPoor
70001,Rubus idaeus,OpenDryPoor
70002,Rubus idaeus,OpenDryPoor
70003,Rubus idaeus,OpenDryPoor
70004,Rubus idaeus,OpenDryPoor
70005,Rubus idaeus,OpenDryPoor
70006,Rubus idaeus,OpenDryPoor
70007,Rubus idaeus,OpenDryPoor
70008,Rubus idaeus,OpenDryPoor
70009,Rubus idaeus,OpenDryPoor
70010,Rubus idaeus,OpenDryPoor
70011,Rubus idaeus,OpenDryPoor
70012,Rubus idaeus,OpenDryPoor
70013,Rubus idaeus,OpenDryPoor
70014,Rubus idaeus,OpenDryPoor
70015,Rubus idaeus,OpenDryPoor
70016,Rubus idaeus,OpenDryPoor
70017,Rubus idaeus,OpenDryPoor
70018,Rubus idaeus,OpenDryPoor
70019,Rubus idaeus,OpenDryPoor
70020,Rubus idaeus,OpenDryPoor
70021,Rubus idaeus,OpenDryPoor
70022,Rubus idaeus,OpenDryPoor
70023,Rubus idaeus,OpenDryPoor
70540,Rubus idaeus,OpenDryPoor
70541,Rubus idaeus,OpenDryPoor
70542,Rubus idaeus,OpenDryPoor
70543,Rubus idaeus,OpenDryPoor
70544,Rubus idaeus,OpenDryPoor
70545,Rubus idaeus,OpenDryPoor
70546,Rubus idaeus,OpenDryPoor
70547,Rubus idaeus,OpenDryPoor
70548,Rubus idaeus,OpenDryPoor
70549,Rubus idaeus,OpenDryPoor
70550,Rubus idaeus,OpenDryPoor
70551,Rubus idaeus,OpenDryPoor
70552,Rubus idaeus,OpenDryPoor
70553,Rubus idaeus,OpenDryPoor
70554,Rubus idaeus,OpenDryPoor
70555,Rubus idaeus,OpenDryPoor
70556,Rubus idaeus,OpenDryPoor
70557,Rubus idaeus,OpenDryPoor
70558,Rubus idaeus,OpenDryPoor
70559,Rubus idaeus,OpenDryPoor
70560,Rubus idaeus,OpenDryPoor
70561,Rubus idaeus,OpenDryPoor
70562,Rubus idaeus,OpenDryPoor
70563,Rubus idaeus,OpenDryPoor
70564,Rubus idaeus,OpenDryPoor
70565,Rubus idaeus,OpenDryPoor
70566,Rubus idaeus,OpenDryPoor
70567,Rubus idaeus,OpenDryPoor
70568,Rubus idaeus,OpenDryPoor
70569,Rubus idaeus,OpenDryPoor
70570,Rubus idaeus,OpenDryPoor
70571,Rubus idaeus,OpenDryPoor
70572,Rubus idaeus,OpenDryPoor
70573,Rubus idaeus,OpenDryPoor
70574,Rubus idaeus,OpenDryPoor
70575,Rubus idaeus,OpenDryPoor
70576,Rubus idaeus,OpenDryPoor
70577,Rubus idaeus,OpenDryPoor
70578,Rubus idaeus,OpenDryPoor
70579,Rubus idaeus,OpenDryPoor
70580,Rubus idaeus,OpenDryPoor
70581,Rubus idaeus,OpenDryPoor
70582,Rubus idaeus,OpenDryPoor
70583,Rubus idaeus,OpenDryPoor
70584,Rubus idaeus,OpenDryPoor
70585,Rubus idaeus,OpenDryPoor
70586,Rubus idaeus,OpenDryPoor
70587,Rubus idaeus,OpenDryPoor
70588,Rubus idaeus,OpenDryPoor
70589,Rubus idaeus,OpenDryPoor
70590,Rubus idaeus,OpenDryPoor
70591,Rubus idaeus,OpenDryPoor
70592,Rubus idaeus,OpenDryPoor
70593,Rubus idaeus,OpenDryPoor
70594,Rubus idaeus,OpenDryPoor
70595,Rubus idaeus,OpenDryPoor
70596,Rubus idaeus,OpenDryPoor
70597,Rubus idaeus,OpenDryPoor
70598,Rubus idaeus,OpenDryPoor
70599,Rubus idaeus,OpenDryPoor
70600,Rubus idaeus,OpenDryPoor
70601,Rubus idaeus,OpenDryPoor
70602,Rubus idaeus,OpenDryPoor
70603,Rubus idaeus,OpenDryPoor
70604,Rubus idaeus,OpenDryPoor
70605,Rubus idaeus,OpenDryPoor
70606,Rubus idaeus,OpenDryPoor
70607,Rubus idaeus,OpenDryPoor
70608,Rubus idaeus,OpenDryPoor
70609,Rubus idaeus,OpenDryPoor
70610,Rubus idaeus,OpenDryPoor
70611,Rubus idaeus,OpenDryPoor
70612,Rubus idaeus,OpenDryPoor
70613,Rubus idaeus,OpenDryPoor
70614,Rubus idaeus,OpenDryPoor
70615,Rubus idaeus,OpenDryPoor
70616,Rubus idaeus,OpenDryPoor
70617,Rubus idaeus,OpenDryPoor
70618,Rubus idaeus,OpenDryPoor
70619,Rubus idaeus,OpenDryPoor
70620,Rubus idaeus,OpenDryPoor
70621,Rubus idaeus,OpenDryPoor
70622,Rubus idaeus,OpenDryPoor
71139,Rubus idaeus,OpenDryPoor
71140,Rubus idaeus,OpenDryPoor
71141,Rubus idaeus,OpenDryPoor
71142,Rubus idaeus,OpenDryPoor
71143,Rubus idaeus,OpenDryPoor
71144,Rubus idaeus,OpenDryPoor
71145,Rubus idaeus,OpenDryPoor
71146,Rubus idaeus,OpenDryPoor
71147,Rubus idaeus,OpenDryPoor
71148,Rubus idaeus,OpenDryPoor
71149,Rubus idaeus,OpenDryPoor
71150,Rubus idaeus,OpenDryPoor
71151,Rubus idaeus,OpenDryPoor
71152,Rubus idaeus,OpenDryPoor
71153,Rubus idaeus,OpenDryPoor
71154,Rubus idaeus,OpenDryPoor
71155,Rubus idaeus,OpenDryPoor
71156,Rubus idaeus,OpenDryPoor
71157,Rubus idaeus,OpenDryPoor
71158,Rubus idaeus,OpenDryPoor
71159,Rubus idaeus,OpenDryPoor
71160,Rubus idaeus,OpenDryPoor
71161,Rubus idaeus,OpenDryPoor
71162,Rubus idaeus,OpenDryPoor
71163,Rubus idaeus,OpenDryPoor
71164,Rubus idaeus,OpenDryPoor
71165,Rubus idaeus,OpenDryPoor
71166,Rubus idaeus,OpenDryPoor
71167,Rubus idaeus,OpenDryPoor
71168,Rubus idaeus,OpenDryPoor
71169,Rubus idaeus,OpenDryPoor
71170,Rubus idaeus,OpenDryPoor
71171,Rubus idaeus,OpenDryPoor
71172,Rubus idaeus,OpenDryPoor
71173,Rubus idaeus,OpenDryPoor
71174,Rubus idaeus,OpenDryPoor
71175,Rubus idaeus,OpenDryPoor
71176,Rubus idaeus,OpenDryPoor
71177,Rubus idaeus,OpenDryPoor
71178,Rubus idaeus,OpenDryPoor
71179,Rubus idaeus,OpenDryPoor
71180,Rubus idaeus,OpenDryPoor
71181,Rubus idaeus,OpenDryPoor
71182,Rubus idaeus,OpenDryPoor
71183,Rubus idaeus,OpenDryPoor
71184,Rubus idaeus,OpenDryPoor
71185,Rubus idaeus,OpenDryPoor
71186,Rubus idaeus,OpenDryPoor
71187,Rubus idaeus,OpenDryPoor
71188,Rubus idaeus,OpenDryPoor
71189,Rubus idaeus,OpenDryPoor
71190,Rubus idaeus,OpenDryPoor
71191,Rubus idaeus,OpenDryPoor
71192,Rubus idaeus,OpenDryPoor
71193,Rubus idaeus,OpenDryPoor
71194,Rubus idaeus,OpenDryPoor
71195,Rubus idaeus,OpenDryPoor
71196,Rubus idaeus,OpenDryPoor
71197,Rubus idaeus,OpenDryPoor
71198,Rubus idaeus,OpenDryPoor
71199,Rubus idaeus,OpenDryPoor
71200,Rubus idaeus,OpenDryPoor
71201,Rubus idaeus,OpenDryPoor
71202,Rubus idaeus,OpenDryPoor
71203,Rubus idaeus,OpenDryPoor
71204,Rubus idaeus,OpenDryPoor
71205,Rubus idaeus,OpenDryPoor
71206,Rubus idaeus,OpenDryPoor
71207,Rubus idaeus,OpenDryPoor
71208,Rubus idaeus,OpenDryPoor
71209,Rubus idaeus,OpenDryPoor
71210,Rubus idaeus,OpenDryPoor
71211,Rubus idaeus,OpenDryPoor
71212,Rubus idaeus,OpenDryPoor
71213,Rubus idaeus,OpenDryPoor
71214,Rubus idaeus,OpenDryPoor
71215,Rubus idaeus,OpenDryPoor
71216,Rubus idaeus,OpenDryPoor
71217,Rubus idaeus,OpenDryPoor
71218,Rubus idaeus,OpenDryPoor
71219,Rubus idaeus,OpenDryPoor
71220,Rubus idaeus,OpenDryPoor
71221,Rubus idaeus,OpenDryPoor
71738,Rubus idaeus,OpenDryPoor
71739,Rubus idaeus,OpenDryPoor
71740,Rubus idaeus,OpenDryPoor
71741,Rubus idaeus,OpenDryPoor
71742,Rubus idaeus,OpenDryPoor
71743,Rubus idaeus,OpenDryPoor
71744,Rubus idaeus,OpenDryPoor
71745,Rubus idaeus,OpenDryPoor
71746,Rubus idaeus,OpenDryPoor
71747,Rubus idaeus,OpenDryPoor
71748,Rubus idaeus,OpenDryPoor
71749,Rubus idaeus,OpenDryPoor
71750,Rubus idaeus,OpenDryPoor
71751,Rubus idaeus,OpenDryPoor
71752,Rubus idaeus,OpenDryPoor
71753,Rubus idaeus,OpenDryPoor
71754,Rubus idaeus,OpenDryPoor
71755,Rubus idaeus,OpenDryPoor
71756,Rubus idaeus,OpenDryPoor
71757,Rubus idaeus,OpenDryPoor
71758,Rubus idaeus,OpenDryPoor
71759,Rubus idaeus,OpenDryPoor
71760,Rubus idaeus,OpenDryPoor
71761,Rubus idaeus,OpenDryPoor
71762,Rubus idaeus,OpenDryPoor
71763,Rubus idaeus,OpenDryPoor
71764,Rubus idaeus,OpenDryPoor
71765,Rubus idaeus,OpenDryPoor
71766,Rubus idaeus,OpenDryPoor
71767,Rubus idaeus,OpenDryPoor
71768,Rubus idaeus,OpenDryPoor
71769,Rubus idaeus,OpenDryPoor
71770,Rubus idaeus,OpenDryPoor
71771,Rubus idaeus,OpenDryPoor
71772,Rubus idaeus,OpenDryPoor
71773,Rubus idaeus,OpenDryPoor
71774,Rubus idaeus,OpenDryPoor
71775,Rubus idaeus,OpenDryPoor
71776,Rubus idaeus,OpenDryPoor
71777,Rubus idaeus,OpenDryPoor
71778,Rubus idaeus,OpenDryPoor
71779,Rubus idaeus,OpenDryPoor
71780,Rubus idaeus,OpenDryPoor
71781,Rubus idaeus,OpenDryPoor
71782,Rubus idaeus,OpenDryPoor
71783,Rubus idaeus,OpenDryPoor
71784,Rubus idaeus,OpenDryPoor
71785,Rubus idaeus,OpenDryPoor
71786,Rubus idaeus,OpenDryPoor
71787,Rubus idaeus,OpenDryPoor
71788,Rubus idaeus,OpenDryPoor
71789,Rubus idaeus,OpenDryPoor
71790,Rubus idaeus,OpenDryPoor
71791,Rubus idaeus,OpenDryPoor
71792,Rubus idaeus,OpenDryPoor
71793,Rubus idaeus,OpenDryPoor
71794,Rubus idaeus,OpenDryPoor
71795,Rubus idaeus,OpenDryPoor
71796,Rubus idaeus,OpenDryPoor
71797,Rubus idaeus,OpenDryPoor
71798,Rubus idaeus,OpenDryPoor
71799,Rubus idaeus,OpenDryPoor
71800,Rubus idaeus,OpenDryPoor
71801,Rubus idaeus,OpenDryPoor
71802,Rubus idaeus,OpenDryPoor
71803,Rubus idaeus,OpenDryPoor
71804,Rubus idaeus,OpenDryPoor
71805,Rubus idaeus,OpenDryPoor
71806,Rubus idaeus,OpenDryPoor
71807,Rubus idaeus,OpenDryPoor
71808,Rubus idaeus,OpenDryPoor
71809,Rubus idaeus,OpenDryPoor
71810,Rubus idaeus,OpenDryPoor
71811,Rubus idaeus,OpenDryPoor
71812,Rubus idaeus,OpenDryPoor
71813,Rubus idaeus,OpenDryPoor
71814,Rubus idaeus,OpenDryPoor
71815,Rubus idaeus,OpenDryPoor
71816,Rubus idaeus,OpenDryPoor
71817,Rubus idaeus,OpenDryPoor
71818,Rubus idaeus,OpenDryPoor
71819,Rubus idaeus,OpenDryPoor
71820,Rubus idaeus,OpenDryPoor
72337,Rubus idaeus,OpenDryPoor
72338,Rubus idaeus,OpenDryPoor
72339,Rubus idaeus,OpenDryPoor
72340,Rubus idaeus,OpenDryPoor
72341,Rubus idaeus,OpenDryPoor
72342,Rubus idaeus,OpenDryPoor
72343,Rubus idaeus,OpenDryPoor
72344,Rubus idaeus,OpenDryPoor
72345,Rubus idaeus,OpenDryPoor
72346,Rubus idaeus,OpenDryPoor
72347,Rubus idaeus,OpenDryPoor
72348,Rubus idaeus,OpenDryPoor
72349,Rubus idaeus,OpenDryPoor
72350,Rubus idaeus,OpenDryPoor
72351,Rubus idaeus,OpenDryPoor
72352,Rubus idaeus,OpenDryPoor
72353,Rubus idaeus,OpenDryPoor
72354,Rubus idaeus,OpenDryPoor
72355,Rubus idaeus,OpenDryPoor
72356,Rubus idaeus,OpenDryPoor
72357,Rubus idaeus,OpenDryPoor
72358,Rubus idaeus,OpenDryPoor
72359,Rubus idaeus,OpenDryPoor
72360,Rubus idaeus,OpenDryPoor
72361,Rubus idaeus,OpenDryPoor
72362,Rubus idaeus,OpenDryPoor
72363,Rubus idaeus,OpenDryPoor
72364,Rubus idaeus,OpenDryPoor
72365,Rubus idaeus,OpenDryPoor
72366,Rubus idaeus,OpenDryPoor
72367,Rubus idaeus,OpenDryPoor
72368,Rubus idaeus,OpenDryPoor
72369,Rubus idaeus,OpenDryPoor
72370,Rubus idaeus,OpenDryPoor
72371,Rubus idaeus,OpenDryPoor
72372,Rubus idaeus,OpenDryPoor
72373,Rubus idaeus,OpenDryPoor
72374,Rubus idaeus,OpenDryPoor
72375,Rubus idaeus,OpenDryPoor
72376,Rubus idaeus,OpenDryPoor
72377,Rubus idaeus,OpenDryPoor
72378,Rubus idaeus,OpenDryPoor
72379,Rubus idaeus,OpenDryPoor
72380,Rubus idaeus,OpenDryPoor
72381,Rubus idaeus,OpenDryPoor
72382,Rubus idaeus,OpenDryPoor
72383,Rubus idaeus,OpenDryPoor
72384,Rubus idaeus,OpenDryPoor
72385,Rubus idaeus,OpenDryPoor
72386,Rubus idaeus,OpenDryPoor
72387,Rubus idaeus,OpenDryPoor
72388,Rubus idaeus,OpenDryPoor
72389,Rubus idaeus,OpenDryPoor
72390,Rubus idaeus,OpenDryPoor
72391,Rubus idaeus,OpenDryPoor
72392,Rubus idaeus,OpenDryPoor
72393,Rubus idaeus,OpenDryPoor
72394,Rubus idaeus,OpenDryPoor
72395,Rubus idaeus,OpenDryPoor
72396,Rubus idaeus,OpenDryPoor
72397,Rubus idaeus,OpenDryPoor
72398,Rubus idaeus,OpenDryPoor
72399,Rubus idaeus,OpenDryPoor
72400,Rubus idaeus,OpenDryPoor
72401,Rubus idaeus,OpenDryPoor
72402,Rubus idaeus,OpenDryPoor
72403,Rubus idaeus,OpenDryPoor
72404,Rubus idaeus,OpenDryPoor
72405,Rubus idaeus,OpenDryPoor
72406,Rubus idaeus,OpenDryPoor
72407,Rubus idaeus,OpenDryPoor
72408,Rubus idaeus,OpenDryPoor
72409,Rubus idaeus,OpenDryPoor
72410,Rubus idaeus,OpenDryPoor
72411,Rubus idaeus,OpenDryPoor
72412,Rubus idaeus,OpenDryPoor
72413,Rubus idaeus,OpenDryPoor
72414,Rubus idaeus,OpenDryPoor
72415,Rubus idaeus,OpenDryPoor
72416,Rubus idaeus,OpenDryPoor
72417,Rubus idaeus,OpenDryPoor
72418,Rubus idaeus,OpenDryPoor
72419,Rubus idaeus,OpenDryPoor
72936,Rubus idaeus,OpenDryPoor
72937,Rubus idaeus,OpenDryPoor
72938,Rubus idaeus,OpenDryPoor
72939,Rubus idaeus,OpenDryPoor
72940,Rubus idaeus,OpenDryPoor
72941,Rubus idaeus,OpenDryPoor
72942,Rubus idaeus,OpenDryPoor
72943,Rubus idaeus,OpenDryPoor
72944,Rubus idaeus,OpenDryPoor
72945,Rubus idaeus,OpenDryPoor
72946,Rubus idaeus,OpenDryPoor
72947,Rubus idaeus,OpenDryPoor
72948,Rubus idaeus,OpenDryPoor
72949,Rubus idaeus,OpenDryPoor
72950,Rubus idaeus,OpenDryPoor
72951,Rubus idaeus,OpenDryPoor
72952,Rubus idaeus,OpenDryPoor
72953,Rubus idaeus,OpenDryPoor
72954,Rubus idaeus,OpenDryPoor
72955,Rubus idaeus,OpenDryPoor
72956,Rubus idaeus,OpenDryPoor
72957,Rubus idaeus,OpenDryPoor
72958,Rubus idaeus,OpenDryPoor
72959,Rubus idaeus,OpenDryPoor
72960,Rubus idaeus,OpenDryPoor
72961,Rubus idaeus,OpenDryPoor
72962,Rubus idaeus,OpenDryPoor
72963,Rubus idaeus,OpenDryPoor
72964,Rubus idaeus,OpenDryPoor
72965,Rubus idaeus,OpenDryPoor
72966,Rubus idaeus,OpenDryPoor
72967,Rubus idaeus,OpenDryPoor
72968,Rubus idaeus,OpenDryPoor
72969,Rubus idaeus,OpenDryPoor
72970,Rubus idaeus,OpenDryPoor
72971,Rubus idaeus,OpenDryPoor
72972,Rubus idaeus,OpenDryPoor
72973,Rubus idaeus,OpenDryPoor
72974,Rubus idaeus,OpenDryPoor
72975,Rubus idaeus,OpenDryPoor
72976,Rubus idaeus,OpenDryPoor
72977,Rubus idaeus,OpenDryPoor
72978,Rubus idaeus,OpenDryPoor
72979,Rubus idaeus,OpenDryPoor
72980,Rubus idaeus,OpenDryPoor
72981,Rubus idaeus,OpenDryPoor
72982,Rubus idaeus,OpenDryPoor
72983,Rubus idaeus,OpenDryPoor
72984,Rubus idaeus,OpenDryPoor
72985,Rubus idaeus,OpenDryPoor
72986,Rubus idaeus,OpenDryPoor
72987,Rubus idaeus,OpenDryPoor
72988,Rubus idaeus,OpenDryPoor
72989,Rubus idaeus,OpenDryPoor
72990,Rubus idaeus,OpenDryPoor
72991,Rubus idaeus,OpenDryPoor
72992,Rubus idaeus,OpenDryPoor
72993,Rubus idaeus,OpenDryPoor
72994,Rubus idaeus,OpenDryPoor
72995,Rubus idaeus,OpenDryPoor
72996,Rubus idaeus,OpenDryPoor
72997,Rubus idaeus,OpenDryPoor
72998,Rubus idaeus,OpenDryPoor
72999,Rubus idaeus,OpenDryPoor
73000,Rubus idaeus,OpenDryPoor
73001,Rubus idaeus,OpenDryPoor
73002,Rubus idaeus,OpenDryPoor
73003,Rubus idaeus,OpenDryPoor
73004,Rubus idaeus,OpenDryPoor
73005,Rubus idaeus,OpenDryPoor
73006,Rubus idaeus,OpenDryPoor
73007,Rubus idaeus,OpenDryPoor
73008,Rubus idaeus,OpenDryPoor
73009,Rubus idaeus,OpenDryPoor
73010,Rubus idaeus,OpenDryPoor
73011,Rubus idaeus,OpenDryPoor
73012,Rubus idaeus,OpenDryPoor
73013,Rubus idaeus,OpenDryPoor
73014,Rubus idaeus,OpenDryPoor
73015,Rubus idaeus,OpenDryPoor
73016,Rubus idaeus,OpenDryPoor
73017,Rubus idaeus,OpenDryPoor
73018,Rubus idaeus,OpenDryPoor
73535,Rubus idaeus,OpenDryPoor
73536,Rubus idaeus,OpenDryPoor
73537,Rubus idaeus,OpenDryPoor
73538,Rubus idaeus,OpenDryPoor
73539,Rubus idaeus,OpenDryPoor
73540,Rubus idaeus,OpenDryPoor
73541,Rubus idaeus,OpenDryPoor
73542,Rubus idaeus,OpenDryPoor
73543,Rubus idaeus,OpenDryPoor
73544,Rubus idaeus,OpenDryPoor
73545,Rubus idaeus,OpenDryPoor
73546,Rubus idaeus,OpenDryPoor
73547,Rubus idaeus,OpenDryPoor
73548,Rubus idaeus,OpenDryPoor
73549,Rubus idaeus,OpenDryPoor
73550,Rubus idaeus,OpenDryPoor
73551,Rubus idaeus,OpenDryPoor
73552,Rubus idaeus,OpenDryPoor
73553,Rubus idaeus,OpenDryPoor
73554,Rubus idaeus,OpenDryPoor
73555,Rubus idaeus,OpenDryPoor
73556,Rubus idaeus,OpenDryPoor
73557,Rubus idaeus,OpenDryPoor
73558,Rubus idaeus,OpenDryPoor
73559,Rubus idaeus,OpenDryPoor
73560,Rubus idaeus,OpenDryPoor
73561,Rubus idaeus,OpenDryPoor
73562,Rubus idaeus,OpenDryPoor
73563,Rubus idaeus,OpenDryPoor
73564,Rubus idaeus,OpenDryPoor
73565,Rubus idaeus,OpenDryPoor
73566,Rubus idaeus,OpenDryPoor
73567,Rubus idaeus,OpenDryPoor
73568,Rubus idaeus,OpenDryPoor
73569,Rubus idaeus,OpenDryPoor
73570,Rubus idaeus,OpenDryPoor
73571,Rubus idaeus,OpenDryPoor
73572,Rubus idaeus,OpenDryPoor
73573,Rubus idaeus,OpenDryPoor
73574,Rubus idaeus,OpenDryPoor
73575,Rubus idaeus,OpenDryPoor
73576,Rubus idaeus,OpenDryPoor
73577,Rubus idaeus,OpenDryPoor
73578,Rubus idaeus,OpenDryPoor
73579,Rubus idaeus,OpenDryPoor
73580,Rubus idaeus,OpenDryPoor
73581,Rubus idaeus,OpenDryPoor
73582,Rubus idaeus,OpenDryPoor
73583,Rubus idaeus,OpenDryPoor
73584,Rubus idaeus,OpenDryPoor
73585,Rubus idaeus,OpenDryPoor
73586,Rubus idaeus,OpenDryPoor
73587,Rubus idaeus,OpenDryPoor
73588,Rubus idaeus,OpenDryPoor
73589,Rubus idaeus,OpenDryPoor
73590,Rubus idaeus,OpenDryPoor
73591,Rubus idaeus,OpenDryPoor
73592,Rubus idaeus,OpenDryPoor
73593,Rubus idaeus,OpenDryPoor
73594,Rubus idaeus,OpenDryPoor
73595,Rubus idaeus,OpenDryPoor
73596,Rubus idaeus,OpenDryPoor
73597,Rubus idaeus,OpenDryPoor
73598,Rubus idaeus,OpenDryPoor
73599,Rubus idaeus,OpenDryPoor
73600,Rubus idaeus,OpenDryPoor
73601,Rubus idaeus,OpenDryPoor
73602,Rubus idaeus,OpenDryPoor
73603,Rubus idaeus,OpenDryPoor
73604,Rubus idaeus,OpenDryPoor
73605,Rubus idaeus,OpenDryPoor
73606,Rubus idaeus,OpenDryPoor
73607,Rubus idaeus,OpenDryPoor
73608,Rubus idaeus,OpenDryPoor
73609,Rubus idaeus,OpenDryPoor
73610,Rubus idaeus,OpenDryPoor
73611,Rubus idaeus,OpenDryPoor
73612,Rubus idaeus,OpenDryPoor
73613,Rubus idaeus,OpenDryPoor
73614,Rubus idaeus,OpenDryPoor
73615,Rubus idaeus,OpenDryPoor
73616,Rubus idaeus,OpenDryPoor
73617,Rubus idaeus,OpenDryPoor
74134,Rubus idaeus,OpenDryPoor
74135,Rubus idaeus,OpenDryPoor
74136,Rubus idaeus,OpenDryPoor
74137,Rubus idaeus,OpenDryPoor
74138,Rubus idaeus,OpenDryPoor
74139,Rubus idaeus,OpenDryPoor
74140,Rubus idaeus,OpenDryPoor
74141,Rubus idaeus,OpenDryPoor
74142,Rubus idaeus,OpenDryPoor
74143,Rubus idaeus,OpenDryPoor
74144,Rubus idaeus,OpenDryPoor
74145,Rubus idaeus,OpenDryPoor
74146,Rubus idaeus,OpenDryPoor
74147,Rubus idaeus,OpenDryPoor
74148,Rubus idaeus,OpenDryPoor
74149,Rubus idaeus,OpenDryPoor
74150,Rubus idaeus,OpenDryPoor
74151,Rubus idaeus,OpenDryPoor
74152,Rubus idaeus,OpenDryPoor
74153,Rubus idaeus,OpenDryPoor
74154,Rubus idaeus,OpenDryPoor
74155,Rubus idaeus,OpenDryPoor
74156,Rubus idaeus,OpenDryPoor
74157,Rubus idaeus,OpenDryPoor
74158,Rubus idaeus,OpenDryPoor
74159,Rubus idaeus,OpenDryPoor
74160,Rubus idaeus,OpenDryPoor
74161,Rubus idaeus,OpenDryPoor
74162,Rubus idaeus,OpenDryPoor
74163,Rubus idaeus,OpenDryPoor
74164,Rubus idaeus,OpenDryPoor
74165,Rubus idaeus,OpenDryPoor
74166,Rubus idaeus,OpenDryPoor
74167,Rubus idaeus,OpenDryPoor
74168,Rubus idaeus,OpenDryPoor
74169,Rubus idaeus,OpenDryPoor
74170,Rubus idaeus,OpenDryPoor
74171,Rubus idaeus,OpenDryPoor
74172,Rubus idaeus,OpenDryPoor
74173,Rubus idaeus,OpenDryPoor
74174,Rubus idaeus,OpenDryPoor
74175,Rubus idaeus,OpenDryPoor
74176,Rubus idaeus,OpenDryPoor
74177,Rubus idaeus,OpenDryPoor
74178,Rubus idaeus,OpenDryPoor
74179,Rubus idaeus,OpenDryPoor
74180,Rubus idaeus,OpenDryPoor
74181,Rubus idaeus,OpenDryPoor
74182,Rubus idaeus,OpenDryPoor
74183,Rubus idaeus,OpenDryPoor
74184,Rubus idaeus,OpenDryPoor
74185,Rubus idaeus,OpenDryPoor
74186,Rubus idaeus,OpenDryPoor
74187,Rubus idaeus,OpenDryPoor
74188,Rubus idaeus,OpenDryPoor
74189,Rubus idaeus,OpenDryPoor
74190,Rubus idaeus,OpenDryPoor
74191,Rubus idaeus,OpenDryPoor
74192,Rubus idaeus,OpenDryPoor
74193,Rubus idaeus,OpenDryPoor
74194,Rubus idaeus,OpenDryPoor
74195,Rubus idaeus,OpenDryPoor
74196,Rubus idaeus,OpenDryPoor
74197,Rubus idaeus,OpenDryPoor
74198,Rubus idaeus,OpenDryPoor
74199,Rubus idaeus,OpenDryPoor
74200,Rubus idaeus,OpenDryPoor
74201,Rubus idaeus,OpenDryPoor
74202,Rubus idaeus,OpenDryPoor
74203,Rubus idaeus,OpenDryPoor
74204,Rubus idaeus,OpenDryPoor
74205,Rubus idaeus,OpenDryPoor
74206,Rubus idaeus,OpenDryPoor
74207,Rubus idaeus,OpenDryPoor
74208,Rubus idaeus,OpenDryPoor
74209,Rubus idaeus,OpenDryPoor
74210,Rubus idaeus,OpenDryPoor
74211,Rubus idaeus,OpenDryPoor
74212,Rubus idaeus,OpenDryPoor
74213,Rubus idaeus,OpenDryPoor
74214,Rubus idaeus,OpenDryPoor
74215,Rubus idaeus,OpenDryPoor
74216,Rubus idaeus,OpenDryPoor
74733,Rubus idaeus,OpenDryPoor
74734,Rubus idaeus,OpenDryPoor
74735,Rubus idaeus,OpenDryPoor
74736,Rubus idaeus,OpenDryPoor
74737,Rubus idaeus,OpenDryPoor
74738,Rubus idaeus,OpenDryPoor
74739,Rubus idaeus,OpenDryPoor
74740,Rubus idaeus,OpenDryPoor
74741,Rubus idaeus,OpenDryPoor
74742,Rubus idaeus,OpenDryPoor
74743,Rubus idaeus,OpenDryPoor
74744,Rubus idaeus,OpenDryPoor
74745,Rubus idaeus,OpenDryPoor
74746,Rubus idaeus,OpenDryPoor
74747,Rubus idaeus,OpenDryPoor
74748,Rubus idaeus,OpenDryPoor
74749,Rubus idaeus,OpenDryPoor
74750,Rubus idaeus,OpenDryPoor
74751,Rubus idaeus,OpenDryPoor
74752,Rubus idaeus,OpenDryPoor
74753,Rubus idaeus,OpenDryPoor
74754,Rubus idaeus,OpenDryPoor
74755,Rubus idaeus,OpenDryPoor
74756,Rubus idaeus,OpenDryPoor
74757,Rubus idaeus,OpenDryPoor
74758,Rubus idaeus,OpenDryPoor
74759,Rubus idaeus,OpenDryPoor
74760,Rubus idaeus,OpenDryPoor
74761,Rubus idaeus,OpenDryPoor
74762,Rubus idaeus,OpenDryPoor
74763,Rubus idaeus,OpenDryPoor
74764,Rubus idaeus,OpenDryPoor
74765,Rubus idaeus,OpenDryPoor
74766,Rubus idaeus,OpenDryPoor
74767,Rubus idaeus,OpenDryPoor
74768,Rubus idaeus,OpenDryPoor
74769,Rubus idaeus,OpenDryPoor
74770,Rubus idaeus,OpenDryPoor
74771,Rubus idaeus,OpenDryPoor
74772,Rubus idaeus,OpenDryPoor
74773,Rubus idaeus,OpenDryPoor
74774,Rubus idaeus,OpenDryPoor
74775,Rubus idaeus,OpenDryPoor
74776,Rubus idaeus,OpenDryPoor
74777,Rubus idaeus,OpenDryPoor
74778,Rubus idaeus,OpenDryPoor
74779,Rubus idaeus,OpenDryPoor
74780,Rubus idaeus,OpenDryPoor
74781,Rubus idaeus,OpenDryPoor
74782,Rubus idaeus,OpenDryPoor
74783,Rubus idaeus,OpenDryPoor
74784,Rubus idaeus,OpenDryPoor
74785,Rubus idaeus,OpenDryPoor
74786,Rubus idaeus,OpenDryPoor
74787,Rubus idaeus,OpenDryPoor
74788,Rubus idaeus,OpenDryPoor
74789,Rubus idaeus,OpenDryPoor
74790,Rubus idaeus,OpenDryPoor
74791,Rubus idaeus,OpenDryPoor
74792,Rubus idaeus,OpenDryPoor
74793,Rubus idaeus,OpenDryPoor
74794,Rubus idaeus,OpenDryPoor
74795,Rubus idaeus,OpenDryPoor
74796,Rubus idaeus,OpenDryPoor
74797,Rubus idaeus,OpenDryPoor
74798,Rubus idaeus,OpenDryPoor
74799,Rubus idaeus,OpenDryPoor
74800,Rubus idaeus,OpenDryPoor
74801,Rubus idaeus,OpenDryPoor
74802,Rubus idaeus,OpenDryPoor
74803,Rubus idaeus,OpenDryPoor
74804,Rubus idaeus,OpenDryPoor
74805,Rubus idaeus,OpenDryPoor
74806,Rubus idaeus,OpenDryPoor
74807,Rubus idaeus,OpenDryPoor
74808,Rubus idaeus,OpenDryPoor
74809,Rubus idaeus,OpenDryPoor
74810,Rubus idaeus,OpenDryPoor
74811,Rubus idaeus,OpenDryPoor
74812,Rubus idaeus,OpenDryPoor
75332,Rubus idaeus,OpenDryPoor
75333,Rubus idaeus,OpenDryPoor
75334,Rubus idaeus,OpenDryPoor
75335,Rubus idaeus,OpenDryPoor
75336,Rubus idaeus,OpenDryPoor
75337,Rubus idaeus,OpenDryPoor
75338,Rubus idaeus,OpenDryPoor
75339,Rubus idaeus,OpenDryPoor
75340,Rubus idaeus,OpenDryPoor
75341,Rubus idaeus,OpenDryPoor
75342,Rubus idaeus,OpenDryPoor
75343,Rubus idaeus,OpenDryPoor
75344,Rubus idaeus,OpenDryPoor
75345,Rubus idaeus,OpenDryPoor
75346,Rubus idaeus,OpenDryPoor
75347,Rubus idaeus,OpenDryPoor
75348,Rubus idaeus,OpenDryPoor
75349,Rubus idaeus,OpenDryPoor
75350,Rubus idaeus,OpenDryPoor
75351,Rubus idaeus,OpenDryPoor
75352,Rubus idaeus,OpenDryPoor
75353,Rubus idaeus,OpenDryPoor
75354,Rubus idaeus,OpenDryPoor
75355,Rubus idaeus,OpenDryPoor
75356,Rubus idaeus,OpenDryPoor
75357,Rubus idaeus,OpenDryPoor
75358,Rubus idaeus,OpenDryPoor
75359,Rubus idaeus,OpenDryPoor
75360,Rubus idaeus,OpenDryPoor
75361,Rubus idaeus,OpenDryPoor
75362,Rubus idaeus,OpenDryPoor
75363,Rubus idaeus,OpenDryPoor
75364,Rubus idaeus,OpenDryPoor
75365,Rubus idaeus,OpenDryPoor
75366,Rubus idaeus,OpenDryPoor
75367,Rubus idaeus,OpenDryPoor
75368,Rubus idaeus,OpenDryPoor
75369,Rubus idaeus,OpenDryPoor
75370,Rubus idaeus,OpenDryPoor
75371,Rubus idaeus,OpenDryPoor
75372,Rubus idaeus,OpenDryPoor
75373,Rubus idaeus,OpenDryPoor
75374,Rubus idaeus,OpenDryPoor
75375,Rubus idaeus,OpenDryPoor
75376,Rubus idaeus,OpenDryPoor
75377,Rubus idaeus,OpenDryPoor
75378,Rubus idaeus,OpenDryPoor
75379,Rubus idaeus,OpenDryPoor
75380,Rubus idaeus,OpenDryPoor
75381,Rubus idaeus,OpenDryPoor
75382,Rubus idaeus,OpenDryPoor
75383,Rubus idaeus,OpenDryPoor
75384,Rubus idaeus,OpenDryPoor
75385,Rubus idaeus,OpenDryPoor
75386,Rubus idaeus,OpenDryPoor
75387,Rubus idaeus,OpenDryPoor
75388,Rubus idaeus,OpenDryPoor
75389,Rubus idaeus,OpenDryPoor
75390,Rubus idaeus,OpenDryPoor
75391,Rubus idaeus,OpenDryPoor
75392,Rubus idaeus,OpenDryPoor
75393,Rubus idaeus,OpenDryPoor
75394,Rubus idaeus,OpenDryPoor
75395,Rubus idaeus,OpenDryPoor
75396,Rubus idaeus,OpenDryPoor
75397,Rubus idaeus,OpenDryPoor
75398,Rubus idaeus,OpenDryPoor
75399,Rubus idaeus,OpenDryPoor
75400,Rubus idaeus,OpenDryPoor
75401,Rubus idaeus,OpenDryPoor
75402,Rubus idaeus,OpenDryPoor
75403,Rubus idaeus,OpenDryPoor
75404,Rubus idaeus,OpenDryPoor
75405,Rubus idaeus,OpenDryPoor
75406,Rubus idaeus,OpenDryPoor
75407,Rubus idaeus,OpenDryPoor
75408,Rubus idaeus,OpenDryPoor
75409,Rubus idaeus,OpenDryPoor
75410,Rubus idaeus,OpenDryPoor
75411,Rubus idaeus,OpenDryPoor
75931,Rubus idaeus,OpenDryPoor
75932,Rubus idaeus,OpenDryPoor
75933,Rubus idaeus,OpenDryPoor
75934,Rubus idaeus,OpenDryPoor
75935,Rubus idaeus,OpenDryPoor
75936,Rubus idaeus,OpenDryPoor
75937,Rubus idaeus,OpenDryPoor
75938,Rubus idaeus,OpenDryPoor
75939,Rubus idaeus,OpenDryPoor
75940,Rubus idaeus,OpenDryPoor
75941,Rubus idaeus,OpenDryPoor
75942,Rubus idaeus,OpenDryPoor
75943,Rubus idaeus,OpenDryPoor
75944,Rubus idaeus,OpenDryPoor
75945,Rubus idaeus,OpenDryPoor
75946,Rubus idaeus,OpenDryPoor
75947,Rubus idaeus,OpenDryPoor
75948,Rubus idaeus,OpenDryPoor
75949,Rubus idaeus,OpenDryPoor
75950,Rubus idaeus,OpenDryPoor
75951,Rubus idaeus,OpenDryPoor
75952,Rubus idaeus,OpenDryPoor
75953,Rubus idaeus,OpenDryPoor
75954,Rubus idaeus,OpenDryPoor
75955,Rubus idaeus,OpenDryPoor
75956,Rubus idaeus,OpenDryPoor
75957,Rubus idaeus,OpenDryPoor
75958,Rubus idaeus,OpenDryPoor
75959,Rubus idaeus,OpenDryPoor
75960,Rubus idaeus,OpenDryPoor
75961,Rubus idaeus,OpenDryPoor
75962,Rubus idaeus,OpenDryPoor
75963,Rubus idaeus,OpenDryPoor
75964,Rubus idaeus,OpenDryPoor
75965,Rubus idaeus,OpenDryPoor
75966,Rubus idaeus,OpenDryPoor
75967,Rubus idaeus,OpenDryPoor
75968,Rubus idaeus,OpenDryPoor
75969,Rubus idaeus,OpenDryPoor
75970,Rubus idaeus,OpenDryPoor
75971,Rubus idaeus,OpenDryPoor
75972,Rubus idaeus,OpenDryPoor
75973,Rubus idaeus,OpenDryPoor
75974,Rubus idaeus,OpenDryPoor
75975,Rubus idaeus,OpenDryPoor
75976,Rubus idaeus,OpenDryPoor
75977,Rubus idaeus,OpenDryPoor
75978,Rubus idaeus,OpenDryPoor
75979,Rubus idaeus,OpenDryPoor
75980,Rubus idaeus,OpenDryPoor
75981,Rubus idaeus,OpenDryPoor
75982,Rubus idaeus,OpenDryPoor
75983,Rubus idaeus,OpenDryPoor
75984,Rubus idaeus,OpenDryPoor
75985,Rubus idaeus,OpenDryPoor
75986,Rubus idaeus,OpenDryPoor
75987,Rubus idaeus,OpenDryPoor
75988,Rubus idaeus,OpenDryPoor
75989,Rubus idaeus,OpenDryPoor
75990,Rubus idaeus,OpenDryPoor
75991,Rubus idaeus,OpenDryPoor
75992,Rubus idaeus,OpenDryPoor
75993,Rubus idaeus,OpenDryPoor
75994,Rubus idaeus,OpenDryPoor
75995,Rubus idaeus,OpenDryPoor
75996,Rubus idaeus,OpenDryPoor
75997,Rubus idaeus,OpenDryPoor
75998,Rubus idaeus,OpenDryPoor
75999,Rubus idaeus,OpenDryPoor
76000,Rubus idaeus,OpenDryPoor
76001,Rubus idaeus,OpenDryPoor
76002,Rubus idaeus,OpenDryPoor
76003,Rubus idaeus,OpenDryPoor
76004,Rubus idaeus,OpenDryPoor
76005,Rubus idaeus,OpenDryPoor
76006,Rubus idaeus,OpenDryPoor
76007,Rubus idaeus,OpenDryPoor
76008,Rubus idaeus,OpenDryPoor
76009,Rubus idaeus,OpenDryPoor
76010,Rubus idaeus,OpenDryPoor
76530,Rubus idaeus,OpenDryPoor
76531,Rubus idaeus,OpenDryPoor
76532,Rubus idaeus,OpenDryPoor
76533,Rubus idaeus,OpenDryPoor
76534,Rubus idaeus,OpenDryPoor
76535,Rubus idaeus,OpenDryPoor
76536,Rubus idaeus,OpenDryPoor
76537,Rubus idaeus,OpenDryPoor
76538,Rubus idaeus,OpenDryPoor
76539,Rubus idaeus,OpenDryPoor
76540,Rubus idaeus,OpenDryPoor
76541,Rubus idaeus,OpenDryPoor
76542,Rubus idaeus,OpenDryPoor
76543,Rubus idaeus,OpenDryPoor
76544,Rubus idaeus,OpenDryPoor
76545,Rubus idaeus,OpenDryPoor
76546,Rubus idaeus,OpenDryPoor
76547,Rubus idaeus,OpenDryPoor
76548,Rubus idaeus,OpenDryPoor
76549,Rubus idaeus,OpenDryPoor
76550,Rubus idaeus,OpenDryPoor
76551,Rubus idaeus,OpenDryPoor
76552,Rubus idaeus,OpenDryPoor
76553,Rubus idaeus,OpenDryPoor
76554,Rubus idaeus,OpenDryPoor
76555,Rubus idaeus,OpenDryPoor
76556,Rubus idaeus,OpenDryPoor
76557,Rubus idaeus,OpenDryPoor
76558,Rubus idaeus,OpenDryPoor
76559,Rubus idaeus,OpenDryPoor
76560,Rubus idaeus,OpenDryPoor
76561,Rubus idaeus,OpenDryPoor
76562,Rubus idaeus,OpenDryPoor
76563,Rubus idaeus,OpenDryPoor
76564,Rubus idaeus,OpenDryPoor
76565,Rubus idaeus,OpenDryPoor
76566,Rubus idaeus,OpenDryPoor
76567,Rubus idaeus,OpenDryPoor
76568,Rubus idaeus,OpenDryPoor
76569,Rubus idaeus,OpenDryPoor
76570,Rubus idaeus,OpenDryPoor
76571,Rubus idaeus,OpenDryPoor
76572,Rubus idaeus,OpenDryPoor
76573,Rubus idaeus,OpenDryPoor
76574,Rubus idaeus,OpenDryPoor
76575,Rubus idaeus,OpenDryPoor
76576,Rubus idaeus,OpenDryPoor
76577,Rubus idaeus,OpenDryPoor
76578,Rubus idaeus,OpenDryPoor
76579,Rubus idaeus,OpenDryPoor
76580,Rubus idaeus,OpenDryPoor
76581,Rubus idaeus,OpenDryPoor
76582,Rubus idaeus,OpenDryPoor
76583,Rubus idaeus,OpenDryPoor
76584,Rubus idaeus,OpenDryPoor
76585,Rubus idaeus,OpenDryPoor
76586,Rubus idaeus,OpenDryPoor
76587,Rubus idaeus,OpenDryPoor
76588,Rubus idaeus,OpenDryPoor
76589,Rubus idaeus,OpenDryPoor
76590,Rubus idaeus,OpenDryPoor
76591,Rubus idaeus,OpenDryPoor
76592,Rubus idaeus,OpenDryPoor
76593,Rubus idaeus,OpenDryPoor
76594,Rubus idaeus,OpenDryPoor
76595,Rubus idaeus,OpenDryPoor
76596,Rubus idaeus,OpenDryPoor
76597,Rubus idaeus,OpenDryPoor
76598,Rubus idaeus,OpenDryPoor
76599,Rubus idaeus,OpenDryPoor
76600,Rubus idaeus,OpenDryPoor
76601,Rubus idaeus,OpenDryPoor
76602,Rubus idaeus,OpenDryPoor
76603,Rubus idaeus,OpenDryPoor
76604,Rubus idaeus,OpenDryPoor
76605,Rubus idaeus,OpenDryPoor
76606,Rubus idaeus,OpenDryPoor
76607,Rubus idaeus,OpenDryPoor
76608,Rubus idaeus,OpenDryPoor
76609,Rubus idaeus,OpenDryPoor
77129,Rubus idaeus,OpenDryPoor
77130,Rubus idaeus,OpenDryPoor
77131,Rubus idaeus,OpenDryPoor
77132,Rubus idaeus,OpenDryPoor
77133,Rubus idaeus,OpenDryPoor
77134,Rubus idaeus,OpenDryPoor
77135,Rubus idaeus,OpenDryPoor
77136,Rubus idaeus,OpenDryPoor
77137,Rubus idaeus,OpenDryPoor
77138,Rubus idaeus,OpenDryPoor
77139,Rubus idaeus,OpenDryPoor
77140,Rubus idaeus,OpenDryPoor
77141,Rubus idaeus,OpenDryPoor
77142,Rubus idaeus,OpenDryPoor
77143,Rubus idaeus,OpenDryPoor
77144,Rubus idaeus,OpenDryPoor
77145,Rubus idaeus,OpenDryPoor
77146,Rubus idaeus,OpenDryPoor
77147,Rubus idaeus,OpenDryPoor
77148,Rubus idaeus,OpenDryPoor
77149,Rubus idaeus,OpenDryPoor
77150,Rubus idaeus,OpenDryPoor
77151,Rubus idaeus,OpenDryPoor
77152,Rubus idaeus,OpenDryPoor
77153,Rubus idaeus,OpenDryPoor
77154,Rubus idaeus,OpenDryPoor
77155,Rubus idaeus,OpenDryPoor
77156,Rubus idaeus,OpenDryPoor
77157,Rubus idaeus,OpenDryPoor
77158,Rubus idaeus,OpenDryPoor
77159,Rubus idaeus,OpenDryPoor
77160,Rubus idaeus,OpenDryPoor
77161,Rubus idaeus,OpenDryPoor
77162,Rubus idaeus,OpenDryPoor
77163,Rubus idaeus,OpenDryPoor
77164,Rubus idaeus,OpenDryPoor
77165,Rubus idaeus,OpenDryPoor
77166,Rubus idaeus,OpenDryPoor
77167,Rubus idaeus,OpenDryPoor
77168,Rubus idaeus,OpenDryPoor
77169,Rubus idaeus,OpenDryPoor
77170,Rubus idaeus,OpenDryPoor
77171,Rubus idaeus,OpenDryPoor
77172,Rubus idaeus,OpenDryPoor
77173,Rubus idaeus,OpenDryPoor
77174,Rubus idaeus,OpenDryPoor
77175,Rubus idaeus,OpenDryPoor
77176,Rubus idaeus,OpenDryPoor
77177,Rubus idaeus,OpenDryPoor
77178,Rubus idaeus,OpenDryPoor
77179,Rubus idaeus,OpenDryPoor
77180,Rubus idaeus,OpenDryPoor
77181,Rubus idaeus,OpenDryPoor
77182,Rubus idaeus,OpenDryPoor
77183,Rubus idaeus,OpenDryPoor
77184,Rubus idaeus,OpenDryPoor
77185,Rubus idaeus,OpenDryPoor
77186,Rubus idaeus,OpenDryPoor
77187,Rubus idaeus,OpenDryPoor
77188,Rubus idaeus,OpenDryPoor
77189,Rubus idaeus,OpenDryPoor
77190,Rubus idaeus,OpenDryPoor
77191,Rubus idaeus,OpenDryPoor
77192,Rubus idaeus,OpenDryPoor
77193,Rubus idaeus,OpenDryPoor
77194,Rubus idaeus,OpenDryPoor
77195,Rubus idaeus,OpenDryPoor
77196,Rubus idaeus,OpenDryPoor
77197,Rubus idaeus,OpenDryPoor
77198,Rubus idaeus,OpenDryPoor
77199,Rubus idaeus,OpenDryPoor
77200,Rubus idaeus,OpenDryPoor
77201,Rubus idaeus,OpenDryPoor
77202,Rubus idaeus,OpenDryPoor
77203,Rubus idaeus,OpenDryPoor
77204,Rubus idaeus,OpenDryPoor
77205,Rubus idaeus,OpenDryPoor
77206,Rubus idaeus,OpenDryPoor
77207,Rubus idaeus,OpenDryPoor
77208,Rubus idaeus,OpenDryPoor
77728,Rubus idaeus,OpenDryPoor
77729,Rubus idaeus,OpenDryPoor
77730,Rubus idaeus,OpenDryPoor
77731,Rubus idaeus,OpenDryPoor
77732,Rubus idaeus,OpenDryPoor
77733,Rubus idaeus,OpenDryPoor
77734,Rubus idaeus,OpenDryPoor
77735,Rubus idaeus,OpenDryPoor
77736,Rubus idaeus,OpenDryPoor
77737,Rubus idaeus,OpenDryPoor
77738,Rubus idaeus,OpenDryPoor
77739,Rubus idaeus,OpenDryPoor
77740,Rubus idaeus,OpenDryPoor
77741,Rubus idaeus,OpenDryPoor
77742,Rubus idaeus,OpenDryPoor
77743,Rubus idaeus,OpenDryPoor
77744,Rubus idaeus,OpenDryPoor
77745,Rubus idaeus,OpenDryPoor
77746,Rubus idaeus,OpenDryPoor
77747,Rubus idaeus,OpenDryPoor
77748,Rubus idaeus,OpenDryPoor
77749,Rubus idaeus,OpenDryPoor
77750,Rubus idaeus,OpenDryPoor
77751,Rubus idaeus,OpenDryPoor
77752,Rubus idaeus,OpenDryPoor
77753,Rubus idaeus,OpenDryPoor
77754,Rubus idaeus,OpenDryPoor
77755,Rubus idaeus,OpenDryPoor
77756,Rubus idaeus,OpenDryPoor
77757,Rubus idaeus,OpenDryPoor
77758,Rubus idaeus,OpenDryPoor
77759,Rubus idaeus,OpenDryPoor
77760,Rubus idaeus,OpenDryPoor
77761,Rubus idaeus,OpenDryPoor
77762,Rubus idaeus,OpenDryPoor
77763,Rubus idaeus,OpenDryPoor
77764,Rubus idaeus,OpenDryPoor
77765,Rubus idaeus,OpenDryPoor
77766,Rubus idaeus,OpenDryPoor
77767,Rubus idaeus,OpenDryPoor
77768,Rubus idaeus,OpenDryPoor
77769,Rubus idaeus,OpenDryPoor
77770,Rubus idaeus,OpenDryPoor
77771,Rubus idaeus,OpenDryPoor
77772,Rubus idaeus,OpenDryPoor
77773,Rubus idaeus,OpenDryPoor
77774,Rubus idaeus,OpenDryPoor
77775,Rubus idaeus,OpenDryPoor
77776,Rubus idaeus,OpenDryPoor
77777,Rubus idaeus,OpenDryPoor
77778,Rubus idaeus,OpenDryPoor
77779,Rubus idaeus,OpenDryPoor
77780,Rubus idaeus,OpenDryPoor
77781,Rubus idaeus,OpenDryPoor
77782,Rubus idaeus,OpenDryPoor
77783,Rubus idaeus,OpenDryPoor
77784,Rubus idaeus,OpenDryPoor
77785,Rubus idaeus,OpenDryPoor
77786,Rubus idaeus,OpenDryPoor
77787,Rubus idaeus,OpenDryPoor
77788,Rubus idaeus,OpenDryPoor
77789,Rubus idaeus,OpenDryPoor
77790,Rubus idaeus,OpenDryPoor
77791,Rubus idaeus,OpenDryPoor
77792,Rubus idaeus,OpenDryPoor
77793,Rubus idaeus,OpenDryPoor
77794,Rubus idaeus,OpenDryPoor
77795,Rubus idaeus,OpenDryPoor
77796,Rubus idaeus,OpenDryPoor
77797,Rubus idaeus,OpenDryPoor
77798,Rubus idaeus,OpenDryPoor
77799,Rubus idaeus,OpenDryPoor
77800,Rubus idaeus,OpenDryPoor
77801,Rubus idaeus,OpenDryPoor
77802,Rubus idaeus,OpenDryPoor
77803,Rubus idaeus,OpenDryPoor
77804,Rubus idaeus,OpenDryPoor
77805,Rubus idaeus,OpenDryPoor
77806,Rubus idaeus,OpenDryPoor
77807,Rubus idaeus,OpenDryPoor
78327,Rubus idaeus,OpenDryPoor
78328,Rubus idaeus,OpenDryPoor
78329,Rubus idaeus,OpenDryPoor
78330,Rubus idaeus,OpenDryPoor
78331,Rubus idaeus,OpenDryPoor
78332,Rubus idaeus,OpenDryPoor
78333,Rubus idaeus,OpenDryPoor
78334,Rubus idaeus,OpenDryPoor
78335,Rubus idaeus,OpenDryPoor
78336,Rubus idaeus,OpenDryPoor
78337,Rubus idaeus,OpenDryPoor
78338,Rubus idaeus,OpenDryPoor
78339,Rubus idaeus,OpenDryPoor
78340,Rubus idaeus,OpenDryPoor
78341,Rubus idaeus,OpenDryPoor
78342,Rubus idaeus,OpenDryPoor
78343,Rubus idaeus,OpenDryPoor
78344,Rubus idaeus,OpenDryPoor
78345,Rubus idaeus,OpenDryPoor
78346,Rubus idaeus,OpenDryPoor
78347,Rubus idaeus,OpenDryPoor
78348,Rubus idaeus,OpenDryPoor
78349,Rubus idaeus,OpenDryPoor
78350,Rubus idaeus,OpenDryPoor
78351,Rubus idaeus,OpenDryPoor
78352,Rubus idaeus,OpenDryPoor
78353,Rubus idaeus,OpenDryPoor
78354,Rubus idaeus,OpenDryPoor
78355,Rubus idaeus,OpenDryPoor
78356,Rubus idaeus,OpenDryPoor
78357,Rubus idaeus,OpenDryPoor
78358,Rubus idaeus,OpenDryPoor
78359,Rubus idaeus,OpenDryPoor
78360,Rubus idaeus,OpenDryPoor
78361,Rubus idaeus,OpenDryPoor
78362,Rubus idaeus,OpenDryPoor
78363,Rubus idaeus,OpenDryPoor
78364,Rubus idaeus,OpenDryPoor
78365,Rubus idaeus,OpenDryPoor
78366,Rubus idaeus,OpenDryPoor
78367,Rubus idaeus,OpenDryPoor
78368,Rubus idaeus,OpenDryPoor
78369,Rubus idaeus,OpenDryPoor
78370,Rubus idaeus,OpenDryPoor
78371,Rubus idaeus,OpenDryPoor
78372,Rubus idaeus,OpenDryPoor
78373,Rubus idaeus,OpenDryPoor
78374,Rubus idaeus,OpenDryPoor
78375,Rubus idaeus,OpenDryPoor
78376,Rubus idaeus,OpenDryPoor
78377,Rubus idaeus,OpenDryPoor
78378,Rubus idaeus,OpenDryPoor
78379,Rubus idaeus,OpenDryPoor
78380,Rubus idaeus,OpenDryPoor
78381,Rubus idaeus,OpenDryPoor
78382,Rubus idaeus,OpenDryPoor
78383,Rubus idaeus,OpenDryPoor
78384,Rubus idaeus,OpenDryPoor
78385,Rubus idaeus,OpenDryPoor
78386,Rubus idaeus,OpenDryPoor
78387,Rubus idaeus,OpenDryPoor
78388,Rubus idaeus,OpenDryPoor
78389,Rubus idaeus,OpenDryPoor
78390,Rubus idaeus,OpenDryPoor
78391,Rubus idaeus,OpenDryPoor
78392,Rubus idaeus,OpenDryPoor
78393,Rubus idaeus,OpenDryPoor
78394,Rubus idaeus,OpenDryPoor
78395,Rubus idaeus,OpenDryPoor
78396,Rubus idaeus,OpenDryPoor
78397,Rubus idaeus,OpenDryPoor
78398,Rubus idaeus,OpenDryPoor
78399,Rubus idaeus,OpenDryPoor
78400,Rubus idaeus,OpenDryPoor
78401,Rubus idaeus,OpenDryPoor
78402,Rubus idaeus,OpenDryPoor
78403,Rubus idaeus,OpenDryPoor
78404,Rubus idaeus,OpenDryPoor
78405,Rubus idaeus,OpenDryPoor
78406,Rubus idaeus,OpenDryPoor
78926,Rubus idaeus,OpenDryPoor
78927,Rubus idaeus,OpenDryPoor
78928,Rubus idaeus,OpenDryPoor
78929,Rubus idaeus,OpenDryPoor
78930,Rubus idaeus,OpenDryPoor
78931,Rubus idaeus,OpenDryPoor
78932,Rubus idaeus,OpenDryPoor
78933,Rubus idaeus,OpenDryPoor
78934,Rubus idaeus,OpenDryPoor
78935,Rubus idaeus,OpenDryPoor
78936,Rubus idaeus,OpenDryPoor
78937,Rubus idaeus,OpenDryPoor
78938,Rubus idaeus,OpenDryPoor
78939,Rubus idaeus,OpenDryPoor
78940,Rubus idaeus,OpenDryPoor
78941,Rubus idaeus,OpenDryPoor
78942,Rubus idaeus,OpenDryPoor
78943,Rubus idaeus,OpenDryPoor
78944,Rubus idaeus,OpenDryPoor
78945,Rubus idaeus,OpenDryPoor
78946,Rubus idaeus,OpenDryPoor
78947,Rubus idaeus,OpenDryPoor
78948,Rubus idaeus,OpenDryPoor
78949,Rubus idaeus,OpenDryPoor
78950,Rubus idaeus,OpenDryPoor
78951,Rubus idaeus,OpenDryPoor
78952,Rubus idaeus,OpenDryPoor
78953,Rubus idaeus,OpenDryPoor
78954,Rubus idaeus,OpenDryPoor
78955,Rubus idaeus,OpenDryPoor
78956,Rubus idaeus,OpenDryPoor
78957,Rubus idaeus,OpenDryPoor
78958,Rubus idaeus,OpenDryPoor
78959,Rubus idaeus,OpenDryPoor
78960,Rubus idaeus,OpenDryPoor
78961,Rubus idaeus,OpenDryPoor
78962,Rubus idaeus,OpenDryPoor
78963,Rubus idaeus,OpenDryPoor
78964,Rubus idaeus,OpenDryPoor
78965,Rubus idaeus,OpenDryPoor
78966,Rubus idaeus,OpenDryPoor
78967,Rubus idaeus,OpenDryPoor
78968,Rubus idaeus,OpenDryPoor
78969,Rubus idaeus,OpenDryPoor
78970,Rubus idaeus,OpenDryPoor
78971,Rubus idaeus,OpenDryPoor
78972,Rubus idaeus,OpenDryPoor
78973,Rubus idaeus,OpenDryPoor
78974,Rubus idaeus,OpenDryPoor
78975,Rubus idaeus,OpenDryPoor
78976,Rubus idaeus,OpenDryPoor
78977,Rubus idaeus,OpenDryPoor
78978,Rubus idaeus,OpenDryPoor
78979,Rubus idaeus,OpenDryPoor
78980,Rubus idaeus,OpenDryPoor
78981,Rubus idaeus,OpenDryPoor
78982,Rubus idaeus,OpenDryPoor
78983,Rubus idaeus,OpenDryPoor
78984,Rubus idaeus,OpenDryPoor
78985,Rubus idaeus,OpenDryPoor
78986,Rubus idaeus,OpenDryPoor
78987,Rubus idaeus,OpenDryPoor
78988,Rubus idaeus,OpenDryPoor
78989,Rubus idaeus,OpenDryPoor
78990,Rubus idaeus,OpenDryPoor
78991,Rubus idaeus,OpenDryPoor
78992,Rubus idaeus,OpenDryPoor
78993,Rubus idaeus,OpenDryPoor
78994,Rubus idaeus,OpenDryPoor
78995,Rubus idaeus,OpenDryPoor
78996,Rubus idaeus,OpenDryPoor
78997,Rubus idaeus,OpenDryPoor
78998,Rubus idaeus,OpenDryPoor
78999,Rubus idaeus,OpenDryPoor
79000,Rubus idaeus,OpenDryPoor
79001,Rubus idaeus,OpenDryPoor
79002,Rubus idaeus,OpenDryPoor
79003,Rubus idaeus,OpenDryPoor
79004,Rubus idaeus,OpenDryPoor
79005,Rubus idaeus,OpenDryPoor
79525,Rubus idaeus,OpenDryPoor
79526,Rubus idaeus,OpenDryPoor
79527,Rubus idaeus,OpenDryPoor
79528,Rubus idaeus,OpenDryPoor
79529,Rubus idaeus,OpenDryPoor
79530,Rubus idaeus,OpenDryPoor
79531,Rubus idaeus,OpenDryPoor
79532,Rubus idaeus,OpenDryPoor
79533,Rubus idaeus,OpenDryPoor
79534,Rubus idaeus,OpenDryPoor
79535,Rubus idaeus,OpenDryPoor
79536,Rubus idaeus,OpenDryPoor
79537,Rubus idaeus,OpenDryPoor
79538,Rubus idaeus,OpenDryPoor
79539,Rubus idaeus,OpenDryPoor
79540,Rubus idaeus,OpenDryPoor
79541,Rubus idaeus,OpenDryPoor
79542,Rubus idaeus,OpenDryPoor
79543,Rubus idaeus,OpenDryPoor
79544,Rubus idaeus,OpenDryPoor
79545,Rubus idaeus,OpenDryPoor
79546,Rubus idaeus,OpenDryPoor
79547,Rubus idaeus,OpenDryPoor
79548,Rubus idaeus,OpenDryPoor
79549,Rubus idaeus,OpenDryPoor
79550,Rubus idaeus,OpenDryPoor
79551,Rubus idaeus,OpenDryPoor
79552,Rubus idaeus,OpenDryPoor
79553,Rubus idaeus,OpenDryPoor
79554,Rubus idaeus,OpenDryPoor
79555,Rubus idaeus,OpenDryPoor
79556,Rubus idaeus,OpenDryPoor
79557,Rubus idaeus,OpenDryPoor
79558,Rubus idaeus,OpenDryPoor
79559,Rubus idaeus,OpenDryPoor
79560,Rubus idaeus,OpenDryPoor
79561,Rubus idaeus,OpenDryPoor
79562,Rubus idaeus,OpenDryPoor
79563,Rubus idaeus,OpenDryPoor
79564,Rubus idaeus,OpenDryPoor
79565,Rubus idaeus,OpenDryPoor
79566,Rubus idaeus,OpenDryPoor
79567,Rubus idaeus,OpenDryPoor
79568,Rubus idaeus,OpenDryPoor
79569,Rubus idaeus,OpenDryPoor
79570,Rubus idaeus,OpenDryPoor
79571,Rubus idaeus,OpenDryPoor
79572,Rubus idaeus,OpenDryPoor
79573,Rubus idaeus,OpenDryPoor
79574,Rubus idaeus,OpenDryPoor
79575,Rubus idaeus,OpenDryPoor
79576,Rubus idaeus,OpenDryPoor
79577,Rubus idaeus,OpenDryPoor
79578,Rubus idaeus,OpenDryPoor
79579,Rubus idaeus,OpenDryPoor
79580,Rubus idaeus,OpenDryPoor
79581,Rubus idaeus,OpenDryPoor
79582,Rubus idaeus,OpenDryPoor
79583,Rubus idaeus,OpenDryPoor
79584,Rubus idaeus,OpenDryPoor
79585,Rubus idaeus,OpenDryPoor
79586,Rubus idaeus,OpenDryPoor
79587,Rubus idaeus,OpenDryPoor
79588,Rubus idaeus,OpenDryPoor
79589,Rubus idaeus,OpenDryPoor
79590,Rubus idaeus,OpenDryPoor
79591,Rubus idaeus,OpenDryPoor
79592,Rubus idaeus,OpenDryPoor
79593,Rubus idaeus,OpenDryPoor
79594,Rubus idaeus,OpenDryPoor
79595,Rubus idaeus,OpenDryPoor
79596,Rubus idaeus,OpenDryPoor
79597,Rubus idaeus,OpenDryPoor
79598,Rubus idaeus,OpenDryPoor
79599,Rubus idaeus,OpenDryPoor
79600,Rubus idaeus,OpenDryPoor
79601,Rubus idaeus,OpenDryPoor
79602,Rubus idaeus,OpenDryPoor
79603,Rubus idaeus,OpenDryPoor
79604,Rubus idaeus,OpenDryPoor
80124,Rubus idaeus,OpenDryPoor
80125,Rubus idaeus,OpenDryPoor
80126,Rubus idaeus,OpenDryPoor
80127,Rubus idaeus,OpenDryPoor
80128,Rubus idaeus,OpenDryPoor
80129,Rubus idaeus,OpenDryPoor
80130,Rubus idaeus,OpenDryPoor
80131,Rubus idaeus,OpenDryPoor
80132,Rubus idaeus,OpenDryPoor
80133,Rubus idaeus,OpenDryPoor
80134,Rubus idaeus,OpenDryPoor
80135,Rubus idaeus,OpenDryPoor
80136,Rubus idaeus,OpenDryPoor
80137,Rubus idaeus,OpenDryPoor
80138,Rubus idaeus,OpenDryPoor
80139,Rubus idaeus,OpenDryPoor
80140,Rubus idaeus,OpenDryPoor
80141,Rubus idaeus,OpenDryPoor
80142,Rubus idaeus,OpenDryPoor
80143,Rubus idaeus,OpenDryPoor
80144,Rubus idaeus,OpenDryPoor
80145,Rubus idaeus,OpenDryPoor
80146,Rubus idaeus,OpenDryPoor
80147,Rubus idaeus,OpenDryPoor
80148,Rubus idaeus,OpenDryPoor
80149,Rubus idaeus,OpenDryPoor
80150,Rubus idaeus,OpenDryPoor
80151,Rubus idaeus,OpenDryPoor
80152,Rubus idaeus,OpenDryPoor
80153,Rubus idaeus,OpenDryPoor
80154,Rubus idaeus,OpenDryPoor
80155,Rubus idaeus,OpenDryPoor
80156,Rubus idaeus,OpenDryPoor
80157,Rubus idaeus,OpenDryPoor
80158,Rubus idaeus,OpenDryPoor
80159,Rubus idaeus,OpenDryPoor
80160,Rubus idaeus,OpenDryPoor
80161,Rubus idaeus,OpenDryPoor
80162,Rubus idaeus,OpenDryPoor
80163,Rubus idaeus,OpenDryPoor
80164,Rubus idaeus,OpenDryPoor
80165,Rubus idaeus,OpenDryPoor
80166,Rubus idaeus,OpenDryPoor
80167,Rubus idaeus,OpenDryPoor
80168,Rubus idaeus,OpenDryPoor
80169,Rubus idaeus,OpenDryPoor
80170,Rubus idaeus,OpenDryPoor
80171,Rubus idaeus,OpenDryPoor
80172,Rubus idaeus,OpenDryPoor
80173,Rubus idaeus,OpenDryPoor
80174,Rubus idaeus,OpenDryPoor
80175,Rubus idaeus,OpenDryPoor
80176,Rubus idaeus,OpenDryPoor
80177,Rubus idaeus,OpenDryPoor
80178,Rubus idaeus,OpenDryPoor
80179,Rubus idaeus,OpenDryPoor
80180,Rubus idaeus,OpenDryPoor
80181,Rubus idaeus,OpenDryPoor
80182,Rubus idaeus,OpenDryPoor
80183,Rubus idaeus,OpenDryPoor
80184,Rubus idaeus,OpenDryPoor
80185,Rubus idaeus,OpenDryPoor
80186,Rubus idaeus,OpenDryPoor
80187,Rubus idaeus,OpenDryPoor
80188,Rubus idaeus,OpenDryPoor
80189,Rubus idaeus,OpenDryPoor
80190,Rubus idaeus,OpenDryPoor
80191,Rubus idaeus,OpenDryPoor
80192,Rubus idaeus,OpenDryPoor
80193,Rubus idaeus,OpenDryPoor
80194,Rubus idaeus,OpenDryPoor
80195,Rubus idaeus,OpenDryPoor
80196,Rubus idaeus,OpenDryPoor
80197,Rubus idaeus,OpenDryPoor
80198,Rubus idaeus,OpenDryPoor
80199,Rubus idaeus,OpenDryPoor
80200,Rubus idaeus,OpenDryPoor
80201,Rubus idaeus,OpenDryPoor
80202,Rubus idaeus,OpenDryPoor
80203,Rubus idaeus,OpenDryPoor
80723,Rubus idaeus,OpenDryPoor
80724,Rubus idaeus,OpenDryPoor
80725,Rubus idaeus,OpenDryPoor
80726,Rubus idaeus,OpenDryPoor
80727,Rubus idaeus,OpenDryPoor
80728,Rubus idaeus,OpenDryPoor
80729,Rubus idaeus,OpenDryPoor
80730,Rubus idaeus,OpenDryPoor
80731,Rubus idaeus,OpenDryPoor
80732,Rubus idaeus,OpenDryPoor
80733,Rubus idaeus,OpenDryPoor
80734,Rubus idaeus,OpenDryPoor
80735,Rubus idaeus,OpenDryPoor
80736,Rubus idaeus,OpenDryPoor
80737,Rubus idaeus,OpenDryPoor
80738,Rubus idaeus,OpenDryPoor
80739,Rubus idaeus,OpenDryPoor
80740,Rubus idaeus,OpenDryPoor
80741,Rubus idaeus,OpenDryPoor
80742,Rubus idaeus,OpenDryPoor
80743,Rubus idaeus,OpenDryPoor
80744,Rubus idaeus,OpenDryPoor
80745,Rubus idaeus,OpenDryPoor
80746,Rubus idaeus,OpenDryPoor
80747,Rubus idaeus,OpenDryPoor
80748,Rubus idaeus,OpenDryPoor
80749,Rubus idaeus,OpenDryPoor
80750,Rubus idaeus,OpenDryPoor
80751,Rubus idaeus,OpenDryPoor
80752,Rubus idaeus,OpenDryPoor
80753,Rubus idaeus,OpenDryPoor
80754,Rubus idaeus,OpenDryPoor
80755,Rubus idaeus,OpenDryPoor
80756,Rubus idaeus,OpenDryPoor
80757,Rubus idaeus,OpenDryPoor
80758,Rubus idaeus,OpenDryPoor
80759,Rubus idaeus,OpenDryPoor
80760,Rubus idaeus,OpenDryPoor
80761,Rubus idaeus,OpenDryPoor
80762,Rubus idaeus,OpenDryPoor
80763,Rubus idaeus,OpenDryPoor
80764,Rubus idaeus,OpenDryPoor
80765,Rubus idaeus,OpenDryPoor
80766,Rubus idaeus,OpenDryPoor
80767,Rubus idaeus,OpenDryPoor
80768,Rubus idaeus,OpenDryPoor
80769,Rubus idaeus,OpenDryPoor
80770,Rubus idaeus,OpenDryPoor
80771,Rubus idaeus,OpenDryPoor
80772,Rubus idaeus,OpenDryPoor
80773,Rubus idaeus,OpenDryPoor
80774,Rubus idaeus,OpenDryPoor
80775,Rubus idaeus,OpenDryPoor
80776,Rubus idaeus,OpenDryPoor
80777,Rubus idaeus,OpenDryPoor
80778,Rubus idaeus,OpenDryPoor
80779,Rubus idaeus,OpenDryPoor
80780,Rubus idaeus,OpenDryPoor
80781,Rubus idaeus,OpenDryPoor
80782,Rubus idaeus,OpenDryPoor
80783,Rubus idaeus,OpenDryPoor
80784,Rubus idaeus,OpenDryPoor
80785,Rubus idaeus,OpenDryPoor
80786,Rubus idaeus,OpenDryPoor
80787,Rubus idaeus,OpenDryPoor
80788,Rubus idaeus,OpenDryPoor
80789,Rubus idaeus,OpenDryPoor
80790,Rubus idaeus,OpenDryPoor
80791,Rubus idaeus,OpenDryPoor
80792,Rubus idaeus,OpenDryPoor
80793,Rubus idaeus,OpenDryPoor
80794,Rubus idaeus,OpenDryPoor
80795,Rubus idaeus,OpenDryPoor
80796,Rubus idaeus,OpenDryPoor
80797,Rubus idaeus,OpenDryPoor
80798,Rubus idaeus,OpenDryPoor
80799,Rubus idaeus,OpenDryPoor
80800,Rubus idaeus,OpenDryPoor
80801,Rubus idaeus,OpenDryPoor
80802,Rubus idaeus,OpenDryPoor
81322,Rubus idaeus,OpenDryPoor
81323,Rubus idaeus,OpenDryPoor
81324,Rubus idaeus,OpenDryPoor
81325,Rubus idaeus,OpenDryPoor
81326,Rubus idaeus,OpenDryPoor
81327,Rubus idaeus,OpenDryPoor
81328,Rubus idaeus,OpenDryPoor
81329,Rubus idaeus,OpenDryPoor
81330,Rubus idaeus,OpenDryPoor
81331,Rubus idaeus,OpenDryPoor
81332,Rubus idaeus,OpenDryPoor
81333,Rubus idaeus,OpenDryPoor
81334,Rubus idaeus,OpenDryPoor
81335,Rubus idaeus,OpenDryPoor
81336,Rubus idaeus,OpenDryPoor
81337,Rubus idaeus,OpenDryPoor
81338,Rubus idaeus,OpenDryPoor
81339,Rubus idaeus,OpenDryPoor
81340,Rubus idaeus,OpenDryPoor
81341,Rubus idaeus,OpenDryPoor
81342,Rubus idaeus,OpenDryPoor
81343,Rubus idaeus,OpenDryPoor
81344,Rubus idaeus,OpenDryPoor
81345,Rubus idaeus,OpenDryPoor
81346,Rubus idaeus,OpenDryPoor
81347,Rubus idaeus,OpenDryPoor
81348,Rubus idaeus,OpenDryPoor
81349,Rubus idaeus,OpenDryPoor
81350,Rubus idaeus,OpenDryPoor
81351,Rubus idaeus,OpenDryPoor
81352,Rubus idaeus,OpenDryPoor
81353,Rubus idaeus,OpenDryPoor
81354,Rubus idaeus,OpenDryPoor
81355,Rubus idaeus,OpenDryPoor
81356,Rubus idaeus,OpenDryPoor
81357,Rubus idaeus,OpenDryPoor
81358,Rubus idaeus,OpenDryPoor
81359,Rubus idaeus,OpenDryPoor
81360,Rubus idaeus,OpenDryPoor
81361,Rubus idaeus,OpenDryPoor
81362,Rubus idaeus,OpenDryPoor
81363,Rubus idaeus,OpenDryPoor
81364,Rubus idaeus,OpenDryPoor
81365,Rubus idaeus,OpenDryPoor
81366,Rubus idaeus,OpenDryPoor
81367,Rubus idaeus,OpenDryPoor
81368,Rubus idaeus,OpenDryPoor
81369,Rubus idaeus,OpenDryPoor
81370,Rubus idaeus,OpenDryPoor
81371,Rubus idaeus,OpenDryPoor
81372,Rubus idaeus,OpenDryPoor
81373,Rubus idaeus,OpenDryPoor
81374,Rubus idaeus,OpenDryPoor
81375,Rubus idaeus,OpenDryPoor
81376,Rubus idaeus,OpenDryPoor
81377,Rubus idaeus,OpenDryPoor
81378,Rubus idaeus,OpenDryPoor
81379,Rubus idaeus,OpenDryPoor
81380,Rubus idaeus,OpenDryPoor
81381,Rubus idaeus,OpenDryPoor
81382,Rubus idaeus,OpenDryPoor
81383,Rubus idaeus,OpenDryPoor
81384,Rubus idaeus,OpenDryPoor
81385,Rubus idaeus,OpenDryPoor
81386,Rubus idaeus,OpenDryPoor
81387,Rubus idaeus,OpenDryPoor
81388,Rubus idaeus,OpenDryPoor
81389,Rubus idaeus,OpenDryPoor
81390,Rubus idaeus,OpenDryPoor
81391,Rubus idaeus,OpenDryPoor
81392,Rubus idaeus,OpenDryPoor
81393,Rubus idaeus,OpenDryPoor
81394,Rubus idaeus,OpenDryPoor
81395,Rubus idaeus,OpenDryPoor
81396,Rubus idaeus,OpenDryPoor
81397,Rubus idaeus,OpenDryPoor
81398,Rubus idaeus,OpenDryPoor
81399,Rubus idaeus,OpenDryPoor
81400,Rubus idaeus,OpenDryPoor
81401,Rubus idaeus,OpenDryPoor
81921,Rubus idaeus,OpenDryPoor
81922,Rubus idaeus,OpenDryPoor
81923,Rubus idaeus,OpenDryPoor
81924,Rubus idaeus,OpenDryPoor
81925,Rubus idaeus,OpenDryPoor
81926,Rubus idaeus,OpenDryPoor
81927,Rubus idaeus,OpenDryPoor
81928,Rubus idaeus,OpenDryPoor
81929,Rubus idaeus,OpenDryPoor
81930,Rubus idaeus,OpenDryPoor
81931,Rubus idaeus,OpenDryPoor
81932,Rubus idaeus,OpenDryPoor
81933,Rubus idaeus,OpenDryPoor
81934,Rubus idaeus,OpenDryPoor
81935,Rubus idaeus,OpenDryPoor
81936,Rubus idaeus,OpenDryPoor
81937,Rubus idaeus,OpenDryPoor
81938,Rubus idaeus,OpenDryPoor
81939,Rubus idaeus,OpenDryPoor
81940,Rubus idaeus,OpenDryPoor
81941,Rubus idaeus,OpenDryPoor
81942,Rubus idaeus,OpenDryPoor
81943,Rubus idaeus,OpenDryPoor
81944,Rubus idaeus,OpenDryPoor
81945,Rubus idaeus,OpenDryPoor
81946,Rubus idaeus,OpenDryPoor
81947,Rubus idaeus,OpenDryPoor
81948,Rubus idaeus,OpenDryPoor
81949,Rubus idaeus,OpenDryPoor
81950,Rubus idaeus,OpenDryPoor
81951,Rubus idaeus,OpenDryPoor
81952,Rubus idaeus,OpenDryPoor
81953,Rubus idaeus,OpenDryPoor
81954,Rubus idaeus,OpenDryPoor
81955,Rubus idaeus,OpenDryPoor
81956,Rubus idaeus,OpenDryPoor
81957,Rubus idaeus,OpenDryPoor
81958,Rubus idaeus,OpenDryPoor
81959,Rubus idaeus,OpenDryPoor
81960,Rubus idaeus,OpenDryPoor
81961,Rubus idaeus,OpenDryPoor
81962,Rubus idaeus,OpenDryPoor
81963,Rubus idaeus,OpenDryPoor
81964,Rubus idaeus,OpenDryPoor
81965,Rubus idaeus,OpenDryPoor
81966,Rubus idaeus,OpenDryPoor
81967,Rubus idaeus,OpenDryPoor
81968,Rubus idaeus,OpenDryPoor
81969,Rubus idaeus,OpenDryPoor
81970,Rubus idaeus,OpenDryPoor
81971,Rubus idaeus,OpenDryPoor
81972,Rubus idaeus,OpenDryPoor
81973,Rubus idaeus,OpenDryPoor
81974,Rubus idaeus,OpenDryPoor
81975,Rubus idaeus,OpenDryPoor
81976,Rubus idaeus,OpenDryPoor
81977,Rubus idaeus,OpenDryPoor
81978,Rubus idaeus,OpenDryPoor
81979,Rubus idaeus,OpenDryPoor
81980,Rubus idaeus,OpenDryPoor
81981,Rubus idaeus,OpenDryPoor
81982,Rubus idaeus,OpenDryPoor
81983,Rubus idaeus,OpenDryPoor
81984,Rubus idaeus,OpenDryPoor
81985,Rubus idaeus,OpenDryPoor
81986,Rubus idaeus,OpenDryPoor
81987,Rubus idaeus,OpenDryPoor
81988,Rubus idaeus,OpenDryPoor
81989,Rubus idaeus,OpenDryPoor
81990,Rubus idaeus,OpenDryPoor
81991,Rubus idaeus,OpenDryPoor
81992,Rubus idaeus,OpenDryPoor
81993,Rubus idaeus,OpenDryPoor
81994,Rubus idaeus,OpenDryPoor
81995,Rubus idaeus,OpenDryPoor
81996,Rubus idaeus,OpenDryPoor
81997,Rubus idaeus,OpenDryPoor
81998,Rubus idaeus,OpenDryPoor
81999,Rubus idaeus,OpenDryPoor
82000,Rubus idaeus,OpenDryPoor
82520,Rubus idaeus,OpenDryPoor
82521,Rubus idaeus,OpenDryPoor
82522,Rubus idaeus,OpenDryPoor
82523,Rubus idaeus,OpenDryPoor
82524,Rubus idaeus,OpenDryPoor
82525,Rubus idaeus,OpenDryPoor
82526,Rubus idaeus,OpenDryPoor
82527,Rubus idaeus,OpenDryPoor
82528,Rubus idaeus,OpenDryPoor
82529,Rubus idaeus,OpenDryPoor
82530,Rubus idaeus,OpenDryPoor
82531,Rubus idaeus,OpenDryPoor
82532,Rubus idaeus,OpenDryPoor
82533,Rubus idaeus,OpenDryPoor
82534,Rubus idaeus,OpenDryPoor
82535,Rubus idaeus,OpenDryPoor
82536,Rubus idaeus,OpenDryPoor
82537,Rubus idaeus,OpenDryPoor
82538,Rubus idaeus,OpenDryPoor
82539,Rubus idaeus,OpenDryPoor
82540,Rubus idaeus,OpenDryPoor
82541,Rubus idaeus,OpenDryPoor
82542,Rubus idaeus,OpenDryPoor
82543,Rubus idaeus,OpenDryPoor
82544,Rubus idaeus,OpenDryPoor
82545,Rubus idaeus,OpenDryPoor
82546,Rubus idaeus,OpenDryPoor
82547,Rubus idaeus,OpenDryPoor
82548,Rubus idaeus,OpenDryPoor
82549,Rubus idaeus,OpenDryPoor
82550,Rubus idaeus,OpenDryPoor
82551,Rubus idaeus,OpenDryPoor
82552,Rubus idaeus,OpenDryPoor
82553,Rubus idaeus,OpenDryPoor
82554,Rubus idaeus,OpenDryPoor
82555,Rubus idaeus,OpenDryPoor
82556,Rubus idaeus,OpenDryPoor
82557,Rubus idaeus,OpenDryPoor
82558,Rubus idaeus,OpenDryPoor
82559,Rubus idaeus,OpenDryPoor
82560,Rubus idaeus,OpenDryPoor
82561,Rubus idaeus,OpenDryPoor
82562,Rubus idaeus,OpenDryPoor
82563,Rubus idaeus,OpenDryPoor
82564,Rubus idaeus,OpenDryPoor
82565,Rubus idaeus,OpenDryPoor
82566,Rubus idaeus,OpenDryPoor
82567,Rubus idaeus,OpenDryPoor
82568,Rubus idaeus,OpenDryPoor
82569,Rubus idaeus,OpenDryPoor
82570,Rubus idaeus,OpenDryPoor
82571,Rubus idaeus,OpenDryPoor
82572,Rubus idaeus,OpenDryPoor
82573,Rubus idaeus,OpenDryPoor
82574,Rubus idaeus,OpenDryPoor
82575,Rubus idaeus,OpenDryPoor
82576,Rubus idaeus,OpenDryPoor
82577,Rubus idaeus,OpenDryPoor
82578,Rubus idaeus,OpenDryPoor
82579,Rubus idaeus,OpenDryPoor
82580,Rubus idaeus,OpenDryPoor
82581,Rubus idaeus,OpenDryPoor
82582,Rubus idaeus,OpenDryPoor
82583,Rubus idaeus,OpenDryPoor
82584,Rubus idaeus,OpenDryPoor
82585,Rubus idaeus,OpenDryPoor
82586,Rubus idaeus,OpenDryPoor
82587,Rubus idaeus,OpenDryPoor
82588,Rubus idaeus,OpenDryPoor
82589,Rubus idaeus,OpenDryPoor
82590,Rubus idaeus,OpenDryPoor
82591,Rubus idaeus,OpenDryPoor
82592,Rubus idaeus,OpenDryPoor
82593,Rubus idaeus,OpenDryPoor
82594,Rubus idaeus,OpenDryPoor
82595,Rubus idaeus,OpenDryPoor
82596,Rubus idaeus,OpenDryPoor
82597,Rubus idaeus,OpenDryPoor
82598,Rubus idaeus,OpenDryPoor
83119,Rubus idaeus,OpenDryPoor
83120,Rubus idaeus,OpenDryPoor
83121,Rubus idaeus,OpenDryPoor
83122,Rubus idaeus,OpenDryPoor
83123,Rubus idaeus,OpenDryPoor
83124,Rubus idaeus,OpenDryPoor
83125,Rubus idaeus,OpenDryPoor
83126,Rubus idaeus,OpenDryPoor
83127,Rubus idaeus,OpenDryPoor
83128,Rubus idaeus,OpenDryPoor
83129,Rubus idaeus,OpenDryPoor
83130,Rubus idaeus,OpenDryPoor
83131,Rubus idaeus,OpenDryPoor
83132,Rubus idaeus,OpenDryPoor
83133,Rubus idaeus,OpenDryPoor
83134,Rubus idaeus,OpenDryPoor
83135,Rubus idaeus,OpenDryPoor
83136,Rubus idaeus,OpenDryPoor
83137,Rubus idaeus,OpenDryPoor
83138,Rubus idaeus,OpenDryPoor
83139,Rubus idaeus,OpenDryPoor
83140,Rubus idaeus,OpenDryPoor
83141,Rubus idaeus,OpenDryPoor
83142,Rubus idaeus,OpenDryPoor
83143,Rubus idaeus,OpenDryPoor
83144,Rubus idaeus,OpenDryPoor
83145,Rubus idaeus,OpenDryPoor
83146,Rubus idaeus,OpenDryPoor
83147,Rubus idaeus,OpenDryPoor
83148,Rubus idaeus,OpenDryPoor
83149,Rubus idaeus,OpenDryPoor
83150,Rubus idaeus,OpenDryPoor
83151,Rubus idaeus,OpenDryPoor
83152,Rubus idaeus,OpenDryPoor
83153,Rubus idaeus,OpenDryPoor
83154,Rubus idaeus,OpenDryPoor
83155,Rubus idaeus,OpenDryPoor
83156,Rubus idaeus,OpenDryPoor
83157,Rubus idaeus,OpenDryPoor
83158,Rubus idaeus,OpenDryPoor
83159,Rubus idaeus,OpenDryPoor
83160,Rubus idaeus,OpenDryPoor
83161,Rubus idaeus,OpenDryPoor
83162,Rubus idaeus,OpenDryPoor
83163,Rubus idaeus,OpenDryPoor
83164,Rubus idaeus,OpenDryPoor
83165,Rubus idaeus,OpenDryPoor
83166,Rubus idaeus,OpenDryPoor
83167,Rubus idaeus,OpenDryPoor
83168,Rubus idaeus,OpenDryPoor
83169,Rubus idaeus,OpenDryPoor
83170,Rubus idaeus,OpenDryPoor
83171,Rubus idaeus,OpenDryPoor
83172,Rubus idaeus,OpenDryPoor
83173,Rubus idaeus,OpenDryPoor
83174,Rubus idaeus,OpenDryPoor
83175,Rubus idaeus,OpenDryPoor
83176,Rubus idaeus,OpenDryPoor
83177,Rubus idaeus,OpenDryPoor
83178,Rubus idaeus,OpenDryPoor
83179,Rubus idaeus,OpenDryPoor
83180,Rubus idaeus,OpenDryPoor
83181,Rubus idaeus,OpenDryPoor
83182,Rubus idaeus,OpenDryPoor
83183,Rubus idaeus,OpenDryPoor
83184,Rubus idaeus,OpenDryPoor
83185,Rubus idaeus,OpenDryPoor
83186,Rubus idaeus,OpenDryPoor
83187,Rubus idaeus,OpenDryPoor
83188,Rubus idaeus,OpenDryPoor
83189,Rubus idaeus,OpenDryPoor
83190,Rubus idaeus,OpenDryPoor
83191,Rubus idaeus,OpenDryPoor
83192,Rubus idaeus,OpenDryPoor
83193,Rubus idaeus,OpenDryPoor
83194,Rubus idaeus,OpenDryPoor
83195,Rubus idaeus,OpenDryPoor
83196,Rubus idaeus,OpenDryPoor
83197,Rubus idaeus,OpenDryPoor
83718,Rubus idaeus,OpenDryPoor
83719,Rubus idaeus,OpenDryPoor
83720,Rubus idaeus,OpenDryPoor
83721,Rubus idaeus,OpenDryPoor
83722,Rubus idaeus,OpenDryPoor
83723,Rubus idaeus,OpenDryPoor
83724,Rubus idaeus,OpenDryPoor
83725,Rubus idaeus,OpenDryPoor
83726,Rubus idaeus,OpenDryPoor
83727,Rubus idaeus,OpenDryPoor
83728,Rubus idaeus,OpenDryPoor
83729,Rubus idaeus,OpenDryPoor
83730,Rubus idaeus,OpenDryPoor
83731,Rubus idaeus,OpenDryPoor
83732,Rubus idaeus,OpenDryPoor
83733,Rubus idaeus,OpenDryPoor
83734,Rubus idaeus,OpenDryPoor
83735,Rubus idaeus,OpenDryPoor
83736,Rubus idaeus,OpenDryPoor
83737,Rubus idaeus,OpenDryPoor
83738,Rubus idaeus,OpenDryPoor
83739,Rubus idaeus,OpenDryPoor
83740,Rubus idaeus,OpenDryPoor
83741,Rubus idaeus,OpenDryPoor
83742,Rubus idaeus,OpenDryPoor
83743,Rubus idaeus,OpenDryPoor
83744,Rubus idaeus,OpenDryPoor
83745,Rubus idaeus,OpenDryPoor
83746,Rubus idaeus,OpenDryPoor
83747,Rubus idaeus,OpenDryPoor
83748,Rubus idaeus,OpenDryPoor
83749,Rubus idaeus,OpenDryPoor
83750,Rubus idaeus,OpenDryPoor
83751,Rubus idaeus,OpenDryPoor
83752,Rubus idaeus,OpenDryPoor
83753,Rubus idaeus,OpenDryPoor
83754,Rubus idaeus,OpenDryPoor
83755,Rubus idaeus,OpenDryPoor
83756,Rubus idaeus,OpenDryPoor
83757,Rubus idaeus,OpenDryPoor
83758,Rubus idaeus,OpenDryPoor
83759,Rubus idaeus,OpenDryPoor
83760,Rubus idaeus,OpenDryPoor
83761,Rubus idaeus,OpenDryPoor
83762,Rubus idaeus,OpenDryPoor
83763,Rubus idaeus,OpenDryPoor
83764,Rubus idaeus,OpenDryPoor
83765,Rubus idaeus,OpenDryPoor
83766,Rubus idaeus,OpenDryPoor
83767,Rubus idaeus,OpenDryPoor
83768,Rubus idaeus,OpenDryPoor
83769,Rubus idaeus,OpenDryPoor
83770,Rubus idaeus,OpenDryPoor
83771,Rubus idaeus,OpenDryPoor
83772,Rubus idaeus,OpenDryPoor
83773,Rubus idaeus,OpenDryPoor
83774,Rubus idaeus,OpenDryPoor
83775,Rubus idaeus,OpenDryPoor
83776,Rubus idaeus,OpenDryPoor
83777,Rubus idaeus,OpenDryPoor
83778,Rubus idaeus,OpenDryPoor
83779,Rubus idaeus,OpenDryPoor
83780,Rubus idaeus,OpenDryPoor
83781,Rubus idaeus,OpenDryPoor
83782,Rubus idaeus,OpenDryPoor
83783,Rubus idaeus,OpenDryPoor
83784,Rubus idaeus,OpenDryPoor
83785,Rubus idaeus,OpenDryPoor
83786,Rubus idaeus,OpenDryPoor
83787,Rubus idaeus,OpenDryPoor
83788,Rubus idaeus,OpenDryPoor
83789,Rubus idaeus,OpenDryPoor
83790,Rubus idaeus,OpenDryPoor
83791,Rubus idaeus,OpenDryPoor
83792,Rubus idaeus,OpenDryPoor
83793,Rubus idaeus,OpenDryPoor
83794,Rubus idaeus,OpenDryPoor
83795,Rubus idaeus,OpenDryPoor
83796,Rubus idaeus,OpenDryPoor
84317,Rubus idaeus,OpenDryPoor
84318,Rubus idaeus,OpenDryPoor
84319,Rubus idaeus,OpenDryPoor
84320,Rubus idaeus,OpenDryPoor
84321,Rubus idaeus,OpenDryPoor
84322,Rubus idaeus,OpenDryPoor
84323,Rubus idaeus,OpenDryPoor
84324,Rubus idaeus,OpenDryPoor
84325,Rubus idaeus,OpenDryPoor
84326,Rubus idaeus,OpenDryPoor
84327,Rubus idaeus,OpenDryPoor
84328,Rubus idaeus,OpenDryPoor
84329,Rubus idaeus,OpenDryPoor
84330,Rubus idaeus,OpenDryPoor
84331,Rubus idaeus,OpenDryPoor
84332,Rubus idaeus,OpenDryPoor
84333,Rubus idaeus,OpenDryPoor
84334,Rubus idaeus,OpenDryPoor
84335,Rubus idaeus,OpenDryPoor
84336,Rubus idaeus,OpenDryPoor
84337,Rubus idaeus,OpenDryPoor
84338,Rubus idaeus,OpenDryPoor
84339,Rubus idaeus,OpenDryPoor
84340,Rubus idaeus,OpenDryPoor
84341,Rubus idaeus,OpenDryPoor
84342,Rubus idaeus,OpenDryPoor
84343,Rubus idaeus,OpenDryPoor
84344,Rubus idaeus,OpenDryPoor
84345,Rubus idaeus,OpenDryPoor
84346,Rubus idaeus,OpenDryPoor
84347,Rubus idaeus,OpenDryPoor
84348,Rubus idaeus,OpenDryPoor
84349,Rubus idaeus,OpenDryPoor
84350,Rubus idaeus,OpenDryPoor
84351,Rubus idaeus,OpenDryPoor
84352,Rubus idaeus,OpenDryPoor
84353,Rubus idaeus,OpenDryPoor
84354,Rubus idaeus,OpenDryPoor
84355,Rubus idaeus,OpenDryPoor
84356,Rubus idaeus,OpenDryPoor
84357,Rubus idaeus,OpenDryPoor
84358,Rubus idaeus,OpenDryPoor
84359,Rubus idaeus,OpenDryPoor
84360,Rubus idaeus,OpenDryPoor
84361,Rubus idaeus,OpenDryPoor
84362,Rubus idaeus,OpenDryPoor
84363,Rubus idaeus,OpenDryPoor
84364,Rubus idaeus,OpenDryPoor
84365,Rubus idaeus,OpenDryPoor
84366,Rubus idaeus,OpenDryPoor
84367,Rubus idaeus,OpenDryPoor
84368,Rubus idaeus,OpenDryPoor
84369,Rubus idaeus,OpenDryPoor
84370,Rubus idaeus,OpenDryPoor
84371,Rubus idaeus,OpenDryPoor
84372,Rubus idaeus,OpenDryPoor
84373,Rubus idaeus,OpenDryPoor
84374,Rubus idaeus,OpenDryPoor
84375,Rubus idaeus,OpenDryPoor
84376,Rubus idaeus,OpenDryPoor
84377,Rubus idaeus,OpenDryPoor
84378,Rubus idaeus,OpenDryPoor
84379,Rubus idaeus,OpenDryPoor
84380,Rubus idaeus,OpenDryPoor
84381,Rubus idaeus,OpenDryPoor
84382,Rubus idaeus,OpenDryPoor
84383,Rubus idaeus,OpenDryPoor
84384,Rubus idaeus,OpenDryPoor
84385,Rubus idaeus,OpenDryPoor
84386,Rubus idaeus,OpenDryPoor
84387,Rubus idaeus,OpenDryPoor
84388,Rubus idaeus,OpenDryPoor
84389,Rubus idaeus,OpenDryPoor
84390,Rubus idaeus,OpenDryPoor
84391,Rubus idaeus,OpenDryPoor
84392,Rubus idaeus,OpenDryPoor
84393,Rubus idaeus,OpenDryPoor
84394,Rubus idaeus,OpenDryPoor
84916,Rubus idaeus,OpenDryPoor
84917,Rubus idaeus,OpenDryPoor
84918,Rubus idaeus,OpenDryPoor
84919,Rubus idaeus,OpenDryPoor
84920,Rubus idaeus,OpenDryPoor
84921,Rubus idaeus,OpenDryPoor
84922,Rubus idaeus,OpenDryPoor
84923,Rubus idaeus,OpenDryPoor
84924,Rubus idaeus,OpenDryPoor
84925,Rubus idaeus,OpenDryPoor
84926,Rubus idaeus,OpenDryPoor
84927,Rubus idaeus,OpenDryPoor
84928,Rubus idaeus,OpenDryPoor
84929,Rubus idaeus,OpenDryPoor
84930,Rubus idaeus,OpenDryPoor
84931,Rubus idaeus,OpenDryPoor
84932,Rubus idaeus,OpenDryPoor
84933,Rubus idaeus,OpenDryPoor
84934,Rubus idaeus,OpenDryPoor
84935,Rubus idaeus,OpenDryPoor
84936,Rubus idaeus,OpenDryPoor
84937,Rubus idaeus,OpenDryPoor
84938,Rubus idaeus,OpenDryPoor
84939,Rubus idaeus,OpenDryPoor
84940,Rubus idaeus,OpenDryPoor
84941,Rubus idaeus,OpenDryPoor
84942,Rubus idaeus,OpenDryPoor
84943,Rubus idaeus,OpenDryPoor
84944,Rubus idaeus,OpenDryPoor
84945,Rubus idaeus,OpenDryPoor
84946,Rubus idaeus,OpenDryPoor
84947,Rubus idaeus,OpenDryPoor
84948,Rubus idaeus,OpenDryPoor
84949,Rubus idaeus,OpenDryPoor
84950,Rubus idaeus,OpenDryPoor
84951,Rubus idaeus,OpenDryPoor
84952,Rubus idaeus,OpenDryPoor
84953,Rubus idaeus,OpenDryPoor
84954,Rubus idaeus,OpenDryPoor
84955,Rubus idaeus,OpenDryPoor
84956,Rubus idaeus,OpenDryPoor
84957,Rubus idaeus,OpenDryPoor
84958,Rubus idaeus,OpenDryPoor
84959,Rubus idaeus,OpenDryPoor
84960,Rubus idaeus,OpenDryPoor
84961,Rubus idaeus,OpenDryPoor
84962,Rubus idaeus,OpenDryPoor
84963,Rubus idaeus,OpenDryPoor
84964,Rubus idaeus,OpenDryPoor
84965,Rubus idaeus,OpenDryPoor
84966,Rubus idaeus,OpenDryPoor
84967,Rubus idaeus,OpenDryPoor
84968,Rubus idaeus,OpenDryPoor
84969,Rubus idaeus,OpenDryPoor
84970,Rubus idaeus,OpenDryPoor
84971,Rubus idaeus,OpenDryPoor
84972,Rubus idaeus,OpenDryPoor
84973,Rubus idaeus,OpenDryPoor
84974,Rubus idaeus,OpenDryPoor
84975,Rubus idaeus,OpenDryPoor
84976,Rubus idaeus,OpenDryPoor
84977,Rubus idaeus,OpenDryPoor
84978,Rubus idaeus,OpenDryPoor
84979,Rubus idaeus,OpenDryPoor
84980,Rubus idaeus,OpenDryPoor
84981,Rubus idaeus,OpenDryPoor
84982,Rubus idaeus,OpenDryPoor
84983,Rubus idaeus,OpenDryPoor
84984,Rubus idaeus,OpenDryPoor
84985,Rubus idaeus,OpenDryPoor
84986,Rubus idaeus,OpenDryPoor
84987,Rubus idaeus,OpenDryPoor
84988,Rubus idaeus,OpenDryPoor
84989,Rubus idaeus,OpenDryPoor
84990,Rubus idaeus,OpenDryPoor
84991,Rubus idaeus,OpenDryPoor
84992,Rubus idaeus,OpenDryPoor
84993,Rubus idaeus,OpenDryPoor
85515,Rubus idaeus,OpenDryPoor
85516,Rubus idaeus,OpenDryPoor
85517,Rubus idaeus,OpenDryPoor
85518,Rubus idaeus,OpenDryPoor
85519,Rubus idaeus,OpenDryPoor
85520,Rubus idaeus,OpenDryPoor
85521,Rubus idaeus,OpenDryPoor
85522,Rubus idaeus,OpenDryPoor
85523,Rubus idaeus,OpenDryPoor
85524,Rubus idaeus,OpenDryPoor
85525,Rubus idaeus,OpenDryPoor
85526,Rubus idaeus,OpenDryPoor
85527,Rubus idaeus,OpenDryPoor
85528,Rubus idaeus,OpenDryPoor
85529,Rubus idaeus,OpenDryPoor
85530,Rubus idaeus,OpenDryPoor
85531,Rubus idaeus,OpenDryPoor
85532,Rubus idaeus,OpenDryPoor
85533,Rubus idaeus,OpenDryPoor
85534,Rubus idaeus,OpenDryPoor
85535,Rubus idaeus,OpenDryPoor
85536,Rubus idaeus,OpenDryPoor
85537,Rubus idaeus,OpenDryPoor
85538,Rubus idaeus,OpenDryPoor
85539,Rubus idaeus,OpenDryPoor
85540,Rubus idaeus,OpenDryPoor
85541,Rubus idaeus,OpenDryPoor
85542,Rubus idaeus,OpenDryPoor
85543,Rubus idaeus,OpenDryPoor
85544,Rubus idaeus,OpenDryPoor
85545,Rubus idaeus,OpenDryPoor
85546,Rubus idaeus,OpenDryPoor
85547,Rubus idaeus,OpenDryPoor
85548,Rubus idaeus,OpenDryPoor
85549,Rubus idaeus,OpenDryPoor
85550,Rubus idaeus,OpenDryPoor
85551,Rubus idaeus,OpenDryPoor
85552,Rubus idaeus,OpenDryPoor
85553,Rubus idaeus,OpenDryPoor
85554,Rubus idaeus,OpenDryPoor
85555,Rubus idaeus,OpenDryPoor
85556,Rubus idaeus,OpenDryPoor
85557,Rubus idaeus,OpenDryPoor
85558,Rubus idaeus,OpenDryPoor
85559,Rubus idaeus,OpenDryPoor
85560,Rubus idaeus,OpenDryPoor
85561,Rubus idaeus,OpenDryPoor
85562,Rubus idaeus,OpenDryPoor
85563,Rubus idaeus,OpenDryPoor
85564,Rubus idaeus,OpenDryPoor
85565,Rubus idaeus,OpenDryPoor
85566,Rubus idaeus,OpenDryPoor
85567,Rubus idaeus,OpenDryPoor
85568,Rubus idaeus,OpenDryPoor
85569,Rubus idaeus,OpenDryPoor
85570,Rubus idaeus,OpenDryPoor
85571,Rubus idaeus,OpenDryPoor
85572,Rubus idaeus,OpenDryPoor
85573,Rubus idaeus,OpenDryPoor
85574,Rubus idaeus,OpenDryPoor
85575,Rubus idaeus,OpenDryPoor
85576,Rubus idaeus,OpenDryPoor
85577,Rubus idaeus,OpenDryPoor
85578,Rubus idaeus,OpenDryPoor
85579,Rubus idaeus,OpenDryPoor
85580,Rubus idaeus,OpenDryPoor
85581,Rubus idaeus,OpenDryPoor
85582,Rubus idaeus,OpenDryPoor
85583,Rubus idaeus,OpenDryPoor
85584,Rubus idaeus,OpenDryPoor
85585,Rubus idaeus,OpenDryPoor
85586,Rubus idaeus,OpenDryPoor
85587,Rubus idaeus,OpenDryPoor
85588,Rubus idaeus,OpenDryPoor
85589,Rubus idaeus,OpenDryPoor
85590,Rubus idaeus,OpenDryPoor
85591,Rubus idaeus,OpenDryPoor
86114,Rubus idaeus,OpenDryPoor
86115,Rubus idaeus,OpenDryPoor
86116,Rubus idaeus,OpenDryPoor
86117,Rubus idaeus,OpenDryPoor
86118,Rubus idaeus,OpenDryPoor
86119,Rubus idaeus,OpenDryPoor
86120,Rubus idaeus,OpenDryPoor
86121,Rubus idaeus,OpenDryPoor
86122,Rubus idaeus,OpenDryPoor
86123,Rubus idaeus,OpenDryPoor
86124,Rubus idaeus,OpenDryPoor
86125,Rubus idaeus,OpenDryPoor
86126,Rubus idaeus,OpenDryPoor
86127,Rubus idaeus,OpenDryPoor
86128,Rubus idaeus,OpenDryPoor
86129,Rubus idaeus,OpenDryPoor
86130,Rubus idaeus,OpenDryPoor
86131,Rubus idaeus,OpenDryPoor
86132,Rubus idaeus,OpenDryPoor
86133,Rubus idaeus,OpenDryPoor
86134,Rubus idaeus,OpenDryPoor
86135,Rubus idaeus,OpenDryPoor
86136,Rubus idaeus,OpenDryPoor
86137,Rubus idaeus,OpenDryPoor
86138,Rubus idaeus,OpenDryPoor
86139,Rubus idaeus,OpenDryPoor
86140,Rubus idaeus,OpenDryPoor
86141,Rubus idaeus,OpenDryPoor
86142,Rubus idaeus,OpenDryPoor
86143,Rubus idaeus,OpenDryPoor
86144,Rubus idaeus,OpenDryPoor
86145,Rubus idaeus,OpenDryPoor
86146,Rubus idaeus,OpenDryPoor
86147,Rubus idaeus,OpenDryPoor
86148,Rubus idaeus,OpenDryPoor
86149,Rubus idaeus,OpenDryPoor
86150,Rubus idaeus,OpenDryPoor
86151,Rubus idaeus,OpenDryPoor
86152,Rubus idaeus,OpenDryPoor
86153,Rubus idaeus,OpenDryPoor
86154,Rubus idaeus,OpenDryPoor
86155,Rubus idaeus,OpenDryPoor
86156,Rubus idaeus,OpenDryPoor
86157,Rubus idaeus,OpenDryPoor
86158,Rubus idaeus,OpenDryPoor
86159,Rubus idaeus,OpenDryPoor
86160,Rubus idaeus,OpenDryPoor
86161,Rubus idaeus,OpenDryPoor
86162,Rubus idaeus,OpenDryPoor
86163,Rubus idaeus,OpenDryPoor
86164,Rubus idaeus,OpenDryPoor
86165,Rubus idaeus,OpenDryPoor
86166,Rubus idaeus,OpenDryPoor
86167,Rubus idaeus,OpenDryPoor
86168,Rubus idaeus,OpenDryPoor
86169,Rubus idaeus,OpenDryPoor
86170,Rubus idaeus,OpenDryPoor
86171,Rubus idaeus,OpenDryPoor
86172,Rubus idaeus,OpenDryPoor
86173,Rubus idaeus,OpenDryPoor
86174,Rubus idaeus,OpenDryPoor
86175,Rubus idaeus,OpenDryPoor
86176,Rubus idaeus,OpenDryPoor
86177,Rubus idaeus,OpenDryPoor
86178,Rubus idaeus,OpenDryPoor
86179,Rubus idaeus,OpenDryPoor
86180,Rubus idaeus,OpenDryPoor
86181,Rubus idaeus,OpenDryPoor
86182,Rubus idaeus,OpenDryPoor
86183,Rubus idaeus,OpenDryPoor
86184,Rubus idaeus,OpenDryPoor
86185,Rubus idaeus,OpenDryPoor
86186,Rubus idaeus,OpenDryPoor
86187,Rubus idaeus,OpenDryPoor
86188,Rubus idaeus,OpenDryPoor
86189,Rubus idaeus,OpenDryPoor
86713,Rubus idaeus,OpenDryPoor
86714,Rubus idaeus,OpenDryPoor
86715,Rubus idaeus,OpenDryPoor
86716,Rubus idaeus,OpenDryPoor
86717,Rubus idaeus,OpenDryPoor
86718,Rubus idaeus,OpenDryPoor
86719,Rubus idaeus,OpenDryPoor
86720,Rubus idaeus,OpenDryPoor
86721,Rubus idaeus,OpenDryPoor
86722,Rubus idaeus,OpenDryPoor
86723,Rubus idaeus,OpenDryPoor
86724,Rubus idaeus,OpenDryPoor
86725,Rubus idaeus,OpenDryPoor
86726,Rubus idaeus,OpenDryPoor
86727,Rubus idaeus,OpenDryPoor
86728,Rubus idaeus,OpenDryPoor
86729,Rubus idaeus,OpenDryPoor
86730,Rubus idaeus,OpenDryPoor
86731,Rubus idaeus,OpenDryPoor
86732,Rubus idaeus,OpenDryPoor
86753,Rubus idaeus,OpenDryPoor
86754,Rubus idaeus,OpenDryPoor
86755,Rubus idaeus,OpenDryPoor
86756,Rubus idaeus,OpenDryPoor
86757,Rubus idaeus,OpenDryPoor
86758,Rubus idaeus,OpenDryPoor
86759,Rubus idaeus,OpenDryPoor
86760,Rubus idaeus,OpenDryPoor
86761,Rubus idaeus,OpenDryPoor
86762,Rubus idaeus,OpenDryPoor
86763,Rubus idaeus,OpenDryPoor
86764,Rubus idaeus,OpenDryPoor
86765,Rubus idaeus,OpenDryPoor
86766,Rubus idaeus,OpenDryPoor
86767,Rubus idaeus,OpenDryPoor
86768,Rubus idaeus,OpenDryPoor
86769,Rubus idaeus,OpenDryPoor
86770,Rubus idaeus,OpenDryPoor
86771,Rubus idaeus,OpenDryPoor
86772,Rubus idaeus,OpenDryPoor
86773,Rubus idaeus,OpenDryPoor
86774,Rubus idaeus,OpenDryPoor
86775,Rubus idaeus,OpenDryPoor
86776,Rubus idaeus,OpenDryPoor
86777,Rubus idaeus,OpenDryPoor
86778,Rubus idaeus,OpenDryPoor
86779,Rubus idaeus,OpenDryPoor
86780,Rubus idaeus,OpenDryPoor
86781,Rubus idaeus,OpenDryPoor
86782,Rubus idaeus,OpenDryPoor
86783,Rubus idaeus,OpenDryPoor
86784,Rubus idaeus,OpenDryPoor
86785,Rubus idaeus,OpenDryPoor
86786,Rubus idaeus,OpenDryPoor
86787,Rubus idaeus,OpenDryPoor
86788,Rubus idaeus,OpenDryPoor
87312,Rubus idaeus,OpenDryPoor
87313,Rubus idaeus,OpenDryPoor
87314,Rubus idaeus,OpenDryPoor
87315,Rubus idaeus,OpenDryPoor
87316,Rubus idaeus,OpenDryPoor
87317,Rubus idaeus,OpenDryPoor
87318,Rubus idaeus,OpenDryPoor
87319,Rubus idaeus,OpenDryPoor
87320,Rubus idaeus,OpenDryPoor
87321,Rubus idaeus,OpenDryPoor
87322,Rubus idaeus,OpenDryPoor
87323,Rubus idaeus,OpenDryPoor
87324,Rubus idaeus,OpenDryPoor
87325,Rubus idaeus,OpenDryPoor
87326,Rubus idaeus,OpenDryPoor
87327,Rubus idaeus,OpenDryPoor
87328,Rubus idaeus,OpenDryPoor
87329,Rubus idaeus,OpenDryPoor
87330,Rubus idaeus,OpenDryPoor
87331,Rubus idaeus,OpenDryPoor
87352,Rubus idaeus,OpenDryPoor
87353,Rubus idaeus,OpenDryPoor
87354,Rubus idaeus,OpenDryPoor
87355,Rubus idaeus,OpenDryPoor
87356,Rubus idaeus,OpenDryPoor
87357,Rubus idaeus,OpenDryPoor
87358,Rubus idaeus,OpenDryPoor
87359,Rubus idaeus,OpenDryPoor
87360,Rubus idaeus,OpenDryPoor
87361,Rubus idaeus,OpenDryPoor
87362,Rubus idaeus,OpenDryPoor
87363,Rubus idaeus,OpenDryPoor
87364,Rubus idaeus,OpenDryPoor
87365,Rubus idaeus,OpenDryPoor
87366,Rubus idaeus,OpenDryPoor
87367,Rubus idaeus,OpenDryPoor
87368,Rubus idaeus,OpenDryPoor
87369,Rubus idaeus,OpenDryPoor
87370,Rubus idaeus,OpenDryPoor
87371,Rubus idaeus,OpenDryPoor
87372,Rubus idaeus,OpenDryPoor
87373,Rubus idaeus,OpenDryPoor
87374,Rubus idaeus,OpenDryPoor
87375,Rubus idaeus,OpenDryPoor
87376,Rubus idaeus,OpenDryPoor
87377,Rubus idaeus,OpenDryPoor
87378,Rubus idaeus,OpenDryPoor
87379,Rubus idaeus,OpenDryPoor
87380,Rubus idaeus,OpenDryPoor
87381,Rubus idaeus,OpenDryPoor
87382,Rubus idaeus,OpenDryPoor
87383,Rubus idaeus,OpenDryPoor
87384,Rubus idaeus,OpenDryPoor
87385,Rubus idaeus,OpenDryPoor
87386,Rubus idaeus,OpenDryPoor
87911,Rubus idaeus,OpenDryPoor
87912,Rubus idaeus,OpenDryPoor
87913,Rubus idaeus,OpenDryPoor
87914,Rubus idaeus,OpenDryPoor
87915,Rubus idaeus,OpenDryPoor
87916,Rubus idaeus,OpenDryPoor
87917,Rubus idaeus,OpenDryPoor
87918,Rubus idaeus,OpenDryPoor
87919,Rubus idaeus,OpenDryPoor
87920,Rubus idaeus,OpenDryPoor
87921,Rubus idaeus,OpenDryPoor
87922,Rubus idaeus,OpenDryPoor
87923,Rubus idaeus,OpenDryPoor
87924,Rubus idaeus,OpenDryPoor
87925,Rubus idaeus,OpenDryPoor
87926,Rubus idaeus,OpenDryPoor
87927,Rubus idaeus,OpenDryPoor
87928,Rubus idaeus,OpenDryPoor
87929,Rubus idaeus,OpenDryPoor
87930,Rubus idaeus,OpenDryPoor
87951,Rubus idaeus,OpenDryPoor
87952,Rubus idaeus,OpenDryPoor
87953,Rubus idaeus,OpenDryPoor
87954,Rubus idaeus,OpenDryPoor
87955,Rubus idaeus,OpenDryPoor
87956,Rubus idaeus,OpenDryPoor
87957,Rubus idaeus,OpenDryPoor
87958,Rubus idaeus,OpenDryPoor
87959,Rubus idaeus,OpenDryPoor
87960,Rubus idaeus,OpenDryPoor
87961,Rubus idaeus,OpenDryPoor
87962,Rubus idaeus,OpenDryPoor
87963,Rubus idaeus,OpenDryPoor
87964,Rubus idaeus,OpenDryPoor
87965,Rubus idaeus,OpenDryPoor
87966,Rubus idaeus,OpenDryPoor
87967,Rubus idaeus,OpenDryPoor
87968,Rubus idaeus,OpenDryPoor
87969,Rubus idaeus,OpenDryPoor
87970,Rubus idaeus,OpenDryPoor
87971,Rubus idaeus,OpenDryPoor
87972,Rubus idaeus,OpenDryPoor
87973,Rubus idaeus,OpenDryPoor
87974,Rubus idaeus,OpenDryPoor
87975,Rubus idaeus,OpenDryPoor
87976,Rubus idaeus,OpenDryPoor
87977,Rubus idaeus,OpenDryPoor
87978,Rubus idaeus,OpenDryPoor
87979,Rubus idaeus,OpenDryPoor
87980,Rubus idaeus,OpenDryPoor
87981,Rubus idaeus,OpenDryPoor
87982,Rubus idaeus,OpenDryPoor
87983,Rubus idaeus,OpenDryPoor
87984,Rubus idaeus,OpenDryPoor
87985,Rubus idaeus,OpenDryPoor
88510,Rubus idaeus,OpenDryPoor
88511,Rubus idaeus,OpenDryPoor
88512,Rubus idaeus,OpenDryPoor
88513,Rubus idaeus,OpenDryPoor
88514,Rubus idaeus,OpenDryPoor
88515,Rubus idaeus,OpenDryPoor
88516,Rubus idaeus,OpenDryPoor
88517,Rubus idaeus,OpenDryPoor
88518,Rubus idaeus,OpenDryPoor
88519,Rubus idaeus,OpenDryPoor
88520,Rubus idaeus,OpenDryPoor
88521,Rubus idaeus,OpenDryPoor
88522,Rubus idaeus,OpenDryPoor
88523,Rubus idaeus,OpenDryPoor
88524,Rubus idaeus,OpenDryPoor
88525,Rubus idaeus,OpenDryPoor
88526,Rubus idaeus,OpenDryPoor
88527,Rubus idaeus,OpenDryPoor
88528,Rubus idaeus,OpenDryPoor
88529,Rubus idaeus,OpenDryPoor
88550,Rubus idaeus,OpenDryPoor
88551,Rubus idaeus,OpenDryPoor
88552,Rubus idaeus,OpenDryPoor
88553,Rubus idaeus,OpenDryPoor
88554,Rubus idaeus,OpenDryPoor
88555,Rubus idaeus,OpenDryPoor
88556,Rubus idaeus,OpenDryPoor
88557,Rubus idaeus,OpenDryPoor
88558,Rubus idaeus,OpenDryPoor
88559,Rubus idaeus,OpenDryPoor
88560,Rubus idaeus,OpenDryPoor
88561,Rubus idaeus,OpenDryPoor
88562,Rubus idaeus,OpenDryPoor
88563,Rubus idaeus,OpenDryPoor
88564,Rubus idaeus,OpenDryPoor
88565,Rubus idaeus,OpenDryPoor
88566,Rubus idaeus,OpenDryPoor
88567,Rubus idaeus,OpenDryPoor
88568,Rubus idaeus,OpenDryPoor
88569,Rubus idaeus,OpenDryPoor
88570,Rubus idaeus,OpenDryPoor
88571,Rubus idaeus,OpenDryPoor
88572,Rubus idaeus,OpenDryPoor
88573,Rubus idaeus,OpenDryPoor
88574,Rubus idaeus,OpenDryPoor
88575,Rubus idaeus,OpenDryPoor
88576,Rubus idaeus,OpenDryPoor
88577,Rubus idaeus,OpenDryPoor
88578,Rubus idaeus,OpenDryPoor
88579,Rubus idaeus,OpenDryPoor
88580,Rubus idaeus,OpenDryPoor
88581,Rubus idaeus,OpenDryPoor
88582,Rubus idaeus,OpenDryPoor
88583,Rubus idaeus,OpenDryPoor
89109,Rubus idaeus,OpenDryPoor
89110,Rubus idaeus,OpenDryPoor
89111,Rubus idaeus,OpenDryPoor
89112,Rubus idaeus,OpenDryPoor
89113,Rubus idaeus,OpenDryPoor
89114,Rubus idaeus,OpenDryPoor
89115,Rubus idaeus,OpenDryPoor
89116,Rubus idaeus,OpenDryPoor
89117,Rubus idaeus,OpenDryPoor
89118,Rubus idaeus,OpenDryPoor
89119,Rubus idaeus,OpenDryPoor
89120,Rubus idaeus,OpenDryPoor
89121,Rubus idaeus,OpenDryPoor
89122,Rubus idaeus,OpenDryPoor
89123,Rubus idaeus,OpenDryPoor
89124,Rubus idaeus,OpenDryPoor
89125,Rubus idaeus,OpenDryPoor
89126,Rubus idaeus,OpenDryPoor
89127,Rubus idaeus,OpenDryPoor
89128,Rubus idaeus,OpenDryPoor
89149,Rubus idaeus,OpenDryPoor
89150,Rubus idaeus,OpenDryPoor
89151,Rubus idaeus,OpenDryPoor
89152,Rubus idaeus,OpenDryPoor
89153,Rubus idaeus,OpenDryPoor
89154,Rubus idaeus,OpenDryPoor
89155,Rubus idaeus,OpenDryPoor
89156,Rubus idaeus,OpenDryPoor
89157,Rubus idaeus,OpenDryPoor
89158,Rubus idaeus,OpenDryPoor
89159,Rubus idaeus,OpenDryPoor
89160,Rubus idaeus,OpenDryPoor
89161,Rubus idaeus,OpenDryPoor
89162,Rubus idaeus,OpenDryPoor
89163,Rubus idaeus,OpenDryPoor
89164,Rubus idaeus,OpenDryPoor
89165,Rubus idaeus,OpenDryPoor
89166,Rubus idaeus,OpenDryPoor
89167,Rubus idaeus,OpenDryPoor
89168,Rubus idaeus,OpenDryPoor
89169,Rubus idaeus,OpenDryPoor
89170,Rubus idaeus,OpenDryPoor
89171,Rubus idaeus,OpenDryPoor
89172,Rubus idaeus,OpenDryPoor
89173,Rubus idaeus,OpenDryPoor
89174,Rubus idaeus,OpenDryPoor
89175,Rubus idaeus,OpenDryPoor
89176,Rubus idaeus,OpenDryPoor
89177,Rubus idaeus,OpenDryPoor
89178,Rubus idaeus,OpenDryPoor
89179,Rubus idaeus,OpenDryPoor
89180,Rubus idaeus,OpenDryPoor
89181,Rubus idaeus,OpenDryPoor
89708,Rubus idaeus,OpenDryPoor
89709,Rubus idaeus,OpenDryPoor
89710,Rubus idaeus,OpenDryPoor
89711,Rubus idaeus,OpenDryPoor
89712,Rubus idaeus,OpenDryPoor
89713,Rubus idaeus,OpenDryPoor
89714,Rubus idaeus,OpenDryPoor
89715,Rubus idaeus,OpenDryPoor
89716,Rubus idaeus,OpenDryPoor
89717,Rubus idaeus,OpenDryPoor
89718,Rubus idaeus,OpenDryPoor
89719,Rubus idaeus,OpenDryPoor
89720,Rubus idaeus,OpenDryPoor
89721,Rubus idaeus,OpenDryPoor
89722,Rubus idaeus,OpenDryPoor
89723,Rubus idaeus,OpenDryPoor
89724,Rubus idaeus,OpenDryPoor
89725,Rubus idaeus,OpenDryPoor
89726,Rubus idaeus,OpenDryPoor
89727,Rubus idaeus,OpenDryPoor
89748,Rubus idaeus,OpenDryPoor
89749,Rubus idaeus,OpenDryPoor
89750,Rubus idaeus,OpenDryPoor
89751,Rubus idaeus,OpenDryPoor
89752,Rubus idaeus,OpenDryPoor
89753,Rubus idaeus,OpenDryPoor
89754,Rubus idaeus,OpenDryPoor
89755,Rubus idaeus,OpenDryPoor
89756,Rubus idaeus,OpenDryPoor
89757,Rubus idaeus,OpenDryPoor
89758,Rubus idaeus,OpenDryPoor
89759,Rubus idaeus,OpenDryPoor
89760,Rubus idaeus,OpenDryPoor
89761,Rubus idaeus,OpenDryPoor
89762,Rubus idaeus,OpenDryPoor
89763,Rubus idaeus,OpenDryPoor
89764,Rubus idaeus,OpenDryPoor
89765,Rubus idaeus,OpenDryPoor
89766,Rubus idaeus,OpenDryPoor
89767,Rubus idaeus,OpenDryPoor
89768,Rubus idaeus,OpenDryPoor
89769,Rubus idaeus,OpenDryPoor
89770,Rubus idaeus,OpenDryPoor
89771,Rubus idaeus,OpenDryPoor
89772,Rubus idaeus,OpenDryPoor
89773,Rubus idaeus,OpenDryPoor
89774,Rubus idaeus,OpenDryPoor
89775,Rubus idaeus,OpenDryPoor
89776,Rubus idaeus,OpenDryPoor
89777,Rubus idaeus,OpenDryPoor
89778,Rubus idaeus,OpenDryPoor
89779,Rubus idaeus,OpenDryPoor
90307,Rubus idaeus,OpenDryPoor
90308,Rubus idaeus,OpenDryPoor
90309,Rubus idaeus,OpenDryPoor
90310,Rubus idaeus,OpenDryPoor
90311,Rubus idaeus,OpenDryPoor
90312,Rubus idaeus,OpenDryPoor
90313,Rubus idaeus,OpenDryPoor
90314,Rubus idaeus,OpenDryPoor
90315,Rubus idaeus,OpenDryPoor
90316,Rubus idaeus,OpenDryPoor
90317,Rubus idaeus,OpenDryPoor
90318,Rubus idaeus,OpenDryPoor
90319,Rubus idaeus,OpenDryPoor
90320,Rubus idaeus,OpenDryPoor
90321,Rubus idaeus,OpenDryPoor
90322,Rubus idaeus,OpenDryPoor
90323,Rubus idaeus,OpenDryPoor
90324,Rubus idaeus,OpenDryPoor
90325,Rubus idaeus,OpenDryPoor
90326,Rubus idaeus,OpenDryPoor
90347,Rubus idaeus,OpenDryPoor
90348,Rubus idaeus,OpenDryPoor
90349,Rubus idaeus,OpenDryPoor
90350,Rubus idaeus,OpenDryPoor
90351,Rubus idaeus,OpenDryPoor
90352,Rubus idaeus,OpenDryPoor
90353,Rubus idaeus,OpenDryPoor
90354,Rubus idaeus,OpenDryPoor
90355,Rubus idaeus,OpenDryPoor
90356,Rubus idaeus,OpenDryPoor
90357,Rubus idaeus,OpenDryPoor
90358,Rubus idaeus,OpenDryPoor
90359,Rubus idaeus,OpenDryPoor
90360,Rubus idaeus,OpenDryPoor
90361,Rubus idaeus,OpenDryPoor
90362,Rubus idaeus,OpenDryPoor
90363,Rubus idaeus,OpenDryPoor
90364,Rubus idaeus,OpenDryPoor
90365,Rubus idaeus,OpenDryPoor
90366,Rubus idaeus,OpenDryPoor
90367,Rubus idaeus,OpenDryPoor
90368,Rubus idaeus,OpenDryPoor
90369,Rubus idaeus,OpenDryPoor
90370,Rubus idaeus,OpenDryPoor
90371,Rubus idaeus,OpenDryPoor
90372,Rubus idaeus,OpenDryPoor
90373,Rubus idaeus,OpenDryPoor
90374,Rubus idaeus,OpenDryPoor
90375,Rubus idaeus,OpenDryPoor
90376,Rubus idaeus,OpenDryPoor
90377,Rubus idaeus,OpenDryPoor
90906,Rubus idaeus,OpenDryPoor
90907,Rubus idaeus,OpenDryPoor
90908,Rubus idaeus,OpenDryPoor
90909,Rubus idaeus,OpenDryPoor
90910,Rubus idaeus,OpenDryPoor
90911,Rubus idaeus,OpenDryPoor
90912,Rubus idaeus,OpenDryPoor
90913,Rubus idaeus,OpenDryPoor
90914,Rubus idaeus,OpenDryPoor
90915,Rubus idaeus,OpenDryPoor
90916,Rubus idaeus,OpenDryPoor
90917,Rubus idaeus,OpenDryPoor
90918,Rubus idaeus,OpenDryPoor
90919,Rubus idaeus,OpenDryPoor
90920,Rubus idaeus,OpenDryPoor
90921,Rubus idaeus,OpenDryPoor
90922,Rubus idaeus,OpenDryPoor
90923,Rubus idaeus,OpenDryPoor
90924,Rubus idaeus,OpenDryPoor
90925,Rubus idaeus,OpenDryPoor
90946,Rubus idaeus,OpenDryPoor
90947,Rubus idaeus,OpenDryPoor
90948,Rubus idaeus,OpenDryPoor
90949,Rubus idaeus,OpenDryPoor
90950,Rubus idaeus,OpenDryPoor
90951,Rubus idaeus,OpenDryPoor
90952,Rubus idaeus,OpenDryPoor
90953,Rubus idaeus,OpenDryPoor
90954,Rubus idaeus,OpenDryPoor
90955,Rubus idaeus,OpenDryPoor
90956,Rubus idaeus,OpenDryPoor
90957,Rubus idaeus,OpenDryPoor
90958,Rubus idaeus,OpenDryPoor
90959,Rubus idaeus,OpenDryPoor
90960,Rubus idaeus,OpenDryPoor
90961,Rubus idaeus,OpenDryPoor
90962,Rubus idaeus,OpenDryPoor
90963,Rubus idaeus,OpenDryPoor
90964,Rubus idaeus,OpenDryPoor
90965,Rubus idaeus,OpenDryPoor
90966,Rubus idaeus,OpenDryPoor
90967,Rubus idaeus,OpenDryPoor
90968,Rubus idaeus,OpenDryPoor
90969,Rubus idaeus,OpenDryPoor
90970,Rubus idaeus,OpenDryPoor
90971,Rubus idaeus,OpenDryPoor
90972,Rubus idaeus,OpenDryPoor
90973,Rubus idaeus,OpenDryPoor
90974,Rubus idaeus,OpenDryPoor
90975,Rubus idaeus,OpenDryPoor
90976,Rubus idaeus,OpenDryPoor
91505,Rubus idaeus,OpenDryPoor
91506,Rubus idaeus,OpenDryPoor
91507,Rubus idaeus,OpenDryPoor
91508,Rubus idaeus,OpenDryPoor
91509,Rubus idaeus,OpenDryPoor
91510,Rubus idaeus,OpenDryPoor
91511,Rubus idaeus,OpenDryPoor
91512,Rubus idaeus,OpenDryPoor
91513,Rubus idaeus,OpenDryPoor
91514,Rubus idaeus,OpenDryPoor
91515,Rubus idaeus,OpenDryPoor
91516,Rubus idaeus,OpenDryPoor
91517,Rubus idaeus,OpenDryPoor
91518,Rubus idaeus,OpenDryPoor
91519,Rubus idaeus,OpenDryPoor
91520,Rubus idaeus,OpenDryPoor
91521,Rubus idaeus,OpenDryPoor
91522,Rubus idaeus,OpenDryPoor
91523,Rubus idaeus,OpenDryPoor
91524,Rubus idaeus,OpenDryPoor
91545,Rubus idaeus,OpenDryPoor
91546,Rubus idaeus,OpenDryPoor
91547,Rubus idaeus,OpenDryPoor
91548,Rubus idaeus,OpenDryPoor
91549,Rubus idaeus,OpenDryPoor
91550,Rubus idaeus,OpenDryPoor
91551,Rubus idaeus,OpenDryPoor
91552,Rubus idaeus,OpenDryPoor
91553,Rubus idaeus,OpenDryPoor
91554,Rubus idaeus,OpenDryPoor
91555,Rubus idaeus,OpenDryPoor
91556,Rubus idaeus,OpenDryPoor
91557,Rubus idaeus,OpenDryPoor
91558,Rubus idaeus,OpenDryPoor
91559,Rubus idaeus,OpenDryPoor
91560,Rubus idaeus,OpenDryPoor
91561,Rubus idaeus,OpenDryPoor
91562,Rubus idaeus,OpenDryPoor
91563,Rubus idaeus,OpenDryPoor
91564,Rubus idaeus,OpenDryPoor
91565,Rubus idaeus,OpenDryPoor
91566,Rubus idaeus,OpenDryPoor
91567,Rubus idaeus,OpenDryPoor
91568,Rubus idaeus,OpenDryPoor
91569,Rubus idaeus,OpenDryPoor
91570,Rubus idaeus,OpenDryPoor
91571,Rubus idaeus,OpenDryPoor
91572,Rubus idaeus,OpenDryPoor
91573,Rubus idaeus,OpenDryPoor
91574,Rubus idaeus,OpenDryPoor
92104,Rubus idaeus,OpenDryPoor
92105,Rubus idaeus,OpenDryPoor
92106,Rubus idaeus,OpenDryPoor
92107,Rubus idaeus,OpenDryPoor
92108,Rubus idaeus,OpenDryPoor
92109,Rubus idaeus,OpenDryPoor
92110,Rubus idaeus,OpenDryPoor
92111,Rubus idaeus,OpenDryPoor
92112,Rubus idaeus,OpenDryPoor
92113,Rubus idaeus,OpenDryPoor
92114,Rubus idaeus,OpenDryPoor
92115,Rubus idaeus,OpenDryPoor
92116,Rubus idaeus,OpenDryPoor
92117,Rubus idaeus,OpenDryPoor
92118,Rubus idaeus,OpenDryPoor
92119,Rubus idaeus,OpenDryPoor
92120,Rubus idaeus,OpenDryPoor
92121,Rubus idaeus,OpenDryPoor
92122,Rubus idaeus,OpenDryPoor
92123,Rubus idaeus,OpenDryPoor
92144,Rubus idaeus,OpenDryPoor
92145,Rubus idaeus,OpenDryPoor
92146,Rubus idaeus,OpenDryPoor
92147,Rubus idaeus,OpenDryPoor
92148,Rubus idaeus,OpenDryPoor
92149,Rubus idaeus,OpenDryPoor
92150,Rubus idaeus,OpenDryPoor
92151,Rubus idaeus,OpenDryPoor
92152,Rubus idaeus,OpenDryPoor
92153,Rubus idaeus,OpenDryPoor
92154,Rubus idaeus,OpenDryPoor
92155,Rubus idaeus,OpenDryPoor
92156,Rubus idaeus,OpenDryPoor
92157,Rubus idaeus,OpenDryPoor
92158,Rubus idaeus,OpenDryPoor
92159,Rubus idaeus,OpenDryPoor
92160,Rubus idaeus,OpenDryPoor
92161,Rubus idaeus,OpenDryPoor
92162,Rubus idaeus,OpenDryPoor
92163,Rubus idaeus,OpenDryPoor
92164,Rubus idaeus,OpenDryPoor
92165,Rubus idaeus,OpenDryPoor
92166,Rubus idaeus,OpenDryPoor
92167,Rubus idaeus,OpenDryPoor
92168,Rubus idaeus,OpenDryPoor
92169,Rubus idaeus,OpenDryPoor
92170,Rubus idaeus,OpenDryPoor
92171,Rubus idaeus,OpenDryPoor
92172,Rubus idaeus,OpenDryPoor
92703,Rubus idaeus,OpenDryPoor
92704,Rubus idaeus,OpenDryPoor
92705,Rubus idaeus,OpenDryPoor
92706,Rubus idaeus,OpenDryPoor
92707,Rubus idaeus,OpenDryPoor
92708,Rubus idaeus,OpenDryPoor
92709,Rubus idaeus,OpenDryPoor
92710,Rubus idaeus,OpenDryPoor
92711,Rubus idaeus,OpenDryPoor
92712,Rubus idaeus,OpenDryPoor
92713,Rubus idaeus,OpenDryPoor
92714,Rubus idaeus,OpenDryPoor
92715,Rubus idaeus,OpenDryPoor
92716,Rubus idaeus,OpenDryPoor
92717,Rubus idaeus,OpenDryPoor
92718,Rubus idaeus,OpenDryPoor
92719,Rubus idaeus,OpenDryPoor
92720,Rubus idaeus,OpenDryPoor
92721,Rubus idaeus,OpenDryPoor
92722,Rubus idaeus,OpenDryPoor
92743,Rubus idaeus,OpenDryPoor
92744,Rubus idaeus,OpenDryPoor
92745,Rubus idaeus,OpenDryPoor
92746,Rubus idaeus,OpenDryPoor
92747,Rubus idaeus,OpenDryPoor
92748,Rubus idaeus,OpenDryPoor
92749,Rubus idaeus,OpenDryPoor
92750,Rubus idaeus,OpenDryPoor
92751,Rubus idaeus,OpenDryPoor
92752,Rubus idaeus,OpenDryPoor
92753,Rubus idaeus,OpenDryPoor
92754,Rubus idaeus,OpenDryPoor
92755,Rubus idaeus,OpenDryPoor
92756,Rubus idaeus,OpenDryPoor
92757,Rubus idaeus,OpenDryPoor
92758,Rubus idaeus,OpenDryPoor
92759,Rubus idaeus,OpenDryPoor
92760,Rubus idaeus,OpenDryPoor
92761,Rubus idaeus,OpenDryPoor
92762,Rubus idaeus,OpenDryPoor
92763,Rubus idaeus,OpenDryPoor
92764,Rubus idaeus,OpenDryPoor
92765,Rubus idaeus,OpenDryPoor
92766,Rubus idaeus,OpenDryPoor
92767,Rubus idaeus,OpenDryPoor
92768,Rubus idaeus,OpenDryPoor
92769,Rubus idaeus,OpenDryPoor
92770,Rubus idaeus,OpenDryPoor
93302,Rubus idaeus,OpenDryPoor
93303,Rubus idaeus,OpenDryPoor
93304,Rubus idaeus,OpenDryPoor
93305,Rubus idaeus,OpenDryPoor
93306,Rubus idaeus,OpenDryPoor
93307,Rubus idaeus,OpenDryPoor
93308,Rubus idaeus,OpenDryPoor
93309,Rubus idaeus,OpenDryPoor
93310,Rubus idaeus,OpenDryPoor
93311,Rubus idaeus,OpenDryPoor
93312,Rubus idaeus,OpenDryPoor
93313,Rubus idaeus,OpenDryPoor
93314,Rubus idaeus,OpenDryPoor
93315,Rubus idaeus,OpenDryPoor
93316,Rubus idaeus,OpenDryPoor
93317,Rubus idaeus,OpenDryPoor
93318,Rubus idaeus,OpenDryPoor
93319,Rubus idaeus,OpenDryPoor
93320,Rubus idaeus,OpenDryPoor
93321,Rubus idaeus,OpenDryPoor
93342,Rubus idaeus,OpenDryPoor
93343,Rubus idaeus,OpenDryPoor
93344,Rubus idaeus,OpenDryPoor
93345,Rubus idaeus,OpenDryPoor
93346,Rubus idaeus,OpenDryPoor
93347,Rubus idaeus,OpenDryPoor
93348,Rubus idaeus,OpenDryPoor
93349,Rubus idaeus,OpenDryPoor
93350,Rubus idaeus,OpenDryPoor
93351,Rubus idaeus,OpenDryPoor
93352,Rubus idaeus,OpenDryPoor
93353,Rubus idaeus,OpenDryPoor
93354,Rubus idaeus,OpenDryPoor
93355,Rubus idaeus,OpenDryPoor
93356,Rubus idaeus,OpenDryPoor
93357,Rubus idaeus,OpenDryPoor
93358,Rubus idaeus,OpenDryPoor
93359,Rubus idaeus,OpenDryPoor
93360,Rubus idaeus,OpenDryPoor
93361,Rubus idaeus,OpenDryPoor
93362,Rubus idaeus,OpenDryPoor
93363,Rubus idaeus,OpenDryPoor
93364,Rubus idaeus,OpenDryPoor
93365,Rubus idaeus,OpenDryPoor
93366,Rubus idaeus,OpenDryPoor
93367,Rubus idaeus,OpenDryPoor
93368,Rubus idaeus,OpenDryPoor
93902,Rubus idaeus,OpenDryPoor
93903,Rubus idaeus,OpenDryPoor
93904,Rubus idaeus,OpenDryPoor
93905,Rubus idaeus,OpenDryPoor
93906,Rubus idaeus,OpenDryPoor
93907,Rubus idaeus,OpenDryPoor
93908,Rubus idaeus,OpenDryPoor
93909,Rubus idaeus,OpenDryPoor
93910,Rubus idaeus,OpenDryPoor
93911,Rubus idaeus,OpenDryPoor
93912,Rubus idaeus,OpenDryPoor
93913,Rubus idaeus,OpenDryPoor
93914,Rubus idaeus,OpenDryPoor
93915,Rubus idaeus,OpenDryPoor
93916,Rubus idaeus,OpenDryPoor
93917,Rubus idaeus,OpenDryPoor
93918,Rubus idaeus,OpenDryPoor
93919,Rubus idaeus,OpenDryPoor
93920,Rubus idaeus,OpenDryPoor
93941,Rubus idaeus,OpenDryPoor
93942,Rubus idaeus,OpenDryPoor
93943,Rubus idaeus,OpenDryPoor
93944,Rubus idaeus,OpenDryPoor
93945,Rubus idaeus,OpenDryPoor
93946,Rubus idaeus,OpenDryPoor
93947,Rubus idaeus,OpenDryPoor
93948,Rubus idaeus,OpenDryPoor
93949,Rubus idaeus,OpenDryPoor
93950,Rubus idaeus,OpenDryPoor
93951,Rubus idaeus,OpenDryPoor
93952,Rubus idaeus,OpenDryPoor
93953,Rubus idaeus,OpenDryPoor
93954,Rubus idaeus,OpenDryPoor
93955,Rubus idaeus,OpenDryPoor
93956,Rubus idaeus,OpenDryPoor
93957,Rubus idaeus,OpenDryPoor
93958,Rubus idaeus,OpenDryPoor
93959,Rubus idaeus,OpenDryPoor
93960,Rubus idaeus,OpenDryPoor
93961,Rubus idaeus,OpenDryPoor
93962,Rubus idaeus,OpenDryPoor
93963,Rubus idaeus,OpenDryPoor
93964,Rubus idaeus,OpenDryPoor
93965,Rubus idaeus,OpenDryPoor
94502,Rubus idaeus,OpenDryPoor
94503,Rubus idaeus,OpenDryPoor
94504,Rubus idaeus,OpenDryPoor
94505,Rubus idaeus,OpenDryPoor
94506,Rubus idaeus,OpenDryPoor
94507,Rubus idaeus,OpenDryPoor
94508,Rubus idaeus,OpenDryPoor
94509,Rubus idaeus,OpenDryPoor
94510,Rubus idaeus,OpenDryPoor
94511,Rubus idaeus,OpenDryPoor
94512,Rubus idaeus,OpenDryPoor
94513,Rubus idaeus,OpenDryPoor
94514,Rubus idaeus,OpenDryPoor
94515,Rubus idaeus,OpenDryPoor
94516,Rubus idaeus,OpenDryPoor
94517,Rubus idaeus,OpenDryPoor
94518,Rubus idaeus,OpenDryPoor
94519,Rubus idaeus,OpenDryPoor
94540,Rubus idaeus,OpenDryPoor
94541,Rubus idaeus,OpenDryPoor
94542,Rubus idaeus,OpenDryPoor
94543,Rubus idaeus,OpenDryPoor
94544,Rubus idaeus,OpenDryPoor
94545,Rubus idaeus,OpenDryPoor
94546,Rubus idaeus,OpenDryPoor
94547,Rubus idaeus,OpenDryPoor
94548,Rubus idaeus,OpenDryPoor
94549,Rubus idaeus,OpenDryPoor
94550,Rubus idaeus,OpenDryPoor
94551,Rubus idaeus,OpenDryPoor
94552,Rubus idaeus,OpenDryPoor
94553,Rubus idaeus,OpenDryPoor
94554,Rubus idaeus,OpenDryPoor
94555,Rubus idaeus,OpenDryPoor
94556,Rubus idaeus,OpenDryPoor
94557,Rubus idaeus,OpenDryPoor
94558,Rubus idaeus,OpenDryPoor
94559,Rubus idaeus,OpenDryPoor
94560,Rubus idaeus,OpenDryPoor
94561,Rubus idaeus,OpenDryPoor
94562,Rubus idaeus,OpenDryPoor
94563,Rubus idaeus,OpenDryPoor
95103,Rubus idaeus,OpenDryPoor
95104,Rubus idaeus,OpenDryPoor
95105,Rubus idaeus,OpenDryPoor
95106,Rubus idaeus,OpenDryPoor
95107,Rubus idaeus,OpenDryPoor
95108,Rubus idaeus,OpenDryPoor
95109,Rubus idaeus,OpenDryPoor
95110,Rubus idaeus,OpenDryPoor
95111,Rubus idaeus,OpenDryPoor
95112,Rubus idaeus,OpenDryPoor
95113,Rubus idaeus,OpenDryPoor
95114,Rubus idaeus,OpenDryPoor
95115,Rubus idaeus,OpenDryPoor
95116,Rubus idaeus,OpenDryPoor
95117,Rubus idaeus,OpenDryPoor
95118,Rubus idaeus,OpenDryPoor
95139,Rubus idaeus,OpenDryPoor
95140,Rubus idaeus,OpenDryPoor
95141,Rubus idaeus,OpenDryPoor
95142,Rubus idaeus,OpenDryPoor
95143,Rubus idaeus,OpenDryPoor
95144,Rubus idaeus,OpenDryPoor
95145,Rubus idaeus,OpenDryPoor
95146,Rubus idaeus,OpenDryPoor
95147,Rubus idaeus,OpenDryPoor
95148,Rubus idaeus,OpenDryPoor
95149,Rubus idaeus,OpenDryPoor
95150,Rubus idaeus,OpenDryPoor
95151,Rubus idaeus,OpenDryPoor
95152,Rubus idaeus,OpenDryPoor
95153,Rubus idaeus,OpenDryPoor
95154,Rubus idaeus,OpenDryPoor
95155,Rubus idaeus,OpenDryPoor
95156,Rubus idaeus,OpenDryPoor
95157,Rubus idaeus,OpenDryPoor
95158,Rubus idaeus,OpenDryPoor
95159,Rubus idaeus,OpenDryPoor
95160,Rubus idaeus,OpenDryPoor
95161,Rubus idaeus,OpenDryPoor
95703,Rubus idaeus,OpenDryPoor
95704,Rubus idaeus,OpenDryPoor
95705,Rubus idaeus,OpenDryPoor
95706,Rubus idaeus,OpenDryPoor
95707,Rubus idaeus,OpenDryPoor
95708,Rubus idaeus,OpenDryPoor
95709,Rubus idaeus,OpenDryPoor
95710,Rubus idaeus,OpenDryPoor
95711,Rubus idaeus,OpenDryPoor
95712,Rubus idaeus,OpenDryPoor
95713,Rubus idaeus,OpenDryPoor
95714,Rubus idaeus,OpenDryPoor
95715,Rubus idaeus,OpenDryPoor
95716,Rubus idaeus,OpenDryPoor
95717,Rubus idaeus,OpenDryPoor
95738,Rubus idaeus,OpenDryPoor
95739,Rubus idaeus,OpenDryPoor
95740,Rubus idaeus,OpenDryPoor
95741,Rubus idaeus,OpenDryPoor
95742,Rubus idaeus,OpenDryPoor
95743,Rubus idaeus,OpenDryPoor
95744,Rubus idaeus,OpenDryPoor
95745,Rubus idaeus,OpenDryPoor
95746,Rubus idaeus,OpenDryPoor
95747,Rubus idaeus,OpenDryPoor
95748,Rubus idaeus,OpenDryPoor
95749,Rubus idaeus,OpenDryPoor
95750,Rubus idaeus,OpenDryPoor
95751,Rubus idaeus,OpenDryPoor
95752,Rubus idaeus,OpenDryPoor
95753,Rubus idaeus,OpenDryPoor
95754,Rubus idaeus,OpenDryPoor
95755,Rubus idaeus,OpenDryPoor
95756,Rubus idaeus,OpenDryPoor
95757,Rubus idaeus,OpenDryPoor
95758,Rubus idaeus,OpenDryPoor
95759,Rubus idaeus,OpenDryPoor
96304,Rubus idaeus,OpenDryPoor
96305,Rubus idaeus,OpenDryPoor
96306,Rubus idaeus,OpenDryPoor
96307,Rubus idaeus,OpenDryPoor
96308,Rubus idaeus,OpenDryPoor
96309,Rubus idaeus,OpenDryPoor
96310,Rubus idaeus,OpenDryPoor
96311,Rubus idaeus,OpenDryPoor
96312,Rubus idaeus,OpenDryPoor
96313,Rubus idaeus,OpenDryPoor
96314,Rubus idaeus,OpenDryPoor
96315,Rubus idaeus,OpenDryPoor
96316,Rubus idaeus,OpenDryPoor
96337,Rubus idaeus,OpenDryPoor
96338,Rubus idaeus,OpenDryPoor
96339,Rubus idaeus,OpenDryPoor
96340,Rubus idaeus,OpenDryPoor
96341,Rubus idaeus,OpenDryPoor
96342,Rubus idaeus,OpenDryPoor
96343,Rubus idaeus,OpenDryPoor
96344,Rubus idaeus,OpenDryPoor
96345,Rubus idaeus,OpenDryPoor
96346,Rubus idaeus,OpenDryPoor
96347,Rubus idaeus,OpenDryPoor
96348,Rubus idaeus,OpenDryPoor
96349,Rubus idaeus,OpenDryPoor
96350,Rubus idaeus,OpenDryPoor
96351,Rubus idaeus,OpenDryPoor
96352,Rubus idaeus,OpenDryPoor
96353,Rubus idaeus,OpenDryPoor
96354,Rubus idaeus,OpenDryPoor
96355,Rubus idaeus,OpenDryPoor
96356,Rubus idaeus,OpenDryPoor
96904,Rubus idaeus,OpenDryPoor
96905,Rubus idaeus,OpenDryPoor
96906,Rubus idaeus,OpenDryPoor
96907,Rubus idaeus,OpenDryPoor
96908,Rubus idaeus,OpenDryPoor
96909,Rubus idaeus,OpenDryPoor
96910,Rubus idaeus,OpenDryPoor
96911,Rubus idaeus,OpenDryPoor
96912,Rubus idaeus,OpenDryPoor
96913,Rubus idaeus,OpenDryPoor
96914,Rubus idaeus,OpenDryPoor
96915,Rubus idaeus,OpenDryPoor
96936,Rubus idaeus,OpenDryPoor
96937,Rubus idaeus,OpenDryPoor
96938,Rubus idaeus,OpenDryPoor
96939,Rubus idaeus,OpenDryPoor
96940,Rubus idaeus,OpenDryPoor
96941,Rubus idaeus,OpenDryPoor
96942,Rubus idaeus,OpenDryPoor
96943,Rubus idaeus,OpenDryPoor
96944,Rubus idaeus,OpenDryPoor
96945,Rubus idaeus,OpenDryPoor
96946,Rubus idaeus,OpenDryPoor
96947,Rubus idaeus,OpenDryPoor
96948,Rubus idaeus,OpenDryPoor
96949,Rubus idaeus,OpenDryPoor
96950,Rubus idaeus,OpenDryPoor
96951,Rubus idaeus,OpenDryPoor
96952,Rubus idaeus,OpenDryPoor
96953,Rubus idaeus,OpenDryPoor
97505,Rubus idaeus,OpenDryPoor
97506,Rubus idaeus,OpenDryPoor
97507,Rubus idaeus,OpenDryPoor
97508,Rubus idaeus,OpenDryPoor
97509,Rubus idaeus,OpenDryPoor
97510,Rubus idaeus,OpenDryPoor
97511,Rubus idaeus,OpenDryPoor
97512,Rubus idaeus,OpenDryPoor
97513,Rubus idaeus,OpenDryPoor
97514,Rubus idaeus,OpenDryPoor
97535,Rubus idaeus,OpenDryPoor
97536,Rubus idaeus,OpenDryPoor
97537,Rubus idaeus,OpenDryPoor
97538,Rubus idaeus,OpenDryPoor
97539,Rubus idaeus,OpenDryPoor
97540,Rubus idaeus,OpenDryPoor
97541,Rubus idaeus,OpenDryPoor
97542,Rubus idaeus,OpenDryPoor
97543,Rubus idaeus,OpenDryPoor
97544,Rubus idaeus,OpenDryPoor
97545,Rubus idaeus,OpenDryPoor
97546,Rubus idaeus,OpenDryPoor
97547,Rubus idaeus,OpenDryPoor
97548,Rubus idaeus,OpenDryPoor
97549,Rubus idaeus,OpenDryPoor
97550,Rubus idaeus,OpenDryPoor
97551,Rubus idaeus,OpenDryPoor
98106,Rubus idaeus,OpenDryPoor
98107,Rubus idaeus,OpenDryPoor
98108,Rubus idaeus,OpenDryPoor
98109,Rubus idaeus,OpenDryPoor
98110,Rubus idaeus,OpenDryPoor
98111,Rubus idaeus,OpenDryPoor
98112,Rubus idaeus,OpenDryPoor
98113,Rubus idaeus,OpenDryPoor
98134,Rubus idaeus,OpenDryPoor
98135,Rubus idaeus,OpenDryPoor
98136,Rubus idaeus,OpenDryPoor
98137,Rubus idaeus,OpenDryPoor
98138,Rubus idaeus,OpenDryPoor
98139,Rubus idaeus,OpenDryPoor
98140,Rubus idaeus,OpenDryPoor
98141,Rubus idaeus,OpenDryPoor
98142,Rubus idaeus,OpenDryPoor
98143,Rubus idaeus,OpenDryPoor
98144,Rubus idaeus,OpenDryPoor
98145,Rubus idaeus,OpenDryPoor
98146,Rubus idaeus,OpenDryPoor
98147,Rubus idaeus,OpenDryPoor
98148,Rubus idaeus,OpenDryPoor
98707,Rubus idaeus,OpenDryPoor
98708,Rubus idaeus,OpenDryPoor
98709,Rubus idaeus,OpenDryPoor
98710,Rubus idaeus,OpenDryPoor
98711,Rubus idaeus,OpenDryPoor
98712,Rubus idaeus,OpenDryPoor
98713,Rubus idaeus,OpenDryPoor
98714,Rubus idaeus,OpenDryPoor
98715,Rubus idaeus,OpenDryPoor
98716,Rubus idaeus,OpenDryPoor
98717,Rubus idaeus,OpenDryPoor
98718,Rubus idaeus,OpenDryPoor
98719,Rubus idaeus,OpenDryPoor
98720,Rubus idaeus,OpenDryPoor
98721,Rubus idaeus,OpenDryPoor
98722,Rubus idaeus,OpenDryPoor
98723,Rubus idaeus,OpenDryPoor
98724,Rubus idaeus,OpenDryPoor
98725,Rubus idaeus,OpenDryPoor
98726,Rubus idaeus,OpenDryPoor
98727,Rubus idaeus,OpenDryPoor
98728,Rubus idaeus,OpenDryPoor
98729,Rubus idaeus,OpenDryPoor
98730,Rubus idaeus,OpenDryPoor
98731,Rubus idaeus,OpenDryPoor
98732,Rubus idaeus,OpenDryPoor
98733,Rubus idaeus,OpenDryPoor
98734,Rubus idaeus,OpenDryPoor
98735,Rubus idaeus,OpenDryPoor
98736,Rubus idaeus,OpenDryPoor
98737,Rubus idaeus,OpenDryPoor
98738,Rubus idaeus,OpenDryPoor
98739,Rubus idaeus,OpenDryPoor
98740,Rubus idaeus,OpenDryPoor
98741,Rubus idaeus,OpenDryPoor
98742,Rubus idaeus,OpenDryPoor
98743,Rubus idaeus,OpenDryPoor
98744,Rubus idaeus,OpenDryPoor
99309,Rubus idaeus,OpenDryPoor
99310,Rubus idaeus,OpenDryPoor
99311,Rubus idaeus,OpenDryPoor
99312,Rubus idaeus,OpenDryPoor
99313,Rubus idaeus,OpenDryPoor
99314,Rubus idaeus,OpenDryPoor
99315,Rubus idaeus,OpenDryPoor
99316,Rubus idaeus,OpenDryPoor
99317,Rubus idaeus,OpenDryPoor
99318,Rubus idaeus,OpenDryPoor
99319,Rubus idaeus,OpenDryPoor
99320,Rubus idaeus,OpenDryPoor
99321,Rubus idaeus,OpenDryPoor
99322,Rubus idaeus,OpenDryPoor
99323,Rubus idaeus,OpenDryPoor
99324,Rubus idaeus,OpenDryPoor
99325,Rubus idaeus,OpenDryPoor
99326,Rubus idaeus,OpenDryPoor
99327,Rubus idaeus,OpenDryPoor
99328,Rubus idaeus,OpenDryPoor
99329,Rubus idaeus,OpenDryPoor
99330,Rubus idaeus,OpenDryPoor
99331,Rubus idaeus,OpenDryPoor
99332,Rubus idaeus,OpenDryPoor
99333,Rubus idaeus,OpenDryPoor
99334,Rubus idaeus,OpenDryPoor
99335,Rubus idaeus,OpenDryPoor
99336,Rubus idaeus,OpenDryPoor
99337,Rubus idaeus,OpenDryPoor
99338,Rubus idaeus,OpenDryPoor
99339,Rubus idaeus,OpenDryPoor
99340,Rubus idaeus,OpenDryPoor
99341,Rubus idaeus,OpenDryPoor
99911,Rubus idaeus,OpenDryPoor
99912,Rubus idaeus,OpenDryPoor
99913,Rubus idaeus,OpenDryPoor
99914,Rubus idaeus,OpenDryPoor
99915,Rubus idaeus,OpenDryPoor
99916,Rubus idaeus,OpenDryPoor
99917,Rubus idaeus,OpenDryPoor
99918,Rubus idaeus,OpenDryPoor
99919,Rubus idaeus,OpenDryPoor
99920,Rubus idaeus,OpenDryPoor
99921,Rubus idaeus,OpenDryPoor
99922,Rubus idaeus,OpenDryPoor
99923,Rubus idaeus,OpenDryPoor
99924,Rubus idaeus,OpenDryPoor
99925,Rubus idaeus,OpenDryPoor
99926,Rubus idaeus,OpenDryPoor
99927,Rubus idaeus,OpenDryPoor
99928,Rubus idaeus,OpenDryPoor
99929,Rubus idaeus,OpenDryPoor
99930,Rubus idaeus,OpenDryPoor
99931,Rubus idaeus,OpenDryPoor
99932,Rubus idaeus,OpenDryPoor
99933,Rubus idaeus,OpenDryPoor
99934,Rubus idaeus,OpenDryPoor
99935,Rubus idaeus,OpenDryPoor
99936,Rubus idaeus,OpenDryPoor
100514,Rubus idaeus,OpenDryPoor
100515,Rubus idaeus,OpenDryPoor
100516,Rubus idaeus,OpenDryPoor
100517,Rubus idaeus,OpenDryPoor
100518,Rubus idaeus,OpenDryPoor
100519,Rubus idaeus,OpenDryPoor
100520,Rubus idaeus,OpenDryPoor
100521,Rubus idaeus,OpenDryPoor
100522,Rubus idaeus,OpenDryPoor
100523,Rubus idaeus,OpenDryPoor
100524,Rubus idaeus,OpenDryPoor
100525,Rubus idaeus,OpenDryPoor
100526,Rubus idaeus,OpenDryPoor
100527,Rubus idaeus,OpenDryPoor
100528,Rubus idaeus,OpenDryPoor
100529,Rubus idaeus,OpenDryPoor
100530,Rubus idaeus,OpenDryPoor
100531,Rubus idaeus,OpenDryPoor
