122633,Equisetum arvense,ForestWetPoor
122634,Equisetum arvense,ForestWetPoor
122635,Equisetum arvense,ForestWetPoor
122636,Equisetum arvense,ForestWetPoor
122637,Equisetum arvense,ForestWetPoor
122638,Equisetum arvense,ForestWetPoor
122639,Equisetum arvense,ForestWetPoor
122640,Equisetum arvense,ForestWetPoor
122641,Equisetum arvense,ForestWetPoor
122642,Equisetum arvense,ForestWetPoor
122643,Equisetum arvense,ForestWetPoor
122644,Equisetum arvense,ForestWetPoor
122645,Equisetum arvense,ForestWetPoor
122646,Equisetum arvense,ForestWetPoor
122647,Equisetum arvense,ForestWetPoor
122648,Equisetum arvense,ForestWetPoor
122649,Equisetum arvense,ForestWetPoor
122650,Equisetum arvense,ForestWetPoor
122651,Equisetum arvense,ForestWetPoor
122652,Equisetum arvense,ForestWetPoor
123232,Equisetum arvense,ForestWetPoor
123233,Equisetum arvense,ForestWetPoor
123234,Equisetum arvense,ForestWetPoor
123235,Equisetum arvense,ForestWetPoor
123236,Equisetum arvense,ForestWetPoor
123237,Equisetum arvense,ForestWetPoor
123238,Equisetum arvense,ForestWetPoor
123239,Equisetum arvense,ForestWetPoor
123240,Equisetum arvense,ForestWetPoor
123241,Equisetum arvense,ForestWetPoor
123242,Equisetum arvense,ForestWetPoor
123243,Equisetum arvense,ForestWetPoor
123244,Equisetum arvense,ForestWetPoor
123245,Equisetum arvense,ForestWetPoor
123246,Equisetum arvense,ForestWetPoor
123247,Equisetum arvense,ForestWetPoor
123248,Equisetum arvense,ForestWetPoor
123249,Equisetum arvense,ForestWetPoor
123250,Equisetum arvense,ForestWetPoor
123251,Equisetum arvense,ForestWetPoor
123831,Equisetum arvense,ForestWetPoor
123832,Equisetum arvense,ForestWetPoor
123833,Equisetum arvense,ForestWetPoor
123834,Equisetum arvense,ForestWetPoor
123835,Equisetum arvense,ForestWetPoor
123836,Equisetum arvense,ForestWetPoor
123837,Equisetum arvense,ForestWetPoor
123838,Equisetum arvense,ForestWetPoor
123839,Equisetum arvense,ForestWetPoor
123840,Equisetum arvense,ForestWetPoor
123841,Equisetum arvense,ForestWetPoor
123842,Equisetum arvense,ForestWetPoor
123843,Equisetum arvense,ForestWetPoor
123844,Equisetum arvense,ForestWetPoor
123845,Equisetum arvense,ForestWetPoor
123846,Equisetum arvense,ForestWetPoor
123847,Equisetum arvense,ForestWetPoor
123848,Equisetum arvense,ForestWetPoor
123849,Equisetum arvense,ForestWetPoor
123850,Equisetum arvense,ForestWetPoor
124430,Equisetum arvense,ForestWetPoor
124431,Equisetum arvense,ForestWetPoor
124432,Equisetum arvense,ForestWetPoor
124433,Equisetum arvense,ForestWetPoor
124434,Equisetum arvense,ForestWetPoor
124435,Equisetum arvense,ForestWetPoor
124436,Equisetum arvense,ForestWetPoor
124437,Equisetum arvense,ForestWetPoor
124438,Equisetum arvense,ForestWetPoor
124439,Equisetum arvense,ForestWetPoor
124440,Equisetum arvense,ForestWetPoor
124441,Equisetum arvense,ForestWetPoor
124442,Equisetum arvense,ForestWetPoor
124443,Equisetum arvense,ForestWetPoor
124444,Equisetum arvense,ForestWetPoor
124445,Equisetum arvense,ForestWetPoor
124446,Equisetum arvense,ForestWetPoor
124447,Equisetum arvense,ForestWetPoor
124448,Equisetum arvense,ForestWetPoor
124449,Equisetum arvense,ForestWetPoor
125029,Equisetum arvense,ForestWetPoor
125030,Equisetum arvense,ForestWetPoor
125031,Equisetum arvense,ForestWetPoor
125032,Equisetum arvense,ForestWetPoor
125033,Equisetum arvense,ForestWetPoor
125034,Equisetum arvense,ForestWetPoor
125035,Equisetum arvense,ForestWetPoor
125036,Equisetum arvense,ForestWetPoor
125037,Equisetum arvense,ForestWetPoor
125038,Equisetum arvense,ForestWetPoor
125039,Equisetum arvense,ForestWetPoor
125040,Equisetum arvense,ForestWetPoor
125041,Equisetum arvense,ForestWetPoor
125042,Equisetum arvense,ForestWetPoor
125043,Equisetum arvense,ForestWetPoor
125044,Equisetum arvense,ForestWetPoor
125045,Equisetum arvense,ForestWetPoor
125046,Equisetum arvense,ForestWetPoor
125047,Equisetum arvense,ForestWetPoor
125048,Equisetum arvense,ForestWetPoor
125628,Equisetum arvense,ForestWetPoor
125629,Equisetum arvense,ForestWetPoor
125630,Equisetum arvense,ForestWetPoor
125631,Equisetum arvense,ForestWetPoor
125632,Equisetum arvense,ForestWetPoor
125633,Equisetum arvense,ForestWetPoor
125634,Equisetum arvense,ForestWetPoor
125635,Equisetum arvense,ForestWetPoor
125636,Equisetum arvense,ForestWetPoor
125637,Equisetum arvense,ForestWetPoor
125638,Equisetum arvense,ForestWetPoor
125639,Equisetum arvense,ForestWetPoor
125640,Equisetum arvense,ForestWetPoor
125641,Equisetum arvense,ForestWetPoor
125642,Equisetum arvense,ForestWetPoor
125643,Equisetum arvense,ForestWetPoor
125644,Equisetum arvense,ForestWetPoor
125645,Equisetum arvense,ForestWetPoor
125646,Equisetum arvense,ForestWetPoor
125647,Equisetum arvense,ForestWetPoor
125668,Equisetum arvense,ForestWetPoor
126227,Equisetum arvense,ForestWetPoor
126228,Equisetum arvense,ForestWetPoor
126229,Equisetum arvense,ForestWetPoor
126230,Equisetum arvense,ForestWetPoor
126231,Equisetum arvense,ForestWetPoor
126232,Equisetum arvense,ForestWetPoor
126233,Equisetum arvense,ForestWetPoor
126234,Equisetum arvense,ForestWetPoor
126235,Equisetum arvense,ForestWetPoor
126236,Equisetum arvense,ForestWetPoor
126237,Equisetum arvense,ForestWetPoor
126238,Equisetum arvense,ForestWetPoor
126239,Equisetum arvense,ForestWetPoor
126240,Equisetum arvense,ForestWetPoor
126241,Equisetum arvense,ForestWetPoor
126242,Equisetum arvense,ForestWetPoor
126243,Equisetum arvense,ForestWetPoor
126244,Equisetum arvense,ForestWetPoor
126245,Equisetum arvense,ForestWetPoor
126246,Equisetum arvense,ForestWetPoor
126267,Equisetum arvense,ForestWetPoor
126268,Equisetum arvense,ForestWetPoor
126826,Equisetum arvense,ForestWetPoor
126827,Equisetum arvense,ForestWetPoor
126828,Equisetum arvense,ForestWetPoor
126829,Equisetum arvense,ForestWetPoor
126830,Equisetum arvense,ForestWetPoor
126831,Equisetum arvense,ForestWetPoor
126832,Equisetum arvense,ForestWetPoor
126833,Equisetum arvense,ForestWetPoor
126834,Equisetum arvense,ForestWetPoor
126835,Equisetum arvense,ForestWetPoor
126836,Equisetum arvense,ForestWetPoor
126837,Equisetum arvense,ForestWetPoor
126838,Equisetum arvense,ForestWetPoor
126839,Equisetum arvense,ForestWetPoor
126840,Equisetum arvense,ForestWetPoor
126841,Equisetum arvense,ForestWetPoor
126842,Equisetum arvense,ForestWetPoor
126843,Equisetum arvense,ForestWetPoor
126844,Equisetum arvense,ForestWetPoor
126845,Equisetum arvense,ForestWetPoor
126866,Equisetum arvense,ForestWetPoor
126867,Equisetum arvense,ForestWetPoor
126868,Equisetum arvense,ForestWetPoor
127425,Equisetum arvense,ForestWetPoor
127426,Equisetum arvense,ForestWetPoor
127427,Equisetum arvense,ForestWetPoor
127428,Equisetum arvense,ForestWetPoor
127429,Equisetum arvense,ForestWetPoor
127430,Equisetum arvense,ForestWetPoor
127431,Equisetum arvense,ForestWetPoor
127432,Equisetum arvense,ForestWetPoor
127433,Equisetum arvense,ForestWetPoor
127434,Equisetum arvense,ForestWetPoor
127435,Equisetum arvense,ForestWetPoor
127436,Equisetum arvense,ForestWetPoor
127437,Equisetum arvense,ForestWetPoor
127438,Equisetum arvense,ForestWetPoor
127439,Equisetum arvense,ForestWetPoor
127440,Equisetum arvense,ForestWetPoor
127441,Equisetum arvense,ForestWetPoor
127442,Equisetum arvense,ForestWetPoor
127443,Equisetum arvense,ForestWetPoor
127444,Equisetum arvense,ForestWetPoor
127465,Equisetum arvense,ForestWetPoor
127466,Equisetum arvense,ForestWetPoor
127467,Equisetum arvense,ForestWetPoor
127468,Equisetum arvense,ForestWetPoor
128024,Equisetum arvense,ForestWetPoor
128025,Equisetum arvense,ForestWetPoor
128026,Equisetum arvense,ForestWetPoor
128027,Equisetum arvense,ForestWetPoor
128028,Equisetum arvense,ForestWetPoor
128029,Equisetum arvense,ForestWetPoor
128030,Equisetum arvense,ForestWetPoor
128031,Equisetum arvense,ForestWetPoor
128032,Equisetum arvense,ForestWetPoor
128033,Equisetum arvense,ForestWetPoor
128034,Equisetum arvense,ForestWetPoor
128035,Equisetum arvense,ForestWetPoor
128036,Equisetum arvense,ForestWetPoor
128037,Equisetum arvense,ForestWetPoor
128038,Equisetum arvense,ForestWetPoor
128039,Equisetum arvense,ForestWetPoor
128040,Equisetum arvense,ForestWetPoor
128041,Equisetum arvense,ForestWetPoor
128042,Equisetum arvense,ForestWetPoor
128043,Equisetum arvense,ForestWetPoor
128064,Equisetum arvense,ForestWetPoor
128065,Equisetum arvense,ForestWetPoor
128066,Equisetum arvense,ForestWetPoor
128067,Equisetum arvense,ForestWetPoor
128068,Equisetum arvense,ForestWetPoor
128623,Equisetum arvense,ForestWetPoor
128624,Equisetum arvense,ForestWetPoor
128625,Equisetum arvense,ForestWetPoor
128626,Equisetum arvense,ForestWetPoor
128627,Equisetum arvense,ForestWetPoor
128628,Equisetum arvense,ForestWetPoor
128629,Equisetum arvense,ForestWetPoor
128630,Equisetum arvense,ForestWetPoor
128631,Equisetum arvense,ForestWetPoor
128632,Equisetum arvense,ForestWetPoor
128633,Equisetum arvense,ForestWetPoor
128634,Equisetum arvense,ForestWetPoor
128635,Equisetum arvense,ForestWetPoor
128636,Equisetum arvense,ForestWetPoor
128637,Equisetum arvense,ForestWetPoor
128638,Equisetum arvense,ForestWetPoor
128639,Equisetum arvense,ForestWetPoor
128640,Equisetum arvense,ForestWetPoor
128641,Equisetum arvense,ForestWetPoor
128642,Equisetum arvense,ForestWetPoor
128663,Equisetum arvense,ForestWetPoor
128664,Equisetum arvense,ForestWetPoor
128665,Equisetum arvense,ForestWetPoor
128666,Equisetum arvense,ForestWetPoor
128667,Equisetum arvense,ForestWetPoor
128668,Equisetum arvense,ForestWetPoor
129222,Equisetum arvense,ForestWetPoor
129223,Equisetum arvense,ForestWetPoor
129224,Equisetum arvense,ForestWetPoor
129225,Equisetum arvense,ForestWetPoor
129226,Equisetum arvense,ForestWetPoor
129227,Equisetum arvense,ForestWetPoor
129228,Equisetum arvense,ForestWetPoor
129229,Equisetum arvense,ForestWetPoor
129230,Equisetum arvense,ForestWetPoor
129231,Equisetum arvense,ForestWetPoor
129232,Equisetum arvense,ForestWetPoor
129233,Equisetum arvense,ForestWetPoor
129234,Equisetum arvense,ForestWetPoor
129235,Equisetum arvense,ForestWetPoor
129236,Equisetum arvense,ForestWetPoor
129237,Equisetum arvense,ForestWetPoor
129238,Equisetum arvense,ForestWetPoor
129239,Equisetum arvense,ForestWetPoor
129240,Equisetum arvense,ForestWetPoor
129241,Equisetum arvense,ForestWetPoor
129262,Equisetum arvense,ForestWetPoor
129263,Equisetum arvense,ForestWetPoor
129264,Equisetum arvense,ForestWetPoor
129265,Equisetum arvense,ForestWetPoor
129266,Equisetum arvense,ForestWetPoor
129267,Equisetum arvense,ForestWetPoor
129268,Equisetum arvense,ForestWetPoor
129821,Equisetum arvense,ForestWetPoor
129822,Equisetum arvense,ForestWetPoor
129823,Equisetum arvense,ForestWetPoor
129824,Equisetum arvense,ForestWetPoor
129825,Equisetum arvense,ForestWetPoor
129826,Equisetum arvense,ForestWetPoor
129827,Equisetum arvense,ForestWetPoor
129828,Equisetum arvense,ForestWetPoor
129829,Equisetum arvense,ForestWetPoor
129830,Equisetum arvense,ForestWetPoor
129831,Equisetum arvense,ForestWetPoor
129832,Equisetum arvense,ForestWetPoor
129833,Equisetum arvense,ForestWetPoor
129834,Equisetum arvense,ForestWetPoor
129835,Equisetum arvense,ForestWetPoor
129836,Equisetum arvense,ForestWetPoor
129837,Equisetum arvense,ForestWetPoor
129838,Equisetum arvense,ForestWetPoor
129839,Equisetum arvense,ForestWetPoor
129840,Equisetum arvense,ForestWetPoor
129861,Equisetum arvense,ForestWetPoor
129862,Equisetum arvense,ForestWetPoor
129863,Equisetum arvense,ForestWetPoor
129864,Equisetum arvense,ForestWetPoor
129865,Equisetum arvense,ForestWetPoor
129866,Equisetum arvense,ForestWetPoor
129867,Equisetum arvense,ForestWetPoor
129868,Equisetum arvense,ForestWetPoor
130420,Equisetum arvense,ForestWetPoor
130421,Equisetum arvense,ForestWetPoor
130422,Equisetum arvense,ForestWetPoor
130423,Equisetum arvense,ForestWetPoor
130424,Equisetum arvense,ForestWetPoor
130425,Equisetum arvense,ForestWetPoor
130426,Equisetum arvense,ForestWetPoor
130427,Equisetum arvense,ForestWetPoor
130428,Equisetum arvense,ForestWetPoor
130429,Equisetum arvense,ForestWetPoor
130430,Equisetum arvense,ForestWetPoor
130431,Equisetum arvense,ForestWetPoor
130432,Equisetum arvense,ForestWetPoor
130433,Equisetum arvense,ForestWetPoor
130434,Equisetum arvense,ForestWetPoor
130435,Equisetum arvense,ForestWetPoor
130436,Equisetum arvense,ForestWetPoor
130437,Equisetum arvense,ForestWetPoor
130438,Equisetum arvense,ForestWetPoor
130439,Equisetum arvense,ForestWetPoor
130460,Equisetum arvense,ForestWetPoor
130461,Equisetum arvense,ForestWetPoor
130462,Equisetum arvense,ForestWetPoor
130463,Equisetum arvense,ForestWetPoor
130464,Equisetum arvense,ForestWetPoor
130465,Equisetum arvense,ForestWetPoor
130466,Equisetum arvense,ForestWetPoor
130467,Equisetum arvense,ForestWetPoor
131019,Equisetum arvense,ForestWetPoor
131020,Equisetum arvense,ForestWetPoor
131021,Equisetum arvense,ForestWetPoor
131022,Equisetum arvense,ForestWetPoor
131023,Equisetum arvense,ForestWetPoor
131024,Equisetum arvense,ForestWetPoor
131025,Equisetum arvense,ForestWetPoor
131026,Equisetum arvense,ForestWetPoor
131027,Equisetum arvense,ForestWetPoor
131028,Equisetum arvense,ForestWetPoor
131029,Equisetum arvense,ForestWetPoor
131030,Equisetum arvense,ForestWetPoor
131031,Equisetum arvense,ForestWetPoor
131032,Equisetum arvense,ForestWetPoor
131033,Equisetum arvense,ForestWetPoor
131034,Equisetum arvense,ForestWetPoor
131035,Equisetum arvense,ForestWetPoor
131036,Equisetum arvense,ForestWetPoor
131037,Equisetum arvense,ForestWetPoor
131038,Equisetum arvense,ForestWetPoor
131059,Equisetum arvense,ForestWetPoor
131060,Equisetum arvense,ForestWetPoor
131061,Equisetum arvense,ForestWetPoor
131062,Equisetum arvense,ForestWetPoor
131063,Equisetum arvense,ForestWetPoor
131064,Equisetum arvense,ForestWetPoor
131065,Equisetum arvense,ForestWetPoor
131066,Equisetum arvense,ForestWetPoor
131067,Equisetum arvense,ForestWetPoor
131618,Equisetum arvense,ForestWetPoor
131619,Equisetum arvense,ForestWetPoor
131620,Equisetum arvense,ForestWetPoor
131621,Equisetum arvense,ForestWetPoor
131622,Equisetum arvense,ForestWetPoor
131623,Equisetum arvense,ForestWetPoor
131624,Equisetum arvense,ForestWetPoor
131625,Equisetum arvense,ForestWetPoor
131626,Equisetum arvense,ForestWetPoor
131627,Equisetum arvense,ForestWetPoor
131628,Equisetum arvense,ForestWetPoor
131629,Equisetum arvense,ForestWetPoor
131630,Equisetum arvense,ForestWetPoor
131631,Equisetum arvense,ForestWetPoor
131632,Equisetum arvense,ForestWetPoor
131633,Equisetum arvense,ForestWetPoor
131634,Equisetum arvense,ForestWetPoor
131635,Equisetum arvense,ForestWetPoor
131636,Equisetum arvense,ForestWetPoor
131637,Equisetum arvense,ForestWetPoor
131658,Equisetum arvense,ForestWetPoor
131659,Equisetum arvense,ForestWetPoor
131660,Equisetum arvense,ForestWetPoor
131661,Equisetum arvense,ForestWetPoor
131662,Equisetum arvense,ForestWetPoor
131663,Equisetum arvense,ForestWetPoor
131664,Equisetum arvense,ForestWetPoor
131665,Equisetum arvense,ForestWetPoor
131666,Equisetum arvense,ForestWetPoor
131667,Equisetum arvense,ForestWetPoor
132217,Equisetum arvense,ForestWetPoor
132218,Equisetum arvense,ForestWetPoor
132219,Equisetum arvense,ForestWetPoor
132220,Equisetum arvense,ForestWetPoor
132221,Equisetum arvense,ForestWetPoor
132222,Equisetum arvense,ForestWetPoor
132223,Equisetum arvense,ForestWetPoor
132224,Equisetum arvense,ForestWetPoor
132225,Equisetum arvense,ForestWetPoor
132226,Equisetum arvense,ForestWetPoor
132227,Equisetum arvense,ForestWetPoor
132228,Equisetum arvense,ForestWetPoor
132229,Equisetum arvense,ForestWetPoor
132230,Equisetum arvense,ForestWetPoor
132231,Equisetum arvense,ForestWetPoor
132232,Equisetum arvense,ForestWetPoor
132233,Equisetum arvense,ForestWetPoor
132234,Equisetum arvense,ForestWetPoor
132235,Equisetum arvense,ForestWetPoor
132236,Equisetum arvense,ForestWetPoor
132257,Equisetum arvense,ForestWetPoor
132258,Equisetum arvense,ForestWetPoor
132259,Equisetum arvense,ForestWetPoor
132260,Equisetum arvense,ForestWetPoor
132261,Equisetum arvense,ForestWetPoor
132262,Equisetum arvense,ForestWetPoor
132263,Equisetum arvense,ForestWetPoor
132264,Equisetum arvense,ForestWetPoor
132265,Equisetum arvense,ForestWetPoor
132266,Equisetum arvense,ForestWetPoor
132267,Equisetum arvense,ForestWetPoor
132816,Equisetum arvense,ForestWetPoor
132817,Equisetum arvense,ForestWetPoor
132818,Equisetum arvense,ForestWetPoor
132819,Equisetum arvense,ForestWetPoor
132820,Equisetum arvense,ForestWetPoor
132821,Equisetum arvense,ForestWetPoor
132822,Equisetum arvense,ForestWetPoor
132823,Equisetum arvense,ForestWetPoor
132824,Equisetum arvense,ForestWetPoor
132825,Equisetum arvense,ForestWetPoor
132826,Equisetum arvense,ForestWetPoor
132827,Equisetum arvense,ForestWetPoor
132828,Equisetum arvense,ForestWetPoor
132829,Equisetum arvense,ForestWetPoor
132830,Equisetum arvense,ForestWetPoor
132831,Equisetum arvense,ForestWetPoor
132832,Equisetum arvense,ForestWetPoor
132833,Equisetum arvense,ForestWetPoor
132834,Equisetum arvense,ForestWetPoor
132835,Equisetum arvense,ForestWetPoor
132856,Equisetum arvense,ForestWetPoor
132857,Equisetum arvense,ForestWetPoor
132858,Equisetum arvense,ForestWetPoor
132859,Equisetum arvense,ForestWetPoor
132860,Equisetum arvense,ForestWetPoor
132861,Equisetum arvense,ForestWetPoor
132862,Equisetum arvense,ForestWetPoor
132863,Equisetum arvense,ForestWetPoor
132864,Equisetum arvense,ForestWetPoor
132865,Equisetum arvense,ForestWetPoor
132866,Equisetum arvense,ForestWetPoor
133415,Equisetum arvense,ForestWetPoor
133416,Equisetum arvense,ForestWetPoor
133417,Equisetum arvense,ForestWetPoor
133418,Equisetum arvense,ForestWetPoor
133419,Equisetum arvense,ForestWetPoor
133420,Equisetum arvense,ForestWetPoor
133421,Equisetum arvense,ForestWetPoor
133422,Equisetum arvense,ForestWetPoor
133423,Equisetum arvense,ForestWetPoor
133424,Equisetum arvense,ForestWetPoor
133425,Equisetum arvense,ForestWetPoor
133426,Equisetum arvense,ForestWetPoor
133427,Equisetum arvense,ForestWetPoor
133428,Equisetum arvense,ForestWetPoor
133429,Equisetum arvense,ForestWetPoor
133430,Equisetum arvense,ForestWetPoor
133431,Equisetum arvense,ForestWetPoor
133432,Equisetum arvense,ForestWetPoor
133433,Equisetum arvense,ForestWetPoor
133434,Equisetum arvense,ForestWetPoor
133455,Equisetum arvense,ForestWetPoor
133456,Equisetum arvense,ForestWetPoor
133457,Equisetum arvense,ForestWetPoor
133458,Equisetum arvense,ForestWetPoor
133459,Equisetum arvense,ForestWetPoor
133460,Equisetum arvense,ForestWetPoor
133461,Equisetum arvense,ForestWetPoor
133462,Equisetum arvense,ForestWetPoor
133463,Equisetum arvense,ForestWetPoor
133464,Equisetum arvense,ForestWetPoor
133465,Equisetum arvense,ForestWetPoor
133466,Equisetum arvense,ForestWetPoor
134014,Equisetum arvense,ForestWetPoor
134015,Equisetum arvense,ForestWetPoor
134016,Equisetum arvense,ForestWetPoor
134017,Equisetum arvense,ForestWetPoor
134018,Equisetum arvense,ForestWetPoor
134019,Equisetum arvense,ForestWetPoor
134020,Equisetum arvense,ForestWetPoor
134021,Equisetum arvense,ForestWetPoor
134022,Equisetum arvense,ForestWetPoor
134023,Equisetum arvense,ForestWetPoor
134024,Equisetum arvense,ForestWetPoor
134025,Equisetum arvense,ForestWetPoor
134026,Equisetum arvense,ForestWetPoor
134027,Equisetum arvense,ForestWetPoor
134028,Equisetum arvense,ForestWetPoor
134029,Equisetum arvense,ForestWetPoor
134030,Equisetum arvense,ForestWetPoor
134031,Equisetum arvense,ForestWetPoor
134032,Equisetum arvense,ForestWetPoor
134033,Equisetum arvense,ForestWetPoor
134054,Equisetum arvense,ForestWetPoor
134055,Equisetum arvense,ForestWetPoor
134056,Equisetum arvense,ForestWetPoor
134057,Equisetum arvense,ForestWetPoor
134058,Equisetum arvense,ForestWetPoor
134059,Equisetum arvense,ForestWetPoor
134060,Equisetum arvense,ForestWetPoor
134061,Equisetum arvense,ForestWetPoor
134062,Equisetum arvense,ForestWetPoor
134063,Equisetum arvense,ForestWetPoor
134064,Equisetum arvense,ForestWetPoor
134065,Equisetum arvense,ForestWetPoor
146613,Equisetum arvense,ForestWetPoor
146614,Equisetum arvense,ForestWetPoor
146615,Equisetum arvense,ForestWetPoor
146616,Equisetum arvense,ForestWetPoor
146617,Equisetum arvense,ForestWetPoor
146618,Equisetum arvense,ForestWetPoor
146619,Equisetum arvense,ForestWetPoor
146620,Equisetum arvense,ForestWetPoor
146621,Equisetum arvense,ForestWetPoor
146622,Equisetum arvense,ForestWetPoor
146623,Equisetum arvense,ForestWetPoor
146624,Equisetum arvense,ForestWetPoor
146625,Equisetum arvense,ForestWetPoor
146626,Equisetum arvense,ForestWetPoor
146627,Equisetum arvense,ForestWetPoor
146628,Equisetum arvense,ForestWetPoor
146629,Equisetum arvense,ForestWetPoor
146630,Equisetum arvense,ForestWetPoor
146631,Equisetum arvense,ForestWetPoor
146632,Equisetum arvense,ForestWetPoor
147212,Equisetum arvense,ForestWetPoor
147213,Equisetum arvense,ForestWetPoor
147214,Equisetum arvense,ForestWetPoor
147215,Equisetum arvense,ForestWetPoor
147216,Equisetum arvense,ForestWetPoor
147217,Equisetum arvense,ForestWetPoor
147218,Equisetum arvense,ForestWetPoor
147219,Equisetum arvense,ForestWetPoor
147220,Equisetum arvense,ForestWetPoor
147221,Equisetum arvense,ForestWetPoor
147222,Equisetum arvense,ForestWetPoor
147223,Equisetum arvense,ForestWetPoor
147224,Equisetum arvense,ForestWetPoor
147225,Equisetum arvense,ForestWetPoor
147226,Equisetum arvense,ForestWetPoor
147227,Equisetum arvense,ForestWetPoor
147228,Equisetum arvense,ForestWetPoor
147229,Equisetum arvense,ForestWetPoor
147230,Equisetum arvense,ForestWetPoor
147231,Equisetum arvense,ForestWetPoor
147811,Equisetum arvense,ForestWetPoor
147812,Equisetum arvense,ForestWetPoor
147813,Equisetum arvense,ForestWetPoor
147814,Equisetum arvense,ForestWetPoor
147815,Equisetum arvense,ForestWetPoor
147816,Equisetum arvense,ForestWetPoor
147817,Equisetum arvense,ForestWetPoor
147818,Equisetum arvense,ForestWetPoor
147819,Equisetum arvense,ForestWetPoor
147820,Equisetum arvense,ForestWetPoor
147821,Equisetum arvense,ForestWetPoor
147822,Equisetum arvense,ForestWetPoor
147823,Equisetum arvense,ForestWetPoor
147824,Equisetum arvense,ForestWetPoor
147825,Equisetum arvense,ForestWetPoor
147826,Equisetum arvense,ForestWetPoor
147827,Equisetum arvense,ForestWetPoor
147828,Equisetum arvense,ForestWetPoor
147829,Equisetum arvense,ForestWetPoor
147830,Equisetum arvense,ForestWetPoor
148410,Equisetum arvense,ForestWetPoor
148411,Equisetum arvense,ForestWetPoor
148412,Equisetum arvense,ForestWetPoor
148413,Equisetum arvense,ForestWetPoor
148414,Equisetum arvense,ForestWetPoor
148415,Equisetum arvense,ForestWetPoor
148416,Equisetum arvense,ForestWetPoor
148417,Equisetum arvense,ForestWetPoor
148418,Equisetum arvense,ForestWetPoor
148419,Equisetum arvense,ForestWetPoor
148420,Equisetum arvense,ForestWetPoor
148421,Equisetum arvense,ForestWetPoor
148422,Equisetum arvense,ForestWetPoor
148423,Equisetum arvense,ForestWetPoor
148424,Equisetum arvense,ForestWetPoor
148425,Equisetum arvense,ForestWetPoor
148426,Equisetum arvense,ForestWetPoor
148427,Equisetum arvense,ForestWetPoor
148428,Equisetum arvense,ForestWetPoor
148429,Equisetum arvense,ForestWetPoor
149009,Equisetum arvense,ForestWetPoor
149010,Equisetum arvense,ForestWetPoor
149011,Equisetum arvense,ForestWetPoor
149012,Equisetum arvense,ForestWetPoor
149013,Equisetum arvense,ForestWetPoor
149014,Equisetum arvense,ForestWetPoor
149015,Equisetum arvense,ForestWetPoor
149016,Equisetum arvense,ForestWetPoor
149017,Equisetum arvense,ForestWetPoor
149018,Equisetum arvense,ForestWetPoor
149019,Equisetum arvense,ForestWetPoor
149020,Equisetum arvense,ForestWetPoor
149021,Equisetum arvense,ForestWetPoor
149022,Equisetum arvense,ForestWetPoor
149023,Equisetum arvense,ForestWetPoor
149024,Equisetum arvense,ForestWetPoor
149025,Equisetum arvense,ForestWetPoor
149026,Equisetum arvense,ForestWetPoor
149027,Equisetum arvense,ForestWetPoor
149028,Equisetum arvense,ForestWetPoor
149608,Equisetum arvense,ForestWetPoor
149609,Equisetum arvense,ForestWetPoor
149610,Equisetum arvense,ForestWetPoor
149611,Equisetum arvense,ForestWetPoor
149612,Equisetum arvense,ForestWetPoor
149613,Equisetum arvense,ForestWetPoor
149614,Equisetum arvense,ForestWetPoor
149615,Equisetum arvense,ForestWetPoor
149616,Equisetum arvense,ForestWetPoor
149617,Equisetum arvense,ForestWetPoor
149618,Equisetum arvense,ForestWetPoor
149619,Equisetum arvense,ForestWetPoor
149620,Equisetum arvense,ForestWetPoor
149621,Equisetum arvense,ForestWetPoor
149622,Equisetum arvense,ForestWetPoor
149623,Equisetum arvense,ForestWetPoor
149624,Equisetum arvense,ForestWetPoor
149625,Equisetum arvense,ForestWetPoor
149626,Equisetum arvense,ForestWetPoor
149627,Equisetum arvense,ForestWetPoor
150207,Equisetum arvense,ForestWetPoor
150208,Equisetum arvense,ForestWetPoor
150209,Equisetum arvense,ForestWetPoor
150210,Equisetum arvense,ForestWetPoor
150211,Equisetum arvense,ForestWetPoor
150212,Equisetum arvense,ForestWetPoor
150213,Equisetum arvense,ForestWetPoor
150214,Equisetum arvense,ForestWetPoor
150215,Equisetum arvense,ForestWetPoor
150216,Equisetum arvense,ForestWetPoor
150217,Equisetum arvense,ForestWetPoor
150218,Equisetum arvense,ForestWetPoor
150219,Equisetum arvense,ForestWetPoor
150220,Equisetum arvense,ForestWetPoor
150221,Equisetum arvense,ForestWetPoor
150222,Equisetum arvense,ForestWetPoor
150223,Equisetum arvense,ForestWetPoor
150224,Equisetum arvense,ForestWetPoor
150225,Equisetum arvense,ForestWetPoor
150226,Equisetum arvense,ForestWetPoor
150806,Equisetum arvense,ForestWetPoor
150807,Equisetum arvense,ForestWetPoor
150808,Equisetum arvense,ForestWetPoor
150809,Equisetum arvense,ForestWetPoor
150810,Equisetum arvense,ForestWetPoor
150811,Equisetum arvense,ForestWetPoor
150812,Equisetum arvense,ForestWetPoor
150813,Equisetum arvense,ForestWetPoor
150814,Equisetum arvense,ForestWetPoor
150815,Equisetum arvense,ForestWetPoor
150816,Equisetum arvense,ForestWetPoor
150817,Equisetum arvense,ForestWetPoor
150818,Equisetum arvense,ForestWetPoor
150819,Equisetum arvense,ForestWetPoor
150820,Equisetum arvense,ForestWetPoor
150821,Equisetum arvense,ForestWetPoor
150822,Equisetum arvense,ForestWetPoor
150823,Equisetum arvense,ForestWetPoor
150824,Equisetum arvense,ForestWetPoor
150825,Equisetum arvense,ForestWetPoor
151405,Equisetum arvense,ForestWetPoor
151406,Equisetum arvense,ForestWetPoor
151407,Equisetum arvense,ForestWetPoor
151408,Equisetum arvense,ForestWetPoor
151409,Equisetum arvense,ForestWetPoor
151410,Equisetum arvense,ForestWetPoor
151411,Equisetum arvense,ForestWetPoor
151412,Equisetum arvense,ForestWetPoor
151413,Equisetum arvense,ForestWetPoor
151414,Equisetum arvense,ForestWetPoor
151415,Equisetum arvense,ForestWetPoor
151416,Equisetum arvense,ForestWetPoor
151417,Equisetum arvense,ForestWetPoor
151418,Equisetum arvense,ForestWetPoor
151419,Equisetum arvense,ForestWetPoor
151420,Equisetum arvense,ForestWetPoor
151421,Equisetum arvense,ForestWetPoor
151422,Equisetum arvense,ForestWetPoor
151423,Equisetum arvense,ForestWetPoor
151424,Equisetum arvense,ForestWetPoor
152004,Equisetum arvense,ForestWetPoor
152005,Equisetum arvense,ForestWetPoor
152006,Equisetum arvense,ForestWetPoor
152007,Equisetum arvense,ForestWetPoor
152008,Equisetum arvense,ForestWetPoor
152009,Equisetum arvense,ForestWetPoor
152010,Equisetum arvense,ForestWetPoor
152011,Equisetum arvense,ForestWetPoor
152012,Equisetum arvense,ForestWetPoor
152013,Equisetum arvense,ForestWetPoor
152014,Equisetum arvense,ForestWetPoor
152015,Equisetum arvense,ForestWetPoor
152016,Equisetum arvense,ForestWetPoor
152017,Equisetum arvense,ForestWetPoor
152018,Equisetum arvense,ForestWetPoor
152019,Equisetum arvense,ForestWetPoor
152020,Equisetum arvense,ForestWetPoor
152021,Equisetum arvense,ForestWetPoor
152022,Equisetum arvense,ForestWetPoor
152023,Equisetum arvense,ForestWetPoor
152603,Equisetum arvense,ForestWetPoor
152604,Equisetum arvense,ForestWetPoor
152605,Equisetum arvense,ForestWetPoor
152606,Equisetum arvense,ForestWetPoor
152607,Equisetum arvense,ForestWetPoor
152608,Equisetum arvense,ForestWetPoor
152609,Equisetum arvense,ForestWetPoor
152610,Equisetum arvense,ForestWetPoor
152611,Equisetum arvense,ForestWetPoor
152612,Equisetum arvense,ForestWetPoor
152613,Equisetum arvense,ForestWetPoor
152614,Equisetum arvense,ForestWetPoor
152615,Equisetum arvense,ForestWetPoor
152616,Equisetum arvense,ForestWetPoor
152617,Equisetum arvense,ForestWetPoor
152618,Equisetum arvense,ForestWetPoor
152619,Equisetum arvense,ForestWetPoor
152620,Equisetum arvense,ForestWetPoor
152621,Equisetum arvense,ForestWetPoor
152622,Equisetum arvense,ForestWetPoor
153202,Equisetum arvense,ForestWetPoor
153203,Equisetum arvense,ForestWetPoor
153204,Equisetum arvense,ForestWetPoor
153205,Equisetum arvense,ForestWetPoor
153206,Equisetum arvense,ForestWetPoor
153207,Equisetum arvense,ForestWetPoor
153208,Equisetum arvense,ForestWetPoor
153209,Equisetum arvense,ForestWetPoor
153210,Equisetum arvense,ForestWetPoor
153211,Equisetum arvense,ForestWetPoor
153212,Equisetum arvense,ForestWetPoor
153213,Equisetum arvense,ForestWetPoor
153214,Equisetum arvense,ForestWetPoor
153215,Equisetum arvense,ForestWetPoor
153216,Equisetum arvense,ForestWetPoor
153217,Equisetum arvense,ForestWetPoor
153218,Equisetum arvense,ForestWetPoor
153219,Equisetum arvense,ForestWetPoor
153220,Equisetum arvense,ForestWetPoor
153221,Equisetum arvense,ForestWetPoor
153801,Equisetum arvense,ForestWetPoor
153802,Equisetum arvense,ForestWetPoor
153803,Equisetum arvense,ForestWetPoor
153804,Equisetum arvense,ForestWetPoor
153805,Equisetum arvense,ForestWetPoor
153806,Equisetum arvense,ForestWetPoor
153807,Equisetum arvense,ForestWetPoor
153808,Equisetum arvense,ForestWetPoor
153809,Equisetum arvense,ForestWetPoor
153810,Equisetum arvense,ForestWetPoor
153811,Equisetum arvense,ForestWetPoor
153812,Equisetum arvense,ForestWetPoor
153813,Equisetum arvense,ForestWetPoor
153814,Equisetum arvense,ForestWetPoor
153815,Equisetum arvense,ForestWetPoor
153816,Equisetum arvense,ForestWetPoor
153817,Equisetum arvense,ForestWetPoor
153818,Equisetum arvense,ForestWetPoor
153819,Equisetum arvense,ForestWetPoor
153820,Equisetum arvense,ForestWetPoor
154400,Equisetum arvense,ForestWetPoor
154401,Equisetum arvense,ForestWetPoor
154402,Equisetum arvense,ForestWetPoor
154403,Equisetum arvense,ForestWetPoor
154404,Equisetum arvense,ForestWetPoor
154405,Equisetum arvense,ForestWetPoor
154406,Equisetum arvense,ForestWetPoor
154407,Equisetum arvense,ForestWetPoor
154408,Equisetum arvense,ForestWetPoor
154409,Equisetum arvense,ForestWetPoor
154410,Equisetum arvense,ForestWetPoor
154411,Equisetum arvense,ForestWetPoor
154412,Equisetum arvense,ForestWetPoor
154413,Equisetum arvense,ForestWetPoor
154414,Equisetum arvense,ForestWetPoor
154415,Equisetum arvense,ForestWetPoor
154416,Equisetum arvense,ForestWetPoor
154417,Equisetum arvense,ForestWetPoor
154418,Equisetum arvense,ForestWetPoor
154419,Equisetum arvense,ForestWetPoor
154999,Equisetum arvense,ForestWetPoor
155000,Equisetum arvense,ForestWetPoor
155001,Equisetum arvense,ForestWetPoor
155002,Equisetum arvense,ForestWetPoor
155003,Equisetum arvense,ForestWetPoor
155004,Equisetum arvense,ForestWetPoor
155005,Equisetum arvense,ForestWetPoor
155006,Equisetum arvense,ForestWetPoor
155007,Equisetum arvense,ForestWetPoor
155008,Equisetum arvense,ForestWetPoor
155009,Equisetum arvense,ForestWetPoor
155010,Equisetum arvense,ForestWetPoor
155011,Equisetum arvense,ForestWetPoor
155012,Equisetum arvense,ForestWetPoor
155013,Equisetum arvense,ForestWetPoor
155014,Equisetum arvense,ForestWetPoor
155015,Equisetum arvense,ForestWetPoor
155016,Equisetum arvense,ForestWetPoor
155017,Equisetum arvense,ForestWetPoor
155018,Equisetum arvense,ForestWetPoor
155598,Equisetum arvense,ForestWetPoor
155599,Equisetum arvense,ForestWetPoor
155600,Equisetum arvense,ForestWetPoor
155601,Equisetum arvense,ForestWetPoor
155602,Equisetum arvense,ForestWetPoor
155603,Equisetum arvense,ForestWetPoor
155604,Equisetum arvense,ForestWetPoor
155605,Equisetum arvense,ForestWetPoor
155606,Equisetum arvense,ForestWetPoor
155607,Equisetum arvense,ForestWetPoor
155608,Equisetum arvense,ForestWetPoor
155609,Equisetum arvense,ForestWetPoor
155610,Equisetum arvense,ForestWetPoor
155611,Equisetum arvense,ForestWetPoor
155612,Equisetum arvense,ForestWetPoor
155613,Equisetum arvense,ForestWetPoor
155614,Equisetum arvense,ForestWetPoor
155615,Equisetum arvense,ForestWetPoor
155616,Equisetum arvense,ForestWetPoor
155617,Equisetum arvense,ForestWetPoor
156197,Equisetum arvense,ForestWetPoor
156198,Equisetum arvense,ForestWetPoor
156199,Equisetum arvense,ForestWetPoor
156200,Equisetum arvense,ForestWetPoor
156201,Equisetum arvense,ForestWetPoor
156202,Equisetum arvense,ForestWetPoor
156203,Equisetum arvense,ForestWetPoor
156204,Equisetum arvense,ForestWetPoor
156205,Equisetum arvense,ForestWetPoor
156206,Equisetum arvense,ForestWetPoor
156207,Equisetum arvense,ForestWetPoor
156208,Equisetum arvense,ForestWetPoor
156209,Equisetum arvense,ForestWetPoor
156210,Equisetum arvense,ForestWetPoor
156211,Equisetum arvense,ForestWetPoor
156212,Equisetum arvense,ForestWetPoor
156213,Equisetum arvense,ForestWetPoor
156214,Equisetum arvense,ForestWetPoor
156215,Equisetum arvense,ForestWetPoor
156216,Equisetum arvense,ForestWetPoor
156796,Equisetum arvense,ForestWetPoor
156797,Equisetum arvense,ForestWetPoor
156798,Equisetum arvense,ForestWetPoor
156799,Equisetum arvense,ForestWetPoor
156800,Equisetum arvense,ForestWetPoor
156801,Equisetum arvense,ForestWetPoor
156802,Equisetum arvense,ForestWetPoor
156803,Equisetum arvense,ForestWetPoor
156804,Equisetum arvense,ForestWetPoor
156805,Equisetum arvense,ForestWetPoor
156806,Equisetum arvense,ForestWetPoor
156807,Equisetum arvense,ForestWetPoor
156808,Equisetum arvense,ForestWetPoor
156809,Equisetum arvense,ForestWetPoor
156810,Equisetum arvense,ForestWetPoor
156811,Equisetum arvense,ForestWetPoor
156812,Equisetum arvense,ForestWetPoor
156813,Equisetum arvense,ForestWetPoor
156814,Equisetum arvense,ForestWetPoor
156815,Equisetum arvense,ForestWetPoor
157395,Equisetum arvense,ForestWetPoor
157396,Equisetum arvense,ForestWetPoor
157397,Equisetum arvense,ForestWetPoor
157398,Equisetum arvense,ForestWetPoor
157399,Equisetum arvense,ForestWetPoor
157400,Equisetum arvense,ForestWetPoor
157401,Equisetum arvense,ForestWetPoor
157402,Equisetum arvense,ForestWetPoor
157403,Equisetum arvense,ForestWetPoor
157404,Equisetum arvense,ForestWetPoor
157405,Equisetum arvense,ForestWetPoor
157406,Equisetum arvense,ForestWetPoor
157407,Equisetum arvense,ForestWetPoor
157408,Equisetum arvense,ForestWetPoor
157409,Equisetum arvense,ForestWetPoor
157410,Equisetum arvense,ForestWetPoor
157411,Equisetum arvense,ForestWetPoor
157412,Equisetum arvense,ForestWetPoor
157413,Equisetum arvense,ForestWetPoor
157414,Equisetum arvense,ForestWetPoor
157994,Equisetum arvense,ForestWetPoor
157995,Equisetum arvense,ForestWetPoor
157996,Equisetum arvense,ForestWetPoor
157997,Equisetum arvense,ForestWetPoor
157998,Equisetum arvense,ForestWetPoor
157999,Equisetum arvense,ForestWetPoor
158000,Equisetum arvense,ForestWetPoor
158001,Equisetum arvense,ForestWetPoor
158002,Equisetum arvense,ForestWetPoor
158003,Equisetum arvense,ForestWetPoor
158004,Equisetum arvense,ForestWetPoor
158005,Equisetum arvense,ForestWetPoor
158006,Equisetum arvense,ForestWetPoor
158007,Equisetum arvense,ForestWetPoor
158008,Equisetum arvense,ForestWetPoor
158009,Equisetum arvense,ForestWetPoor
158010,Equisetum arvense,ForestWetPoor
158011,Equisetum arvense,ForestWetPoor
158012,Equisetum arvense,ForestWetPoor
158013,Equisetum arvense,ForestWetPoor
74553,Equisetum arvense,ForestWetPoor
74554,Equisetum arvense,ForestWetPoor
74555,Equisetum arvense,ForestWetPoor
74556,Equisetum arvense,ForestWetPoor
74557,Equisetum arvense,ForestWetPoor
74558,Equisetum arvense,ForestWetPoor
74559,Equisetum arvense,ForestWetPoor
74560,Equisetum arvense,ForestWetPoor
74561,Equisetum arvense,ForestWetPoor
74562,Equisetum arvense,ForestWetPoor
74563,Equisetum arvense,ForestWetPoor
74564,Equisetum arvense,ForestWetPoor
74565,Equisetum arvense,ForestWetPoor
74566,Equisetum arvense,ForestWetPoor
74567,Equisetum arvense,ForestWetPoor
74568,Equisetum arvense,ForestWetPoor
74569,Equisetum arvense,ForestWetPoor
74570,Equisetum arvense,ForestWetPoor
74571,Equisetum arvense,ForestWetPoor
74572,Equisetum arvense,ForestWetPoor
74573,Equisetum arvense,ForestWetPoor
74574,Equisetum arvense,ForestWetPoor
74575,Equisetum arvense,ForestWetPoor
74576,Equisetum arvense,ForestWetPoor
74577,Equisetum arvense,ForestWetPoor
74578,Equisetum arvense,ForestWetPoor
74579,Equisetum arvense,ForestWetPoor
74580,Equisetum arvense,ForestWetPoor
74581,Equisetum arvense,ForestWetPoor
74582,Equisetum arvense,ForestWetPoor
74583,Equisetum arvense,ForestWetPoor
74584,Equisetum arvense,ForestWetPoor
74585,Equisetum arvense,ForestWetPoor
74586,Equisetum arvense,ForestWetPoor
74587,Equisetum arvense,ForestWetPoor
74588,Equisetum arvense,ForestWetPoor
74589,Equisetum arvense,ForestWetPoor
74590,Equisetum arvense,ForestWetPoor
75152,Equisetum arvense,ForestWetPoor
75153,Equisetum arvense,ForestWetPoor
75154,Equisetum arvense,ForestWetPoor
75155,Equisetum arvense,ForestWetPoor
75156,Equisetum arvense,ForestWetPoor
75157,Equisetum arvense,ForestWetPoor
75158,Equisetum arvense,ForestWetPoor
75159,Equisetum arvense,ForestWetPoor
75160,Equisetum arvense,ForestWetPoor
75161,Equisetum arvense,ForestWetPoor
75162,Equisetum arvense,ForestWetPoor
75163,Equisetum arvense,ForestWetPoor
75164,Equisetum arvense,ForestWetPoor
75165,Equisetum arvense,ForestWetPoor
75166,Equisetum arvense,ForestWetPoor
75167,Equisetum arvense,ForestWetPoor
75168,Equisetum arvense,ForestWetPoor
75169,Equisetum arvense,ForestWetPoor
75170,Equisetum arvense,ForestWetPoor
75171,Equisetum arvense,ForestWetPoor
75172,Equisetum arvense,ForestWetPoor
75173,Equisetum arvense,ForestWetPoor
75174,Equisetum arvense,ForestWetPoor
75175,Equisetum arvense,ForestWetPoor
75176,Equisetum arvense,ForestWetPoor
75177,Equisetum arvense,ForestWetPoor
75178,Equisetum arvense,ForestWetPoor
75179,Equisetum arvense,ForestWetPoor
75180,Equisetum arvense,ForestWetPoor
75181,Equisetum arvense,ForestWetPoor
75182,Equisetum arvense,ForestWetPoor
75183,Equisetum arvense,ForestWetPoor
75184,Equisetum arvense,ForestWetPoor
75185,Equisetum arvense,ForestWetPoor
75186,Equisetum arvense,ForestWetPoor
75187,Equisetum arvense,ForestWetPoor
75188,Equisetum arvense,ForestWetPoor
75189,Equisetum arvense,ForestWetPoor
75190,Equisetum arvense,ForestWetPoor
75191,Equisetum arvense,ForestWetPoor
75751,Equisetum arvense,ForestWetPoor
75752,Equisetum arvense,ForestWetPoor
75753,Equisetum arvense,ForestWetPoor
75754,Equisetum arvense,ForestWetPoor
75755,Equisetum arvense,ForestWetPoor
75756,Equisetum arvense,ForestWetPoor
75757,Equisetum arvense,ForestWetPoor
75758,Equisetum arvense,ForestWetPoor
75759,Equisetum arvense,ForestWetPoor
75760,Equisetum arvense,ForestWetPoor
75761,Equisetum arvense,ForestWetPoor
75762,Equisetum arvense,ForestWetPoor
75763,Equisetum arvense,ForestWetPoor
75764,Equisetum arvense,ForestWetPoor
75765,Equisetum arvense,ForestWetPoor
75766,Equisetum arvense,ForestWetPoor
75767,Equisetum arvense,ForestWetPoor
75768,Equisetum arvense,ForestWetPoor
75769,Equisetum arvense,ForestWetPoor
75770,Equisetum arvense,ForestWetPoor
75771,Equisetum arvense,ForestWetPoor
75772,Equisetum arvense,ForestWetPoor
75773,Equisetum arvense,ForestWetPoor
75774,Equisetum arvense,ForestWetPoor
75775,Equisetum arvense,ForestWetPoor
75776,Equisetum arvense,ForestWetPoor
75777,Equisetum arvense,ForestWetPoor
75778,Equisetum arvense,ForestWetPoor
75779,Equisetum arvense,ForestWetPoor
75780,Equisetum arvense,ForestWetPoor
75781,Equisetum arvense,ForestWetPoor
75782,Equisetum arvense,ForestWetPoor
75783,Equisetum arvense,ForestWetPoor
75784,Equisetum arvense,ForestWetPoor
75785,Equisetum arvense,ForestWetPoor
75786,Equisetum arvense,ForestWetPoor
75787,Equisetum arvense,ForestWetPoor
75788,Equisetum arvense,ForestWetPoor
75789,Equisetum arvense,ForestWetPoor
75790,Equisetum arvense,ForestWetPoor
75791,Equisetum arvense,ForestWetPoor
76350,Equisetum arvense,ForestWetPoor
76351,Equisetum arvense,ForestWetPoor
76352,Equisetum arvense,ForestWetPoor
76353,Equisetum arvense,ForestWetPoor
76354,Equisetum arvense,ForestWetPoor
76355,Equisetum arvense,ForestWetPoor
76356,Equisetum arvense,ForestWetPoor
76357,Equisetum arvense,ForestWetPoor
76358,Equisetum arvense,ForestWetPoor
76359,Equisetum arvense,ForestWetPoor
76360,Equisetum arvense,ForestWetPoor
76361,Equisetum arvense,ForestWetPoor
76362,Equisetum arvense,ForestWetPoor
76363,Equisetum arvense,ForestWetPoor
76364,Equisetum arvense,ForestWetPoor
76365,Equisetum arvense,ForestWetPoor
76366,Equisetum arvense,ForestWetPoor
76367,Equisetum arvense,ForestWetPoor
76368,Equisetum arvense,ForestWetPoor
76369,Equisetum arvense,ForestWetPoor
76370,Equisetum arvense,ForestWetPoor
76371,Equisetum arvense,ForestWetPoor
76372,Equisetum arvense,ForestWetPoor
76373,Equisetum arvense,ForestWetPoor
76374,Equisetum arvense,ForestWetPoor
76375,Equisetum arvense,ForestWetPoor
76376,Equisetum arvense,ForestWetPoor
76377,Equisetum arvense,ForestWetPoor
76378,Equisetum arvense,ForestWetPoor
76379,Equisetum arvense,ForestWetPoor
76380,Equisetum arvense,ForestWetPoor
76381,Equisetum arvense,ForestWetPoor
76382,Equisetum arvense,ForestWetPoor
76383,Equisetum arvense,ForestWetPoor
76384,Equisetum arvense,ForestWetPoor
76385,Equisetum arvense,ForestWetPoor
76386,Equisetum arvense,ForestWetPoor
76387,Equisetum arvense,ForestWetPoor
76388,Equisetum arvense,ForestWetPoor
76389,Equisetum arvense,ForestWetPoor
76390,Equisetum arvense,ForestWetPoor
76391,Equisetum arvense,ForestWetPoor
76392,Equisetum arvense,ForestWetPoor
76949,Equisetum arvense,ForestWetPoor
76950,Equisetum arvense,ForestWetPoor
76951,Equisetum arvense,ForestWetPoor
76952,Equisetum arvense,ForestWetPoor
76953,Equisetum arvense,ForestWetPoor
76954,Equisetum arvense,ForestWetPoor
76955,Equisetum arvense,ForestWetPoor
76956,Equisetum arvense,ForestWetPoor
76957,Equisetum arvense,ForestWetPoor
76958,Equisetum arvense,ForestWetPoor
76959,Equisetum arvense,ForestWetPoor
76960,Equisetum arvense,ForestWetPoor
76961,Equisetum arvense,ForestWetPoor
76962,Equisetum arvense,ForestWetPoor
76963,Equisetum arvense,ForestWetPoor
76964,Equisetum arvense,ForestWetPoor
76965,Equisetum arvense,ForestWetPoor
76966,Equisetum arvense,ForestWetPoor
76967,Equisetum arvense,ForestWetPoor
76968,Equisetum arvense,ForestWetPoor
76969,Equisetum arvense,ForestWetPoor
76970,Equisetum arvense,ForestWetPoor
76971,Equisetum arvense,ForestWetPoor
76972,Equisetum arvense,ForestWetPoor
76973,Equisetum arvense,ForestWetPoor
76974,Equisetum arvense,ForestWetPoor
76975,Equisetum arvense,ForestWetPoor
76976,Equisetum arvense,ForestWetPoor
76977,Equisetum arvense,ForestWetPoor
76978,Equisetum arvense,ForestWetPoor
76979,Equisetum arvense,ForestWetPoor
76980,Equisetum arvense,ForestWetPoor
76981,Equisetum arvense,ForestWetPoor
76982,Equisetum arvense,ForestWetPoor
76983,Equisetum arvense,ForestWetPoor
76984,Equisetum arvense,ForestWetPoor
76985,Equisetum arvense,ForestWetPoor
76986,Equisetum arvense,ForestWetPoor
76987,Equisetum arvense,ForestWetPoor
76988,Equisetum arvense,ForestWetPoor
76989,Equisetum arvense,ForestWetPoor
76990,Equisetum arvense,ForestWetPoor
76991,Equisetum arvense,ForestWetPoor
76992,Equisetum arvense,ForestWetPoor
77548,Equisetum arvense,ForestWetPoor
77549,Equisetum arvense,ForestWetPoor
77550,Equisetum arvense,ForestWetPoor
77551,Equisetum arvense,ForestWetPoor
77552,Equisetum arvense,ForestWetPoor
77553,Equisetum arvense,ForestWetPoor
77554,Equisetum arvense,ForestWetPoor
77555,Equisetum arvense,ForestWetPoor
77556,Equisetum arvense,ForestWetPoor
77557,Equisetum arvense,ForestWetPoor
77558,Equisetum arvense,ForestWetPoor
77559,Equisetum arvense,ForestWetPoor
77560,Equisetum arvense,ForestWetPoor
77561,Equisetum arvense,ForestWetPoor
77562,Equisetum arvense,ForestWetPoor
77563,Equisetum arvense,ForestWetPoor
77564,Equisetum arvense,ForestWetPoor
77565,Equisetum arvense,ForestWetPoor
77566,Equisetum arvense,ForestWetPoor
77567,Equisetum arvense,ForestWetPoor
77568,Equisetum arvense,ForestWetPoor
77569,Equisetum arvense,ForestWetPoor
77570,Equisetum arvense,ForestWetPoor
77571,Equisetum arvense,ForestWetPoor
77572,Equisetum arvense,ForestWetPoor
77573,Equisetum arvense,ForestWetPoor
77574,Equisetum arvense,ForestWetPoor
77575,Equisetum arvense,ForestWetPoor
77576,Equisetum arvense,ForestWetPoor
77577,Equisetum arvense,ForestWetPoor
77578,Equisetum arvense,ForestWetPoor
77579,Equisetum arvense,ForestWetPoor
77580,Equisetum arvense,ForestWetPoor
77581,Equisetum arvense,ForestWetPoor
77582,Equisetum arvense,ForestWetPoor
77583,Equisetum arvense,ForestWetPoor
77584,Equisetum arvense,ForestWetPoor
77585,Equisetum arvense,ForestWetPoor
77586,Equisetum arvense,ForestWetPoor
77587,Equisetum arvense,ForestWetPoor
77588,Equisetum arvense,ForestWetPoor
77589,Equisetum arvense,ForestWetPoor
77590,Equisetum arvense,ForestWetPoor
77591,Equisetum arvense,ForestWetPoor
77592,Equisetum arvense,ForestWetPoor
78147,Equisetum arvense,ForestWetPoor
78148,Equisetum arvense,ForestWetPoor
78149,Equisetum arvense,ForestWetPoor
78150,Equisetum arvense,ForestWetPoor
78151,Equisetum arvense,ForestWetPoor
78152,Equisetum arvense,ForestWetPoor
78153,Equisetum arvense,ForestWetPoor
78154,Equisetum arvense,ForestWetPoor
78155,Equisetum arvense,ForestWetPoor
78156,Equisetum arvense,ForestWetPoor
78157,Equisetum arvense,ForestWetPoor
78158,Equisetum arvense,ForestWetPoor
78159,Equisetum arvense,ForestWetPoor
78160,Equisetum arvense,ForestWetPoor
78161,Equisetum arvense,ForestWetPoor
78162,Equisetum arvense,ForestWetPoor
78163,Equisetum arvense,ForestWetPoor
78164,Equisetum arvense,ForestWetPoor
78165,Equisetum arvense,ForestWetPoor
78166,Equisetum arvense,ForestWetPoor
78167,Equisetum arvense,ForestWetPoor
78168,Equisetum arvense,ForestWetPoor
78169,Equisetum arvense,ForestWetPoor
78170,Equisetum arvense,ForestWetPoor
78171,Equisetum arvense,ForestWetPoor
78172,Equisetum arvense,ForestWetPoor
78173,Equisetum arvense,ForestWetPoor
78174,Equisetum arvense,ForestWetPoor
78175,Equisetum arvense,ForestWetPoor
78176,Equisetum arvense,ForestWetPoor
78177,Equisetum arvense,ForestWetPoor
78178,Equisetum arvense,ForestWetPoor
78179,Equisetum arvense,ForestWetPoor
78180,Equisetum arvense,ForestWetPoor
78181,Equisetum arvense,ForestWetPoor
78182,Equisetum arvense,ForestWetPoor
78183,Equisetum arvense,ForestWetPoor
78184,Equisetum arvense,ForestWetPoor
78185,Equisetum arvense,ForestWetPoor
78186,Equisetum arvense,ForestWetPoor
78187,Equisetum arvense,ForestWetPoor
78188,Equisetum arvense,ForestWetPoor
78189,Equisetum arvense,ForestWetPoor
78190,Equisetum arvense,ForestWetPoor
78191,Equisetum arvense,ForestWetPoor
78192,Equisetum arvense,ForestWetPoor
78746,Equisetum arvense,ForestWetPoor
78747,Equisetum arvense,ForestWetPoor
78748,Equisetum arvense,ForestWetPoor
78749,Equisetum arvense,ForestWetPoor
78750,Equisetum arvense,ForestWetPoor
78751,Equisetum arvense,ForestWetPoor
78752,Equisetum arvense,ForestWetPoor
78753,Equisetum arvense,ForestWetPoor
78754,Equisetum arvense,ForestWetPoor
78755,Equisetum arvense,ForestWetPoor
78756,Equisetum arvense,ForestWetPoor
78757,Equisetum arvense,ForestWetPoor
78758,Equisetum arvense,ForestWetPoor
78759,Equisetum arvense,ForestWetPoor
78760,Equisetum arvense,ForestWetPoor
78761,Equisetum arvense,ForestWetPoor
78762,Equisetum arvense,ForestWetPoor
78763,Equisetum arvense,ForestWetPoor
78764,Equisetum arvense,ForestWetPoor
78765,Equisetum arvense,ForestWetPoor
78766,Equisetum arvense,ForestWetPoor
78767,Equisetum arvense,ForestWetPoor
78768,Equisetum arvense,ForestWetPoor
78769,Equisetum arvense,ForestWetPoor
78770,Equisetum arvense,ForestWetPoor
78771,Equisetum arvense,ForestWetPoor
78772,Equisetum arvense,ForestWetPoor
78773,Equisetum arvense,ForestWetPoor
78774,Equisetum arvense,ForestWetPoor
78775,Equisetum arvense,ForestWetPoor
78776,Equisetum arvense,ForestWetPoor
78777,Equisetum arvense,ForestWetPoor
78778,Equisetum arvense,ForestWetPoor
78779,Equisetum arvense,ForestWetPoor
78780,Equisetum arvense,ForestWetPoor
78781,Equisetum arvense,ForestWetPoor
78782,Equisetum arvense,ForestWetPoor
78783,Equisetum arvense,ForestWetPoor
78784,Equisetum arvense,ForestWetPoor
78785,Equisetum arvense,ForestWetPoor
78786,Equisetum arvense,ForestWetPoor
78787,Equisetum arvense,ForestWetPoor
78788,Equisetum arvense,ForestWetPoor
78789,Equisetum arvense,ForestWetPoor
78790,Equisetum arvense,ForestWetPoor
78791,Equisetum arvense,ForestWetPoor
78792,Equisetum arvense,ForestWetPoor
79345,Equisetum arvense,ForestWetPoor
79346,Equisetum arvense,ForestWetPoor
79347,Equisetum arvense,ForestWetPoor
79348,Equisetum arvense,ForestWetPoor
79349,Equisetum arvense,ForestWetPoor
79350,Equisetum arvense,ForestWetPoor
79351,Equisetum arvense,ForestWetPoor
79352,Equisetum arvense,ForestWetPoor
79353,Equisetum arvense,ForestWetPoor
79354,Equisetum arvense,ForestWetPoor
79355,Equisetum arvense,ForestWetPoor
79356,Equisetum arvense,ForestWetPoor
79357,Equisetum arvense,ForestWetPoor
79358,Equisetum arvense,ForestWetPoor
79359,Equisetum arvense,ForestWetPoor
79360,Equisetum arvense,ForestWetPoor
79361,Equisetum arvense,ForestWetPoor
79362,Equisetum arvense,ForestWetPoor
79363,Equisetum arvense,ForestWetPoor
79364,Equisetum arvense,ForestWetPoor
79365,Equisetum arvense,ForestWetPoor
79366,Equisetum arvense,ForestWetPoor
79367,Equisetum arvense,ForestWetPoor
79368,Equisetum arvense,ForestWetPoor
79369,Equisetum arvense,ForestWetPoor
79370,Equisetum arvense,ForestWetPoor
79371,Equisetum arvense,ForestWetPoor
79372,Equisetum arvense,ForestWetPoor
79373,Equisetum arvense,ForestWetPoor
79374,Equisetum arvense,ForestWetPoor
79375,Equisetum arvense,ForestWetPoor
79376,Equisetum arvense,ForestWetPoor
79377,Equisetum arvense,ForestWetPoor
79378,Equisetum arvense,ForestWetPoor
79379,Equisetum arvense,ForestWetPoor
79380,Equisetum arvense,ForestWetPoor
79381,Equisetum arvense,ForestWetPoor
79382,Equisetum arvense,ForestWetPoor
79383,Equisetum arvense,ForestWetPoor
79384,Equisetum arvense,ForestWetPoor
79385,Equisetum arvense,ForestWetPoor
79386,Equisetum arvense,ForestWetPoor
79387,Equisetum arvense,ForestWetPoor
79388,Equisetum arvense,ForestWetPoor
79389,Equisetum arvense,ForestWetPoor
79390,Equisetum arvense,ForestWetPoor
79391,Equisetum arvense,ForestWetPoor
79392,Equisetum arvense,ForestWetPoor
79944,Equisetum arvense,ForestWetPoor
79945,Equisetum arvense,ForestWetPoor
79946,Equisetum arvense,ForestWetPoor
79947,Equisetum arvense,ForestWetPoor
79948,Equisetum arvense,ForestWetPoor
79949,Equisetum arvense,ForestWetPoor
79950,Equisetum arvense,ForestWetPoor
79951,Equisetum arvense,ForestWetPoor
79952,Equisetum arvense,ForestWetPoor
79953,Equisetum arvense,ForestWetPoor
79954,Equisetum arvense,ForestWetPoor
79955,Equisetum arvense,ForestWetPoor
79956,Equisetum arvense,ForestWetPoor
79957,Equisetum arvense,ForestWetPoor
79958,Equisetum arvense,ForestWetPoor
79959,Equisetum arvense,ForestWetPoor
79960,Equisetum arvense,ForestWetPoor
79961,Equisetum arvense,ForestWetPoor
79962,Equisetum arvense,ForestWetPoor
79963,Equisetum arvense,ForestWetPoor
79964,Equisetum arvense,ForestWetPoor
79965,Equisetum arvense,ForestWetPoor
79966,Equisetum arvense,ForestWetPoor
79967,Equisetum arvense,ForestWetPoor
79968,Equisetum arvense,ForestWetPoor
79969,Equisetum arvense,ForestWetPoor
79970,Equisetum arvense,ForestWetPoor
79971,Equisetum arvense,ForestWetPoor
79972,Equisetum arvense,ForestWetPoor
79973,Equisetum arvense,ForestWetPoor
79974,Equisetum arvense,ForestWetPoor
79975,Equisetum arvense,ForestWetPoor
79976,Equisetum arvense,ForestWetPoor
79977,Equisetum arvense,ForestWetPoor
79978,Equisetum arvense,ForestWetPoor
79979,Equisetum arvense,ForestWetPoor
79980,Equisetum arvense,ForestWetPoor
79981,Equisetum arvense,ForestWetPoor
79982,Equisetum arvense,ForestWetPoor
79983,Equisetum arvense,ForestWetPoor
79984,Equisetum arvense,ForestWetPoor
79985,Equisetum arvense,ForestWetPoor
79986,Equisetum arvense,ForestWetPoor
79987,Equisetum arvense,ForestWetPoor
79988,Equisetum arvense,ForestWetPoor
79989,Equisetum arvense,ForestWetPoor
79990,Equisetum arvense,ForestWetPoor
79991,Equisetum arvense,ForestWetPoor
79992,Equisetum arvense,ForestWetPoor
80543,Equisetum arvense,ForestWetPoor
80544,Equisetum arvense,ForestWetPoor
80545,Equisetum arvense,ForestWetPoor
80546,Equisetum arvense,ForestWetPoor
80547,Equisetum arvense,ForestWetPoor
80548,Equisetum arvense,ForestWetPoor
80549,Equisetum arvense,ForestWetPoor
80550,Equisetum arvense,ForestWetPoor
80551,Equisetum arvense,ForestWetPoor
80552,Equisetum arvense,ForestWetPoor
80553,Equisetum arvense,ForestWetPoor
80554,Equisetum arvense,ForestWetPoor
80555,Equisetum arvense,ForestWetPoor
80556,Equisetum arvense,ForestWetPoor
80557,Equisetum arvense,ForestWetPoor
80558,Equisetum arvense,ForestWetPoor
80559,Equisetum arvense,ForestWetPoor
80560,Equisetum arvense,ForestWetPoor
80561,Equisetum arvense,ForestWetPoor
80562,Equisetum arvense,ForestWetPoor
80563,Equisetum arvense,ForestWetPoor
80564,Equisetum arvense,ForestWetPoor
80565,Equisetum arvense,ForestWetPoor
80566,Equisetum arvense,ForestWetPoor
80567,Equisetum arvense,ForestWetPoor
80568,Equisetum arvense,ForestWetPoor
80569,Equisetum arvense,ForestWetPoor
80570,Equisetum arvense,ForestWetPoor
80571,Equisetum arvense,ForestWetPoor
80572,Equisetum arvense,ForestWetPoor
80573,Equisetum arvense,ForestWetPoor
80574,Equisetum arvense,ForestWetPoor
80575,Equisetum arvense,ForestWetPoor
80576,Equisetum arvense,ForestWetPoor
80577,Equisetum arvense,ForestWetPoor
80578,Equisetum arvense,ForestWetPoor
80579,Equisetum arvense,ForestWetPoor
80580,Equisetum arvense,ForestWetPoor
80581,Equisetum arvense,ForestWetPoor
80582,Equisetum arvense,ForestWetPoor
80583,Equisetum arvense,ForestWetPoor
80584,Equisetum arvense,ForestWetPoor
80585,Equisetum arvense,ForestWetPoor
80586,Equisetum arvense,ForestWetPoor
80587,Equisetum arvense,ForestWetPoor
80588,Equisetum arvense,ForestWetPoor
80589,Equisetum arvense,ForestWetPoor
80590,Equisetum arvense,ForestWetPoor
80591,Equisetum arvense,ForestWetPoor
80592,Equisetum arvense,ForestWetPoor
81142,Equisetum arvense,ForestWetPoor
81143,Equisetum arvense,ForestWetPoor
81144,Equisetum arvense,ForestWetPoor
81145,Equisetum arvense,ForestWetPoor
81146,Equisetum arvense,ForestWetPoor
81147,Equisetum arvense,ForestWetPoor
81148,Equisetum arvense,ForestWetPoor
81149,Equisetum arvense,ForestWetPoor
81150,Equisetum arvense,ForestWetPoor
81151,Equisetum arvense,ForestWetPoor
81152,Equisetum arvense,ForestWetPoor
81153,Equisetum arvense,ForestWetPoor
81154,Equisetum arvense,ForestWetPoor
81155,Equisetum arvense,ForestWetPoor
81156,Equisetum arvense,ForestWetPoor
81157,Equisetum arvense,ForestWetPoor
81158,Equisetum arvense,ForestWetPoor
81159,Equisetum arvense,ForestWetPoor
81160,Equisetum arvense,ForestWetPoor
81161,Equisetum arvense,ForestWetPoor
81162,Equisetum arvense,ForestWetPoor
81163,Equisetum arvense,ForestWetPoor
81164,Equisetum arvense,ForestWetPoor
81165,Equisetum arvense,ForestWetPoor
81166,Equisetum arvense,ForestWetPoor
81167,Equisetum arvense,ForestWetPoor
81168,Equisetum arvense,ForestWetPoor
81169,Equisetum arvense,ForestWetPoor
81170,Equisetum arvense,ForestWetPoor
81171,Equisetum arvense,ForestWetPoor
81172,Equisetum arvense,ForestWetPoor
81173,Equisetum arvense,ForestWetPoor
81174,Equisetum arvense,ForestWetPoor
81175,Equisetum arvense,ForestWetPoor
81176,Equisetum arvense,ForestWetPoor
81177,Equisetum arvense,ForestWetPoor
81178,Equisetum arvense,ForestWetPoor
81179,Equisetum arvense,ForestWetPoor
81180,Equisetum arvense,ForestWetPoor
81181,Equisetum arvense,ForestWetPoor
81182,Equisetum arvense,ForestWetPoor
81183,Equisetum arvense,ForestWetPoor
81184,Equisetum arvense,ForestWetPoor
81185,Equisetum arvense,ForestWetPoor
81186,Equisetum arvense,ForestWetPoor
81187,Equisetum arvense,ForestWetPoor
81188,Equisetum arvense,ForestWetPoor
81189,Equisetum arvense,ForestWetPoor
81190,Equisetum arvense,ForestWetPoor
81191,Equisetum arvense,ForestWetPoor
81192,Equisetum arvense,ForestWetPoor
81741,Equisetum arvense,ForestWetPoor
81742,Equisetum arvense,ForestWetPoor
81743,Equisetum arvense,ForestWetPoor
81744,Equisetum arvense,ForestWetPoor
81745,Equisetum arvense,ForestWetPoor
81746,Equisetum arvense,ForestWetPoor
81747,Equisetum arvense,ForestWetPoor
81748,Equisetum arvense,ForestWetPoor
81749,Equisetum arvense,ForestWetPoor
81750,Equisetum arvense,ForestWetPoor
81751,Equisetum arvense,ForestWetPoor
81752,Equisetum arvense,ForestWetPoor
81753,Equisetum arvense,ForestWetPoor
81754,Equisetum arvense,ForestWetPoor
81755,Equisetum arvense,ForestWetPoor
81756,Equisetum arvense,ForestWetPoor
81757,Equisetum arvense,ForestWetPoor
81758,Equisetum arvense,ForestWetPoor
81759,Equisetum arvense,ForestWetPoor
81760,Equisetum arvense,ForestWetPoor
81761,Equisetum arvense,ForestWetPoor
81762,Equisetum arvense,ForestWetPoor
81763,Equisetum arvense,ForestWetPoor
81764,Equisetum arvense,ForestWetPoor
81765,Equisetum arvense,ForestWetPoor
81766,Equisetum arvense,ForestWetPoor
81767,Equisetum arvense,ForestWetPoor
81768,Equisetum arvense,ForestWetPoor
81769,Equisetum arvense,ForestWetPoor
81770,Equisetum arvense,ForestWetPoor
81771,Equisetum arvense,ForestWetPoor
81772,Equisetum arvense,ForestWetPoor
81773,Equisetum arvense,ForestWetPoor
81774,Equisetum arvense,ForestWetPoor
81775,Equisetum arvense,ForestWetPoor
81776,Equisetum arvense,ForestWetPoor
81777,Equisetum arvense,ForestWetPoor
81778,Equisetum arvense,ForestWetPoor
81779,Equisetum arvense,ForestWetPoor
81780,Equisetum arvense,ForestWetPoor
81781,Equisetum arvense,ForestWetPoor
81782,Equisetum arvense,ForestWetPoor
81783,Equisetum arvense,ForestWetPoor
81784,Equisetum arvense,ForestWetPoor
81785,Equisetum arvense,ForestWetPoor
81786,Equisetum arvense,ForestWetPoor
81787,Equisetum arvense,ForestWetPoor
81788,Equisetum arvense,ForestWetPoor
81789,Equisetum arvense,ForestWetPoor
81790,Equisetum arvense,ForestWetPoor
81791,Equisetum arvense,ForestWetPoor
81792,Equisetum arvense,ForestWetPoor
82340,Equisetum arvense,ForestWetPoor
82341,Equisetum arvense,ForestWetPoor
82342,Equisetum arvense,ForestWetPoor
82343,Equisetum arvense,ForestWetPoor
82344,Equisetum arvense,ForestWetPoor
82345,Equisetum arvense,ForestWetPoor
82346,Equisetum arvense,ForestWetPoor
82347,Equisetum arvense,ForestWetPoor
82348,Equisetum arvense,ForestWetPoor
82349,Equisetum arvense,ForestWetPoor
82350,Equisetum arvense,ForestWetPoor
82351,Equisetum arvense,ForestWetPoor
82352,Equisetum arvense,ForestWetPoor
82353,Equisetum arvense,ForestWetPoor
82354,Equisetum arvense,ForestWetPoor
82355,Equisetum arvense,ForestWetPoor
82356,Equisetum arvense,ForestWetPoor
82357,Equisetum arvense,ForestWetPoor
82358,Equisetum arvense,ForestWetPoor
82359,Equisetum arvense,ForestWetPoor
82360,Equisetum arvense,ForestWetPoor
82361,Equisetum arvense,ForestWetPoor
82362,Equisetum arvense,ForestWetPoor
82363,Equisetum arvense,ForestWetPoor
82364,Equisetum arvense,ForestWetPoor
82365,Equisetum arvense,ForestWetPoor
82366,Equisetum arvense,ForestWetPoor
82367,Equisetum arvense,ForestWetPoor
82368,Equisetum arvense,ForestWetPoor
82369,Equisetum arvense,ForestWetPoor
82370,Equisetum arvense,ForestWetPoor
82371,Equisetum arvense,ForestWetPoor
82372,Equisetum arvense,ForestWetPoor
82373,Equisetum arvense,ForestWetPoor
82374,Equisetum arvense,ForestWetPoor
82375,Equisetum arvense,ForestWetPoor
82376,Equisetum arvense,ForestWetPoor
82377,Equisetum arvense,ForestWetPoor
82378,Equisetum arvense,ForestWetPoor
82379,Equisetum arvense,ForestWetPoor
82380,Equisetum arvense,ForestWetPoor
82381,Equisetum arvense,ForestWetPoor
82382,Equisetum arvense,ForestWetPoor
82383,Equisetum arvense,ForestWetPoor
82384,Equisetum arvense,ForestWetPoor
82385,Equisetum arvense,ForestWetPoor
82386,Equisetum arvense,ForestWetPoor
82387,Equisetum arvense,ForestWetPoor
82388,Equisetum arvense,ForestWetPoor
82389,Equisetum arvense,ForestWetPoor
82390,Equisetum arvense,ForestWetPoor
82391,Equisetum arvense,ForestWetPoor
82392,Equisetum arvense,ForestWetPoor
82939,Equisetum arvense,ForestWetPoor
82940,Equisetum arvense,ForestWetPoor
82941,Equisetum arvense,ForestWetPoor
82942,Equisetum arvense,ForestWetPoor
82943,Equisetum arvense,ForestWetPoor
82944,Equisetum arvense,ForestWetPoor
82945,Equisetum arvense,ForestWetPoor
82946,Equisetum arvense,ForestWetPoor
82947,Equisetum arvense,ForestWetPoor
82948,Equisetum arvense,ForestWetPoor
82949,Equisetum arvense,ForestWetPoor
82950,Equisetum arvense,ForestWetPoor
82951,Equisetum arvense,ForestWetPoor
82952,Equisetum arvense,ForestWetPoor
82953,Equisetum arvense,ForestWetPoor
82954,Equisetum arvense,ForestWetPoor
82955,Equisetum arvense,ForestWetPoor
82956,Equisetum arvense,ForestWetPoor
82957,Equisetum arvense,ForestWetPoor
82958,Equisetum arvense,ForestWetPoor
82959,Equisetum arvense,ForestWetPoor
82960,Equisetum arvense,ForestWetPoor
82961,Equisetum arvense,ForestWetPoor
82962,Equisetum arvense,ForestWetPoor
82963,Equisetum arvense,ForestWetPoor
82964,Equisetum arvense,ForestWetPoor
82965,Equisetum arvense,ForestWetPoor
82966,Equisetum arvense,ForestWetPoor
82967,Equisetum arvense,ForestWetPoor
82968,Equisetum arvense,ForestWetPoor
82969,Equisetum arvense,ForestWetPoor
82970,Equisetum arvense,ForestWetPoor
82971,Equisetum arvense,ForestWetPoor
82972,Equisetum arvense,ForestWetPoor
82973,Equisetum arvense,ForestWetPoor
82974,Equisetum arvense,ForestWetPoor
82975,Equisetum arvense,ForestWetPoor
82976,Equisetum arvense,ForestWetPoor
82977,Equisetum arvense,ForestWetPoor
82978,Equisetum arvense,ForestWetPoor
82979,Equisetum arvense,ForestWetPoor
82980,Equisetum arvense,ForestWetPoor
82981,Equisetum arvense,ForestWetPoor
82982,Equisetum arvense,ForestWetPoor
82983,Equisetum arvense,ForestWetPoor
82984,Equisetum arvense,ForestWetPoor
82985,Equisetum arvense,ForestWetPoor
82986,Equisetum arvense,ForestWetPoor
82987,Equisetum arvense,ForestWetPoor
82988,Equisetum arvense,ForestWetPoor
82989,Equisetum arvense,ForestWetPoor
82990,Equisetum arvense,ForestWetPoor
82991,Equisetum arvense,ForestWetPoor
83538,Equisetum arvense,ForestWetPoor
83539,Equisetum arvense,ForestWetPoor
83540,Equisetum arvense,ForestWetPoor
83541,Equisetum arvense,ForestWetPoor
83542,Equisetum arvense,ForestWetPoor
83543,Equisetum arvense,ForestWetPoor
83544,Equisetum arvense,ForestWetPoor
83545,Equisetum arvense,ForestWetPoor
83546,Equisetum arvense,ForestWetPoor
83547,Equisetum arvense,ForestWetPoor
83548,Equisetum arvense,ForestWetPoor
83549,Equisetum arvense,ForestWetPoor
83550,Equisetum arvense,ForestWetPoor
83551,Equisetum arvense,ForestWetPoor
83552,Equisetum arvense,ForestWetPoor
83553,Equisetum arvense,ForestWetPoor
83554,Equisetum arvense,ForestWetPoor
83555,Equisetum arvense,ForestWetPoor
83556,Equisetum arvense,ForestWetPoor
83557,Equisetum arvense,ForestWetPoor
83558,Equisetum arvense,ForestWetPoor
83559,Equisetum arvense,ForestWetPoor
83560,Equisetum arvense,ForestWetPoor
83561,Equisetum arvense,ForestWetPoor
83562,Equisetum arvense,ForestWetPoor
83563,Equisetum arvense,ForestWetPoor
83564,Equisetum arvense,ForestWetPoor
83565,Equisetum arvense,ForestWetPoor
83566,Equisetum arvense,ForestWetPoor
83567,Equisetum arvense,ForestWetPoor
83568,Equisetum arvense,ForestWetPoor
83569,Equisetum arvense,ForestWetPoor
83570,Equisetum arvense,ForestWetPoor
83571,Equisetum arvense,ForestWetPoor
83572,Equisetum arvense,ForestWetPoor
83573,Equisetum arvense,ForestWetPoor
83574,Equisetum arvense,ForestWetPoor
83575,Equisetum arvense,ForestWetPoor
83576,Equisetum arvense,ForestWetPoor
83577,Equisetum arvense,ForestWetPoor
83578,Equisetum arvense,ForestWetPoor
83579,Equisetum arvense,ForestWetPoor
83580,Equisetum arvense,ForestWetPoor
83581,Equisetum arvense,ForestWetPoor
83582,Equisetum arvense,ForestWetPoor
83583,Equisetum arvense,ForestWetPoor
83584,Equisetum arvense,ForestWetPoor
83585,Equisetum arvense,ForestWetPoor
83586,Equisetum arvense,ForestWetPoor
83587,Equisetum arvense,ForestWetPoor
83588,Equisetum arvense,ForestWetPoor
83589,Equisetum arvense,ForestWetPoor
83590,Equisetum arvense,ForestWetPoor
83591,Equisetum arvense,ForestWetPoor
84137,Equisetum arvense,ForestWetPoor
84138,Equisetum arvense,ForestWetPoor
84139,Equisetum arvense,ForestWetPoor
84140,Equisetum arvense,ForestWetPoor
84141,Equisetum arvense,ForestWetPoor
84142,Equisetum arvense,ForestWetPoor
84143,Equisetum arvense,ForestWetPoor
84144,Equisetum arvense,ForestWetPoor
84145,Equisetum arvense,ForestWetPoor
84146,Equisetum arvense,ForestWetPoor
84147,Equisetum arvense,ForestWetPoor
84148,Equisetum arvense,ForestWetPoor
84149,Equisetum arvense,ForestWetPoor
84150,Equisetum arvense,ForestWetPoor
84151,Equisetum arvense,ForestWetPoor
84152,Equisetum arvense,ForestWetPoor
84153,Equisetum arvense,ForestWetPoor
84154,Equisetum arvense,ForestWetPoor
84155,Equisetum arvense,ForestWetPoor
84156,Equisetum arvense,ForestWetPoor
84157,Equisetum arvense,ForestWetPoor
84158,Equisetum arvense,ForestWetPoor
84159,Equisetum arvense,ForestWetPoor
84160,Equisetum arvense,ForestWetPoor
84161,Equisetum arvense,ForestWetPoor
84162,Equisetum arvense,ForestWetPoor
84163,Equisetum arvense,ForestWetPoor
84164,Equisetum arvense,ForestWetPoor
84165,Equisetum arvense,ForestWetPoor
84166,Equisetum arvense,ForestWetPoor
84167,Equisetum arvense,ForestWetPoor
84168,Equisetum arvense,ForestWetPoor
84169,Equisetum arvense,ForestWetPoor
84170,Equisetum arvense,ForestWetPoor
84171,Equisetum arvense,ForestWetPoor
84172,Equisetum arvense,ForestWetPoor
84173,Equisetum arvense,ForestWetPoor
84174,Equisetum arvense,ForestWetPoor
84175,Equisetum arvense,ForestWetPoor
84176,Equisetum arvense,ForestWetPoor
84177,Equisetum arvense,ForestWetPoor
84178,Equisetum arvense,ForestWetPoor
84179,Equisetum arvense,ForestWetPoor
84180,Equisetum arvense,ForestWetPoor
84181,Equisetum arvense,ForestWetPoor
84182,Equisetum arvense,ForestWetPoor
84183,Equisetum arvense,ForestWetPoor
84184,Equisetum arvense,ForestWetPoor
84185,Equisetum arvense,ForestWetPoor
84186,Equisetum arvense,ForestWetPoor
84187,Equisetum arvense,ForestWetPoor
84188,Equisetum arvense,ForestWetPoor
84189,Equisetum arvense,ForestWetPoor
84190,Equisetum arvense,ForestWetPoor
84191,Equisetum arvense,ForestWetPoor
84736,Equisetum arvense,ForestWetPoor
84737,Equisetum arvense,ForestWetPoor
84738,Equisetum arvense,ForestWetPoor
84739,Equisetum arvense,ForestWetPoor
84740,Equisetum arvense,ForestWetPoor
84741,Equisetum arvense,ForestWetPoor
84742,Equisetum arvense,ForestWetPoor
84743,Equisetum arvense,ForestWetPoor
84744,Equisetum arvense,ForestWetPoor
84745,Equisetum arvense,ForestWetPoor
84746,Equisetum arvense,ForestWetPoor
84747,Equisetum arvense,ForestWetPoor
84748,Equisetum arvense,ForestWetPoor
84749,Equisetum arvense,ForestWetPoor
84750,Equisetum arvense,ForestWetPoor
84751,Equisetum arvense,ForestWetPoor
84752,Equisetum arvense,ForestWetPoor
84753,Equisetum arvense,ForestWetPoor
84754,Equisetum arvense,ForestWetPoor
84755,Equisetum arvense,ForestWetPoor
84756,Equisetum arvense,ForestWetPoor
84757,Equisetum arvense,ForestWetPoor
84758,Equisetum arvense,ForestWetPoor
84759,Equisetum arvense,ForestWetPoor
84760,Equisetum arvense,ForestWetPoor
84761,Equisetum arvense,ForestWetPoor
84762,Equisetum arvense,ForestWetPoor
84763,Equisetum arvense,ForestWetPoor
84764,Equisetum arvense,ForestWetPoor
84765,Equisetum arvense,ForestWetPoor
84766,Equisetum arvense,ForestWetPoor
84767,Equisetum arvense,ForestWetPoor
84768,Equisetum arvense,ForestWetPoor
84769,Equisetum arvense,ForestWetPoor
84770,Equisetum arvense,ForestWetPoor
84771,Equisetum arvense,ForestWetPoor
84772,Equisetum arvense,ForestWetPoor
84773,Equisetum arvense,ForestWetPoor
84774,Equisetum arvense,ForestWetPoor
84775,Equisetum arvense,ForestWetPoor
84776,Equisetum arvense,ForestWetPoor
84777,Equisetum arvense,ForestWetPoor
84778,Equisetum arvense,ForestWetPoor
84779,Equisetum arvense,ForestWetPoor
84780,Equisetum arvense,ForestWetPoor
84781,Equisetum arvense,ForestWetPoor
84782,Equisetum arvense,ForestWetPoor
84783,Equisetum arvense,ForestWetPoor
84784,Equisetum arvense,ForestWetPoor
84785,Equisetum arvense,ForestWetPoor
84786,Equisetum arvense,ForestWetPoor
84787,Equisetum arvense,ForestWetPoor
84788,Equisetum arvense,ForestWetPoor
84789,Equisetum arvense,ForestWetPoor
84790,Equisetum arvense,ForestWetPoor
85335,Equisetum arvense,ForestWetPoor
85336,Equisetum arvense,ForestWetPoor
85337,Equisetum arvense,ForestWetPoor
85338,Equisetum arvense,ForestWetPoor
85339,Equisetum arvense,ForestWetPoor
85340,Equisetum arvense,ForestWetPoor
85341,Equisetum arvense,ForestWetPoor
85342,Equisetum arvense,ForestWetPoor
85343,Equisetum arvense,ForestWetPoor
85344,Equisetum arvense,ForestWetPoor
85345,Equisetum arvense,ForestWetPoor
85346,Equisetum arvense,ForestWetPoor
85347,Equisetum arvense,ForestWetPoor
85348,Equisetum arvense,ForestWetPoor
85349,Equisetum arvense,ForestWetPoor
85350,Equisetum arvense,ForestWetPoor
85351,Equisetum arvense,ForestWetPoor
85352,Equisetum arvense,ForestWetPoor
85353,Equisetum arvense,ForestWetPoor
85354,Equisetum arvense,ForestWetPoor
85355,Equisetum arvense,ForestWetPoor
85356,Equisetum arvense,ForestWetPoor
85357,Equisetum arvense,ForestWetPoor
85358,Equisetum arvense,ForestWetPoor
85359,Equisetum arvense,ForestWetPoor
85360,Equisetum arvense,ForestWetPoor
85361,Equisetum arvense,ForestWetPoor
85362,Equisetum arvense,ForestWetPoor
85363,Equisetum arvense,ForestWetPoor
85364,Equisetum arvense,ForestWetPoor
85365,Equisetum arvense,ForestWetPoor
85366,Equisetum arvense,ForestWetPoor
85367,Equisetum arvense,ForestWetPoor
85368,Equisetum arvense,ForestWetPoor
85369,Equisetum arvense,ForestWetPoor
85370,Equisetum arvense,ForestWetPoor
85371,Equisetum arvense,ForestWetPoor
85372,Equisetum arvense,ForestWetPoor
85373,Equisetum arvense,ForestWetPoor
85374,Equisetum arvense,ForestWetPoor
85375,Equisetum arvense,ForestWetPoor
85376,Equisetum arvense,ForestWetPoor
85377,Equisetum arvense,ForestWetPoor
85378,Equisetum arvense,ForestWetPoor
85379,Equisetum arvense,ForestWetPoor
85380,Equisetum arvense,ForestWetPoor
85381,Equisetum arvense,ForestWetPoor
85382,Equisetum arvense,ForestWetPoor
85383,Equisetum arvense,ForestWetPoor
85384,Equisetum arvense,ForestWetPoor
85385,Equisetum arvense,ForestWetPoor
85386,Equisetum arvense,ForestWetPoor
85387,Equisetum arvense,ForestWetPoor
85388,Equisetum arvense,ForestWetPoor
85389,Equisetum arvense,ForestWetPoor
85390,Equisetum arvense,ForestWetPoor
85934,Equisetum arvense,ForestWetPoor
85935,Equisetum arvense,ForestWetPoor
85936,Equisetum arvense,ForestWetPoor
85937,Equisetum arvense,ForestWetPoor
85938,Equisetum arvense,ForestWetPoor
85939,Equisetum arvense,ForestWetPoor
85940,Equisetum arvense,ForestWetPoor
85941,Equisetum arvense,ForestWetPoor
85942,Equisetum arvense,ForestWetPoor
85943,Equisetum arvense,ForestWetPoor
85944,Equisetum arvense,ForestWetPoor
85945,Equisetum arvense,ForestWetPoor
85946,Equisetum arvense,ForestWetPoor
85947,Equisetum arvense,ForestWetPoor
85948,Equisetum arvense,ForestWetPoor
85949,Equisetum arvense,ForestWetPoor
85950,Equisetum arvense,ForestWetPoor
85951,Equisetum arvense,ForestWetPoor
85952,Equisetum arvense,ForestWetPoor
85953,Equisetum arvense,ForestWetPoor
85954,Equisetum arvense,ForestWetPoor
85955,Equisetum arvense,ForestWetPoor
85956,Equisetum arvense,ForestWetPoor
85957,Equisetum arvense,ForestWetPoor
85958,Equisetum arvense,ForestWetPoor
85959,Equisetum arvense,ForestWetPoor
85960,Equisetum arvense,ForestWetPoor
85961,Equisetum arvense,ForestWetPoor
85962,Equisetum arvense,ForestWetPoor
85963,Equisetum arvense,ForestWetPoor
85964,Equisetum arvense,ForestWetPoor
85965,Equisetum arvense,ForestWetPoor
85966,Equisetum arvense,ForestWetPoor
85967,Equisetum arvense,ForestWetPoor
85968,Equisetum arvense,ForestWetPoor
85969,Equisetum arvense,ForestWetPoor
85970,Equisetum arvense,ForestWetPoor
85971,Equisetum arvense,ForestWetPoor
85972,Equisetum arvense,ForestWetPoor
85973,Equisetum arvense,ForestWetPoor
85974,Equisetum arvense,ForestWetPoor
85975,Equisetum arvense,ForestWetPoor
85976,Equisetum arvense,ForestWetPoor
85977,Equisetum arvense,ForestWetPoor
85978,Equisetum arvense,ForestWetPoor
85979,Equisetum arvense,ForestWetPoor
85980,Equisetum arvense,ForestWetPoor
85981,Equisetum arvense,ForestWetPoor
85982,Equisetum arvense,ForestWetPoor
85983,Equisetum arvense,ForestWetPoor
85984,Equisetum arvense,ForestWetPoor
85985,Equisetum arvense,ForestWetPoor
85986,Equisetum arvense,ForestWetPoor
85987,Equisetum arvense,ForestWetPoor
85988,Equisetum arvense,ForestWetPoor
85989,Equisetum arvense,ForestWetPoor
85990,Equisetum arvense,ForestWetPoor
86533,Equisetum arvense,ForestWetPoor
86534,Equisetum arvense,ForestWetPoor
86535,Equisetum arvense,ForestWetPoor
86536,Equisetum arvense,ForestWetPoor
86537,Equisetum arvense,ForestWetPoor
86538,Equisetum arvense,ForestWetPoor
86539,Equisetum arvense,ForestWetPoor
86540,Equisetum arvense,ForestWetPoor
86541,Equisetum arvense,ForestWetPoor
86542,Equisetum arvense,ForestWetPoor
86543,Equisetum arvense,ForestWetPoor
86544,Equisetum arvense,ForestWetPoor
86545,Equisetum arvense,ForestWetPoor
86546,Equisetum arvense,ForestWetPoor
86547,Equisetum arvense,ForestWetPoor
86548,Equisetum arvense,ForestWetPoor
86549,Equisetum arvense,ForestWetPoor
86550,Equisetum arvense,ForestWetPoor
86551,Equisetum arvense,ForestWetPoor
86552,Equisetum arvense,ForestWetPoor
86553,Equisetum arvense,ForestWetPoor
86554,Equisetum arvense,ForestWetPoor
86555,Equisetum arvense,ForestWetPoor
86556,Equisetum arvense,ForestWetPoor
86557,Equisetum arvense,ForestWetPoor
86558,Equisetum arvense,ForestWetPoor
86559,Equisetum arvense,ForestWetPoor
86560,Equisetum arvense,ForestWetPoor
86561,Equisetum arvense,ForestWetPoor
86562,Equisetum arvense,ForestWetPoor
86563,Equisetum arvense,ForestWetPoor
86564,Equisetum arvense,ForestWetPoor
86565,Equisetum arvense,ForestWetPoor
86566,Equisetum arvense,ForestWetPoor
86567,Equisetum arvense,ForestWetPoor
86568,Equisetum arvense,ForestWetPoor
86569,Equisetum arvense,ForestWetPoor
86570,Equisetum arvense,ForestWetPoor
86571,Equisetum arvense,ForestWetPoor
86572,Equisetum arvense,ForestWetPoor
86573,Equisetum arvense,ForestWetPoor
86574,Equisetum arvense,ForestWetPoor
86575,Equisetum arvense,ForestWetPoor
86576,Equisetum arvense,ForestWetPoor
86577,Equisetum arvense,ForestWetPoor
86578,Equisetum arvense,ForestWetPoor
86579,Equisetum arvense,ForestWetPoor
86580,Equisetum arvense,ForestWetPoor
86581,Equisetum arvense,ForestWetPoor
86582,Equisetum arvense,ForestWetPoor
86583,Equisetum arvense,ForestWetPoor
86584,Equisetum arvense,ForestWetPoor
86585,Equisetum arvense,ForestWetPoor
86586,Equisetum arvense,ForestWetPoor
86587,Equisetum arvense,ForestWetPoor
86588,Equisetum arvense,ForestWetPoor
86589,Equisetum arvense,ForestWetPoor
87132,Equisetum arvense,ForestWetPoor
87133,Equisetum arvense,ForestWetPoor
87134,Equisetum arvense,ForestWetPoor
87135,Equisetum arvense,ForestWetPoor
87136,Equisetum arvense,ForestWetPoor
87137,Equisetum arvense,ForestWetPoor
87138,Equisetum arvense,ForestWetPoor
87139,Equisetum arvense,ForestWetPoor
87140,Equisetum arvense,ForestWetPoor
87141,Equisetum arvense,ForestWetPoor
87142,Equisetum arvense,ForestWetPoor
87143,Equisetum arvense,ForestWetPoor
87144,Equisetum arvense,ForestWetPoor
87145,Equisetum arvense,ForestWetPoor
87146,Equisetum arvense,ForestWetPoor
87147,Equisetum arvense,ForestWetPoor
87148,Equisetum arvense,ForestWetPoor
87149,Equisetum arvense,ForestWetPoor
87150,Equisetum arvense,ForestWetPoor
87151,Equisetum arvense,ForestWetPoor
87152,Equisetum arvense,ForestWetPoor
87153,Equisetum arvense,ForestWetPoor
87154,Equisetum arvense,ForestWetPoor
87155,Equisetum arvense,ForestWetPoor
87156,Equisetum arvense,ForestWetPoor
87157,Equisetum arvense,ForestWetPoor
87158,Equisetum arvense,ForestWetPoor
87159,Equisetum arvense,ForestWetPoor
87160,Equisetum arvense,ForestWetPoor
87161,Equisetum arvense,ForestWetPoor
87162,Equisetum arvense,ForestWetPoor
87163,Equisetum arvense,ForestWetPoor
87164,Equisetum arvense,ForestWetPoor
87165,Equisetum arvense,ForestWetPoor
87166,Equisetum arvense,ForestWetPoor
87167,Equisetum arvense,ForestWetPoor
87168,Equisetum arvense,ForestWetPoor
87169,Equisetum arvense,ForestWetPoor
87170,Equisetum arvense,ForestWetPoor
87171,Equisetum arvense,ForestWetPoor
87172,Equisetum arvense,ForestWetPoor
87173,Equisetum arvense,ForestWetPoor
87174,Equisetum arvense,ForestWetPoor
87175,Equisetum arvense,ForestWetPoor
87176,Equisetum arvense,ForestWetPoor
87177,Equisetum arvense,ForestWetPoor
87178,Equisetum arvense,ForestWetPoor
87179,Equisetum arvense,ForestWetPoor
87180,Equisetum arvense,ForestWetPoor
87181,Equisetum arvense,ForestWetPoor
87182,Equisetum arvense,ForestWetPoor
87183,Equisetum arvense,ForestWetPoor
87184,Equisetum arvense,ForestWetPoor
87185,Equisetum arvense,ForestWetPoor
87186,Equisetum arvense,ForestWetPoor
87187,Equisetum arvense,ForestWetPoor
87188,Equisetum arvense,ForestWetPoor
87189,Equisetum arvense,ForestWetPoor
87731,Equisetum arvense,ForestWetPoor
87732,Equisetum arvense,ForestWetPoor
87733,Equisetum arvense,ForestWetPoor
87734,Equisetum arvense,ForestWetPoor
87735,Equisetum arvense,ForestWetPoor
87736,Equisetum arvense,ForestWetPoor
87737,Equisetum arvense,ForestWetPoor
87738,Equisetum arvense,ForestWetPoor
87739,Equisetum arvense,ForestWetPoor
87740,Equisetum arvense,ForestWetPoor
87741,Equisetum arvense,ForestWetPoor
87742,Equisetum arvense,ForestWetPoor
87743,Equisetum arvense,ForestWetPoor
87744,Equisetum arvense,ForestWetPoor
87745,Equisetum arvense,ForestWetPoor
87746,Equisetum arvense,ForestWetPoor
87747,Equisetum arvense,ForestWetPoor
87748,Equisetum arvense,ForestWetPoor
87749,Equisetum arvense,ForestWetPoor
87750,Equisetum arvense,ForestWetPoor
87751,Equisetum arvense,ForestWetPoor
87752,Equisetum arvense,ForestWetPoor
87753,Equisetum arvense,ForestWetPoor
87754,Equisetum arvense,ForestWetPoor
87755,Equisetum arvense,ForestWetPoor
87756,Equisetum arvense,ForestWetPoor
87757,Equisetum arvense,ForestWetPoor
87758,Equisetum arvense,ForestWetPoor
87759,Equisetum arvense,ForestWetPoor
87760,Equisetum arvense,ForestWetPoor
87761,Equisetum arvense,ForestWetPoor
87762,Equisetum arvense,ForestWetPoor
87763,Equisetum arvense,ForestWetPoor
87764,Equisetum arvense,ForestWetPoor
87765,Equisetum arvense,ForestWetPoor
87766,Equisetum arvense,ForestWetPoor
87767,Equisetum arvense,ForestWetPoor
87768,Equisetum arvense,ForestWetPoor
87769,Equisetum arvense,ForestWetPoor
87770,Equisetum arvense,ForestWetPoor
87771,Equisetum arvense,ForestWetPoor
87772,Equisetum arvense,ForestWetPoor
87773,Equisetum arvense,ForestWetPoor
87774,Equisetum arvense,ForestWetPoor
87775,Equisetum arvense,ForestWetPoor
87776,Equisetum arvense,ForestWetPoor
87777,Equisetum arvense,ForestWetPoor
87778,Equisetum arvense,ForestWetPoor
87779,Equisetum arvense,ForestWetPoor
87780,Equisetum arvense,ForestWetPoor
87781,Equisetum arvense,ForestWetPoor
87782,Equisetum arvense,ForestWetPoor
87783,Equisetum arvense,ForestWetPoor
87784,Equisetum arvense,ForestWetPoor
87785,Equisetum arvense,ForestWetPoor
87786,Equisetum arvense,ForestWetPoor
87787,Equisetum arvense,ForestWetPoor
87788,Equisetum arvense,ForestWetPoor
88330,Equisetum arvense,ForestWetPoor
88331,Equisetum arvense,ForestWetPoor
88332,Equisetum arvense,ForestWetPoor
88333,Equisetum arvense,ForestWetPoor
88334,Equisetum arvense,ForestWetPoor
88335,Equisetum arvense,ForestWetPoor
88336,Equisetum arvense,ForestWetPoor
88337,Equisetum arvense,ForestWetPoor
88338,Equisetum arvense,ForestWetPoor
88339,Equisetum arvense,ForestWetPoor
88340,Equisetum arvense,ForestWetPoor
88341,Equisetum arvense,ForestWetPoor
88342,Equisetum arvense,ForestWetPoor
88343,Equisetum arvense,ForestWetPoor
88344,Equisetum arvense,ForestWetPoor
88345,Equisetum arvense,ForestWetPoor
88346,Equisetum arvense,ForestWetPoor
88347,Equisetum arvense,ForestWetPoor
88348,Equisetum arvense,ForestWetPoor
88349,Equisetum arvense,ForestWetPoor
88350,Equisetum arvense,ForestWetPoor
88351,Equisetum arvense,ForestWetPoor
88352,Equisetum arvense,ForestWetPoor
88353,Equisetum arvense,ForestWetPoor
88354,Equisetum arvense,ForestWetPoor
88355,Equisetum arvense,ForestWetPoor
88356,Equisetum arvense,ForestWetPoor
88357,Equisetum arvense,ForestWetPoor
88358,Equisetum arvense,ForestWetPoor
88359,Equisetum arvense,ForestWetPoor
88360,Equisetum arvense,ForestWetPoor
88361,Equisetum arvense,ForestWetPoor
88362,Equisetum arvense,ForestWetPoor
88363,Equisetum arvense,ForestWetPoor
88364,Equisetum arvense,ForestWetPoor
88365,Equisetum arvense,ForestWetPoor
88366,Equisetum arvense,ForestWetPoor
88367,Equisetum arvense,ForestWetPoor
88368,Equisetum arvense,ForestWetPoor
88369,Equisetum arvense,ForestWetPoor
88370,Equisetum arvense,ForestWetPoor
88371,Equisetum arvense,ForestWetPoor
88372,Equisetum arvense,ForestWetPoor
88373,Equisetum arvense,ForestWetPoor
88374,Equisetum arvense,ForestWetPoor
88375,Equisetum arvense,ForestWetPoor
88376,Equisetum arvense,ForestWetPoor
88377,Equisetum arvense,ForestWetPoor
88378,Equisetum arvense,ForestWetPoor
88379,Equisetum arvense,ForestWetPoor
88380,Equisetum arvense,ForestWetPoor
88381,Equisetum arvense,ForestWetPoor
88382,Equisetum arvense,ForestWetPoor
88383,Equisetum arvense,ForestWetPoor
88384,Equisetum arvense,ForestWetPoor
88385,Equisetum arvense,ForestWetPoor
88386,Equisetum arvense,ForestWetPoor
88387,Equisetum arvense,ForestWetPoor
88929,Equisetum arvense,ForestWetPoor
88930,Equisetum arvense,ForestWetPoor
88931,Equisetum arvense,ForestWetPoor
88932,Equisetum arvense,ForestWetPoor
88933,Equisetum arvense,ForestWetPoor
88934,Equisetum arvense,ForestWetPoor
88935,Equisetum arvense,ForestWetPoor
88936,Equisetum arvense,ForestWetPoor
88937,Equisetum arvense,ForestWetPoor
88938,Equisetum arvense,ForestWetPoor
88939,Equisetum arvense,ForestWetPoor
88940,Equisetum arvense,ForestWetPoor
88941,Equisetum arvense,ForestWetPoor
88942,Equisetum arvense,ForestWetPoor
88943,Equisetum arvense,ForestWetPoor
88944,Equisetum arvense,ForestWetPoor
88945,Equisetum arvense,ForestWetPoor
88946,Equisetum arvense,ForestWetPoor
88947,Equisetum arvense,ForestWetPoor
88948,Equisetum arvense,ForestWetPoor
88949,Equisetum arvense,ForestWetPoor
88950,Equisetum arvense,ForestWetPoor
88951,Equisetum arvense,ForestWetPoor
88952,Equisetum arvense,ForestWetPoor
88953,Equisetum arvense,ForestWetPoor
88954,Equisetum arvense,ForestWetPoor
88955,Equisetum arvense,ForestWetPoor
88956,Equisetum arvense,ForestWetPoor
88957,Equisetum arvense,ForestWetPoor
88958,Equisetum arvense,ForestWetPoor
88959,Equisetum arvense,ForestWetPoor
88960,Equisetum arvense,ForestWetPoor
88961,Equisetum arvense,ForestWetPoor
88962,Equisetum arvense,ForestWetPoor
88963,Equisetum arvense,ForestWetPoor
88964,Equisetum arvense,ForestWetPoor
88965,Equisetum arvense,ForestWetPoor
88966,Equisetum arvense,ForestWetPoor
88967,Equisetum arvense,ForestWetPoor
88968,Equisetum arvense,ForestWetPoor
88969,Equisetum arvense,ForestWetPoor
88970,Equisetum arvense,ForestWetPoor
88971,Equisetum arvense,ForestWetPoor
88972,Equisetum arvense,ForestWetPoor
88973,Equisetum arvense,ForestWetPoor
88974,Equisetum arvense,ForestWetPoor
88975,Equisetum arvense,ForestWetPoor
88976,Equisetum arvense,ForestWetPoor
88977,Equisetum arvense,ForestWetPoor
88978,Equisetum arvense,ForestWetPoor
88979,Equisetum arvense,ForestWetPoor
88980,Equisetum arvense,ForestWetPoor
88981,Equisetum arvense,ForestWetPoor
88982,Equisetum arvense,ForestWetPoor
88983,Equisetum arvense,ForestWetPoor
88984,Equisetum arvense,ForestWetPoor
88985,Equisetum arvense,ForestWetPoor
88986,Equisetum arvense,ForestWetPoor
88987,Equisetum arvense,ForestWetPoor
89528,Equisetum arvense,ForestWetPoor
89529,Equisetum arvense,ForestWetPoor
89530,Equisetum arvense,ForestWetPoor
89531,Equisetum arvense,ForestWetPoor
89532,Equisetum arvense,ForestWetPoor
89533,Equisetum arvense,ForestWetPoor
89534,Equisetum arvense,ForestWetPoor
89535,Equisetum arvense,ForestWetPoor
89536,Equisetum arvense,ForestWetPoor
89537,Equisetum arvense,ForestWetPoor
89538,Equisetum arvense,ForestWetPoor
89539,Equisetum arvense,ForestWetPoor
89540,Equisetum arvense,ForestWetPoor
89541,Equisetum arvense,ForestWetPoor
89542,Equisetum arvense,ForestWetPoor
89543,Equisetum arvense,ForestWetPoor
89544,Equisetum arvense,ForestWetPoor
89545,Equisetum arvense,ForestWetPoor
89546,Equisetum arvense,ForestWetPoor
89547,Equisetum arvense,ForestWetPoor
89548,Equisetum arvense,ForestWetPoor
89549,Equisetum arvense,ForestWetPoor
89550,Equisetum arvense,ForestWetPoor
89551,Equisetum arvense,ForestWetPoor
89552,Equisetum arvense,ForestWetPoor
89553,Equisetum arvense,ForestWetPoor
89554,Equisetum arvense,ForestWetPoor
89555,Equisetum arvense,ForestWetPoor
89556,Equisetum arvense,ForestWetPoor
89557,Equisetum arvense,ForestWetPoor
89558,Equisetum arvense,ForestWetPoor
89559,Equisetum arvense,ForestWetPoor
89560,Equisetum arvense,ForestWetPoor
89561,Equisetum arvense,ForestWetPoor
89562,Equisetum arvense,ForestWetPoor
89563,Equisetum arvense,ForestWetPoor
89564,Equisetum arvense,ForestWetPoor
89565,Equisetum arvense,ForestWetPoor
89566,Equisetum arvense,ForestWetPoor
89567,Equisetum arvense,ForestWetPoor
89568,Equisetum arvense,ForestWetPoor
89569,Equisetum arvense,ForestWetPoor
89570,Equisetum arvense,ForestWetPoor
89571,Equisetum arvense,ForestWetPoor
89572,Equisetum arvense,ForestWetPoor
89573,Equisetum arvense,ForestWetPoor
89574,Equisetum arvense,ForestWetPoor
89575,Equisetum arvense,ForestWetPoor
89576,Equisetum arvense,ForestWetPoor
89577,Equisetum arvense,ForestWetPoor
89578,Equisetum arvense,ForestWetPoor
89579,Equisetum arvense,ForestWetPoor
89580,Equisetum arvense,ForestWetPoor
89581,Equisetum arvense,ForestWetPoor
89582,Equisetum arvense,ForestWetPoor
89583,Equisetum arvense,ForestWetPoor
89584,Equisetum arvense,ForestWetPoor
89585,Equisetum arvense,ForestWetPoor
89586,Equisetum arvense,ForestWetPoor
90127,Equisetum arvense,ForestWetPoor
90128,Equisetum arvense,ForestWetPoor
90129,Equisetum arvense,ForestWetPoor
90130,Equisetum arvense,ForestWetPoor
90131,Equisetum arvense,ForestWetPoor
90132,Equisetum arvense,ForestWetPoor
90133,Equisetum arvense,ForestWetPoor
90134,Equisetum arvense,ForestWetPoor
90135,Equisetum arvense,ForestWetPoor
90136,Equisetum arvense,ForestWetPoor
90137,Equisetum arvense,ForestWetPoor
90138,Equisetum arvense,ForestWetPoor
90139,Equisetum arvense,ForestWetPoor
90140,Equisetum arvense,ForestWetPoor
90141,Equisetum arvense,ForestWetPoor
90142,Equisetum arvense,ForestWetPoor
90143,Equisetum arvense,ForestWetPoor
90144,Equisetum arvense,ForestWetPoor
90145,Equisetum arvense,ForestWetPoor
90146,Equisetum arvense,ForestWetPoor
90147,Equisetum arvense,ForestWetPoor
90148,Equisetum arvense,ForestWetPoor
90149,Equisetum arvense,ForestWetPoor
90150,Equisetum arvense,ForestWetPoor
90151,Equisetum arvense,ForestWetPoor
90152,Equisetum arvense,ForestWetPoor
90153,Equisetum arvense,ForestWetPoor
90154,Equisetum arvense,ForestWetPoor
90155,Equisetum arvense,ForestWetPoor
90156,Equisetum arvense,ForestWetPoor
90157,Equisetum arvense,ForestWetPoor
90158,Equisetum arvense,ForestWetPoor
90159,Equisetum arvense,ForestWetPoor
90160,Equisetum arvense,ForestWetPoor
90161,Equisetum arvense,ForestWetPoor
90162,Equisetum arvense,ForestWetPoor
90163,Equisetum arvense,ForestWetPoor
90164,Equisetum arvense,ForestWetPoor
90165,Equisetum arvense,ForestWetPoor
90166,Equisetum arvense,ForestWetPoor
90167,Equisetum arvense,ForestWetPoor
90168,Equisetum arvense,ForestWetPoor
90169,Equisetum arvense,ForestWetPoor
90170,Equisetum arvense,ForestWetPoor
90171,Equisetum arvense,ForestWetPoor
90172,Equisetum arvense,ForestWetPoor
90173,Equisetum arvense,ForestWetPoor
90174,Equisetum arvense,ForestWetPoor
90175,Equisetum arvense,ForestWetPoor
90176,Equisetum arvense,ForestWetPoor
90177,Equisetum arvense,ForestWetPoor
90178,Equisetum arvense,ForestWetPoor
90179,Equisetum arvense,ForestWetPoor
90180,Equisetum arvense,ForestWetPoor
90181,Equisetum arvense,ForestWetPoor
90182,Equisetum arvense,ForestWetPoor
90183,Equisetum arvense,ForestWetPoor
90184,Equisetum arvense,ForestWetPoor
90185,Equisetum arvense,ForestWetPoor
90186,Equisetum arvense,ForestWetPoor
90726,Equisetum arvense,ForestWetPoor
90727,Equisetum arvense,ForestWetPoor
90728,Equisetum arvense,ForestWetPoor
90729,Equisetum arvense,ForestWetPoor
90730,Equisetum arvense,ForestWetPoor
90731,Equisetum arvense,ForestWetPoor
90732,Equisetum arvense,ForestWetPoor
90733,Equisetum arvense,ForestWetPoor
90734,Equisetum arvense,ForestWetPoor
90735,Equisetum arvense,ForestWetPoor
90736,Equisetum arvense,ForestWetPoor
90737,Equisetum arvense,ForestWetPoor
90738,Equisetum arvense,ForestWetPoor
90739,Equisetum arvense,ForestWetPoor
90740,Equisetum arvense,ForestWetPoor
90741,Equisetum arvense,ForestWetPoor
90742,Equisetum arvense,ForestWetPoor
90743,Equisetum arvense,ForestWetPoor
90744,Equisetum arvense,ForestWetPoor
90745,Equisetum arvense,ForestWetPoor
90746,Equisetum arvense,ForestWetPoor
90747,Equisetum arvense,ForestWetPoor
90748,Equisetum arvense,ForestWetPoor
90749,Equisetum arvense,ForestWetPoor
90750,Equisetum arvense,ForestWetPoor
90751,Equisetum arvense,ForestWetPoor
90752,Equisetum arvense,ForestWetPoor
90753,Equisetum arvense,ForestWetPoor
90754,Equisetum arvense,ForestWetPoor
90755,Equisetum arvense,ForestWetPoor
90756,Equisetum arvense,ForestWetPoor
90757,Equisetum arvense,ForestWetPoor
90758,Equisetum arvense,ForestWetPoor
90759,Equisetum arvense,ForestWetPoor
90760,Equisetum arvense,ForestWetPoor
90761,Equisetum arvense,ForestWetPoor
90762,Equisetum arvense,ForestWetPoor
90763,Equisetum arvense,ForestWetPoor
90764,Equisetum arvense,ForestWetPoor
90765,Equisetum arvense,ForestWetPoor
90766,Equisetum arvense,ForestWetPoor
90767,Equisetum arvense,ForestWetPoor
90768,Equisetum arvense,ForestWetPoor
90769,Equisetum arvense,ForestWetPoor
90770,Equisetum arvense,ForestWetPoor
90771,Equisetum arvense,ForestWetPoor
90772,Equisetum arvense,ForestWetPoor
90773,Equisetum arvense,ForestWetPoor
90774,Equisetum arvense,ForestWetPoor
90775,Equisetum arvense,ForestWetPoor
90776,Equisetum arvense,ForestWetPoor
90777,Equisetum arvense,ForestWetPoor
90778,Equisetum arvense,ForestWetPoor
90779,Equisetum arvense,ForestWetPoor
90780,Equisetum arvense,ForestWetPoor
90781,Equisetum arvense,ForestWetPoor
90782,Equisetum arvense,ForestWetPoor
90783,Equisetum arvense,ForestWetPoor
90784,Equisetum arvense,ForestWetPoor
90785,Equisetum arvense,ForestWetPoor
91325,Equisetum arvense,ForestWetPoor
91326,Equisetum arvense,ForestWetPoor
91327,Equisetum arvense,ForestWetPoor
91328,Equisetum arvense,ForestWetPoor
91329,Equisetum arvense,ForestWetPoor
91330,Equisetum arvense,ForestWetPoor
91331,Equisetum arvense,ForestWetPoor
91332,Equisetum arvense,ForestWetPoor
91333,Equisetum arvense,ForestWetPoor
91334,Equisetum arvense,ForestWetPoor
91335,Equisetum arvense,ForestWetPoor
91336,Equisetum arvense,ForestWetPoor
91337,Equisetum arvense,ForestWetPoor
91338,Equisetum arvense,ForestWetPoor
91339,Equisetum arvense,ForestWetPoor
91340,Equisetum arvense,ForestWetPoor
91341,Equisetum arvense,ForestWetPoor
91342,Equisetum arvense,ForestWetPoor
91343,Equisetum arvense,ForestWetPoor
91344,Equisetum arvense,ForestWetPoor
91345,Equisetum arvense,ForestWetPoor
91346,Equisetum arvense,ForestWetPoor
91347,Equisetum arvense,ForestWetPoor
91348,Equisetum arvense,ForestWetPoor
91349,Equisetum arvense,ForestWetPoor
91350,Equisetum arvense,ForestWetPoor
91351,Equisetum arvense,ForestWetPoor
91352,Equisetum arvense,ForestWetPoor
91353,Equisetum arvense,ForestWetPoor
91354,Equisetum arvense,ForestWetPoor
91355,Equisetum arvense,ForestWetPoor
91356,Equisetum arvense,ForestWetPoor
91357,Equisetum arvense,ForestWetPoor
91358,Equisetum arvense,ForestWetPoor
91359,Equisetum arvense,ForestWetPoor
91360,Equisetum arvense,ForestWetPoor
91361,Equisetum arvense,ForestWetPoor
91362,Equisetum arvense,ForestWetPoor
91363,Equisetum arvense,ForestWetPoor
91364,Equisetum arvense,ForestWetPoor
91365,Equisetum arvense,ForestWetPoor
91366,Equisetum arvense,ForestWetPoor
91367,Equisetum arvense,ForestWetPoor
91368,Equisetum arvense,ForestWetPoor
91369,Equisetum arvense,ForestWetPoor
91370,Equisetum arvense,ForestWetPoor
91371,Equisetum arvense,ForestWetPoor
91372,Equisetum arvense,ForestWetPoor
91373,Equisetum arvense,ForestWetPoor
91374,Equisetum arvense,ForestWetPoor
91375,Equisetum arvense,ForestWetPoor
91376,Equisetum arvense,ForestWetPoor
91377,Equisetum arvense,ForestWetPoor
91378,Equisetum arvense,ForestWetPoor
91379,Equisetum arvense,ForestWetPoor
91380,Equisetum arvense,ForestWetPoor
91381,Equisetum arvense,ForestWetPoor
91382,Equisetum arvense,ForestWetPoor
91383,Equisetum arvense,ForestWetPoor
91384,Equisetum arvense,ForestWetPoor
91924,Equisetum arvense,ForestWetPoor
91925,Equisetum arvense,ForestWetPoor
91926,Equisetum arvense,ForestWetPoor
91927,Equisetum arvense,ForestWetPoor
91928,Equisetum arvense,ForestWetPoor
91929,Equisetum arvense,ForestWetPoor
91930,Equisetum arvense,ForestWetPoor
91931,Equisetum arvense,ForestWetPoor
91932,Equisetum arvense,ForestWetPoor
91933,Equisetum arvense,ForestWetPoor
91934,Equisetum arvense,ForestWetPoor
91935,Equisetum arvense,ForestWetPoor
91936,Equisetum arvense,ForestWetPoor
91937,Equisetum arvense,ForestWetPoor
91938,Equisetum arvense,ForestWetPoor
91939,Equisetum arvense,ForestWetPoor
91940,Equisetum arvense,ForestWetPoor
91941,Equisetum arvense,ForestWetPoor
91942,Equisetum arvense,ForestWetPoor
91943,Equisetum arvense,ForestWetPoor
91944,Equisetum arvense,ForestWetPoor
91945,Equisetum arvense,ForestWetPoor
91946,Equisetum arvense,ForestWetPoor
91947,Equisetum arvense,ForestWetPoor
91948,Equisetum arvense,ForestWetPoor
91949,Equisetum arvense,ForestWetPoor
91950,Equisetum arvense,ForestWetPoor
91951,Equisetum arvense,ForestWetPoor
91952,Equisetum arvense,ForestWetPoor
91953,Equisetum arvense,ForestWetPoor
91954,Equisetum arvense,ForestWetPoor
91955,Equisetum arvense,ForestWetPoor
91956,Equisetum arvense,ForestWetPoor
91957,Equisetum arvense,ForestWetPoor
91958,Equisetum arvense,ForestWetPoor
91959,Equisetum arvense,ForestWetPoor
91960,Equisetum arvense,ForestWetPoor
91961,Equisetum arvense,ForestWetPoor
91962,Equisetum arvense,ForestWetPoor
91963,Equisetum arvense,ForestWetPoor
91964,Equisetum arvense,ForestWetPoor
91965,Equisetum arvense,ForestWetPoor
91966,Equisetum arvense,ForestWetPoor
91967,Equisetum arvense,ForestWetPoor
91968,Equisetum arvense,ForestWetPoor
91969,Equisetum arvense,ForestWetPoor
91970,Equisetum arvense,ForestWetPoor
91971,Equisetum arvense,ForestWetPoor
91972,Equisetum arvense,ForestWetPoor
91973,Equisetum arvense,ForestWetPoor
91974,Equisetum arvense,ForestWetPoor
91975,Equisetum arvense,ForestWetPoor
91976,Equisetum arvense,ForestWetPoor
91977,Equisetum arvense,ForestWetPoor
91978,Equisetum arvense,ForestWetPoor
91979,Equisetum arvense,ForestWetPoor
91980,Equisetum arvense,ForestWetPoor
91981,Equisetum arvense,ForestWetPoor
91982,Equisetum arvense,ForestWetPoor
91983,Equisetum arvense,ForestWetPoor
91984,Equisetum arvense,ForestWetPoor
92523,Equisetum arvense,ForestWetPoor
92524,Equisetum arvense,ForestWetPoor
92525,Equisetum arvense,ForestWetPoor
92526,Equisetum arvense,ForestWetPoor
92527,Equisetum arvense,ForestWetPoor
92528,Equisetum arvense,ForestWetPoor
92529,Equisetum arvense,ForestWetPoor
92530,Equisetum arvense,ForestWetPoor
92531,Equisetum arvense,ForestWetPoor
92532,Equisetum arvense,ForestWetPoor
92533,Equisetum arvense,ForestWetPoor
92534,Equisetum arvense,ForestWetPoor
92535,Equisetum arvense,ForestWetPoor
92536,Equisetum arvense,ForestWetPoor
92537,Equisetum arvense,ForestWetPoor
92538,Equisetum arvense,ForestWetPoor
92539,Equisetum arvense,ForestWetPoor
92540,Equisetum arvense,ForestWetPoor
92541,Equisetum arvense,ForestWetPoor
92542,Equisetum arvense,ForestWetPoor
92543,Equisetum arvense,ForestWetPoor
92544,Equisetum arvense,ForestWetPoor
92545,Equisetum arvense,ForestWetPoor
92546,Equisetum arvense,ForestWetPoor
92547,Equisetum arvense,ForestWetPoor
92548,Equisetum arvense,ForestWetPoor
92549,Equisetum arvense,ForestWetPoor
92550,Equisetum arvense,ForestWetPoor
92551,Equisetum arvense,ForestWetPoor
92552,Equisetum arvense,ForestWetPoor
92553,Equisetum arvense,ForestWetPoor
92554,Equisetum arvense,ForestWetPoor
92555,Equisetum arvense,ForestWetPoor
92556,Equisetum arvense,ForestWetPoor
92557,Equisetum arvense,ForestWetPoor
92558,Equisetum arvense,ForestWetPoor
92559,Equisetum arvense,ForestWetPoor
92560,Equisetum arvense,ForestWetPoor
92561,Equisetum arvense,ForestWetPoor
92562,Equisetum arvense,ForestWetPoor
92563,Equisetum arvense,ForestWetPoor
92564,Equisetum arvense,ForestWetPoor
92565,Equisetum arvense,ForestWetPoor
92566,Equisetum arvense,ForestWetPoor
92567,Equisetum arvense,ForestWetPoor
92568,Equisetum arvense,ForestWetPoor
92569,Equisetum arvense,ForestWetPoor
92570,Equisetum arvense,ForestWetPoor
92571,Equisetum arvense,ForestWetPoor
92572,Equisetum arvense,ForestWetPoor
92573,Equisetum arvense,ForestWetPoor
92574,Equisetum arvense,ForestWetPoor
92575,Equisetum arvense,ForestWetPoor
92576,Equisetum arvense,ForestWetPoor
92577,Equisetum arvense,ForestWetPoor
92578,Equisetum arvense,ForestWetPoor
92579,Equisetum arvense,ForestWetPoor
92580,Equisetum arvense,ForestWetPoor
92581,Equisetum arvense,ForestWetPoor
92582,Equisetum arvense,ForestWetPoor
92583,Equisetum arvense,ForestWetPoor
93122,Equisetum arvense,ForestWetPoor
93123,Equisetum arvense,ForestWetPoor
93124,Equisetum arvense,ForestWetPoor
93125,Equisetum arvense,ForestWetPoor
93126,Equisetum arvense,ForestWetPoor
93127,Equisetum arvense,ForestWetPoor
93128,Equisetum arvense,ForestWetPoor
93129,Equisetum arvense,ForestWetPoor
93130,Equisetum arvense,ForestWetPoor
93131,Equisetum arvense,ForestWetPoor
93132,Equisetum arvense,ForestWetPoor
93133,Equisetum arvense,ForestWetPoor
93134,Equisetum arvense,ForestWetPoor
93135,Equisetum arvense,ForestWetPoor
93136,Equisetum arvense,ForestWetPoor
93137,Equisetum arvense,ForestWetPoor
93138,Equisetum arvense,ForestWetPoor
93139,Equisetum arvense,ForestWetPoor
93140,Equisetum arvense,ForestWetPoor
93141,Equisetum arvense,ForestWetPoor
93142,Equisetum arvense,ForestWetPoor
93143,Equisetum arvense,ForestWetPoor
93144,Equisetum arvense,ForestWetPoor
93145,Equisetum arvense,ForestWetPoor
93146,Equisetum arvense,ForestWetPoor
93147,Equisetum arvense,ForestWetPoor
93148,Equisetum arvense,ForestWetPoor
93149,Equisetum arvense,ForestWetPoor
93150,Equisetum arvense,ForestWetPoor
93151,Equisetum arvense,ForestWetPoor
93152,Equisetum arvense,ForestWetPoor
93153,Equisetum arvense,ForestWetPoor
93154,Equisetum arvense,ForestWetPoor
93155,Equisetum arvense,ForestWetPoor
93156,Equisetum arvense,ForestWetPoor
93157,Equisetum arvense,ForestWetPoor
93158,Equisetum arvense,ForestWetPoor
93159,Equisetum arvense,ForestWetPoor
93160,Equisetum arvense,ForestWetPoor
93161,Equisetum arvense,ForestWetPoor
93162,Equisetum arvense,ForestWetPoor
93163,Equisetum arvense,ForestWetPoor
93164,Equisetum arvense,ForestWetPoor
93165,Equisetum arvense,ForestWetPoor
93166,Equisetum arvense,ForestWetPoor
93167,Equisetum arvense,ForestWetPoor
93168,Equisetum arvense,ForestWetPoor
93169,Equisetum arvense,ForestWetPoor
93170,Equisetum arvense,ForestWetPoor
93171,Equisetum arvense,ForestWetPoor
93172,Equisetum arvense,ForestWetPoor
93173,Equisetum arvense,ForestWetPoor
93174,Equisetum arvense,ForestWetPoor
93175,Equisetum arvense,ForestWetPoor
93176,Equisetum arvense,ForestWetPoor
93177,Equisetum arvense,ForestWetPoor
93178,Equisetum arvense,ForestWetPoor
93179,Equisetum arvense,ForestWetPoor
93180,Equisetum arvense,ForestWetPoor
93181,Equisetum arvense,ForestWetPoor
93182,Equisetum arvense,ForestWetPoor
93721,Equisetum arvense,ForestWetPoor
93722,Equisetum arvense,ForestWetPoor
93723,Equisetum arvense,ForestWetPoor
93724,Equisetum arvense,ForestWetPoor
93725,Equisetum arvense,ForestWetPoor
93726,Equisetum arvense,ForestWetPoor
93727,Equisetum arvense,ForestWetPoor
93728,Equisetum arvense,ForestWetPoor
93729,Equisetum arvense,ForestWetPoor
93730,Equisetum arvense,ForestWetPoor
93731,Equisetum arvense,ForestWetPoor
93732,Equisetum arvense,ForestWetPoor
93733,Equisetum arvense,ForestWetPoor
93734,Equisetum arvense,ForestWetPoor
93735,Equisetum arvense,ForestWetPoor
93736,Equisetum arvense,ForestWetPoor
93737,Equisetum arvense,ForestWetPoor
93738,Equisetum arvense,ForestWetPoor
93739,Equisetum arvense,ForestWetPoor
93740,Equisetum arvense,ForestWetPoor
93741,Equisetum arvense,ForestWetPoor
93742,Equisetum arvense,ForestWetPoor
93743,Equisetum arvense,ForestWetPoor
93744,Equisetum arvense,ForestWetPoor
93745,Equisetum arvense,ForestWetPoor
93746,Equisetum arvense,ForestWetPoor
93747,Equisetum arvense,ForestWetPoor
93748,Equisetum arvense,ForestWetPoor
93749,Equisetum arvense,ForestWetPoor
93750,Equisetum arvense,ForestWetPoor
93751,Equisetum arvense,ForestWetPoor
93752,Equisetum arvense,ForestWetPoor
93753,Equisetum arvense,ForestWetPoor
93754,Equisetum arvense,ForestWetPoor
93755,Equisetum arvense,ForestWetPoor
93756,Equisetum arvense,ForestWetPoor
93757,Equisetum arvense,ForestWetPoor
93758,Equisetum arvense,ForestWetPoor
93759,Equisetum arvense,ForestWetPoor
93760,Equisetum arvense,ForestWetPoor
93761,Equisetum arvense,ForestWetPoor
93762,Equisetum arvense,ForestWetPoor
93763,Equisetum arvense,ForestWetPoor
93764,Equisetum arvense,ForestWetPoor
93765,Equisetum arvense,ForestWetPoor
93766,Equisetum arvense,ForestWetPoor
93767,Equisetum arvense,ForestWetPoor
93768,Equisetum arvense,ForestWetPoor
93769,Equisetum arvense,ForestWetPoor
93770,Equisetum arvense,ForestWetPoor
93771,Equisetum arvense,ForestWetPoor
93772,Equisetum arvense,ForestWetPoor
93773,Equisetum arvense,ForestWetPoor
93774,Equisetum arvense,ForestWetPoor
93775,Equisetum arvense,ForestWetPoor
93776,Equisetum arvense,ForestWetPoor
93777,Equisetum arvense,ForestWetPoor
93778,Equisetum arvense,ForestWetPoor
93779,Equisetum arvense,ForestWetPoor
93780,Equisetum arvense,ForestWetPoor
93781,Equisetum arvense,ForestWetPoor
94320,Equisetum arvense,ForestWetPoor
94321,Equisetum arvense,ForestWetPoor
94322,Equisetum arvense,ForestWetPoor
94323,Equisetum arvense,ForestWetPoor
94324,Equisetum arvense,ForestWetPoor
94325,Equisetum arvense,ForestWetPoor
94326,Equisetum arvense,ForestWetPoor
94327,Equisetum arvense,ForestWetPoor
94328,Equisetum arvense,ForestWetPoor
94329,Equisetum arvense,ForestWetPoor
94330,Equisetum arvense,ForestWetPoor
94331,Equisetum arvense,ForestWetPoor
94332,Equisetum arvense,ForestWetPoor
94333,Equisetum arvense,ForestWetPoor
94334,Equisetum arvense,ForestWetPoor
94335,Equisetum arvense,ForestWetPoor
94336,Equisetum arvense,ForestWetPoor
94337,Equisetum arvense,ForestWetPoor
94338,Equisetum arvense,ForestWetPoor
94339,Equisetum arvense,ForestWetPoor
94340,Equisetum arvense,ForestWetPoor
94341,Equisetum arvense,ForestWetPoor
94342,Equisetum arvense,ForestWetPoor
94343,Equisetum arvense,ForestWetPoor
94344,Equisetum arvense,ForestWetPoor
94345,Equisetum arvense,ForestWetPoor
94346,Equisetum arvense,ForestWetPoor
94347,Equisetum arvense,ForestWetPoor
94348,Equisetum arvense,ForestWetPoor
94349,Equisetum arvense,ForestWetPoor
94350,Equisetum arvense,ForestWetPoor
94351,Equisetum arvense,ForestWetPoor
94352,Equisetum arvense,ForestWetPoor
94353,Equisetum arvense,ForestWetPoor
94354,Equisetum arvense,ForestWetPoor
94355,Equisetum arvense,ForestWetPoor
94356,Equisetum arvense,ForestWetPoor
94357,Equisetum arvense,ForestWetPoor
94358,Equisetum arvense,ForestWetPoor
94359,Equisetum arvense,ForestWetPoor
94360,Equisetum arvense,ForestWetPoor
94361,Equisetum arvense,ForestWetPoor
94362,Equisetum arvense,ForestWetPoor
94363,Equisetum arvense,ForestWetPoor
94364,Equisetum arvense,ForestWetPoor
94365,Equisetum arvense,ForestWetPoor
94366,Equisetum arvense,ForestWetPoor
94367,Equisetum arvense,ForestWetPoor
94368,Equisetum arvense,ForestWetPoor
94369,Equisetum arvense,ForestWetPoor
94370,Equisetum arvense,ForestWetPoor
94371,Equisetum arvense,ForestWetPoor
94372,Equisetum arvense,ForestWetPoor
94373,Equisetum arvense,ForestWetPoor
94374,Equisetum arvense,ForestWetPoor
94375,Equisetum arvense,ForestWetPoor
94376,Equisetum arvense,ForestWetPoor
94377,Equisetum arvense,ForestWetPoor
94378,Equisetum arvense,ForestWetPoor
94379,Equisetum arvense,ForestWetPoor
94380,Equisetum arvense,ForestWetPoor
94381,Equisetum arvense,ForestWetPoor
94919,Equisetum arvense,ForestWetPoor
94920,Equisetum arvense,ForestWetPoor
94921,Equisetum arvense,ForestWetPoor
94922,Equisetum arvense,ForestWetPoor
94923,Equisetum arvense,ForestWetPoor
94924,Equisetum arvense,ForestWetPoor
94925,Equisetum arvense,ForestWetPoor
94926,Equisetum arvense,ForestWetPoor
94927,Equisetum arvense,ForestWetPoor
94928,Equisetum arvense,ForestWetPoor
94929,Equisetum arvense,ForestWetPoor
94930,Equisetum arvense,ForestWetPoor
94931,Equisetum arvense,ForestWetPoor
94932,Equisetum arvense,ForestWetPoor
94933,Equisetum arvense,ForestWetPoor
94934,Equisetum arvense,ForestWetPoor
94935,Equisetum arvense,ForestWetPoor
94936,Equisetum arvense,ForestWetPoor
94937,Equisetum arvense,ForestWetPoor
94938,Equisetum arvense,ForestWetPoor
94939,Equisetum arvense,ForestWetPoor
94940,Equisetum arvense,ForestWetPoor
94941,Equisetum arvense,ForestWetPoor
94942,Equisetum arvense,ForestWetPoor
94943,Equisetum arvense,ForestWetPoor
94944,Equisetum arvense,ForestWetPoor
94945,Equisetum arvense,ForestWetPoor
94946,Equisetum arvense,ForestWetPoor
94947,Equisetum arvense,ForestWetPoor
94948,Equisetum arvense,ForestWetPoor
94949,Equisetum arvense,ForestWetPoor
94950,Equisetum arvense,ForestWetPoor
94951,Equisetum arvense,ForestWetPoor
94952,Equisetum arvense,ForestWetPoor
94953,Equisetum arvense,ForestWetPoor
94954,Equisetum arvense,ForestWetPoor
94955,Equisetum arvense,ForestWetPoor
94956,Equisetum arvense,ForestWetPoor
94957,Equisetum arvense,ForestWetPoor
94958,Equisetum arvense,ForestWetPoor
94959,Equisetum arvense,ForestWetPoor
94960,Equisetum arvense,ForestWetPoor
94961,Equisetum arvense,ForestWetPoor
94962,Equisetum arvense,ForestWetPoor
94963,Equisetum arvense,ForestWetPoor
94964,Equisetum arvense,ForestWetPoor
94965,Equisetum arvense,ForestWetPoor
94966,Equisetum arvense,ForestWetPoor
94967,Equisetum arvense,ForestWetPoor
94968,Equisetum arvense,ForestWetPoor
94969,Equisetum arvense,ForestWetPoor
94970,Equisetum arvense,ForestWetPoor
94971,Equisetum arvense,ForestWetPoor
94972,Equisetum arvense,ForestWetPoor
94973,Equisetum arvense,ForestWetPoor
94974,Equisetum arvense,ForestWetPoor
94975,Equisetum arvense,ForestWetPoor
94976,Equisetum arvense,ForestWetPoor
94977,Equisetum arvense,ForestWetPoor
94978,Equisetum arvense,ForestWetPoor
94979,Equisetum arvense,ForestWetPoor
94980,Equisetum arvense,ForestWetPoor
95518,Equisetum arvense,ForestWetPoor
95519,Equisetum arvense,ForestWetPoor
95520,Equisetum arvense,ForestWetPoor
95521,Equisetum arvense,ForestWetPoor
95522,Equisetum arvense,ForestWetPoor
95523,Equisetum arvense,ForestWetPoor
95524,Equisetum arvense,ForestWetPoor
95525,Equisetum arvense,ForestWetPoor
95526,Equisetum arvense,ForestWetPoor
95527,Equisetum arvense,ForestWetPoor
95528,Equisetum arvense,ForestWetPoor
95529,Equisetum arvense,ForestWetPoor
95530,Equisetum arvense,ForestWetPoor
95531,Equisetum arvense,ForestWetPoor
95532,Equisetum arvense,ForestWetPoor
95533,Equisetum arvense,ForestWetPoor
95534,Equisetum arvense,ForestWetPoor
95535,Equisetum arvense,ForestWetPoor
95536,Equisetum arvense,ForestWetPoor
95537,Equisetum arvense,ForestWetPoor
95538,Equisetum arvense,ForestWetPoor
95539,Equisetum arvense,ForestWetPoor
95540,Equisetum arvense,ForestWetPoor
95541,Equisetum arvense,ForestWetPoor
95542,Equisetum arvense,ForestWetPoor
95543,Equisetum arvense,ForestWetPoor
95544,Equisetum arvense,ForestWetPoor
95545,Equisetum arvense,ForestWetPoor
95546,Equisetum arvense,ForestWetPoor
95547,Equisetum arvense,ForestWetPoor
95548,Equisetum arvense,ForestWetPoor
95549,Equisetum arvense,ForestWetPoor
95550,Equisetum arvense,ForestWetPoor
95551,Equisetum arvense,ForestWetPoor
95552,Equisetum arvense,ForestWetPoor
95553,Equisetum arvense,ForestWetPoor
95554,Equisetum arvense,ForestWetPoor
95555,Equisetum arvense,ForestWetPoor
95556,Equisetum arvense,ForestWetPoor
95557,Equisetum arvense,ForestWetPoor
95558,Equisetum arvense,ForestWetPoor
95559,Equisetum arvense,ForestWetPoor
95560,Equisetum arvense,ForestWetPoor
95561,Equisetum arvense,ForestWetPoor
95562,Equisetum arvense,ForestWetPoor
95563,Equisetum arvense,ForestWetPoor
95564,Equisetum arvense,ForestWetPoor
95565,Equisetum arvense,ForestWetPoor
95566,Equisetum arvense,ForestWetPoor
95567,Equisetum arvense,ForestWetPoor
95568,Equisetum arvense,ForestWetPoor
95569,Equisetum arvense,ForestWetPoor
95570,Equisetum arvense,ForestWetPoor
95571,Equisetum arvense,ForestWetPoor
95572,Equisetum arvense,ForestWetPoor
95573,Equisetum arvense,ForestWetPoor
95574,Equisetum arvense,ForestWetPoor
95575,Equisetum arvense,ForestWetPoor
95576,Equisetum arvense,ForestWetPoor
95577,Equisetum arvense,ForestWetPoor
95578,Equisetum arvense,ForestWetPoor
95579,Equisetum arvense,ForestWetPoor
96117,Equisetum arvense,ForestWetPoor
96118,Equisetum arvense,ForestWetPoor
96119,Equisetum arvense,ForestWetPoor
96120,Equisetum arvense,ForestWetPoor
96121,Equisetum arvense,ForestWetPoor
96122,Equisetum arvense,ForestWetPoor
96123,Equisetum arvense,ForestWetPoor
96124,Equisetum arvense,ForestWetPoor
96125,Equisetum arvense,ForestWetPoor
96126,Equisetum arvense,ForestWetPoor
96127,Equisetum arvense,ForestWetPoor
96128,Equisetum arvense,ForestWetPoor
96129,Equisetum arvense,ForestWetPoor
96130,Equisetum arvense,ForestWetPoor
96131,Equisetum arvense,ForestWetPoor
96132,Equisetum arvense,ForestWetPoor
96133,Equisetum arvense,ForestWetPoor
96134,Equisetum arvense,ForestWetPoor
96135,Equisetum arvense,ForestWetPoor
96136,Equisetum arvense,ForestWetPoor
96137,Equisetum arvense,ForestWetPoor
96138,Equisetum arvense,ForestWetPoor
96139,Equisetum arvense,ForestWetPoor
96140,Equisetum arvense,ForestWetPoor
96141,Equisetum arvense,ForestWetPoor
96142,Equisetum arvense,ForestWetPoor
96143,Equisetum arvense,ForestWetPoor
96144,Equisetum arvense,ForestWetPoor
96145,Equisetum arvense,ForestWetPoor
96146,Equisetum arvense,ForestWetPoor
96147,Equisetum arvense,ForestWetPoor
96148,Equisetum arvense,ForestWetPoor
96149,Equisetum arvense,ForestWetPoor
96150,Equisetum arvense,ForestWetPoor
96151,Equisetum arvense,ForestWetPoor
96152,Equisetum arvense,ForestWetPoor
96153,Equisetum arvense,ForestWetPoor
96154,Equisetum arvense,ForestWetPoor
96155,Equisetum arvense,ForestWetPoor
96156,Equisetum arvense,ForestWetPoor
96157,Equisetum arvense,ForestWetPoor
96158,Equisetum arvense,ForestWetPoor
96159,Equisetum arvense,ForestWetPoor
96160,Equisetum arvense,ForestWetPoor
96161,Equisetum arvense,ForestWetPoor
96162,Equisetum arvense,ForestWetPoor
96163,Equisetum arvense,ForestWetPoor
96164,Equisetum arvense,ForestWetPoor
96165,Equisetum arvense,ForestWetPoor
96166,Equisetum arvense,ForestWetPoor
96167,Equisetum arvense,ForestWetPoor
96168,Equisetum arvense,ForestWetPoor
96169,Equisetum arvense,ForestWetPoor
96170,Equisetum arvense,ForestWetPoor
96171,Equisetum arvense,ForestWetPoor
96172,Equisetum arvense,ForestWetPoor
96173,Equisetum arvense,ForestWetPoor
96174,Equisetum arvense,ForestWetPoor
96175,Equisetum arvense,ForestWetPoor
96176,Equisetum arvense,ForestWetPoor
96177,Equisetum arvense,ForestWetPoor
96178,Equisetum arvense,ForestWetPoor
96716,Equisetum arvense,ForestWetPoor
96717,Equisetum arvense,ForestWetPoor
96718,Equisetum arvense,ForestWetPoor
96719,Equisetum arvense,ForestWetPoor
96720,Equisetum arvense,ForestWetPoor
96721,Equisetum arvense,ForestWetPoor
96722,Equisetum arvense,ForestWetPoor
96723,Equisetum arvense,ForestWetPoor
96724,Equisetum arvense,ForestWetPoor
96725,Equisetum arvense,ForestWetPoor
96726,Equisetum arvense,ForestWetPoor
96727,Equisetum arvense,ForestWetPoor
96728,Equisetum arvense,ForestWetPoor
96729,Equisetum arvense,ForestWetPoor
96730,Equisetum arvense,ForestWetPoor
96731,Equisetum arvense,ForestWetPoor
96732,Equisetum arvense,ForestWetPoor
96733,Equisetum arvense,ForestWetPoor
96734,Equisetum arvense,ForestWetPoor
96735,Equisetum arvense,ForestWetPoor
96736,Equisetum arvense,ForestWetPoor
96737,Equisetum arvense,ForestWetPoor
96738,Equisetum arvense,ForestWetPoor
96739,Equisetum arvense,ForestWetPoor
96740,Equisetum arvense,ForestWetPoor
96741,Equisetum arvense,ForestWetPoor
96742,Equisetum arvense,ForestWetPoor
96743,Equisetum arvense,ForestWetPoor
96744,Equisetum arvense,ForestWetPoor
96745,Equisetum arvense,ForestWetPoor
96746,Equisetum arvense,ForestWetPoor
96747,Equisetum arvense,ForestWetPoor
96748,Equisetum arvense,ForestWetPoor
96749,Equisetum arvense,ForestWetPoor
96750,Equisetum arvense,ForestWetPoor
96751,Equisetum arvense,ForestWetPoor
96752,Equisetum arvense,ForestWetPoor
96753,Equisetum arvense,ForestWetPoor
96754,Equisetum arvense,ForestWetPoor
96755,Equisetum arvense,ForestWetPoor
96756,Equisetum arvense,ForestWetPoor
96757,Equisetum arvense,ForestWetPoor
96758,Equisetum arvense,ForestWetPoor
96759,Equisetum arvense,ForestWetPoor
96760,Equisetum arvense,ForestWetPoor
96761,Equisetum arvense,ForestWetPoor
96762,Equisetum arvense,ForestWetPoor
96763,Equisetum arvense,ForestWetPoor
96764,Equisetum arvense,ForestWetPoor
96765,Equisetum arvense,ForestWetPoor
96766,Equisetum arvense,ForestWetPoor
96767,Equisetum arvense,ForestWetPoor
96768,Equisetum arvense,ForestWetPoor
96769,Equisetum arvense,ForestWetPoor
96770,Equisetum arvense,ForestWetPoor
96771,Equisetum arvense,ForestWetPoor
96772,Equisetum arvense,ForestWetPoor
96773,Equisetum arvense,ForestWetPoor
96774,Equisetum arvense,ForestWetPoor
96775,Equisetum arvense,ForestWetPoor
96776,Equisetum arvense,ForestWetPoor
96777,Equisetum arvense,ForestWetPoor
97315,Equisetum arvense,ForestWetPoor
97316,Equisetum arvense,ForestWetPoor
97317,Equisetum arvense,ForestWetPoor
97318,Equisetum arvense,ForestWetPoor
97319,Equisetum arvense,ForestWetPoor
97320,Equisetum arvense,ForestWetPoor
97321,Equisetum arvense,ForestWetPoor
97322,Equisetum arvense,ForestWetPoor
97323,Equisetum arvense,ForestWetPoor
97324,Equisetum arvense,ForestWetPoor
97325,Equisetum arvense,ForestWetPoor
97326,Equisetum arvense,ForestWetPoor
97327,Equisetum arvense,ForestWetPoor
97328,Equisetum arvense,ForestWetPoor
97329,Equisetum arvense,ForestWetPoor
97330,Equisetum arvense,ForestWetPoor
97331,Equisetum arvense,ForestWetPoor
97332,Equisetum arvense,ForestWetPoor
97333,Equisetum arvense,ForestWetPoor
97334,Equisetum arvense,ForestWetPoor
97335,Equisetum arvense,ForestWetPoor
97336,Equisetum arvense,ForestWetPoor
97337,Equisetum arvense,ForestWetPoor
97338,Equisetum arvense,ForestWetPoor
97339,Equisetum arvense,ForestWetPoor
97340,Equisetum arvense,ForestWetPoor
97341,Equisetum arvense,ForestWetPoor
97342,Equisetum arvense,ForestWetPoor
97343,Equisetum arvense,ForestWetPoor
97344,Equisetum arvense,ForestWetPoor
97345,Equisetum arvense,ForestWetPoor
97346,Equisetum arvense,ForestWetPoor
97347,Equisetum arvense,ForestWetPoor
97348,Equisetum arvense,ForestWetPoor
97349,Equisetum arvense,ForestWetPoor
97350,Equisetum arvense,ForestWetPoor
97351,Equisetum arvense,ForestWetPoor
97352,Equisetum arvense,ForestWetPoor
97353,Equisetum arvense,ForestWetPoor
97354,Equisetum arvense,ForestWetPoor
97355,Equisetum arvense,ForestWetPoor
97356,Equisetum arvense,ForestWetPoor
97357,Equisetum arvense,ForestWetPoor
97358,Equisetum arvense,ForestWetPoor
97359,Equisetum arvense,ForestWetPoor
97360,Equisetum arvense,ForestWetPoor
97361,Equisetum arvense,ForestWetPoor
97362,Equisetum arvense,ForestWetPoor
97363,Equisetum arvense,ForestWetPoor
97364,Equisetum arvense,ForestWetPoor
97365,Equisetum arvense,ForestWetPoor
97366,Equisetum arvense,ForestWetPoor
97367,Equisetum arvense,ForestWetPoor
97368,Equisetum arvense,ForestWetPoor
97369,Equisetum arvense,ForestWetPoor
97370,Equisetum arvense,ForestWetPoor
97371,Equisetum arvense,ForestWetPoor
97372,Equisetum arvense,ForestWetPoor
97373,Equisetum arvense,ForestWetPoor
97374,Equisetum arvense,ForestWetPoor
97375,Equisetum arvense,ForestWetPoor
97376,Equisetum arvense,ForestWetPoor
97914,Equisetum arvense,ForestWetPoor
97915,Equisetum arvense,ForestWetPoor
97916,Equisetum arvense,ForestWetPoor
97917,Equisetum arvense,ForestWetPoor
97918,Equisetum arvense,ForestWetPoor
97919,Equisetum arvense,ForestWetPoor
97920,Equisetum arvense,ForestWetPoor
97921,Equisetum arvense,ForestWetPoor
97922,Equisetum arvense,ForestWetPoor
97923,Equisetum arvense,ForestWetPoor
97924,Equisetum arvense,ForestWetPoor
97925,Equisetum arvense,ForestWetPoor
97926,Equisetum arvense,ForestWetPoor
97927,Equisetum arvense,ForestWetPoor
97928,Equisetum arvense,ForestWetPoor
97929,Equisetum arvense,ForestWetPoor
97930,Equisetum arvense,ForestWetPoor
97931,Equisetum arvense,ForestWetPoor
97932,Equisetum arvense,ForestWetPoor
97933,Equisetum arvense,ForestWetPoor
97934,Equisetum arvense,ForestWetPoor
97935,Equisetum arvense,ForestWetPoor
97936,Equisetum arvense,ForestWetPoor
97937,Equisetum arvense,ForestWetPoor
97938,Equisetum arvense,ForestWetPoor
97939,Equisetum arvense,ForestWetPoor
97940,Equisetum arvense,ForestWetPoor
97941,Equisetum arvense,ForestWetPoor
97942,Equisetum arvense,ForestWetPoor
97943,Equisetum arvense,ForestWetPoor
97944,Equisetum arvense,ForestWetPoor
97945,Equisetum arvense,ForestWetPoor
97946,Equisetum arvense,ForestWetPoor
97947,Equisetum arvense,ForestWetPoor
97948,Equisetum arvense,ForestWetPoor
97949,Equisetum arvense,ForestWetPoor
97950,Equisetum arvense,ForestWetPoor
97951,Equisetum arvense,ForestWetPoor
97952,Equisetum arvense,ForestWetPoor
97953,Equisetum arvense,ForestWetPoor
97954,Equisetum arvense,ForestWetPoor
97955,Equisetum arvense,ForestWetPoor
97956,Equisetum arvense,ForestWetPoor
97957,Equisetum arvense,ForestWetPoor
97958,Equisetum arvense,ForestWetPoor
97959,Equisetum arvense,ForestWetPoor
97960,Equisetum arvense,ForestWetPoor
97961,Equisetum arvense,ForestWetPoor
97962,Equisetum arvense,ForestWetPoor
97963,Equisetum arvense,ForestWetPoor
97964,Equisetum arvense,ForestWetPoor
97965,Equisetum arvense,ForestWetPoor
97966,Equisetum arvense,ForestWetPoor
97967,Equisetum arvense,ForestWetPoor
97968,Equisetum arvense,ForestWetPoor
97969,Equisetum arvense,ForestWetPoor
97970,Equisetum arvense,ForestWetPoor
97971,Equisetum arvense,ForestWetPoor
97972,Equisetum arvense,ForestWetPoor
97973,Equisetum arvense,ForestWetPoor
97974,Equisetum arvense,ForestWetPoor
97975,Equisetum arvense,ForestWetPoor
98513,Equisetum arvense,ForestWetPoor
98514,Equisetum arvense,ForestWetPoor
98515,Equisetum arvense,ForestWetPoor
98516,Equisetum arvense,ForestWetPoor
98517,Equisetum arvense,ForestWetPoor
98518,Equisetum arvense,ForestWetPoor
98519,Equisetum arvense,ForestWetPoor
98520,Equisetum arvense,ForestWetPoor
98521,Equisetum arvense,ForestWetPoor
98522,Equisetum arvense,ForestWetPoor
98523,Equisetum arvense,ForestWetPoor
98524,Equisetum arvense,ForestWetPoor
98525,Equisetum arvense,ForestWetPoor
98526,Equisetum arvense,ForestWetPoor
98527,Equisetum arvense,ForestWetPoor
98528,Equisetum arvense,ForestWetPoor
98529,Equisetum arvense,ForestWetPoor
98530,Equisetum arvense,ForestWetPoor
98531,Equisetum arvense,ForestWetPoor
98532,Equisetum arvense,ForestWetPoor
99112,Equisetum arvense,ForestWetPoor
99113,Equisetum arvense,ForestWetPoor
99114,Equisetum arvense,ForestWetPoor
99115,Equisetum arvense,ForestWetPoor
99116,Equisetum arvense,ForestWetPoor
99117,Equisetum arvense,ForestWetPoor
99118,Equisetum arvense,ForestWetPoor
99119,Equisetum arvense,ForestWetPoor
99120,Equisetum arvense,ForestWetPoor
99121,Equisetum arvense,ForestWetPoor
99122,Equisetum arvense,ForestWetPoor
99123,Equisetum arvense,ForestWetPoor
99124,Equisetum arvense,ForestWetPoor
99125,Equisetum arvense,ForestWetPoor
99126,Equisetum arvense,ForestWetPoor
99127,Equisetum arvense,ForestWetPoor
99128,Equisetum arvense,ForestWetPoor
99129,Equisetum arvense,ForestWetPoor
99130,Equisetum arvense,ForestWetPoor
99131,Equisetum arvense,ForestWetPoor
99711,Equisetum arvense,ForestWetPoor
99712,Equisetum arvense,ForestWetPoor
99713,Equisetum arvense,ForestWetPoor
99714,Equisetum arvense,ForestWetPoor
99715,Equisetum arvense,ForestWetPoor
99716,Equisetum arvense,ForestWetPoor
99717,Equisetum arvense,ForestWetPoor
99718,Equisetum arvense,ForestWetPoor
99719,Equisetum arvense,ForestWetPoor
99720,Equisetum arvense,ForestWetPoor
99721,Equisetum arvense,ForestWetPoor
99722,Equisetum arvense,ForestWetPoor
99723,Equisetum arvense,ForestWetPoor
99724,Equisetum arvense,ForestWetPoor
99725,Equisetum arvense,ForestWetPoor
99726,Equisetum arvense,ForestWetPoor
99727,Equisetum arvense,ForestWetPoor
99728,Equisetum arvense,ForestWetPoor
99729,Equisetum arvense,ForestWetPoor
99730,Equisetum arvense,ForestWetPoor
100310,Equisetum arvense,ForestWetPoor
100311,Equisetum arvense,ForestWetPoor
100312,Equisetum arvense,ForestWetPoor
100313,Equisetum arvense,ForestWetPoor
100314,Equisetum arvense,ForestWetPoor
100315,Equisetum arvense,ForestWetPoor
100316,Equisetum arvense,ForestWetPoor
100317,Equisetum arvense,ForestWetPoor
100318,Equisetum arvense,ForestWetPoor
100319,Equisetum arvense,ForestWetPoor
100320,Equisetum arvense,ForestWetPoor
100321,Equisetum arvense,ForestWetPoor
100322,Equisetum arvense,ForestWetPoor
100323,Equisetum arvense,ForestWetPoor
100324,Equisetum arvense,ForestWetPoor
100325,Equisetum arvense,ForestWetPoor
100326,Equisetum arvense,ForestWetPoor
100327,Equisetum arvense,ForestWetPoor
100328,Equisetum arvense,ForestWetPoor
100329,Equisetum arvense,ForestWetPoor
100909,Equisetum arvense,ForestWetPoor
100910,Equisetum arvense,ForestWetPoor
100911,Equisetum arvense,ForestWetPoor
100912,Equisetum arvense,ForestWetPoor
100913,Equisetum arvense,ForestWetPoor
100914,Equisetum arvense,ForestWetPoor
100915,Equisetum arvense,ForestWetPoor
100916,Equisetum arvense,ForestWetPoor
100917,Equisetum arvense,ForestWetPoor
100918,Equisetum arvense,ForestWetPoor
100919,Equisetum arvense,ForestWetPoor
100920,Equisetum arvense,ForestWetPoor
100921,Equisetum arvense,ForestWetPoor
100922,Equisetum arvense,ForestWetPoor
100923,Equisetum arvense,ForestWetPoor
100924,Equisetum arvense,ForestWetPoor
100925,Equisetum arvense,ForestWetPoor
100926,Equisetum arvense,ForestWetPoor
100927,Equisetum arvense,ForestWetPoor
100928,Equisetum arvense,ForestWetPoor
101508,Equisetum arvense,ForestWetPoor
101509,Equisetum arvense,ForestWetPoor
101510,Equisetum arvense,ForestWetPoor
101511,Equisetum arvense,ForestWetPoor
101512,Equisetum arvense,ForestWetPoor
101513,Equisetum arvense,ForestWetPoor
101514,Equisetum arvense,ForestWetPoor
101515,Equisetum arvense,ForestWetPoor
101516,Equisetum arvense,ForestWetPoor
101517,Equisetum arvense,ForestWetPoor
101518,Equisetum arvense,ForestWetPoor
101519,Equisetum arvense,ForestWetPoor
101520,Equisetum arvense,ForestWetPoor
101521,Equisetum arvense,ForestWetPoor
101522,Equisetum arvense,ForestWetPoor
101523,Equisetum arvense,ForestWetPoor
101524,Equisetum arvense,ForestWetPoor
101525,Equisetum arvense,ForestWetPoor
101526,Equisetum arvense,ForestWetPoor
101527,Equisetum arvense,ForestWetPoor
102107,Equisetum arvense,ForestWetPoor
102108,Equisetum arvense,ForestWetPoor
102109,Equisetum arvense,ForestWetPoor
102110,Equisetum arvense,ForestWetPoor
102111,Equisetum arvense,ForestWetPoor
102112,Equisetum arvense,ForestWetPoor
102113,Equisetum arvense,ForestWetPoor
102114,Equisetum arvense,ForestWetPoor
102115,Equisetum arvense,ForestWetPoor
102116,Equisetum arvense,ForestWetPoor
102117,Equisetum arvense,ForestWetPoor
102118,Equisetum arvense,ForestWetPoor
102119,Equisetum arvense,ForestWetPoor
102120,Equisetum arvense,ForestWetPoor
102121,Equisetum arvense,ForestWetPoor
102122,Equisetum arvense,ForestWetPoor
102123,Equisetum arvense,ForestWetPoor
102124,Equisetum arvense,ForestWetPoor
102125,Equisetum arvense,ForestWetPoor
102126,Equisetum arvense,ForestWetPoor
102706,Equisetum arvense,ForestWetPoor
102707,Equisetum arvense,ForestWetPoor
102708,Equisetum arvense,ForestWetPoor
102709,Equisetum arvense,ForestWetPoor
102710,Equisetum arvense,ForestWetPoor
102711,Equisetum arvense,ForestWetPoor
102712,Equisetum arvense,ForestWetPoor
102713,Equisetum arvense,ForestWetPoor
102714,Equisetum arvense,ForestWetPoor
102715,Equisetum arvense,ForestWetPoor
102716,Equisetum arvense,ForestWetPoor
102717,Equisetum arvense,ForestWetPoor
102718,Equisetum arvense,ForestWetPoor
102719,Equisetum arvense,ForestWetPoor
102720,Equisetum arvense,ForestWetPoor
102721,Equisetum arvense,ForestWetPoor
102722,Equisetum arvense,ForestWetPoor
102723,Equisetum arvense,ForestWetPoor
102724,Equisetum arvense,ForestWetPoor
102725,Equisetum arvense,ForestWetPoor
103305,Equisetum arvense,ForestWetPoor
103306,Equisetum arvense,ForestWetPoor
103307,Equisetum arvense,ForestWetPoor
103308,Equisetum arvense,ForestWetPoor
103309,Equisetum arvense,ForestWetPoor
103310,Equisetum arvense,ForestWetPoor
103311,Equisetum arvense,ForestWetPoor
103312,Equisetum arvense,ForestWetPoor
103313,Equisetum arvense,ForestWetPoor
103314,Equisetum arvense,ForestWetPoor
103315,Equisetum arvense,ForestWetPoor
103316,Equisetum arvense,ForestWetPoor
103317,Equisetum arvense,ForestWetPoor
103318,Equisetum arvense,ForestWetPoor
103319,Equisetum arvense,ForestWetPoor
103320,Equisetum arvense,ForestWetPoor
103321,Equisetum arvense,ForestWetPoor
103322,Equisetum arvense,ForestWetPoor
103323,Equisetum arvense,ForestWetPoor
103324,Equisetum arvense,ForestWetPoor
103904,Equisetum arvense,ForestWetPoor
103905,Equisetum arvense,ForestWetPoor
103906,Equisetum arvense,ForestWetPoor
103907,Equisetum arvense,ForestWetPoor
103908,Equisetum arvense,ForestWetPoor
103909,Equisetum arvense,ForestWetPoor
103910,Equisetum arvense,ForestWetPoor
103911,Equisetum arvense,ForestWetPoor
103912,Equisetum arvense,ForestWetPoor
103913,Equisetum arvense,ForestWetPoor
103914,Equisetum arvense,ForestWetPoor
103915,Equisetum arvense,ForestWetPoor
103916,Equisetum arvense,ForestWetPoor
103917,Equisetum arvense,ForestWetPoor
103918,Equisetum arvense,ForestWetPoor
103919,Equisetum arvense,ForestWetPoor
103920,Equisetum arvense,ForestWetPoor
103921,Equisetum arvense,ForestWetPoor
103922,Equisetum arvense,ForestWetPoor
103923,Equisetum arvense,ForestWetPoor
104503,Equisetum arvense,ForestWetPoor
104504,Equisetum arvense,ForestWetPoor
104505,Equisetum arvense,ForestWetPoor
104506,Equisetum arvense,ForestWetPoor
104507,Equisetum arvense,ForestWetPoor
104508,Equisetum arvense,ForestWetPoor
104509,Equisetum arvense,ForestWetPoor
104510,Equisetum arvense,ForestWetPoor
104511,Equisetum arvense,ForestWetPoor
104512,Equisetum arvense,ForestWetPoor
104513,Equisetum arvense,ForestWetPoor
104514,Equisetum arvense,ForestWetPoor
104515,Equisetum arvense,ForestWetPoor
104516,Equisetum arvense,ForestWetPoor
104517,Equisetum arvense,ForestWetPoor
104518,Equisetum arvense,ForestWetPoor
104519,Equisetum arvense,ForestWetPoor
104520,Equisetum arvense,ForestWetPoor
104521,Equisetum arvense,ForestWetPoor
104522,Equisetum arvense,ForestWetPoor
105102,Equisetum arvense,ForestWetPoor
105103,Equisetum arvense,ForestWetPoor
105104,Equisetum arvense,ForestWetPoor
105105,Equisetum arvense,ForestWetPoor
105106,Equisetum arvense,ForestWetPoor
105107,Equisetum arvense,ForestWetPoor
105108,Equisetum arvense,ForestWetPoor
105109,Equisetum arvense,ForestWetPoor
105110,Equisetum arvense,ForestWetPoor
105111,Equisetum arvense,ForestWetPoor
105112,Equisetum arvense,ForestWetPoor
105113,Equisetum arvense,ForestWetPoor
105114,Equisetum arvense,ForestWetPoor
105115,Equisetum arvense,ForestWetPoor
105116,Equisetum arvense,ForestWetPoor
105117,Equisetum arvense,ForestWetPoor
105118,Equisetum arvense,ForestWetPoor
105119,Equisetum arvense,ForestWetPoor
105120,Equisetum arvense,ForestWetPoor
105121,Equisetum arvense,ForestWetPoor
105701,Equisetum arvense,ForestWetPoor
105702,Equisetum arvense,ForestWetPoor
105703,Equisetum arvense,ForestWetPoor
105704,Equisetum arvense,ForestWetPoor
105705,Equisetum arvense,ForestWetPoor
105706,Equisetum arvense,ForestWetPoor
105707,Equisetum arvense,ForestWetPoor
105708,Equisetum arvense,ForestWetPoor
105709,Equisetum arvense,ForestWetPoor
105710,Equisetum arvense,ForestWetPoor
105711,Equisetum arvense,ForestWetPoor
105712,Equisetum arvense,ForestWetPoor
105713,Equisetum arvense,ForestWetPoor
105714,Equisetum arvense,ForestWetPoor
105715,Equisetum arvense,ForestWetPoor
105716,Equisetum arvense,ForestWetPoor
105717,Equisetum arvense,ForestWetPoor
105718,Equisetum arvense,ForestWetPoor
105719,Equisetum arvense,ForestWetPoor
105720,Equisetum arvense,ForestWetPoor
106300,Equisetum arvense,ForestWetPoor
106301,Equisetum arvense,ForestWetPoor
106302,Equisetum arvense,ForestWetPoor
106303,Equisetum arvense,ForestWetPoor
106304,Equisetum arvense,ForestWetPoor
106305,Equisetum arvense,ForestWetPoor
106306,Equisetum arvense,ForestWetPoor
106307,Equisetum arvense,ForestWetPoor
106308,Equisetum arvense,ForestWetPoor
106309,Equisetum arvense,ForestWetPoor
106310,Equisetum arvense,ForestWetPoor
106311,Equisetum arvense,ForestWetPoor
106312,Equisetum arvense,ForestWetPoor
106313,Equisetum arvense,ForestWetPoor
106314,Equisetum arvense,ForestWetPoor
106315,Equisetum arvense,ForestWetPoor
106316,Equisetum arvense,ForestWetPoor
106317,Equisetum arvense,ForestWetPoor
106318,Equisetum arvense,ForestWetPoor
106319,Equisetum arvense,ForestWetPoor
106899,Equisetum arvense,ForestWetPoor
106900,Equisetum arvense,ForestWetPoor
106901,Equisetum arvense,ForestWetPoor
106902,Equisetum arvense,ForestWetPoor
106903,Equisetum arvense,ForestWetPoor
106904,Equisetum arvense,ForestWetPoor
106905,Equisetum arvense,ForestWetPoor
106906,Equisetum arvense,ForestWetPoor
106907,Equisetum arvense,ForestWetPoor
106908,Equisetum arvense,ForestWetPoor
106909,Equisetum arvense,ForestWetPoor
106910,Equisetum arvense,ForestWetPoor
106911,Equisetum arvense,ForestWetPoor
106912,Equisetum arvense,ForestWetPoor
106913,Equisetum arvense,ForestWetPoor
106914,Equisetum arvense,ForestWetPoor
106915,Equisetum arvense,ForestWetPoor
106916,Equisetum arvense,ForestWetPoor
106917,Equisetum arvense,ForestWetPoor
106918,Equisetum arvense,ForestWetPoor
107498,Equisetum arvense,ForestWetPoor
107499,Equisetum arvense,ForestWetPoor
107500,Equisetum arvense,ForestWetPoor
107501,Equisetum arvense,ForestWetPoor
107502,Equisetum arvense,ForestWetPoor
107503,Equisetum arvense,ForestWetPoor
107504,Equisetum arvense,ForestWetPoor
107505,Equisetum arvense,ForestWetPoor
107506,Equisetum arvense,ForestWetPoor
107507,Equisetum arvense,ForestWetPoor
107508,Equisetum arvense,ForestWetPoor
107509,Equisetum arvense,ForestWetPoor
107510,Equisetum arvense,ForestWetPoor
107511,Equisetum arvense,ForestWetPoor
107512,Equisetum arvense,ForestWetPoor
107513,Equisetum arvense,ForestWetPoor
107514,Equisetum arvense,ForestWetPoor
107515,Equisetum arvense,ForestWetPoor
107516,Equisetum arvense,ForestWetPoor
107517,Equisetum arvense,ForestWetPoor
108097,Equisetum arvense,ForestWetPoor
108098,Equisetum arvense,ForestWetPoor
108099,Equisetum arvense,ForestWetPoor
108100,Equisetum arvense,ForestWetPoor
108101,Equisetum arvense,ForestWetPoor
108102,Equisetum arvense,ForestWetPoor
108103,Equisetum arvense,ForestWetPoor
108104,Equisetum arvense,ForestWetPoor
108105,Equisetum arvense,ForestWetPoor
108106,Equisetum arvense,ForestWetPoor
108107,Equisetum arvense,ForestWetPoor
108108,Equisetum arvense,ForestWetPoor
108109,Equisetum arvense,ForestWetPoor
108110,Equisetum arvense,ForestWetPoor
108111,Equisetum arvense,ForestWetPoor
108112,Equisetum arvense,ForestWetPoor
108113,Equisetum arvense,ForestWetPoor
108114,Equisetum arvense,ForestWetPoor
108115,Equisetum arvense,ForestWetPoor
108116,Equisetum arvense,ForestWetPoor
108696,Equisetum arvense,ForestWetPoor
108697,Equisetum arvense,ForestWetPoor
108698,Equisetum arvense,ForestWetPoor
108699,Equisetum arvense,ForestWetPoor
108700,Equisetum arvense,ForestWetPoor
108701,Equisetum arvense,ForestWetPoor
108702,Equisetum arvense,ForestWetPoor
108703,Equisetum arvense,ForestWetPoor
108704,Equisetum arvense,ForestWetPoor
108705,Equisetum arvense,ForestWetPoor
108706,Equisetum arvense,ForestWetPoor
108707,Equisetum arvense,ForestWetPoor
108708,Equisetum arvense,ForestWetPoor
108709,Equisetum arvense,ForestWetPoor
108710,Equisetum arvense,ForestWetPoor
108711,Equisetum arvense,ForestWetPoor
108712,Equisetum arvense,ForestWetPoor
108713,Equisetum arvense,ForestWetPoor
108714,Equisetum arvense,ForestWetPoor
108715,Equisetum arvense,ForestWetPoor
109295,Equisetum arvense,ForestWetPoor
109296,Equisetum arvense,ForestWetPoor
109297,Equisetum arvense,ForestWetPoor
109298,Equisetum arvense,ForestWetPoor
109299,Equisetum arvense,ForestWetPoor
109300,Equisetum arvense,ForestWetPoor
109301,Equisetum arvense,ForestWetPoor
109302,Equisetum arvense,ForestWetPoor
109303,Equisetum arvense,ForestWetPoor
109304,Equisetum arvense,ForestWetPoor
109305,Equisetum arvense,ForestWetPoor
109306,Equisetum arvense,ForestWetPoor
109307,Equisetum arvense,ForestWetPoor
109308,Equisetum arvense,ForestWetPoor
109309,Equisetum arvense,ForestWetPoor
109310,Equisetum arvense,ForestWetPoor
109311,Equisetum arvense,ForestWetPoor
109312,Equisetum arvense,ForestWetPoor
109313,Equisetum arvense,ForestWetPoor
109314,Equisetum arvense,ForestWetPoor
109894,Equisetum arvense,ForestWetPoor
109895,Equisetum arvense,ForestWetPoor
109896,Equisetum arvense,ForestWetPoor
109897,Equisetum arvense,ForestWetPoor
109898,Equisetum arvense,ForestWetPoor
109899,Equisetum arvense,ForestWetPoor
109900,Equisetum arvense,ForestWetPoor
109901,Equisetum arvense,ForestWetPoor
109902,Equisetum arvense,ForestWetPoor
109903,Equisetum arvense,ForestWetPoor
109904,Equisetum arvense,ForestWetPoor
109905,Equisetum arvense,ForestWetPoor
109906,Equisetum arvense,ForestWetPoor
109907,Equisetum arvense,ForestWetPoor
109908,Equisetum arvense,ForestWetPoor
109909,Equisetum arvense,ForestWetPoor
109910,Equisetum arvense,ForestWetPoor
109911,Equisetum arvense,ForestWetPoor
109912,Equisetum arvense,ForestWetPoor
109913,Equisetum arvense,ForestWetPoor
74584,Equisetum arvense,ForestWetPoor
74585,Equisetum arvense,ForestWetPoor
74586,Equisetum arvense,ForestWetPoor
74587,Equisetum arvense,ForestWetPoor
74588,Equisetum arvense,ForestWetPoor
74589,Equisetum arvense,ForestWetPoor
74590,Equisetum arvense,ForestWetPoor
74591,Equisetum arvense,ForestWetPoor
74592,Equisetum arvense,ForestWetPoor
74593,Equisetum arvense,ForestWetPoor
74594,Equisetum arvense,ForestWetPoor
74595,Equisetum arvense,ForestWetPoor
74596,Equisetum arvense,ForestWetPoor
74597,Equisetum arvense,ForestWetPoor
74598,Equisetum arvense,ForestWetPoor
74599,Equisetum arvense,ForestWetPoor
74600,Equisetum arvense,ForestWetPoor
75179,Equisetum arvense,ForestWetPoor
75180,Equisetum arvense,ForestWetPoor
75181,Equisetum arvense,ForestWetPoor
75182,Equisetum arvense,ForestWetPoor
75183,Equisetum arvense,ForestWetPoor
75184,Equisetum arvense,ForestWetPoor
75185,Equisetum arvense,ForestWetPoor
75186,Equisetum arvense,ForestWetPoor
75187,Equisetum arvense,ForestWetPoor
75188,Equisetum arvense,ForestWetPoor
75189,Equisetum arvense,ForestWetPoor
75190,Equisetum arvense,ForestWetPoor
75191,Equisetum arvense,ForestWetPoor
75192,Equisetum arvense,ForestWetPoor
75193,Equisetum arvense,ForestWetPoor
75194,Equisetum arvense,ForestWetPoor
75195,Equisetum arvense,ForestWetPoor
75196,Equisetum arvense,ForestWetPoor
75197,Equisetum arvense,ForestWetPoor
75198,Equisetum arvense,ForestWetPoor
75199,Equisetum arvense,ForestWetPoor
75200,Equisetum arvense,ForestWetPoor
75201,Equisetum arvense,ForestWetPoor
75202,Equisetum arvense,ForestWetPoor
75203,Equisetum arvense,ForestWetPoor
75774,Equisetum arvense,ForestWetPoor
75775,Equisetum arvense,ForestWetPoor
75776,Equisetum arvense,ForestWetPoor
75777,Equisetum arvense,ForestWetPoor
75778,Equisetum arvense,ForestWetPoor
75779,Equisetum arvense,ForestWetPoor
75780,Equisetum arvense,ForestWetPoor
75781,Equisetum arvense,ForestWetPoor
75782,Equisetum arvense,ForestWetPoor
75783,Equisetum arvense,ForestWetPoor
75784,Equisetum arvense,ForestWetPoor
75785,Equisetum arvense,ForestWetPoor
75786,Equisetum arvense,ForestWetPoor
75787,Equisetum arvense,ForestWetPoor
75788,Equisetum arvense,ForestWetPoor
75789,Equisetum arvense,ForestWetPoor
75790,Equisetum arvense,ForestWetPoor
75791,Equisetum arvense,ForestWetPoor
75792,Equisetum arvense,ForestWetPoor
75793,Equisetum arvense,ForestWetPoor
75794,Equisetum arvense,ForestWetPoor
75795,Equisetum arvense,ForestWetPoor
75796,Equisetum arvense,ForestWetPoor
75797,Equisetum arvense,ForestWetPoor
75798,Equisetum arvense,ForestWetPoor
75799,Equisetum arvense,ForestWetPoor
75800,Equisetum arvense,ForestWetPoor
75801,Equisetum arvense,ForestWetPoor
75802,Equisetum arvense,ForestWetPoor
75803,Equisetum arvense,ForestWetPoor
75804,Equisetum arvense,ForestWetPoor
75805,Equisetum arvense,ForestWetPoor
75806,Equisetum arvense,ForestWetPoor
76371,Equisetum arvense,ForestWetPoor
76372,Equisetum arvense,ForestWetPoor
76373,Equisetum arvense,ForestWetPoor
76374,Equisetum arvense,ForestWetPoor
76375,Equisetum arvense,ForestWetPoor
76376,Equisetum arvense,ForestWetPoor
76377,Equisetum arvense,ForestWetPoor
76378,Equisetum arvense,ForestWetPoor
76379,Equisetum arvense,ForestWetPoor
76380,Equisetum arvense,ForestWetPoor
76381,Equisetum arvense,ForestWetPoor
76382,Equisetum arvense,ForestWetPoor
76383,Equisetum arvense,ForestWetPoor
76384,Equisetum arvense,ForestWetPoor
76385,Equisetum arvense,ForestWetPoor
76386,Equisetum arvense,ForestWetPoor
76387,Equisetum arvense,ForestWetPoor
76388,Equisetum arvense,ForestWetPoor
76389,Equisetum arvense,ForestWetPoor
76390,Equisetum arvense,ForestWetPoor
76391,Equisetum arvense,ForestWetPoor
76392,Equisetum arvense,ForestWetPoor
76393,Equisetum arvense,ForestWetPoor
76394,Equisetum arvense,ForestWetPoor
76395,Equisetum arvense,ForestWetPoor
76396,Equisetum arvense,ForestWetPoor
76397,Equisetum arvense,ForestWetPoor
76398,Equisetum arvense,ForestWetPoor
76399,Equisetum arvense,ForestWetPoor
76400,Equisetum arvense,ForestWetPoor
76401,Equisetum arvense,ForestWetPoor
76402,Equisetum arvense,ForestWetPoor
76403,Equisetum arvense,ForestWetPoor
76404,Equisetum arvense,ForestWetPoor
76405,Equisetum arvense,ForestWetPoor
76406,Equisetum arvense,ForestWetPoor
76407,Equisetum arvense,ForestWetPoor
76967,Equisetum arvense,ForestWetPoor
76968,Equisetum arvense,ForestWetPoor
76969,Equisetum arvense,ForestWetPoor
76970,Equisetum arvense,ForestWetPoor
76971,Equisetum arvense,ForestWetPoor
76972,Equisetum arvense,ForestWetPoor
76973,Equisetum arvense,ForestWetPoor
76974,Equisetum arvense,ForestWetPoor
76975,Equisetum arvense,ForestWetPoor
76976,Equisetum arvense,ForestWetPoor
76977,Equisetum arvense,ForestWetPoor
76978,Equisetum arvense,ForestWetPoor
76979,Equisetum arvense,ForestWetPoor
76980,Equisetum arvense,ForestWetPoor
76981,Equisetum arvense,ForestWetPoor
76982,Equisetum arvense,ForestWetPoor
76983,Equisetum arvense,ForestWetPoor
76984,Equisetum arvense,ForestWetPoor
76985,Equisetum arvense,ForestWetPoor
76986,Equisetum arvense,ForestWetPoor
76987,Equisetum arvense,ForestWetPoor
76988,Equisetum arvense,ForestWetPoor
76989,Equisetum arvense,ForestWetPoor
76990,Equisetum arvense,ForestWetPoor
76991,Equisetum arvense,ForestWetPoor
76992,Equisetum arvense,ForestWetPoor
76993,Equisetum arvense,ForestWetPoor
76994,Equisetum arvense,ForestWetPoor
76995,Equisetum arvense,ForestWetPoor
76996,Equisetum arvense,ForestWetPoor
76997,Equisetum arvense,ForestWetPoor
76998,Equisetum arvense,ForestWetPoor
76999,Equisetum arvense,ForestWetPoor
77000,Equisetum arvense,ForestWetPoor
77001,Equisetum arvense,ForestWetPoor
77002,Equisetum arvense,ForestWetPoor
77003,Equisetum arvense,ForestWetPoor
77004,Equisetum arvense,ForestWetPoor
77005,Equisetum arvense,ForestWetPoor
77006,Equisetum arvense,ForestWetPoor
77007,Equisetum arvense,ForestWetPoor
77008,Equisetum arvense,ForestWetPoor
77564,Equisetum arvense,ForestWetPoor
77565,Equisetum arvense,ForestWetPoor
77566,Equisetum arvense,ForestWetPoor
77567,Equisetum arvense,ForestWetPoor
77568,Equisetum arvense,ForestWetPoor
77569,Equisetum arvense,ForestWetPoor
77570,Equisetum arvense,ForestWetPoor
77571,Equisetum arvense,ForestWetPoor
77572,Equisetum arvense,ForestWetPoor
77573,Equisetum arvense,ForestWetPoor
77574,Equisetum arvense,ForestWetPoor
77575,Equisetum arvense,ForestWetPoor
77576,Equisetum arvense,ForestWetPoor
77577,Equisetum arvense,ForestWetPoor
77578,Equisetum arvense,ForestWetPoor
77579,Equisetum arvense,ForestWetPoor
77580,Equisetum arvense,ForestWetPoor
77581,Equisetum arvense,ForestWetPoor
77582,Equisetum arvense,ForestWetPoor
77583,Equisetum arvense,ForestWetPoor
77584,Equisetum arvense,ForestWetPoor
77585,Equisetum arvense,ForestWetPoor
77586,Equisetum arvense,ForestWetPoor
77587,Equisetum arvense,ForestWetPoor
77588,Equisetum arvense,ForestWetPoor
77589,Equisetum arvense,ForestWetPoor
77590,Equisetum arvense,ForestWetPoor
77591,Equisetum arvense,ForestWetPoor
77592,Equisetum arvense,ForestWetPoor
77593,Equisetum arvense,ForestWetPoor
77594,Equisetum arvense,ForestWetPoor
77595,Equisetum arvense,ForestWetPoor
77596,Equisetum arvense,ForestWetPoor
77597,Equisetum arvense,ForestWetPoor
77598,Equisetum arvense,ForestWetPoor
77599,Equisetum arvense,ForestWetPoor
77600,Equisetum arvense,ForestWetPoor
77601,Equisetum arvense,ForestWetPoor
77602,Equisetum arvense,ForestWetPoor
77603,Equisetum arvense,ForestWetPoor
77604,Equisetum arvense,ForestWetPoor
77605,Equisetum arvense,ForestWetPoor
77606,Equisetum arvense,ForestWetPoor
77607,Equisetum arvense,ForestWetPoor
78162,Equisetum arvense,ForestWetPoor
78163,Equisetum arvense,ForestWetPoor
78164,Equisetum arvense,ForestWetPoor
78165,Equisetum arvense,ForestWetPoor
78166,Equisetum arvense,ForestWetPoor
78167,Equisetum arvense,ForestWetPoor
78168,Equisetum arvense,ForestWetPoor
78169,Equisetum arvense,ForestWetPoor
78170,Equisetum arvense,ForestWetPoor
78171,Equisetum arvense,ForestWetPoor
78172,Equisetum arvense,ForestWetPoor
78173,Equisetum arvense,ForestWetPoor
78174,Equisetum arvense,ForestWetPoor
78175,Equisetum arvense,ForestWetPoor
78176,Equisetum arvense,ForestWetPoor
78177,Equisetum arvense,ForestWetPoor
78178,Equisetum arvense,ForestWetPoor
78179,Equisetum arvense,ForestWetPoor
78180,Equisetum arvense,ForestWetPoor
78181,Equisetum arvense,ForestWetPoor
78182,Equisetum arvense,ForestWetPoor
78183,Equisetum arvense,ForestWetPoor
78184,Equisetum arvense,ForestWetPoor
78185,Equisetum arvense,ForestWetPoor
78186,Equisetum arvense,ForestWetPoor
78187,Equisetum arvense,ForestWetPoor
78188,Equisetum arvense,ForestWetPoor
78189,Equisetum arvense,ForestWetPoor
78190,Equisetum arvense,ForestWetPoor
78191,Equisetum arvense,ForestWetPoor
78192,Equisetum arvense,ForestWetPoor
78193,Equisetum arvense,ForestWetPoor
78194,Equisetum arvense,ForestWetPoor
78195,Equisetum arvense,ForestWetPoor
78196,Equisetum arvense,ForestWetPoor
78197,Equisetum arvense,ForestWetPoor
78198,Equisetum arvense,ForestWetPoor
78199,Equisetum arvense,ForestWetPoor
78200,Equisetum arvense,ForestWetPoor
78201,Equisetum arvense,ForestWetPoor
78202,Equisetum arvense,ForestWetPoor
78203,Equisetum arvense,ForestWetPoor
78204,Equisetum arvense,ForestWetPoor
78205,Equisetum arvense,ForestWetPoor
78206,Equisetum arvense,ForestWetPoor
78759,Equisetum arvense,ForestWetPoor
78760,Equisetum arvense,ForestWetPoor
78761,Equisetum arvense,ForestWetPoor
78762,Equisetum arvense,ForestWetPoor
78763,Equisetum arvense,ForestWetPoor
78764,Equisetum arvense,ForestWetPoor
78765,Equisetum arvense,ForestWetPoor
78766,Equisetum arvense,ForestWetPoor
78767,Equisetum arvense,ForestWetPoor
78768,Equisetum arvense,ForestWetPoor
78769,Equisetum arvense,ForestWetPoor
78770,Equisetum arvense,ForestWetPoor
78771,Equisetum arvense,ForestWetPoor
78772,Equisetum arvense,ForestWetPoor
78773,Equisetum arvense,ForestWetPoor
78774,Equisetum arvense,ForestWetPoor
78775,Equisetum arvense,ForestWetPoor
78776,Equisetum arvense,ForestWetPoor
78777,Equisetum arvense,ForestWetPoor
78778,Equisetum arvense,ForestWetPoor
78779,Equisetum arvense,ForestWetPoor
78780,Equisetum arvense,ForestWetPoor
78781,Equisetum arvense,ForestWetPoor
78782,Equisetum arvense,ForestWetPoor
78783,Equisetum arvense,ForestWetPoor
78784,Equisetum arvense,ForestWetPoor
78785,Equisetum arvense,ForestWetPoor
78786,Equisetum arvense,ForestWetPoor
78787,Equisetum arvense,ForestWetPoor
78788,Equisetum arvense,ForestWetPoor
78789,Equisetum arvense,ForestWetPoor
78790,Equisetum arvense,ForestWetPoor
78791,Equisetum arvense,ForestWetPoor
78792,Equisetum arvense,ForestWetPoor
78793,Equisetum arvense,ForestWetPoor
78794,Equisetum arvense,ForestWetPoor
78795,Equisetum arvense,ForestWetPoor
78796,Equisetum arvense,ForestWetPoor
78797,Equisetum arvense,ForestWetPoor
78798,Equisetum arvense,ForestWetPoor
78799,Equisetum arvense,ForestWetPoor
78800,Equisetum arvense,ForestWetPoor
78801,Equisetum arvense,ForestWetPoor
78802,Equisetum arvense,ForestWetPoor
78803,Equisetum arvense,ForestWetPoor
78804,Equisetum arvense,ForestWetPoor
78805,Equisetum arvense,ForestWetPoor
79356,Equisetum arvense,ForestWetPoor
79357,Equisetum arvense,ForestWetPoor
79358,Equisetum arvense,ForestWetPoor
79359,Equisetum arvense,ForestWetPoor
79360,Equisetum arvense,ForestWetPoor
79361,Equisetum arvense,ForestWetPoor
79362,Equisetum arvense,ForestWetPoor
79363,Equisetum arvense,ForestWetPoor
79364,Equisetum arvense,ForestWetPoor
79365,Equisetum arvense,ForestWetPoor
79366,Equisetum arvense,ForestWetPoor
79367,Equisetum arvense,ForestWetPoor
79368,Equisetum arvense,ForestWetPoor
79369,Equisetum arvense,ForestWetPoor
79370,Equisetum arvense,ForestWetPoor
79371,Equisetum arvense,ForestWetPoor
79372,Equisetum arvense,ForestWetPoor
79373,Equisetum arvense,ForestWetPoor
79374,Equisetum arvense,ForestWetPoor
79375,Equisetum arvense,ForestWetPoor
79376,Equisetum arvense,ForestWetPoor
79377,Equisetum arvense,ForestWetPoor
79378,Equisetum arvense,ForestWetPoor
79379,Equisetum arvense,ForestWetPoor
79380,Equisetum arvense,ForestWetPoor
79381,Equisetum arvense,ForestWetPoor
79382,Equisetum arvense,ForestWetPoor
79383,Equisetum arvense,ForestWetPoor
79384,Equisetum arvense,ForestWetPoor
79385,Equisetum arvense,ForestWetPoor
79386,Equisetum arvense,ForestWetPoor
79387,Equisetum arvense,ForestWetPoor
79388,Equisetum arvense,ForestWetPoor
79389,Equisetum arvense,ForestWetPoor
79390,Equisetum arvense,ForestWetPoor
79391,Equisetum arvense,ForestWetPoor
79392,Equisetum arvense,ForestWetPoor
79393,Equisetum arvense,ForestWetPoor
79394,Equisetum arvense,ForestWetPoor
79395,Equisetum arvense,ForestWetPoor
79396,Equisetum arvense,ForestWetPoor
79397,Equisetum arvense,ForestWetPoor
79398,Equisetum arvense,ForestWetPoor
79399,Equisetum arvense,ForestWetPoor
79400,Equisetum arvense,ForestWetPoor
79401,Equisetum arvense,ForestWetPoor
79402,Equisetum arvense,ForestWetPoor
79403,Equisetum arvense,ForestWetPoor
79404,Equisetum arvense,ForestWetPoor
79954,Equisetum arvense,ForestWetPoor
79955,Equisetum arvense,ForestWetPoor
79956,Equisetum arvense,ForestWetPoor
79957,Equisetum arvense,ForestWetPoor
79958,Equisetum arvense,ForestWetPoor
79959,Equisetum arvense,ForestWetPoor
79960,Equisetum arvense,ForestWetPoor
79961,Equisetum arvense,ForestWetPoor
79962,Equisetum arvense,ForestWetPoor
79963,Equisetum arvense,ForestWetPoor
79964,Equisetum arvense,ForestWetPoor
79965,Equisetum arvense,ForestWetPoor
79966,Equisetum arvense,ForestWetPoor
79967,Equisetum arvense,ForestWetPoor
79968,Equisetum arvense,ForestWetPoor
79969,Equisetum arvense,ForestWetPoor
79970,Equisetum arvense,ForestWetPoor
79971,Equisetum arvense,ForestWetPoor
79972,Equisetum arvense,ForestWetPoor
79973,Equisetum arvense,ForestWetPoor
79974,Equisetum arvense,ForestWetPoor
79975,Equisetum arvense,ForestWetPoor
79976,Equisetum arvense,ForestWetPoor
79977,Equisetum arvense,ForestWetPoor
79978,Equisetum arvense,ForestWetPoor
79979,Equisetum arvense,ForestWetPoor
79980,Equisetum arvense,ForestWetPoor
79981,Equisetum arvense,ForestWetPoor
79982,Equisetum arvense,ForestWetPoor
79983,Equisetum arvense,ForestWetPoor
79984,Equisetum arvense,ForestWetPoor
79985,Equisetum arvense,ForestWetPoor
79986,Equisetum arvense,ForestWetPoor
79987,Equisetum arvense,ForestWetPoor
79988,Equisetum arvense,ForestWetPoor
79989,Equisetum arvense,ForestWetPoor
79990,Equisetum arvense,ForestWetPoor
79991,Equisetum arvense,ForestWetPoor
79992,Equisetum arvense,ForestWetPoor
79993,Equisetum arvense,ForestWetPoor
79994,Equisetum arvense,ForestWetPoor
79995,Equisetum arvense,ForestWetPoor
79996,Equisetum arvense,ForestWetPoor
79997,Equisetum arvense,ForestWetPoor
79998,Equisetum arvense,ForestWetPoor
79999,Equisetum arvense,ForestWetPoor
80000,Equisetum arvense,ForestWetPoor
80001,Equisetum arvense,ForestWetPoor
80002,Equisetum arvense,ForestWetPoor
80003,Equisetum arvense,ForestWetPoor
80552,Equisetum arvense,ForestWetPoor
80553,Equisetum arvense,ForestWetPoor
80554,Equisetum arvense,ForestWetPoor
80555,Equisetum arvense,ForestWetPoor
80556,Equisetum arvense,ForestWetPoor
80557,Equisetum arvense,ForestWetPoor
80558,Equisetum arvense,ForestWetPoor
80559,Equisetum arvense,ForestWetPoor
80560,Equisetum arvense,ForestWetPoor
80561,Equisetum arvense,ForestWetPoor
80562,Equisetum arvense,ForestWetPoor
80563,Equisetum arvense,ForestWetPoor
80564,Equisetum arvense,ForestWetPoor
80565,Equisetum arvense,ForestWetPoor
80566,Equisetum arvense,ForestWetPoor
80567,Equisetum arvense,ForestWetPoor
80568,Equisetum arvense,ForestWetPoor
80569,Equisetum arvense,ForestWetPoor
80570,Equisetum arvense,ForestWetPoor
80571,Equisetum arvense,ForestWetPoor
80572,Equisetum arvense,ForestWetPoor
80573,Equisetum arvense,ForestWetPoor
80574,Equisetum arvense,ForestWetPoor
80575,Equisetum arvense,ForestWetPoor
80576,Equisetum arvense,ForestWetPoor
80577,Equisetum arvense,ForestWetPoor
80578,Equisetum arvense,ForestWetPoor
80579,Equisetum arvense,ForestWetPoor
80580,Equisetum arvense,ForestWetPoor
80581,Equisetum arvense,ForestWetPoor
80582,Equisetum arvense,ForestWetPoor
80583,Equisetum arvense,ForestWetPoor
80584,Equisetum arvense,ForestWetPoor
80585,Equisetum arvense,ForestWetPoor
80586,Equisetum arvense,ForestWetPoor
80587,Equisetum arvense,ForestWetPoor
80588,Equisetum arvense,ForestWetPoor
80589,Equisetum arvense,ForestWetPoor
80590,Equisetum arvense,ForestWetPoor
80591,Equisetum arvense,ForestWetPoor
80592,Equisetum arvense,ForestWetPoor
80593,Equisetum arvense,ForestWetPoor
80594,Equisetum arvense,ForestWetPoor
80595,Equisetum arvense,ForestWetPoor
80596,Equisetum arvense,ForestWetPoor
80597,Equisetum arvense,ForestWetPoor
80598,Equisetum arvense,ForestWetPoor
80599,Equisetum arvense,ForestWetPoor
80600,Equisetum arvense,ForestWetPoor
80601,Equisetum arvense,ForestWetPoor
80602,Equisetum arvense,ForestWetPoor
81150,Equisetum arvense,ForestWetPoor
81151,Equisetum arvense,ForestWetPoor
81152,Equisetum arvense,ForestWetPoor
81153,Equisetum arvense,ForestWetPoor
81154,Equisetum arvense,ForestWetPoor
81155,Equisetum arvense,ForestWetPoor
81156,Equisetum arvense,ForestWetPoor
81157,Equisetum arvense,ForestWetPoor
81158,Equisetum arvense,ForestWetPoor
81159,Equisetum arvense,ForestWetPoor
81160,Equisetum arvense,ForestWetPoor
81161,Equisetum arvense,ForestWetPoor
81162,Equisetum arvense,ForestWetPoor
81163,Equisetum arvense,ForestWetPoor
81164,Equisetum arvense,ForestWetPoor
81165,Equisetum arvense,ForestWetPoor
81166,Equisetum arvense,ForestWetPoor
81167,Equisetum arvense,ForestWetPoor
81168,Equisetum arvense,ForestWetPoor
81169,Equisetum arvense,ForestWetPoor
81170,Equisetum arvense,ForestWetPoor
81171,Equisetum arvense,ForestWetPoor
81172,Equisetum arvense,ForestWetPoor
81173,Equisetum arvense,ForestWetPoor
81174,Equisetum arvense,ForestWetPoor
81175,Equisetum arvense,ForestWetPoor
81176,Equisetum arvense,ForestWetPoor
81177,Equisetum arvense,ForestWetPoor
81178,Equisetum arvense,ForestWetPoor
81179,Equisetum arvense,ForestWetPoor
81180,Equisetum arvense,ForestWetPoor
81181,Equisetum arvense,ForestWetPoor
81182,Equisetum arvense,ForestWetPoor
81183,Equisetum arvense,ForestWetPoor
81184,Equisetum arvense,ForestWetPoor
81185,Equisetum arvense,ForestWetPoor
81186,Equisetum arvense,ForestWetPoor
81187,Equisetum arvense,ForestWetPoor
81188,Equisetum arvense,ForestWetPoor
81189,Equisetum arvense,ForestWetPoor
81190,Equisetum arvense,ForestWetPoor
81191,Equisetum arvense,ForestWetPoor
81192,Equisetum arvense,ForestWetPoor
81193,Equisetum arvense,ForestWetPoor
81194,Equisetum arvense,ForestWetPoor
81195,Equisetum arvense,ForestWetPoor
81196,Equisetum arvense,ForestWetPoor
81197,Equisetum arvense,ForestWetPoor
81198,Equisetum arvense,ForestWetPoor
81199,Equisetum arvense,ForestWetPoor
81200,Equisetum arvense,ForestWetPoor
81201,Equisetum arvense,ForestWetPoor
81747,Equisetum arvense,ForestWetPoor
81748,Equisetum arvense,ForestWetPoor
81749,Equisetum arvense,ForestWetPoor
81750,Equisetum arvense,ForestWetPoor
81751,Equisetum arvense,ForestWetPoor
81752,Equisetum arvense,ForestWetPoor
81753,Equisetum arvense,ForestWetPoor
81754,Equisetum arvense,ForestWetPoor
81755,Equisetum arvense,ForestWetPoor
81756,Equisetum arvense,ForestWetPoor
81757,Equisetum arvense,ForestWetPoor
81758,Equisetum arvense,ForestWetPoor
81759,Equisetum arvense,ForestWetPoor
81760,Equisetum arvense,ForestWetPoor
81761,Equisetum arvense,ForestWetPoor
81762,Equisetum arvense,ForestWetPoor
81763,Equisetum arvense,ForestWetPoor
81764,Equisetum arvense,ForestWetPoor
81765,Equisetum arvense,ForestWetPoor
81766,Equisetum arvense,ForestWetPoor
81767,Equisetum arvense,ForestWetPoor
81768,Equisetum arvense,ForestWetPoor
81769,Equisetum arvense,ForestWetPoor
81770,Equisetum arvense,ForestWetPoor
81771,Equisetum arvense,ForestWetPoor
81772,Equisetum arvense,ForestWetPoor
81773,Equisetum arvense,ForestWetPoor
81774,Equisetum arvense,ForestWetPoor
81775,Equisetum arvense,ForestWetPoor
81776,Equisetum arvense,ForestWetPoor
81777,Equisetum arvense,ForestWetPoor
81778,Equisetum arvense,ForestWetPoor
81779,Equisetum arvense,ForestWetPoor
81780,Equisetum arvense,ForestWetPoor
81781,Equisetum arvense,ForestWetPoor
81782,Equisetum arvense,ForestWetPoor
81783,Equisetum arvense,ForestWetPoor
81784,Equisetum arvense,ForestWetPoor
81785,Equisetum arvense,ForestWetPoor
81786,Equisetum arvense,ForestWetPoor
81787,Equisetum arvense,ForestWetPoor
81788,Equisetum arvense,ForestWetPoor
81789,Equisetum arvense,ForestWetPoor
81790,Equisetum arvense,ForestWetPoor
81791,Equisetum arvense,ForestWetPoor
81792,Equisetum arvense,ForestWetPoor
81793,Equisetum arvense,ForestWetPoor
81794,Equisetum arvense,ForestWetPoor
81795,Equisetum arvense,ForestWetPoor
81796,Equisetum arvense,ForestWetPoor
81797,Equisetum arvense,ForestWetPoor
81798,Equisetum arvense,ForestWetPoor
81799,Equisetum arvense,ForestWetPoor
81800,Equisetum arvense,ForestWetPoor
82345,Equisetum arvense,ForestWetPoor
82346,Equisetum arvense,ForestWetPoor
82347,Equisetum arvense,ForestWetPoor
82348,Equisetum arvense,ForestWetPoor
82349,Equisetum arvense,ForestWetPoor
82350,Equisetum arvense,ForestWetPoor
82351,Equisetum arvense,ForestWetPoor
82352,Equisetum arvense,ForestWetPoor
82353,Equisetum arvense,ForestWetPoor
82354,Equisetum arvense,ForestWetPoor
82355,Equisetum arvense,ForestWetPoor
82356,Equisetum arvense,ForestWetPoor
82357,Equisetum arvense,ForestWetPoor
82358,Equisetum arvense,ForestWetPoor
82359,Equisetum arvense,ForestWetPoor
82360,Equisetum arvense,ForestWetPoor
82361,Equisetum arvense,ForestWetPoor
82362,Equisetum arvense,ForestWetPoor
82363,Equisetum arvense,ForestWetPoor
82364,Equisetum arvense,ForestWetPoor
82365,Equisetum arvense,ForestWetPoor
82366,Equisetum arvense,ForestWetPoor
82367,Equisetum arvense,ForestWetPoor
82368,Equisetum arvense,ForestWetPoor
82369,Equisetum arvense,ForestWetPoor
82370,Equisetum arvense,ForestWetPoor
82371,Equisetum arvense,ForestWetPoor
82372,Equisetum arvense,ForestWetPoor
82373,Equisetum arvense,ForestWetPoor
82374,Equisetum arvense,ForestWetPoor
82375,Equisetum arvense,ForestWetPoor
82376,Equisetum arvense,ForestWetPoor
82377,Equisetum arvense,ForestWetPoor
82378,Equisetum arvense,ForestWetPoor
82379,Equisetum arvense,ForestWetPoor
82380,Equisetum arvense,ForestWetPoor
82381,Equisetum arvense,ForestWetPoor
82382,Equisetum arvense,ForestWetPoor
82383,Equisetum arvense,ForestWetPoor
82384,Equisetum arvense,ForestWetPoor
82385,Equisetum arvense,ForestWetPoor
82386,Equisetum arvense,ForestWetPoor
82387,Equisetum arvense,ForestWetPoor
82388,Equisetum arvense,ForestWetPoor
82389,Equisetum arvense,ForestWetPoor
82390,Equisetum arvense,ForestWetPoor
82391,Equisetum arvense,ForestWetPoor
82392,Equisetum arvense,ForestWetPoor
82393,Equisetum arvense,ForestWetPoor
82394,Equisetum arvense,ForestWetPoor
82395,Equisetum arvense,ForestWetPoor
82396,Equisetum arvense,ForestWetPoor
82397,Equisetum arvense,ForestWetPoor
82398,Equisetum arvense,ForestWetPoor
82399,Equisetum arvense,ForestWetPoor
82943,Equisetum arvense,ForestWetPoor
82944,Equisetum arvense,ForestWetPoor
82945,Equisetum arvense,ForestWetPoor
82946,Equisetum arvense,ForestWetPoor
82947,Equisetum arvense,ForestWetPoor
82948,Equisetum arvense,ForestWetPoor
82949,Equisetum arvense,ForestWetPoor
82950,Equisetum arvense,ForestWetPoor
82951,Equisetum arvense,ForestWetPoor
82952,Equisetum arvense,ForestWetPoor
82953,Equisetum arvense,ForestWetPoor
82954,Equisetum arvense,ForestWetPoor
82955,Equisetum arvense,ForestWetPoor
82956,Equisetum arvense,ForestWetPoor
82957,Equisetum arvense,ForestWetPoor
82958,Equisetum arvense,ForestWetPoor
82959,Equisetum arvense,ForestWetPoor
82960,Equisetum arvense,ForestWetPoor
82961,Equisetum arvense,ForestWetPoor
82962,Equisetum arvense,ForestWetPoor
82963,Equisetum arvense,ForestWetPoor
82964,Equisetum arvense,ForestWetPoor
82965,Equisetum arvense,ForestWetPoor
82966,Equisetum arvense,ForestWetPoor
82967,Equisetum arvense,ForestWetPoor
82968,Equisetum arvense,ForestWetPoor
82969,Equisetum arvense,ForestWetPoor
82970,Equisetum arvense,ForestWetPoor
82971,Equisetum arvense,ForestWetPoor
82972,Equisetum arvense,ForestWetPoor
82973,Equisetum arvense,ForestWetPoor
82974,Equisetum arvense,ForestWetPoor
82975,Equisetum arvense,ForestWetPoor
82976,Equisetum arvense,ForestWetPoor
82977,Equisetum arvense,ForestWetPoor
82978,Equisetum arvense,ForestWetPoor
82979,Equisetum arvense,ForestWetPoor
82980,Equisetum arvense,ForestWetPoor
82981,Equisetum arvense,ForestWetPoor
82982,Equisetum arvense,ForestWetPoor
82983,Equisetum arvense,ForestWetPoor
82984,Equisetum arvense,ForestWetPoor
82985,Equisetum arvense,ForestWetPoor
82986,Equisetum arvense,ForestWetPoor
82987,Equisetum arvense,ForestWetPoor
82988,Equisetum arvense,ForestWetPoor
82989,Equisetum arvense,ForestWetPoor
82990,Equisetum arvense,ForestWetPoor
82991,Equisetum arvense,ForestWetPoor
82992,Equisetum arvense,ForestWetPoor
82993,Equisetum arvense,ForestWetPoor
82994,Equisetum arvense,ForestWetPoor
82995,Equisetum arvense,ForestWetPoor
82996,Equisetum arvense,ForestWetPoor
82997,Equisetum arvense,ForestWetPoor
82998,Equisetum arvense,ForestWetPoor
83541,Equisetum arvense,ForestWetPoor
83542,Equisetum arvense,ForestWetPoor
83543,Equisetum arvense,ForestWetPoor
83544,Equisetum arvense,ForestWetPoor
83545,Equisetum arvense,ForestWetPoor
83546,Equisetum arvense,ForestWetPoor
83547,Equisetum arvense,ForestWetPoor
83548,Equisetum arvense,ForestWetPoor
83549,Equisetum arvense,ForestWetPoor
83550,Equisetum arvense,ForestWetPoor
83551,Equisetum arvense,ForestWetPoor
83552,Equisetum arvense,ForestWetPoor
83553,Equisetum arvense,ForestWetPoor
83554,Equisetum arvense,ForestWetPoor
83555,Equisetum arvense,ForestWetPoor
83556,Equisetum arvense,ForestWetPoor
83557,Equisetum arvense,ForestWetPoor
83558,Equisetum arvense,ForestWetPoor
83559,Equisetum arvense,ForestWetPoor
83560,Equisetum arvense,ForestWetPoor
83561,Equisetum arvense,ForestWetPoor
83562,Equisetum arvense,ForestWetPoor
83563,Equisetum arvense,ForestWetPoor
83564,Equisetum arvense,ForestWetPoor
83565,Equisetum arvense,ForestWetPoor
83566,Equisetum arvense,ForestWetPoor
83567,Equisetum arvense,ForestWetPoor
83568,Equisetum arvense,ForestWetPoor
83569,Equisetum arvense,ForestWetPoor
83570,Equisetum arvense,ForestWetPoor
83571,Equisetum arvense,ForestWetPoor
83572,Equisetum arvense,ForestWetPoor
83573,Equisetum arvense,ForestWetPoor
83574,Equisetum arvense,ForestWetPoor
83575,Equisetum arvense,ForestWetPoor
83576,Equisetum arvense,ForestWetPoor
83577,Equisetum arvense,ForestWetPoor
83578,Equisetum arvense,ForestWetPoor
83579,Equisetum arvense,ForestWetPoor
83580,Equisetum arvense,ForestWetPoor
83581,Equisetum arvense,ForestWetPoor
83582,Equisetum arvense,ForestWetPoor
83583,Equisetum arvense,ForestWetPoor
83584,Equisetum arvense,ForestWetPoor
83585,Equisetum arvense,ForestWetPoor
83586,Equisetum arvense,ForestWetPoor
83587,Equisetum arvense,ForestWetPoor
83588,Equisetum arvense,ForestWetPoor
83589,Equisetum arvense,ForestWetPoor
83590,Equisetum arvense,ForestWetPoor
83591,Equisetum arvense,ForestWetPoor
83592,Equisetum arvense,ForestWetPoor
83593,Equisetum arvense,ForestWetPoor
83594,Equisetum arvense,ForestWetPoor
83595,Equisetum arvense,ForestWetPoor
83596,Equisetum arvense,ForestWetPoor
83597,Equisetum arvense,ForestWetPoor
84139,Equisetum arvense,ForestWetPoor
84140,Equisetum arvense,ForestWetPoor
84141,Equisetum arvense,ForestWetPoor
84142,Equisetum arvense,ForestWetPoor
84143,Equisetum arvense,ForestWetPoor
84144,Equisetum arvense,ForestWetPoor
84145,Equisetum arvense,ForestWetPoor
84146,Equisetum arvense,ForestWetPoor
84147,Equisetum arvense,ForestWetPoor
84148,Equisetum arvense,ForestWetPoor
84149,Equisetum arvense,ForestWetPoor
84150,Equisetum arvense,ForestWetPoor
84151,Equisetum arvense,ForestWetPoor
84152,Equisetum arvense,ForestWetPoor
84153,Equisetum arvense,ForestWetPoor
84154,Equisetum arvense,ForestWetPoor
84155,Equisetum arvense,ForestWetPoor
84156,Equisetum arvense,ForestWetPoor
84157,Equisetum arvense,ForestWetPoor
84158,Equisetum arvense,ForestWetPoor
84159,Equisetum arvense,ForestWetPoor
84160,Equisetum arvense,ForestWetPoor
84161,Equisetum arvense,ForestWetPoor
84162,Equisetum arvense,ForestWetPoor
84163,Equisetum arvense,ForestWetPoor
84164,Equisetum arvense,ForestWetPoor
84165,Equisetum arvense,ForestWetPoor
84166,Equisetum arvense,ForestWetPoor
84167,Equisetum arvense,ForestWetPoor
84168,Equisetum arvense,ForestWetPoor
84169,Equisetum arvense,ForestWetPoor
84170,Equisetum arvense,ForestWetPoor
84171,Equisetum arvense,ForestWetPoor
84172,Equisetum arvense,ForestWetPoor
84173,Equisetum arvense,ForestWetPoor
84174,Equisetum arvense,ForestWetPoor
84175,Equisetum arvense,ForestWetPoor
84176,Equisetum arvense,ForestWetPoor
84177,Equisetum arvense,ForestWetPoor
84178,Equisetum arvense,ForestWetPoor
84179,Equisetum arvense,ForestWetPoor
84180,Equisetum arvense,ForestWetPoor
84181,Equisetum arvense,ForestWetPoor
84182,Equisetum arvense,ForestWetPoor
84183,Equisetum arvense,ForestWetPoor
84184,Equisetum arvense,ForestWetPoor
84185,Equisetum arvense,ForestWetPoor
84186,Equisetum arvense,ForestWetPoor
84187,Equisetum arvense,ForestWetPoor
84188,Equisetum arvense,ForestWetPoor
84189,Equisetum arvense,ForestWetPoor
84190,Equisetum arvense,ForestWetPoor
84191,Equisetum arvense,ForestWetPoor
84192,Equisetum arvense,ForestWetPoor
84193,Equisetum arvense,ForestWetPoor
84194,Equisetum arvense,ForestWetPoor
84195,Equisetum arvense,ForestWetPoor
84196,Equisetum arvense,ForestWetPoor
84738,Equisetum arvense,ForestWetPoor
84739,Equisetum arvense,ForestWetPoor
84740,Equisetum arvense,ForestWetPoor
84741,Equisetum arvense,ForestWetPoor
84742,Equisetum arvense,ForestWetPoor
84743,Equisetum arvense,ForestWetPoor
84744,Equisetum arvense,ForestWetPoor
84745,Equisetum arvense,ForestWetPoor
84746,Equisetum arvense,ForestWetPoor
84747,Equisetum arvense,ForestWetPoor
84748,Equisetum arvense,ForestWetPoor
84749,Equisetum arvense,ForestWetPoor
84750,Equisetum arvense,ForestWetPoor
84751,Equisetum arvense,ForestWetPoor
84752,Equisetum arvense,ForestWetPoor
84753,Equisetum arvense,ForestWetPoor
84754,Equisetum arvense,ForestWetPoor
84755,Equisetum arvense,ForestWetPoor
84756,Equisetum arvense,ForestWetPoor
84757,Equisetum arvense,ForestWetPoor
84758,Equisetum arvense,ForestWetPoor
84759,Equisetum arvense,ForestWetPoor
84760,Equisetum arvense,ForestWetPoor
84761,Equisetum arvense,ForestWetPoor
84762,Equisetum arvense,ForestWetPoor
84763,Equisetum arvense,ForestWetPoor
84764,Equisetum arvense,ForestWetPoor
84765,Equisetum arvense,ForestWetPoor
84766,Equisetum arvense,ForestWetPoor
84767,Equisetum arvense,ForestWetPoor
84768,Equisetum arvense,ForestWetPoor
84769,Equisetum arvense,ForestWetPoor
84770,Equisetum arvense,ForestWetPoor
84771,Equisetum arvense,ForestWetPoor
84772,Equisetum arvense,ForestWetPoor
84773,Equisetum arvense,ForestWetPoor
84774,Equisetum arvense,ForestWetPoor
84775,Equisetum arvense,ForestWetPoor
84776,Equisetum arvense,ForestWetPoor
84777,Equisetum arvense,ForestWetPoor
84778,Equisetum arvense,ForestWetPoor
84779,Equisetum arvense,ForestWetPoor
84780,Equisetum arvense,ForestWetPoor
84781,Equisetum arvense,ForestWetPoor
84782,Equisetum arvense,ForestWetPoor
84783,Equisetum arvense,ForestWetPoor
84784,Equisetum arvense,ForestWetPoor
84785,Equisetum arvense,ForestWetPoor
84786,Equisetum arvense,ForestWetPoor
84787,Equisetum arvense,ForestWetPoor
84788,Equisetum arvense,ForestWetPoor
84789,Equisetum arvense,ForestWetPoor
84790,Equisetum arvense,ForestWetPoor
84791,Equisetum arvense,ForestWetPoor
84792,Equisetum arvense,ForestWetPoor
84793,Equisetum arvense,ForestWetPoor
84794,Equisetum arvense,ForestWetPoor
84795,Equisetum arvense,ForestWetPoor
85336,Equisetum arvense,ForestWetPoor
85337,Equisetum arvense,ForestWetPoor
85338,Equisetum arvense,ForestWetPoor
85339,Equisetum arvense,ForestWetPoor
85340,Equisetum arvense,ForestWetPoor
85341,Equisetum arvense,ForestWetPoor
85342,Equisetum arvense,ForestWetPoor
85343,Equisetum arvense,ForestWetPoor
85344,Equisetum arvense,ForestWetPoor
85345,Equisetum arvense,ForestWetPoor
85346,Equisetum arvense,ForestWetPoor
85347,Equisetum arvense,ForestWetPoor
85348,Equisetum arvense,ForestWetPoor
85349,Equisetum arvense,ForestWetPoor
85350,Equisetum arvense,ForestWetPoor
85351,Equisetum arvense,ForestWetPoor
85352,Equisetum arvense,ForestWetPoor
85353,Equisetum arvense,ForestWetPoor
85354,Equisetum arvense,ForestWetPoor
85355,Equisetum arvense,ForestWetPoor
85356,Equisetum arvense,ForestWetPoor
85357,Equisetum arvense,ForestWetPoor
85358,Equisetum arvense,ForestWetPoor
85359,Equisetum arvense,ForestWetPoor
85360,Equisetum arvense,ForestWetPoor
85361,Equisetum arvense,ForestWetPoor
85362,Equisetum arvense,ForestWetPoor
85363,Equisetum arvense,ForestWetPoor
85364,Equisetum arvense,ForestWetPoor
85365,Equisetum arvense,ForestWetPoor
85366,Equisetum arvense,ForestWetPoor
85367,Equisetum arvense,ForestWetPoor
85368,Equisetum arvense,ForestWetPoor
85369,Equisetum arvense,ForestWetPoor
85370,Equisetum arvense,ForestWetPoor
85371,Equisetum arvense,ForestWetPoor
85372,Equisetum arvense,ForestWetPoor
85373,Equisetum arvense,ForestWetPoor
85374,Equisetum arvense,ForestWetPoor
85375,Equisetum arvense,ForestWetPoor
85376,Equisetum arvense,ForestWetPoor
85377,Equisetum arvense,ForestWetPoor
85378,Equisetum arvense,ForestWetPoor
85379,Equisetum arvense,ForestWetPoor
85380,Equisetum arvense,ForestWetPoor
85381,Equisetum arvense,ForestWetPoor
85382,Equisetum arvense,ForestWetPoor
85383,Equisetum arvense,ForestWetPoor
85384,Equisetum arvense,ForestWetPoor
85385,Equisetum arvense,ForestWetPoor
85386,Equisetum arvense,ForestWetPoor
85387,Equisetum arvense,ForestWetPoor
85388,Equisetum arvense,ForestWetPoor
85389,Equisetum arvense,ForestWetPoor
85390,Equisetum arvense,ForestWetPoor
85391,Equisetum arvense,ForestWetPoor
85392,Equisetum arvense,ForestWetPoor
85393,Equisetum arvense,ForestWetPoor
85394,Equisetum arvense,ForestWetPoor
85934,Equisetum arvense,ForestWetPoor
85935,Equisetum arvense,ForestWetPoor
85936,Equisetum arvense,ForestWetPoor
85937,Equisetum arvense,ForestWetPoor
85938,Equisetum arvense,ForestWetPoor
85939,Equisetum arvense,ForestWetPoor
85940,Equisetum arvense,ForestWetPoor
85941,Equisetum arvense,ForestWetPoor
85942,Equisetum arvense,ForestWetPoor
85943,Equisetum arvense,ForestWetPoor
85944,Equisetum arvense,ForestWetPoor
85945,Equisetum arvense,ForestWetPoor
85946,Equisetum arvense,ForestWetPoor
85947,Equisetum arvense,ForestWetPoor
85948,Equisetum arvense,ForestWetPoor
85949,Equisetum arvense,ForestWetPoor
85950,Equisetum arvense,ForestWetPoor
85951,Equisetum arvense,ForestWetPoor
85952,Equisetum arvense,ForestWetPoor
85953,Equisetum arvense,ForestWetPoor
85954,Equisetum arvense,ForestWetPoor
85955,Equisetum arvense,ForestWetPoor
85956,Equisetum arvense,ForestWetPoor
85957,Equisetum arvense,ForestWetPoor
85958,Equisetum arvense,ForestWetPoor
85959,Equisetum arvense,ForestWetPoor
85960,Equisetum arvense,ForestWetPoor
85961,Equisetum arvense,ForestWetPoor
85962,Equisetum arvense,ForestWetPoor
85963,Equisetum arvense,ForestWetPoor
85964,Equisetum arvense,ForestWetPoor
85965,Equisetum arvense,ForestWetPoor
85966,Equisetum arvense,ForestWetPoor
85967,Equisetum arvense,ForestWetPoor
85968,Equisetum arvense,ForestWetPoor
85969,Equisetum arvense,ForestWetPoor
85970,Equisetum arvense,ForestWetPoor
85971,Equisetum arvense,ForestWetPoor
85972,Equisetum arvense,ForestWetPoor
85973,Equisetum arvense,ForestWetPoor
85974,Equisetum arvense,ForestWetPoor
85975,Equisetum arvense,ForestWetPoor
85976,Equisetum arvense,ForestWetPoor
85977,Equisetum arvense,ForestWetPoor
85978,Equisetum arvense,ForestWetPoor
85979,Equisetum arvense,ForestWetPoor
85980,Equisetum arvense,ForestWetPoor
85981,Equisetum arvense,ForestWetPoor
85982,Equisetum arvense,ForestWetPoor
85983,Equisetum arvense,ForestWetPoor
85984,Equisetum arvense,ForestWetPoor
85985,Equisetum arvense,ForestWetPoor
85986,Equisetum arvense,ForestWetPoor
85987,Equisetum arvense,ForestWetPoor
85988,Equisetum arvense,ForestWetPoor
85989,Equisetum arvense,ForestWetPoor
85990,Equisetum arvense,ForestWetPoor
85991,Equisetum arvense,ForestWetPoor
85992,Equisetum arvense,ForestWetPoor
85993,Equisetum arvense,ForestWetPoor
86533,Equisetum arvense,ForestWetPoor
86534,Equisetum arvense,ForestWetPoor
86535,Equisetum arvense,ForestWetPoor
86536,Equisetum arvense,ForestWetPoor
86537,Equisetum arvense,ForestWetPoor
86538,Equisetum arvense,ForestWetPoor
86539,Equisetum arvense,ForestWetPoor
86540,Equisetum arvense,ForestWetPoor
86541,Equisetum arvense,ForestWetPoor
86542,Equisetum arvense,ForestWetPoor
86543,Equisetum arvense,ForestWetPoor
86544,Equisetum arvense,ForestWetPoor
86545,Equisetum arvense,ForestWetPoor
86546,Equisetum arvense,ForestWetPoor
86547,Equisetum arvense,ForestWetPoor
86548,Equisetum arvense,ForestWetPoor
86549,Equisetum arvense,ForestWetPoor
86550,Equisetum arvense,ForestWetPoor
86551,Equisetum arvense,ForestWetPoor
86552,Equisetum arvense,ForestWetPoor
86553,Equisetum arvense,ForestWetPoor
86554,Equisetum arvense,ForestWetPoor
86555,Equisetum arvense,ForestWetPoor
86556,Equisetum arvense,ForestWetPoor
86557,Equisetum arvense,ForestWetPoor
86558,Equisetum arvense,ForestWetPoor
86559,Equisetum arvense,ForestWetPoor
86560,Equisetum arvense,ForestWetPoor
86561,Equisetum arvense,ForestWetPoor
86562,Equisetum arvense,ForestWetPoor
86563,Equisetum arvense,ForestWetPoor
86564,Equisetum arvense,ForestWetPoor
86565,Equisetum arvense,ForestWetPoor
86566,Equisetum arvense,ForestWetPoor
86567,Equisetum arvense,ForestWetPoor
86568,Equisetum arvense,ForestWetPoor
86569,Equisetum arvense,ForestWetPoor
86570,Equisetum arvense,ForestWetPoor
86571,Equisetum arvense,ForestWetPoor
86572,Equisetum arvense,ForestWetPoor
86573,Equisetum arvense,ForestWetPoor
86574,Equisetum arvense,ForestWetPoor
86575,Equisetum arvense,ForestWetPoor
86576,Equisetum arvense,ForestWetPoor
86577,Equisetum arvense,ForestWetPoor
86578,Equisetum arvense,ForestWetPoor
86579,Equisetum arvense,ForestWetPoor
86580,Equisetum arvense,ForestWetPoor
86581,Equisetum arvense,ForestWetPoor
86582,Equisetum arvense,ForestWetPoor
86583,Equisetum arvense,ForestWetPoor
86584,Equisetum arvense,ForestWetPoor
86585,Equisetum arvense,ForestWetPoor
86586,Equisetum arvense,ForestWetPoor
86587,Equisetum arvense,ForestWetPoor
86588,Equisetum arvense,ForestWetPoor
86589,Equisetum arvense,ForestWetPoor
86590,Equisetum arvense,ForestWetPoor
86591,Equisetum arvense,ForestWetPoor
86592,Equisetum arvense,ForestWetPoor
86593,Equisetum arvense,ForestWetPoor
86594,Equisetum arvense,ForestWetPoor
86595,Equisetum arvense,ForestWetPoor
86596,Equisetum arvense,ForestWetPoor
86597,Equisetum arvense,ForestWetPoor
86598,Equisetum arvense,ForestWetPoor
86599,Equisetum arvense,ForestWetPoor
86600,Equisetum arvense,ForestWetPoor
86601,Equisetum arvense,ForestWetPoor
86602,Equisetum arvense,ForestWetPoor
86603,Equisetum arvense,ForestWetPoor
86604,Equisetum arvense,ForestWetPoor
86605,Equisetum arvense,ForestWetPoor
86606,Equisetum arvense,ForestWetPoor
86607,Equisetum arvense,ForestWetPoor
86608,Equisetum arvense,ForestWetPoor
86609,Equisetum arvense,ForestWetPoor
86610,Equisetum arvense,ForestWetPoor
86611,Equisetum arvense,ForestWetPoor
86612,Equisetum arvense,ForestWetPoor
87132,Equisetum arvense,ForestWetPoor
87133,Equisetum arvense,ForestWetPoor
87134,Equisetum arvense,ForestWetPoor
87135,Equisetum arvense,ForestWetPoor
87136,Equisetum arvense,ForestWetPoor
87137,Equisetum arvense,ForestWetPoor
87138,Equisetum arvense,ForestWetPoor
87139,Equisetum arvense,ForestWetPoor
87140,Equisetum arvense,ForestWetPoor
87141,Equisetum arvense,ForestWetPoor
87142,Equisetum arvense,ForestWetPoor
87143,Equisetum arvense,ForestWetPoor
87144,Equisetum arvense,ForestWetPoor
87145,Equisetum arvense,ForestWetPoor
87146,Equisetum arvense,ForestWetPoor
87147,Equisetum arvense,ForestWetPoor
87148,Equisetum arvense,ForestWetPoor
87149,Equisetum arvense,ForestWetPoor
87150,Equisetum arvense,ForestWetPoor
87151,Equisetum arvense,ForestWetPoor
87152,Equisetum arvense,ForestWetPoor
87153,Equisetum arvense,ForestWetPoor
87154,Equisetum arvense,ForestWetPoor
87155,Equisetum arvense,ForestWetPoor
87156,Equisetum arvense,ForestWetPoor
87157,Equisetum arvense,ForestWetPoor
87158,Equisetum arvense,ForestWetPoor
87159,Equisetum arvense,ForestWetPoor
87160,Equisetum arvense,ForestWetPoor
87161,Equisetum arvense,ForestWetPoor
87162,Equisetum arvense,ForestWetPoor
87163,Equisetum arvense,ForestWetPoor
87164,Equisetum arvense,ForestWetPoor
87165,Equisetum arvense,ForestWetPoor
87166,Equisetum arvense,ForestWetPoor
87167,Equisetum arvense,ForestWetPoor
87168,Equisetum arvense,ForestWetPoor
87169,Equisetum arvense,ForestWetPoor
87170,Equisetum arvense,ForestWetPoor
87171,Equisetum arvense,ForestWetPoor
87172,Equisetum arvense,ForestWetPoor
87173,Equisetum arvense,ForestWetPoor
87174,Equisetum arvense,ForestWetPoor
87175,Equisetum arvense,ForestWetPoor
87176,Equisetum arvense,ForestWetPoor
87177,Equisetum arvense,ForestWetPoor
87178,Equisetum arvense,ForestWetPoor
87179,Equisetum arvense,ForestWetPoor
87180,Equisetum arvense,ForestWetPoor
87181,Equisetum arvense,ForestWetPoor
87182,Equisetum arvense,ForestWetPoor
87183,Equisetum arvense,ForestWetPoor
87184,Equisetum arvense,ForestWetPoor
87185,Equisetum arvense,ForestWetPoor
87186,Equisetum arvense,ForestWetPoor
87187,Equisetum arvense,ForestWetPoor
87188,Equisetum arvense,ForestWetPoor
87189,Equisetum arvense,ForestWetPoor
87190,Equisetum arvense,ForestWetPoor
87191,Equisetum arvense,ForestWetPoor
87192,Equisetum arvense,ForestWetPoor
87193,Equisetum arvense,ForestWetPoor
87194,Equisetum arvense,ForestWetPoor
87195,Equisetum arvense,ForestWetPoor
87196,Equisetum arvense,ForestWetPoor
87197,Equisetum arvense,ForestWetPoor
87198,Equisetum arvense,ForestWetPoor
87199,Equisetum arvense,ForestWetPoor
87200,Equisetum arvense,ForestWetPoor
87201,Equisetum arvense,ForestWetPoor
87202,Equisetum arvense,ForestWetPoor
87203,Equisetum arvense,ForestWetPoor
87204,Equisetum arvense,ForestWetPoor
87205,Equisetum arvense,ForestWetPoor
87206,Equisetum arvense,ForestWetPoor
87207,Equisetum arvense,ForestWetPoor
87208,Equisetum arvense,ForestWetPoor
87209,Equisetum arvense,ForestWetPoor
87210,Equisetum arvense,ForestWetPoor
87211,Equisetum arvense,ForestWetPoor
87212,Equisetum arvense,ForestWetPoor
87731,Equisetum arvense,ForestWetPoor
87732,Equisetum arvense,ForestWetPoor
87733,Equisetum arvense,ForestWetPoor
87734,Equisetum arvense,ForestWetPoor
87735,Equisetum arvense,ForestWetPoor
87736,Equisetum arvense,ForestWetPoor
87737,Equisetum arvense,ForestWetPoor
87738,Equisetum arvense,ForestWetPoor
87739,Equisetum arvense,ForestWetPoor
87740,Equisetum arvense,ForestWetPoor
87741,Equisetum arvense,ForestWetPoor
87742,Equisetum arvense,ForestWetPoor
87743,Equisetum arvense,ForestWetPoor
87744,Equisetum arvense,ForestWetPoor
87745,Equisetum arvense,ForestWetPoor
87746,Equisetum arvense,ForestWetPoor
87747,Equisetum arvense,ForestWetPoor
87748,Equisetum arvense,ForestWetPoor
87749,Equisetum arvense,ForestWetPoor
87750,Equisetum arvense,ForestWetPoor
87751,Equisetum arvense,ForestWetPoor
87752,Equisetum arvense,ForestWetPoor
87753,Equisetum arvense,ForestWetPoor
87754,Equisetum arvense,ForestWetPoor
87755,Equisetum arvense,ForestWetPoor
87756,Equisetum arvense,ForestWetPoor
87757,Equisetum arvense,ForestWetPoor
87758,Equisetum arvense,ForestWetPoor
87759,Equisetum arvense,ForestWetPoor
87760,Equisetum arvense,ForestWetPoor
87761,Equisetum arvense,ForestWetPoor
87762,Equisetum arvense,ForestWetPoor
87763,Equisetum arvense,ForestWetPoor
87764,Equisetum arvense,ForestWetPoor
87765,Equisetum arvense,ForestWetPoor
87766,Equisetum arvense,ForestWetPoor
87767,Equisetum arvense,ForestWetPoor
87768,Equisetum arvense,ForestWetPoor
87769,Equisetum arvense,ForestWetPoor
87770,Equisetum arvense,ForestWetPoor
87771,Equisetum arvense,ForestWetPoor
87772,Equisetum arvense,ForestWetPoor
87773,Equisetum arvense,ForestWetPoor
87774,Equisetum arvense,ForestWetPoor
87775,Equisetum arvense,ForestWetPoor
87776,Equisetum arvense,ForestWetPoor
87777,Equisetum arvense,ForestWetPoor
87778,Equisetum arvense,ForestWetPoor
87779,Equisetum arvense,ForestWetPoor
87780,Equisetum arvense,ForestWetPoor
87781,Equisetum arvense,ForestWetPoor
87782,Equisetum arvense,ForestWetPoor
87783,Equisetum arvense,ForestWetPoor
87784,Equisetum arvense,ForestWetPoor
87785,Equisetum arvense,ForestWetPoor
87786,Equisetum arvense,ForestWetPoor
87787,Equisetum arvense,ForestWetPoor
87788,Equisetum arvense,ForestWetPoor
87789,Equisetum arvense,ForestWetPoor
87790,Equisetum arvense,ForestWetPoor
87791,Equisetum arvense,ForestWetPoor
87792,Equisetum arvense,ForestWetPoor
87793,Equisetum arvense,ForestWetPoor
87794,Equisetum arvense,ForestWetPoor
87795,Equisetum arvense,ForestWetPoor
87796,Equisetum arvense,ForestWetPoor
87797,Equisetum arvense,ForestWetPoor
87798,Equisetum arvense,ForestWetPoor
87799,Equisetum arvense,ForestWetPoor
87800,Equisetum arvense,ForestWetPoor
87801,Equisetum arvense,ForestWetPoor
87802,Equisetum arvense,ForestWetPoor
87803,Equisetum arvense,ForestWetPoor
87804,Equisetum arvense,ForestWetPoor
87805,Equisetum arvense,ForestWetPoor
87806,Equisetum arvense,ForestWetPoor
87807,Equisetum arvense,ForestWetPoor
87808,Equisetum arvense,ForestWetPoor
87809,Equisetum arvense,ForestWetPoor
87810,Equisetum arvense,ForestWetPoor
87811,Equisetum arvense,ForestWetPoor
88330,Equisetum arvense,ForestWetPoor
88331,Equisetum arvense,ForestWetPoor
88332,Equisetum arvense,ForestWetPoor
88333,Equisetum arvense,ForestWetPoor
88334,Equisetum arvense,ForestWetPoor
88335,Equisetum arvense,ForestWetPoor
88336,Equisetum arvense,ForestWetPoor
88337,Equisetum arvense,ForestWetPoor
88338,Equisetum arvense,ForestWetPoor
88339,Equisetum arvense,ForestWetPoor
88340,Equisetum arvense,ForestWetPoor
88341,Equisetum arvense,ForestWetPoor
88342,Equisetum arvense,ForestWetPoor
88343,Equisetum arvense,ForestWetPoor
88344,Equisetum arvense,ForestWetPoor
88345,Equisetum arvense,ForestWetPoor
88346,Equisetum arvense,ForestWetPoor
88347,Equisetum arvense,ForestWetPoor
88348,Equisetum arvense,ForestWetPoor
88349,Equisetum arvense,ForestWetPoor
88350,Equisetum arvense,ForestWetPoor
88351,Equisetum arvense,ForestWetPoor
88352,Equisetum arvense,ForestWetPoor
88353,Equisetum arvense,ForestWetPoor
88354,Equisetum arvense,ForestWetPoor
88355,Equisetum arvense,ForestWetPoor
88356,Equisetum arvense,ForestWetPoor
88357,Equisetum arvense,ForestWetPoor
88358,Equisetum arvense,ForestWetPoor
88359,Equisetum arvense,ForestWetPoor
88360,Equisetum arvense,ForestWetPoor
88361,Equisetum arvense,ForestWetPoor
88362,Equisetum arvense,ForestWetPoor
88363,Equisetum arvense,ForestWetPoor
88364,Equisetum arvense,ForestWetPoor
88365,Equisetum arvense,ForestWetPoor
88366,Equisetum arvense,ForestWetPoor
88367,Equisetum arvense,ForestWetPoor
88368,Equisetum arvense,ForestWetPoor
88369,Equisetum arvense,ForestWetPoor
88370,Equisetum arvense,ForestWetPoor
88371,Equisetum arvense,ForestWetPoor
88372,Equisetum arvense,ForestWetPoor
88373,Equisetum arvense,ForestWetPoor
88374,Equisetum arvense,ForestWetPoor
88375,Equisetum arvense,ForestWetPoor
88376,Equisetum arvense,ForestWetPoor
88377,Equisetum arvense,ForestWetPoor
88378,Equisetum arvense,ForestWetPoor
88379,Equisetum arvense,ForestWetPoor
88380,Equisetum arvense,ForestWetPoor
88381,Equisetum arvense,ForestWetPoor
88382,Equisetum arvense,ForestWetPoor
88383,Equisetum arvense,ForestWetPoor
88384,Equisetum arvense,ForestWetPoor
88385,Equisetum arvense,ForestWetPoor
88386,Equisetum arvense,ForestWetPoor
88387,Equisetum arvense,ForestWetPoor
88388,Equisetum arvense,ForestWetPoor
88389,Equisetum arvense,ForestWetPoor
88390,Equisetum arvense,ForestWetPoor
88391,Equisetum arvense,ForestWetPoor
88392,Equisetum arvense,ForestWetPoor
88393,Equisetum arvense,ForestWetPoor
88394,Equisetum arvense,ForestWetPoor
88395,Equisetum arvense,ForestWetPoor
88396,Equisetum arvense,ForestWetPoor
88397,Equisetum arvense,ForestWetPoor
88398,Equisetum arvense,ForestWetPoor
88399,Equisetum arvense,ForestWetPoor
88400,Equisetum arvense,ForestWetPoor
88401,Equisetum arvense,ForestWetPoor
88402,Equisetum arvense,ForestWetPoor
88403,Equisetum arvense,ForestWetPoor
88404,Equisetum arvense,ForestWetPoor
88405,Equisetum arvense,ForestWetPoor
88406,Equisetum arvense,ForestWetPoor
88407,Equisetum arvense,ForestWetPoor
88408,Equisetum arvense,ForestWetPoor
88409,Equisetum arvense,ForestWetPoor
88410,Equisetum arvense,ForestWetPoor
88411,Equisetum arvense,ForestWetPoor
88929,Equisetum arvense,ForestWetPoor
88930,Equisetum arvense,ForestWetPoor
88931,Equisetum arvense,ForestWetPoor
88932,Equisetum arvense,ForestWetPoor
88933,Equisetum arvense,ForestWetPoor
88934,Equisetum arvense,ForestWetPoor
88935,Equisetum arvense,ForestWetPoor
88936,Equisetum arvense,ForestWetPoor
88937,Equisetum arvense,ForestWetPoor
88938,Equisetum arvense,ForestWetPoor
88939,Equisetum arvense,ForestWetPoor
88940,Equisetum arvense,ForestWetPoor
88941,Equisetum arvense,ForestWetPoor
88942,Equisetum arvense,ForestWetPoor
88943,Equisetum arvense,ForestWetPoor
88944,Equisetum arvense,ForestWetPoor
88945,Equisetum arvense,ForestWetPoor
88946,Equisetum arvense,ForestWetPoor
88947,Equisetum arvense,ForestWetPoor
88948,Equisetum arvense,ForestWetPoor
88949,Equisetum arvense,ForestWetPoor
88950,Equisetum arvense,ForestWetPoor
88951,Equisetum arvense,ForestWetPoor
88952,Equisetum arvense,ForestWetPoor
88953,Equisetum arvense,ForestWetPoor
88954,Equisetum arvense,ForestWetPoor
88955,Equisetum arvense,ForestWetPoor
88956,Equisetum arvense,ForestWetPoor
88957,Equisetum arvense,ForestWetPoor
88958,Equisetum arvense,ForestWetPoor
88959,Equisetum arvense,ForestWetPoor
88960,Equisetum arvense,ForestWetPoor
88961,Equisetum arvense,ForestWetPoor
88962,Equisetum arvense,ForestWetPoor
88963,Equisetum arvense,ForestWetPoor
88964,Equisetum arvense,ForestWetPoor
88965,Equisetum arvense,ForestWetPoor
88966,Equisetum arvense,ForestWetPoor
88967,Equisetum arvense,ForestWetPoor
88968,Equisetum arvense,ForestWetPoor
88969,Equisetum arvense,ForestWetPoor
88970,Equisetum arvense,ForestWetPoor
88971,Equisetum arvense,ForestWetPoor
88972,Equisetum arvense,ForestWetPoor
88973,Equisetum arvense,ForestWetPoor
88974,Equisetum arvense,ForestWetPoor
88975,Equisetum arvense,ForestWetPoor
88976,Equisetum arvense,ForestWetPoor
88977,Equisetum arvense,ForestWetPoor
88978,Equisetum arvense,ForestWetPoor
88979,Equisetum arvense,ForestWetPoor
88980,Equisetum arvense,ForestWetPoor
88981,Equisetum arvense,ForestWetPoor
88982,Equisetum arvense,ForestWetPoor
88983,Equisetum arvense,ForestWetPoor
88984,Equisetum arvense,ForestWetPoor
88985,Equisetum arvense,ForestWetPoor
88986,Equisetum arvense,ForestWetPoor
88987,Equisetum arvense,ForestWetPoor
88988,Equisetum arvense,ForestWetPoor
88989,Equisetum arvense,ForestWetPoor
88990,Equisetum arvense,ForestWetPoor
88991,Equisetum arvense,ForestWetPoor
88992,Equisetum arvense,ForestWetPoor
88993,Equisetum arvense,ForestWetPoor
88994,Equisetum arvense,ForestWetPoor
88995,Equisetum arvense,ForestWetPoor
88996,Equisetum arvense,ForestWetPoor
88997,Equisetum arvense,ForestWetPoor
88998,Equisetum arvense,ForestWetPoor
88999,Equisetum arvense,ForestWetPoor
89000,Equisetum arvense,ForestWetPoor
89001,Equisetum arvense,ForestWetPoor
89002,Equisetum arvense,ForestWetPoor
89003,Equisetum arvense,ForestWetPoor
89004,Equisetum arvense,ForestWetPoor
89005,Equisetum arvense,ForestWetPoor
89006,Equisetum arvense,ForestWetPoor
89007,Equisetum arvense,ForestWetPoor
89008,Equisetum arvense,ForestWetPoor
89009,Equisetum arvense,ForestWetPoor
89010,Equisetum arvense,ForestWetPoor
89011,Equisetum arvense,ForestWetPoor
89528,Equisetum arvense,ForestWetPoor
89529,Equisetum arvense,ForestWetPoor
89530,Equisetum arvense,ForestWetPoor
89531,Equisetum arvense,ForestWetPoor
89532,Equisetum arvense,ForestWetPoor
89533,Equisetum arvense,ForestWetPoor
89534,Equisetum arvense,ForestWetPoor
89535,Equisetum arvense,ForestWetPoor
89536,Equisetum arvense,ForestWetPoor
89537,Equisetum arvense,ForestWetPoor
89538,Equisetum arvense,ForestWetPoor
89539,Equisetum arvense,ForestWetPoor
89540,Equisetum arvense,ForestWetPoor
89541,Equisetum arvense,ForestWetPoor
89542,Equisetum arvense,ForestWetPoor
89543,Equisetum arvense,ForestWetPoor
89544,Equisetum arvense,ForestWetPoor
89545,Equisetum arvense,ForestWetPoor
89546,Equisetum arvense,ForestWetPoor
89547,Equisetum arvense,ForestWetPoor
89548,Equisetum arvense,ForestWetPoor
89549,Equisetum arvense,ForestWetPoor
89550,Equisetum arvense,ForestWetPoor
89551,Equisetum arvense,ForestWetPoor
89552,Equisetum arvense,ForestWetPoor
89553,Equisetum arvense,ForestWetPoor
89554,Equisetum arvense,ForestWetPoor
89555,Equisetum arvense,ForestWetPoor
89556,Equisetum arvense,ForestWetPoor
89557,Equisetum arvense,ForestWetPoor
89558,Equisetum arvense,ForestWetPoor
89559,Equisetum arvense,ForestWetPoor
89560,Equisetum arvense,ForestWetPoor
89561,Equisetum arvense,ForestWetPoor
89562,Equisetum arvense,ForestWetPoor
89563,Equisetum arvense,ForestWetPoor
89564,Equisetum arvense,ForestWetPoor
89565,Equisetum arvense,ForestWetPoor
89566,Equisetum arvense,ForestWetPoor
89567,Equisetum arvense,ForestWetPoor
89568,Equisetum arvense,ForestWetPoor
89569,Equisetum arvense,ForestWetPoor
89570,Equisetum arvense,ForestWetPoor
89571,Equisetum arvense,ForestWetPoor
89572,Equisetum arvense,ForestWetPoor
89573,Equisetum arvense,ForestWetPoor
89574,Equisetum arvense,ForestWetPoor
89575,Equisetum arvense,ForestWetPoor
89576,Equisetum arvense,ForestWetPoor
89577,Equisetum arvense,ForestWetPoor
89578,Equisetum arvense,ForestWetPoor
89579,Equisetum arvense,ForestWetPoor
89580,Equisetum arvense,ForestWetPoor
89581,Equisetum arvense,ForestWetPoor
89582,Equisetum arvense,ForestWetPoor
89583,Equisetum arvense,ForestWetPoor
89584,Equisetum arvense,ForestWetPoor
89585,Equisetum arvense,ForestWetPoor
89586,Equisetum arvense,ForestWetPoor
89587,Equisetum arvense,ForestWetPoor
89588,Equisetum arvense,ForestWetPoor
89589,Equisetum arvense,ForestWetPoor
89590,Equisetum arvense,ForestWetPoor
89591,Equisetum arvense,ForestWetPoor
89592,Equisetum arvense,ForestWetPoor
89593,Equisetum arvense,ForestWetPoor
89594,Equisetum arvense,ForestWetPoor
89595,Equisetum arvense,ForestWetPoor
89596,Equisetum arvense,ForestWetPoor
89597,Equisetum arvense,ForestWetPoor
89598,Equisetum arvense,ForestWetPoor
89599,Equisetum arvense,ForestWetPoor
89600,Equisetum arvense,ForestWetPoor
89601,Equisetum arvense,ForestWetPoor
89602,Equisetum arvense,ForestWetPoor
89603,Equisetum arvense,ForestWetPoor
89604,Equisetum arvense,ForestWetPoor
89605,Equisetum arvense,ForestWetPoor
89606,Equisetum arvense,ForestWetPoor
89607,Equisetum arvense,ForestWetPoor
89608,Equisetum arvense,ForestWetPoor
89609,Equisetum arvense,ForestWetPoor
89610,Equisetum arvense,ForestWetPoor
90127,Equisetum arvense,ForestWetPoor
90128,Equisetum arvense,ForestWetPoor
90129,Equisetum arvense,ForestWetPoor
90130,Equisetum arvense,ForestWetPoor
90131,Equisetum arvense,ForestWetPoor
90132,Equisetum arvense,ForestWetPoor
90133,Equisetum arvense,ForestWetPoor
90134,Equisetum arvense,ForestWetPoor
90135,Equisetum arvense,ForestWetPoor
90136,Equisetum arvense,ForestWetPoor
90137,Equisetum arvense,ForestWetPoor
90138,Equisetum arvense,ForestWetPoor
90139,Equisetum arvense,ForestWetPoor
90140,Equisetum arvense,ForestWetPoor
90141,Equisetum arvense,ForestWetPoor
90142,Equisetum arvense,ForestWetPoor
90143,Equisetum arvense,ForestWetPoor
90144,Equisetum arvense,ForestWetPoor
90145,Equisetum arvense,ForestWetPoor
90146,Equisetum arvense,ForestWetPoor
90147,Equisetum arvense,ForestWetPoor
90148,Equisetum arvense,ForestWetPoor
90149,Equisetum arvense,ForestWetPoor
90150,Equisetum arvense,ForestWetPoor
90151,Equisetum arvense,ForestWetPoor
90152,Equisetum arvense,ForestWetPoor
90153,Equisetum arvense,ForestWetPoor
90154,Equisetum arvense,ForestWetPoor
90155,Equisetum arvense,ForestWetPoor
90156,Equisetum arvense,ForestWetPoor
90157,Equisetum arvense,ForestWetPoor
90158,Equisetum arvense,ForestWetPoor
90159,Equisetum arvense,ForestWetPoor
90160,Equisetum arvense,ForestWetPoor
90161,Equisetum arvense,ForestWetPoor
90162,Equisetum arvense,ForestWetPoor
90163,Equisetum arvense,ForestWetPoor
90164,Equisetum arvense,ForestWetPoor
90165,Equisetum arvense,ForestWetPoor
90166,Equisetum arvense,ForestWetPoor
90167,Equisetum arvense,ForestWetPoor
90168,Equisetum arvense,ForestWetPoor
90169,Equisetum arvense,ForestWetPoor
90170,Equisetum arvense,ForestWetPoor
90171,Equisetum arvense,ForestWetPoor
90172,Equisetum arvense,ForestWetPoor
90173,Equisetum arvense,ForestWetPoor
90174,Equisetum arvense,ForestWetPoor
90175,Equisetum arvense,ForestWetPoor
90176,Equisetum arvense,ForestWetPoor
90177,Equisetum arvense,ForestWetPoor
90178,Equisetum arvense,ForestWetPoor
90179,Equisetum arvense,ForestWetPoor
90180,Equisetum arvense,ForestWetPoor
90181,Equisetum arvense,ForestWetPoor
90182,Equisetum arvense,ForestWetPoor
90183,Equisetum arvense,ForestWetPoor
90184,Equisetum arvense,ForestWetPoor
90185,Equisetum arvense,ForestWetPoor
90186,Equisetum arvense,ForestWetPoor
90187,Equisetum arvense,ForestWetPoor
90188,Equisetum arvense,ForestWetPoor
90189,Equisetum arvense,ForestWetPoor
90190,Equisetum arvense,ForestWetPoor
90191,Equisetum arvense,ForestWetPoor
90192,Equisetum arvense,ForestWetPoor
90193,Equisetum arvense,ForestWetPoor
90194,Equisetum arvense,ForestWetPoor
90195,Equisetum arvense,ForestWetPoor
90196,Equisetum arvense,ForestWetPoor
90197,Equisetum arvense,ForestWetPoor
90198,Equisetum arvense,ForestWetPoor
90199,Equisetum arvense,ForestWetPoor
90200,Equisetum arvense,ForestWetPoor
90201,Equisetum arvense,ForestWetPoor
90202,Equisetum arvense,ForestWetPoor
90203,Equisetum arvense,ForestWetPoor
90204,Equisetum arvense,ForestWetPoor
90205,Equisetum arvense,ForestWetPoor
90206,Equisetum arvense,ForestWetPoor
90207,Equisetum arvense,ForestWetPoor
90208,Equisetum arvense,ForestWetPoor
90209,Equisetum arvense,ForestWetPoor
90210,Equisetum arvense,ForestWetPoor
90726,Equisetum arvense,ForestWetPoor
90727,Equisetum arvense,ForestWetPoor
90728,Equisetum arvense,ForestWetPoor
90729,Equisetum arvense,ForestWetPoor
90730,Equisetum arvense,ForestWetPoor
90731,Equisetum arvense,ForestWetPoor
90732,Equisetum arvense,ForestWetPoor
90733,Equisetum arvense,ForestWetPoor
90734,Equisetum arvense,ForestWetPoor
90735,Equisetum arvense,ForestWetPoor
90736,Equisetum arvense,ForestWetPoor
90737,Equisetum arvense,ForestWetPoor
90738,Equisetum arvense,ForestWetPoor
90739,Equisetum arvense,ForestWetPoor
90740,Equisetum arvense,ForestWetPoor
90741,Equisetum arvense,ForestWetPoor
90742,Equisetum arvense,ForestWetPoor
90743,Equisetum arvense,ForestWetPoor
90744,Equisetum arvense,ForestWetPoor
90745,Equisetum arvense,ForestWetPoor
90746,Equisetum arvense,ForestWetPoor
90747,Equisetum arvense,ForestWetPoor
90748,Equisetum arvense,ForestWetPoor
90749,Equisetum arvense,ForestWetPoor
90750,Equisetum arvense,ForestWetPoor
90751,Equisetum arvense,ForestWetPoor
90752,Equisetum arvense,ForestWetPoor
90753,Equisetum arvense,ForestWetPoor
90754,Equisetum arvense,ForestWetPoor
90755,Equisetum arvense,ForestWetPoor
90756,Equisetum arvense,ForestWetPoor
90757,Equisetum arvense,ForestWetPoor
90758,Equisetum arvense,ForestWetPoor
90759,Equisetum arvense,ForestWetPoor
90760,Equisetum arvense,ForestWetPoor
90761,Equisetum arvense,ForestWetPoor
90762,Equisetum arvense,ForestWetPoor
90763,Equisetum arvense,ForestWetPoor
90764,Equisetum arvense,ForestWetPoor
90765,Equisetum arvense,ForestWetPoor
90766,Equisetum arvense,ForestWetPoor
90767,Equisetum arvense,ForestWetPoor
90768,Equisetum arvense,ForestWetPoor
90769,Equisetum arvense,ForestWetPoor
90770,Equisetum arvense,ForestWetPoor
90771,Equisetum arvense,ForestWetPoor
90772,Equisetum arvense,ForestWetPoor
90773,Equisetum arvense,ForestWetPoor
90774,Equisetum arvense,ForestWetPoor
90775,Equisetum arvense,ForestWetPoor
90776,Equisetum arvense,ForestWetPoor
90777,Equisetum arvense,ForestWetPoor
90778,Equisetum arvense,ForestWetPoor
90779,Equisetum arvense,ForestWetPoor
90780,Equisetum arvense,ForestWetPoor
90781,Equisetum arvense,ForestWetPoor
90782,Equisetum arvense,ForestWetPoor
90783,Equisetum arvense,ForestWetPoor
90784,Equisetum arvense,ForestWetPoor
90785,Equisetum arvense,ForestWetPoor
90786,Equisetum arvense,ForestWetPoor
90787,Equisetum arvense,ForestWetPoor
90788,Equisetum arvense,ForestWetPoor
90789,Equisetum arvense,ForestWetPoor
90790,Equisetum arvense,ForestWetPoor
90791,Equisetum arvense,ForestWetPoor
90792,Equisetum arvense,ForestWetPoor
90793,Equisetum arvense,ForestWetPoor
90794,Equisetum arvense,ForestWetPoor
90795,Equisetum arvense,ForestWetPoor
90796,Equisetum arvense,ForestWetPoor
90797,Equisetum arvense,ForestWetPoor
90798,Equisetum arvense,ForestWetPoor
90799,Equisetum arvense,ForestWetPoor
90800,Equisetum arvense,ForestWetPoor
90801,Equisetum arvense,ForestWetPoor
90802,Equisetum arvense,ForestWetPoor
90803,Equisetum arvense,ForestWetPoor
90804,Equisetum arvense,ForestWetPoor
90805,Equisetum arvense,ForestWetPoor
90806,Equisetum arvense,ForestWetPoor
90807,Equisetum arvense,ForestWetPoor
90808,Equisetum arvense,ForestWetPoor
90809,Equisetum arvense,ForestWetPoor
91325,Equisetum arvense,ForestWetPoor
91326,Equisetum arvense,ForestWetPoor
91327,Equisetum arvense,ForestWetPoor
91328,Equisetum arvense,ForestWetPoor
91329,Equisetum arvense,ForestWetPoor
91330,Equisetum arvense,ForestWetPoor
91331,Equisetum arvense,ForestWetPoor
91332,Equisetum arvense,ForestWetPoor
91333,Equisetum arvense,ForestWetPoor
91334,Equisetum arvense,ForestWetPoor
91335,Equisetum arvense,ForestWetPoor
91336,Equisetum arvense,ForestWetPoor
91337,Equisetum arvense,ForestWetPoor
91338,Equisetum arvense,ForestWetPoor
91339,Equisetum arvense,ForestWetPoor
91340,Equisetum arvense,ForestWetPoor
91341,Equisetum arvense,ForestWetPoor
91342,Equisetum arvense,ForestWetPoor
91343,Equisetum arvense,ForestWetPoor
91344,Equisetum arvense,ForestWetPoor
91345,Equisetum arvense,ForestWetPoor
91346,Equisetum arvense,ForestWetPoor
91347,Equisetum arvense,ForestWetPoor
91348,Equisetum arvense,ForestWetPoor
91349,Equisetum arvense,ForestWetPoor
91350,Equisetum arvense,ForestWetPoor
91351,Equisetum arvense,ForestWetPoor
91352,Equisetum arvense,ForestWetPoor
91353,Equisetum arvense,ForestWetPoor
91354,Equisetum arvense,ForestWetPoor
91355,Equisetum arvense,ForestWetPoor
91356,Equisetum arvense,ForestWetPoor
91357,Equisetum arvense,ForestWetPoor
91358,Equisetum arvense,ForestWetPoor
91359,Equisetum arvense,ForestWetPoor
91360,Equisetum arvense,ForestWetPoor
91361,Equisetum arvense,ForestWetPoor
91362,Equisetum arvense,ForestWetPoor
91363,Equisetum arvense,ForestWetPoor
91364,Equisetum arvense,ForestWetPoor
91365,Equisetum arvense,ForestWetPoor
91366,Equisetum arvense,ForestWetPoor
91367,Equisetum arvense,ForestWetPoor
91368,Equisetum arvense,ForestWetPoor
91369,Equisetum arvense,ForestWetPoor
91370,Equisetum arvense,ForestWetPoor
91371,Equisetum arvense,ForestWetPoor
91372,Equisetum arvense,ForestWetPoor
91373,Equisetum arvense,ForestWetPoor
91374,Equisetum arvense,ForestWetPoor
91375,Equisetum arvense,ForestWetPoor
91376,Equisetum arvense,ForestWetPoor
91377,Equisetum arvense,ForestWetPoor
91378,Equisetum arvense,ForestWetPoor
91379,Equisetum arvense,ForestWetPoor
91380,Equisetum arvense,ForestWetPoor
91381,Equisetum arvense,ForestWetPoor
91382,Equisetum arvense,ForestWetPoor
91383,Equisetum arvense,ForestWetPoor
91384,Equisetum arvense,ForestWetPoor
91385,Equisetum arvense,ForestWetPoor
91386,Equisetum arvense,ForestWetPoor
91387,Equisetum arvense,ForestWetPoor
91388,Equisetum arvense,ForestWetPoor
91389,Equisetum arvense,ForestWetPoor
91390,Equisetum arvense,ForestWetPoor
91391,Equisetum arvense,ForestWetPoor
91392,Equisetum arvense,ForestWetPoor
91393,Equisetum arvense,ForestWetPoor
91394,Equisetum arvense,ForestWetPoor
91395,Equisetum arvense,ForestWetPoor
91396,Equisetum arvense,ForestWetPoor
91397,Equisetum arvense,ForestWetPoor
91398,Equisetum arvense,ForestWetPoor
91399,Equisetum arvense,ForestWetPoor
91400,Equisetum arvense,ForestWetPoor
91401,Equisetum arvense,ForestWetPoor
91402,Equisetum arvense,ForestWetPoor
91403,Equisetum arvense,ForestWetPoor
91404,Equisetum arvense,ForestWetPoor
91405,Equisetum arvense,ForestWetPoor
91406,Equisetum arvense,ForestWetPoor
91407,Equisetum arvense,ForestWetPoor
91408,Equisetum arvense,ForestWetPoor
91409,Equisetum arvense,ForestWetPoor
91924,Equisetum arvense,ForestWetPoor
91925,Equisetum arvense,ForestWetPoor
91926,Equisetum arvense,ForestWetPoor
91927,Equisetum arvense,ForestWetPoor
91928,Equisetum arvense,ForestWetPoor
91929,Equisetum arvense,ForestWetPoor
91930,Equisetum arvense,ForestWetPoor
91931,Equisetum arvense,ForestWetPoor
91932,Equisetum arvense,ForestWetPoor
91933,Equisetum arvense,ForestWetPoor
91934,Equisetum arvense,ForestWetPoor
91935,Equisetum arvense,ForestWetPoor
91936,Equisetum arvense,ForestWetPoor
91937,Equisetum arvense,ForestWetPoor
91938,Equisetum arvense,ForestWetPoor
91939,Equisetum arvense,ForestWetPoor
91940,Equisetum arvense,ForestWetPoor
91941,Equisetum arvense,ForestWetPoor
91942,Equisetum arvense,ForestWetPoor
91943,Equisetum arvense,ForestWetPoor
91944,Equisetum arvense,ForestWetPoor
91945,Equisetum arvense,ForestWetPoor
91946,Equisetum arvense,ForestWetPoor
91947,Equisetum arvense,ForestWetPoor
91948,Equisetum arvense,ForestWetPoor
91949,Equisetum arvense,ForestWetPoor
91950,Equisetum arvense,ForestWetPoor
91951,Equisetum arvense,ForestWetPoor
91952,Equisetum arvense,ForestWetPoor
91953,Equisetum arvense,ForestWetPoor
91954,Equisetum arvense,ForestWetPoor
91955,Equisetum arvense,ForestWetPoor
91956,Equisetum arvense,ForestWetPoor
91957,Equisetum arvense,ForestWetPoor
91958,Equisetum arvense,ForestWetPoor
91959,Equisetum arvense,ForestWetPoor
91960,Equisetum arvense,ForestWetPoor
91961,Equisetum arvense,ForestWetPoor
91962,Equisetum arvense,ForestWetPoor
91963,Equisetum arvense,ForestWetPoor
91964,Equisetum arvense,ForestWetPoor
91965,Equisetum arvense,ForestWetPoor
91966,Equisetum arvense,ForestWetPoor
91967,Equisetum arvense,ForestWetPoor
91968,Equisetum arvense,ForestWetPoor
91969,Equisetum arvense,ForestWetPoor
91970,Equisetum arvense,ForestWetPoor
91971,Equisetum arvense,ForestWetPoor
91972,Equisetum arvense,ForestWetPoor
91973,Equisetum arvense,ForestWetPoor
91974,Equisetum arvense,ForestWetPoor
91975,Equisetum arvense,ForestWetPoor
91976,Equisetum arvense,ForestWetPoor
91977,Equisetum arvense,ForestWetPoor
91978,Equisetum arvense,ForestWetPoor
91979,Equisetum arvense,ForestWetPoor
91980,Equisetum arvense,ForestWetPoor
91981,Equisetum arvense,ForestWetPoor
91982,Equisetum arvense,ForestWetPoor
91983,Equisetum arvense,ForestWetPoor
91984,Equisetum arvense,ForestWetPoor
91985,Equisetum arvense,ForestWetPoor
91986,Equisetum arvense,ForestWetPoor
91987,Equisetum arvense,ForestWetPoor
91988,Equisetum arvense,ForestWetPoor
91989,Equisetum arvense,ForestWetPoor
91990,Equisetum arvense,ForestWetPoor
91991,Equisetum arvense,ForestWetPoor
91992,Equisetum arvense,ForestWetPoor
91993,Equisetum arvense,ForestWetPoor
91994,Equisetum arvense,ForestWetPoor
91995,Equisetum arvense,ForestWetPoor
91996,Equisetum arvense,ForestWetPoor
91997,Equisetum arvense,ForestWetPoor
91998,Equisetum arvense,ForestWetPoor
91999,Equisetum arvense,ForestWetPoor
92000,Equisetum arvense,ForestWetPoor
92001,Equisetum arvense,ForestWetPoor
92002,Equisetum arvense,ForestWetPoor
92003,Equisetum arvense,ForestWetPoor
92004,Equisetum arvense,ForestWetPoor
92005,Equisetum arvense,ForestWetPoor
92006,Equisetum arvense,ForestWetPoor
92007,Equisetum arvense,ForestWetPoor
92008,Equisetum arvense,ForestWetPoor
92523,Equisetum arvense,ForestWetPoor
92524,Equisetum arvense,ForestWetPoor
92525,Equisetum arvense,ForestWetPoor
92526,Equisetum arvense,ForestWetPoor
92527,Equisetum arvense,ForestWetPoor
92528,Equisetum arvense,ForestWetPoor
92529,Equisetum arvense,ForestWetPoor
92530,Equisetum arvense,ForestWetPoor
92531,Equisetum arvense,ForestWetPoor
92532,Equisetum arvense,ForestWetPoor
92533,Equisetum arvense,ForestWetPoor
92534,Equisetum arvense,ForestWetPoor
92535,Equisetum arvense,ForestWetPoor
92536,Equisetum arvense,ForestWetPoor
92537,Equisetum arvense,ForestWetPoor
92538,Equisetum arvense,ForestWetPoor
92539,Equisetum arvense,ForestWetPoor
92540,Equisetum arvense,ForestWetPoor
92541,Equisetum arvense,ForestWetPoor
92542,Equisetum arvense,ForestWetPoor
92543,Equisetum arvense,ForestWetPoor
92544,Equisetum arvense,ForestWetPoor
92545,Equisetum arvense,ForestWetPoor
92546,Equisetum arvense,ForestWetPoor
92547,Equisetum arvense,ForestWetPoor
92548,Equisetum arvense,ForestWetPoor
92549,Equisetum arvense,ForestWetPoor
92550,Equisetum arvense,ForestWetPoor
92551,Equisetum arvense,ForestWetPoor
92552,Equisetum arvense,ForestWetPoor
92553,Equisetum arvense,ForestWetPoor
92554,Equisetum arvense,ForestWetPoor
92555,Equisetum arvense,ForestWetPoor
92556,Equisetum arvense,ForestWetPoor
92557,Equisetum arvense,ForestWetPoor
92558,Equisetum arvense,ForestWetPoor
92559,Equisetum arvense,ForestWetPoor
92560,Equisetum arvense,ForestWetPoor
92561,Equisetum arvense,ForestWetPoor
92562,Equisetum arvense,ForestWetPoor
92563,Equisetum arvense,ForestWetPoor
92564,Equisetum arvense,ForestWetPoor
92565,Equisetum arvense,ForestWetPoor
92566,Equisetum arvense,ForestWetPoor
92567,Equisetum arvense,ForestWetPoor
92568,Equisetum arvense,ForestWetPoor
92569,Equisetum arvense,ForestWetPoor
92570,Equisetum arvense,ForestWetPoor
92571,Equisetum arvense,ForestWetPoor
92572,Equisetum arvense,ForestWetPoor
92573,Equisetum arvense,ForestWetPoor
92574,Equisetum arvense,ForestWetPoor
92575,Equisetum arvense,ForestWetPoor
92576,Equisetum arvense,ForestWetPoor
92577,Equisetum arvense,ForestWetPoor
92578,Equisetum arvense,ForestWetPoor
92579,Equisetum arvense,ForestWetPoor
92580,Equisetum arvense,ForestWetPoor
92581,Equisetum arvense,ForestWetPoor
92582,Equisetum arvense,ForestWetPoor
92583,Equisetum arvense,ForestWetPoor
92584,Equisetum arvense,ForestWetPoor
92585,Equisetum arvense,ForestWetPoor
92586,Equisetum arvense,ForestWetPoor
92587,Equisetum arvense,ForestWetPoor
92588,Equisetum arvense,ForestWetPoor
92589,Equisetum arvense,ForestWetPoor
92590,Equisetum arvense,ForestWetPoor
92591,Equisetum arvense,ForestWetPoor
92592,Equisetum arvense,ForestWetPoor
92593,Equisetum arvense,ForestWetPoor
92594,Equisetum arvense,ForestWetPoor
92595,Equisetum arvense,ForestWetPoor
92596,Equisetum arvense,ForestWetPoor
92597,Equisetum arvense,ForestWetPoor
92598,Equisetum arvense,ForestWetPoor
92599,Equisetum arvense,ForestWetPoor
92600,Equisetum arvense,ForestWetPoor
92601,Equisetum arvense,ForestWetPoor
92602,Equisetum arvense,ForestWetPoor
92603,Equisetum arvense,ForestWetPoor
92604,Equisetum arvense,ForestWetPoor
92605,Equisetum arvense,ForestWetPoor
92606,Equisetum arvense,ForestWetPoor
92607,Equisetum arvense,ForestWetPoor
92608,Equisetum arvense,ForestWetPoor
93122,Equisetum arvense,ForestWetPoor
93123,Equisetum arvense,ForestWetPoor
93124,Equisetum arvense,ForestWetPoor
93125,Equisetum arvense,ForestWetPoor
93126,Equisetum arvense,ForestWetPoor
93127,Equisetum arvense,ForestWetPoor
93128,Equisetum arvense,ForestWetPoor
93129,Equisetum arvense,ForestWetPoor
93130,Equisetum arvense,ForestWetPoor
93131,Equisetum arvense,ForestWetPoor
93132,Equisetum arvense,ForestWetPoor
93133,Equisetum arvense,ForestWetPoor
93134,Equisetum arvense,ForestWetPoor
93135,Equisetum arvense,ForestWetPoor
93136,Equisetum arvense,ForestWetPoor
93137,Equisetum arvense,ForestWetPoor
93138,Equisetum arvense,ForestWetPoor
93139,Equisetum arvense,ForestWetPoor
93140,Equisetum arvense,ForestWetPoor
93141,Equisetum arvense,ForestWetPoor
93142,Equisetum arvense,ForestWetPoor
93143,Equisetum arvense,ForestWetPoor
93144,Equisetum arvense,ForestWetPoor
93145,Equisetum arvense,ForestWetPoor
93146,Equisetum arvense,ForestWetPoor
93147,Equisetum arvense,ForestWetPoor
93148,Equisetum arvense,ForestWetPoor
93149,Equisetum arvense,ForestWetPoor
93150,Equisetum arvense,ForestWetPoor
93151,Equisetum arvense,ForestWetPoor
93152,Equisetum arvense,ForestWetPoor
93153,Equisetum arvense,ForestWetPoor
93154,Equisetum arvense,ForestWetPoor
93155,Equisetum arvense,ForestWetPoor
93156,Equisetum arvense,ForestWetPoor
93157,Equisetum arvense,ForestWetPoor
93158,Equisetum arvense,ForestWetPoor
93159,Equisetum arvense,ForestWetPoor
93160,Equisetum arvense,ForestWetPoor
93161,Equisetum arvense,ForestWetPoor
93162,Equisetum arvense,ForestWetPoor
93163,Equisetum arvense,ForestWetPoor
93164,Equisetum arvense,ForestWetPoor
93165,Equisetum arvense,ForestWetPoor
93166,Equisetum arvense,ForestWetPoor
93167,Equisetum arvense,ForestWetPoor
93168,Equisetum arvense,ForestWetPoor
93169,Equisetum arvense,ForestWetPoor
93170,Equisetum arvense,ForestWetPoor
93171,Equisetum arvense,ForestWetPoor
93172,Equisetum arvense,ForestWetPoor
93173,Equisetum arvense,ForestWetPoor
93174,Equisetum arvense,ForestWetPoor
93175,Equisetum arvense,ForestWetPoor
93176,Equisetum arvense,ForestWetPoor
93177,Equisetum arvense,ForestWetPoor
93178,Equisetum arvense,ForestWetPoor
93179,Equisetum arvense,ForestWetPoor
93180,Equisetum arvense,ForestWetPoor
93181,Equisetum arvense,ForestWetPoor
93182,Equisetum arvense,ForestWetPoor
93183,Equisetum arvense,ForestWetPoor
93184,Equisetum arvense,ForestWetPoor
93185,Equisetum arvense,ForestWetPoor
93186,Equisetum arvense,ForestWetPoor
93187,Equisetum arvense,ForestWetPoor
93188,Equisetum arvense,ForestWetPoor
93189,Equisetum arvense,ForestWetPoor
93190,Equisetum arvense,ForestWetPoor
93191,Equisetum arvense,ForestWetPoor
93192,Equisetum arvense,ForestWetPoor
93193,Equisetum arvense,ForestWetPoor
93194,Equisetum arvense,ForestWetPoor
93195,Equisetum arvense,ForestWetPoor
93196,Equisetum arvense,ForestWetPoor
93197,Equisetum arvense,ForestWetPoor
93198,Equisetum arvense,ForestWetPoor
93199,Equisetum arvense,ForestWetPoor
93200,Equisetum arvense,ForestWetPoor
93201,Equisetum arvense,ForestWetPoor
93202,Equisetum arvense,ForestWetPoor
93203,Equisetum arvense,ForestWetPoor
93204,Equisetum arvense,ForestWetPoor
93205,Equisetum arvense,ForestWetPoor
93206,Equisetum arvense,ForestWetPoor
93207,Equisetum arvense,ForestWetPoor
93721,Equisetum arvense,ForestWetPoor
93722,Equisetum arvense,ForestWetPoor
93723,Equisetum arvense,ForestWetPoor
93724,Equisetum arvense,ForestWetPoor
93725,Equisetum arvense,ForestWetPoor
93726,Equisetum arvense,ForestWetPoor
93727,Equisetum arvense,ForestWetPoor
93728,Equisetum arvense,ForestWetPoor
93729,Equisetum arvense,ForestWetPoor
93730,Equisetum arvense,ForestWetPoor
93731,Equisetum arvense,ForestWetPoor
93732,Equisetum arvense,ForestWetPoor
93733,Equisetum arvense,ForestWetPoor
93734,Equisetum arvense,ForestWetPoor
93735,Equisetum arvense,ForestWetPoor
93736,Equisetum arvense,ForestWetPoor
93737,Equisetum arvense,ForestWetPoor
93738,Equisetum arvense,ForestWetPoor
93739,Equisetum arvense,ForestWetPoor
93740,Equisetum arvense,ForestWetPoor
93741,Equisetum arvense,ForestWetPoor
93742,Equisetum arvense,ForestWetPoor
93743,Equisetum arvense,ForestWetPoor
93744,Equisetum arvense,ForestWetPoor
93745,Equisetum arvense,ForestWetPoor
93746,Equisetum arvense,ForestWetPoor
93747,Equisetum arvense,ForestWetPoor
93748,Equisetum arvense,ForestWetPoor
93749,Equisetum arvense,ForestWetPoor
93750,Equisetum arvense,ForestWetPoor
93751,Equisetum arvense,ForestWetPoor
93752,Equisetum arvense,ForestWetPoor
93753,Equisetum arvense,ForestWetPoor
93754,Equisetum arvense,ForestWetPoor
93755,Equisetum arvense,ForestWetPoor
93756,Equisetum arvense,ForestWetPoor
93757,Equisetum arvense,ForestWetPoor
93758,Equisetum arvense,ForestWetPoor
93759,Equisetum arvense,ForestWetPoor
93760,Equisetum arvense,ForestWetPoor
93761,Equisetum arvense,ForestWetPoor
93762,Equisetum arvense,ForestWetPoor
93763,Equisetum arvense,ForestWetPoor
93764,Equisetum arvense,ForestWetPoor
93765,Equisetum arvense,ForestWetPoor
93766,Equisetum arvense,ForestWetPoor
93767,Equisetum arvense,ForestWetPoor
93768,Equisetum arvense,ForestWetPoor
93769,Equisetum arvense,ForestWetPoor
93770,Equisetum arvense,ForestWetPoor
93771,Equisetum arvense,ForestWetPoor
93772,Equisetum arvense,ForestWetPoor
93773,Equisetum arvense,ForestWetPoor
93774,Equisetum arvense,ForestWetPoor
93775,Equisetum arvense,ForestWetPoor
93776,Equisetum arvense,ForestWetPoor
93777,Equisetum arvense,ForestWetPoor
93778,Equisetum arvense,ForestWetPoor
93779,Equisetum arvense,ForestWetPoor
93780,Equisetum arvense,ForestWetPoor
93781,Equisetum arvense,ForestWetPoor
93782,Equisetum arvense,ForestWetPoor
93783,Equisetum arvense,ForestWetPoor
93784,Equisetum arvense,ForestWetPoor
93785,Equisetum arvense,ForestWetPoor
93786,Equisetum arvense,ForestWetPoor
93787,Equisetum arvense,ForestWetPoor
93788,Equisetum arvense,ForestWetPoor
93789,Equisetum arvense,ForestWetPoor
93790,Equisetum arvense,ForestWetPoor
93791,Equisetum arvense,ForestWetPoor
93792,Equisetum arvense,ForestWetPoor
93793,Equisetum arvense,ForestWetPoor
93794,Equisetum arvense,ForestWetPoor
93795,Equisetum arvense,ForestWetPoor
93796,Equisetum arvense,ForestWetPoor
93797,Equisetum arvense,ForestWetPoor
93798,Equisetum arvense,ForestWetPoor
93799,Equisetum arvense,ForestWetPoor
93800,Equisetum arvense,ForestWetPoor
93801,Equisetum arvense,ForestWetPoor
93802,Equisetum arvense,ForestWetPoor
93803,Equisetum arvense,ForestWetPoor
93804,Equisetum arvense,ForestWetPoor
93805,Equisetum arvense,ForestWetPoor
93806,Equisetum arvense,ForestWetPoor
94320,Equisetum arvense,ForestWetPoor
94321,Equisetum arvense,ForestWetPoor
94322,Equisetum arvense,ForestWetPoor
94323,Equisetum arvense,ForestWetPoor
94324,Equisetum arvense,ForestWetPoor
94325,Equisetum arvense,ForestWetPoor
94326,Equisetum arvense,ForestWetPoor
94327,Equisetum arvense,ForestWetPoor
94328,Equisetum arvense,ForestWetPoor
94329,Equisetum arvense,ForestWetPoor
94330,Equisetum arvense,ForestWetPoor
94331,Equisetum arvense,ForestWetPoor
94332,Equisetum arvense,ForestWetPoor
94333,Equisetum arvense,ForestWetPoor
94334,Equisetum arvense,ForestWetPoor
94335,Equisetum arvense,ForestWetPoor
94336,Equisetum arvense,ForestWetPoor
94337,Equisetum arvense,ForestWetPoor
94338,Equisetum arvense,ForestWetPoor
94339,Equisetum arvense,ForestWetPoor
94340,Equisetum arvense,ForestWetPoor
94341,Equisetum arvense,ForestWetPoor
94342,Equisetum arvense,ForestWetPoor
94343,Equisetum arvense,ForestWetPoor
94344,Equisetum arvense,ForestWetPoor
94345,Equisetum arvense,ForestWetPoor
94346,Equisetum arvense,ForestWetPoor
94347,Equisetum arvense,ForestWetPoor
94348,Equisetum arvense,ForestWetPoor
94349,Equisetum arvense,ForestWetPoor
94350,Equisetum arvense,ForestWetPoor
94351,Equisetum arvense,ForestWetPoor
94352,Equisetum arvense,ForestWetPoor
94353,Equisetum arvense,ForestWetPoor
94354,Equisetum arvense,ForestWetPoor
94355,Equisetum arvense,ForestWetPoor
94356,Equisetum arvense,ForestWetPoor
94357,Equisetum arvense,ForestWetPoor
94358,Equisetum arvense,ForestWetPoor
94359,Equisetum arvense,ForestWetPoor
94360,Equisetum arvense,ForestWetPoor
94361,Equisetum arvense,ForestWetPoor
94362,Equisetum arvense,ForestWetPoor
94363,Equisetum arvense,ForestWetPoor
94364,Equisetum arvense,ForestWetPoor
94365,Equisetum arvense,ForestWetPoor
94366,Equisetum arvense,ForestWetPoor
94367,Equisetum arvense,ForestWetPoor
94368,Equisetum arvense,ForestWetPoor
94369,Equisetum arvense,ForestWetPoor
94370,Equisetum arvense,ForestWetPoor
94371,Equisetum arvense,ForestWetPoor
94372,Equisetum arvense,ForestWetPoor
94373,Equisetum arvense,ForestWetPoor
94374,Equisetum arvense,ForestWetPoor
94375,Equisetum arvense,ForestWetPoor
94376,Equisetum arvense,ForestWetPoor
94377,Equisetum arvense,ForestWetPoor
94378,Equisetum arvense,ForestWetPoor
94379,Equisetum arvense,ForestWetPoor
94380,Equisetum arvense,ForestWetPoor
94381,Equisetum arvense,ForestWetPoor
94382,Equisetum arvense,ForestWetPoor
94383,Equisetum arvense,ForestWetPoor
94384,Equisetum arvense,ForestWetPoor
94385,Equisetum arvense,ForestWetPoor
94386,Equisetum arvense,ForestWetPoor
94387,Equisetum arvense,ForestWetPoor
94388,Equisetum arvense,ForestWetPoor
94389,Equisetum arvense,ForestWetPoor
94390,Equisetum arvense,ForestWetPoor
94391,Equisetum arvense,ForestWetPoor
94392,Equisetum arvense,ForestWetPoor
94393,Equisetum arvense,ForestWetPoor
94394,Equisetum arvense,ForestWetPoor
94395,Equisetum arvense,ForestWetPoor
94396,Equisetum arvense,ForestWetPoor
94397,Equisetum arvense,ForestWetPoor
94398,Equisetum arvense,ForestWetPoor
94399,Equisetum arvense,ForestWetPoor
94400,Equisetum arvense,ForestWetPoor
94401,Equisetum arvense,ForestWetPoor
94402,Equisetum arvense,ForestWetPoor
94403,Equisetum arvense,ForestWetPoor
94404,Equisetum arvense,ForestWetPoor
94405,Equisetum arvense,ForestWetPoor
94406,Equisetum arvense,ForestWetPoor
94919,Equisetum arvense,ForestWetPoor
94920,Equisetum arvense,ForestWetPoor
94921,Equisetum arvense,ForestWetPoor
94922,Equisetum arvense,ForestWetPoor
94923,Equisetum arvense,ForestWetPoor
94924,Equisetum arvense,ForestWetPoor
94925,Equisetum arvense,ForestWetPoor
94926,Equisetum arvense,ForestWetPoor
94927,Equisetum arvense,ForestWetPoor
94928,Equisetum arvense,ForestWetPoor
94929,Equisetum arvense,ForestWetPoor
94930,Equisetum arvense,ForestWetPoor
94931,Equisetum arvense,ForestWetPoor
94932,Equisetum arvense,ForestWetPoor
94933,Equisetum arvense,ForestWetPoor
94934,Equisetum arvense,ForestWetPoor
94935,Equisetum arvense,ForestWetPoor
94936,Equisetum arvense,ForestWetPoor
94937,Equisetum arvense,ForestWetPoor
94938,Equisetum arvense,ForestWetPoor
94939,Equisetum arvense,ForestWetPoor
94940,Equisetum arvense,ForestWetPoor
94941,Equisetum arvense,ForestWetPoor
94942,Equisetum arvense,ForestWetPoor
94943,Equisetum arvense,ForestWetPoor
94944,Equisetum arvense,ForestWetPoor
94945,Equisetum arvense,ForestWetPoor
94946,Equisetum arvense,ForestWetPoor
94947,Equisetum arvense,ForestWetPoor
94948,Equisetum arvense,ForestWetPoor
94949,Equisetum arvense,ForestWetPoor
94950,Equisetum arvense,ForestWetPoor
94951,Equisetum arvense,ForestWetPoor
94952,Equisetum arvense,ForestWetPoor
94953,Equisetum arvense,ForestWetPoor
94954,Equisetum arvense,ForestWetPoor
94955,Equisetum arvense,ForestWetPoor
94956,Equisetum arvense,ForestWetPoor
94957,Equisetum arvense,ForestWetPoor
94958,Equisetum arvense,ForestWetPoor
94959,Equisetum arvense,ForestWetPoor
94960,Equisetum arvense,ForestWetPoor
94961,Equisetum arvense,ForestWetPoor
94962,Equisetum arvense,ForestWetPoor
94963,Equisetum arvense,ForestWetPoor
94964,Equisetum arvense,ForestWetPoor
94965,Equisetum arvense,ForestWetPoor
94966,Equisetum arvense,ForestWetPoor
94967,Equisetum arvense,ForestWetPoor
94968,Equisetum arvense,ForestWetPoor
94969,Equisetum arvense,ForestWetPoor
94970,Equisetum arvense,ForestWetPoor
94971,Equisetum arvense,ForestWetPoor
94972,Equisetum arvense,ForestWetPoor
94973,Equisetum arvense,ForestWetPoor
94974,Equisetum arvense,ForestWetPoor
94975,Equisetum arvense,ForestWetPoor
94976,Equisetum arvense,ForestWetPoor
94977,Equisetum arvense,ForestWetPoor
94978,Equisetum arvense,ForestWetPoor
94979,Equisetum arvense,ForestWetPoor
94980,Equisetum arvense,ForestWetPoor
94981,Equisetum arvense,ForestWetPoor
94982,Equisetum arvense,ForestWetPoor
94983,Equisetum arvense,ForestWetPoor
94984,Equisetum arvense,ForestWetPoor
94985,Equisetum arvense,ForestWetPoor
94986,Equisetum arvense,ForestWetPoor
94987,Equisetum arvense,ForestWetPoor
94988,Equisetum arvense,ForestWetPoor
94989,Equisetum arvense,ForestWetPoor
94990,Equisetum arvense,ForestWetPoor
94991,Equisetum arvense,ForestWetPoor
94992,Equisetum arvense,ForestWetPoor
94993,Equisetum arvense,ForestWetPoor
94994,Equisetum arvense,ForestWetPoor
94995,Equisetum arvense,ForestWetPoor
94996,Equisetum arvense,ForestWetPoor
94997,Equisetum arvense,ForestWetPoor
94998,Equisetum arvense,ForestWetPoor
94999,Equisetum arvense,ForestWetPoor
95000,Equisetum arvense,ForestWetPoor
95001,Equisetum arvense,ForestWetPoor
95002,Equisetum arvense,ForestWetPoor
95003,Equisetum arvense,ForestWetPoor
95004,Equisetum arvense,ForestWetPoor
95005,Equisetum arvense,ForestWetPoor
95518,Equisetum arvense,ForestWetPoor
95519,Equisetum arvense,ForestWetPoor
95520,Equisetum arvense,ForestWetPoor
95521,Equisetum arvense,ForestWetPoor
95522,Equisetum arvense,ForestWetPoor
95523,Equisetum arvense,ForestWetPoor
95524,Equisetum arvense,ForestWetPoor
95525,Equisetum arvense,ForestWetPoor
95526,Equisetum arvense,ForestWetPoor
95527,Equisetum arvense,ForestWetPoor
95528,Equisetum arvense,ForestWetPoor
95529,Equisetum arvense,ForestWetPoor
95530,Equisetum arvense,ForestWetPoor
95531,Equisetum arvense,ForestWetPoor
95532,Equisetum arvense,ForestWetPoor
95533,Equisetum arvense,ForestWetPoor
95534,Equisetum arvense,ForestWetPoor
95535,Equisetum arvense,ForestWetPoor
95536,Equisetum arvense,ForestWetPoor
95537,Equisetum arvense,ForestWetPoor
95538,Equisetum arvense,ForestWetPoor
95539,Equisetum arvense,ForestWetPoor
95540,Equisetum arvense,ForestWetPoor
95541,Equisetum arvense,ForestWetPoor
95542,Equisetum arvense,ForestWetPoor
95543,Equisetum arvense,ForestWetPoor
95544,Equisetum arvense,ForestWetPoor
95545,Equisetum arvense,ForestWetPoor
95546,Equisetum arvense,ForestWetPoor
95547,Equisetum arvense,ForestWetPoor
95548,Equisetum arvense,ForestWetPoor
95549,Equisetum arvense,ForestWetPoor
95550,Equisetum arvense,ForestWetPoor
95551,Equisetum arvense,ForestWetPoor
95552,Equisetum arvense,ForestWetPoor
95553,Equisetum arvense,ForestWetPoor
95554,Equisetum arvense,ForestWetPoor
95555,Equisetum arvense,ForestWetPoor
95556,Equisetum arvense,ForestWetPoor
95557,Equisetum arvense,ForestWetPoor
95558,Equisetum arvense,ForestWetPoor
95559,Equisetum arvense,ForestWetPoor
95560,Equisetum arvense,ForestWetPoor
95561,Equisetum arvense,ForestWetPoor
95562,Equisetum arvense,ForestWetPoor
95563,Equisetum arvense,ForestWetPoor
95564,Equisetum arvense,ForestWetPoor
95565,Equisetum arvense,ForestWetPoor
95566,Equisetum arvense,ForestWetPoor
95567,Equisetum arvense,ForestWetPoor
95568,Equisetum arvense,ForestWetPoor
95569,Equisetum arvense,ForestWetPoor
95570,Equisetum arvense,ForestWetPoor
95571,Equisetum arvense,ForestWetPoor
95572,Equisetum arvense,ForestWetPoor
95573,Equisetum arvense,ForestWetPoor
95574,Equisetum arvense,ForestWetPoor
95575,Equisetum arvense,ForestWetPoor
95576,Equisetum arvense,ForestWetPoor
95577,Equisetum arvense,ForestWetPoor
95578,Equisetum arvense,ForestWetPoor
95579,Equisetum arvense,ForestWetPoor
95580,Equisetum arvense,ForestWetPoor
95581,Equisetum arvense,ForestWetPoor
95582,Equisetum arvense,ForestWetPoor
95583,Equisetum arvense,ForestWetPoor
95584,Equisetum arvense,ForestWetPoor
95585,Equisetum arvense,ForestWetPoor
95586,Equisetum arvense,ForestWetPoor
95587,Equisetum arvense,ForestWetPoor
95588,Equisetum arvense,ForestWetPoor
95589,Equisetum arvense,ForestWetPoor
95590,Equisetum arvense,ForestWetPoor
95591,Equisetum arvense,ForestWetPoor
95592,Equisetum arvense,ForestWetPoor
95593,Equisetum arvense,ForestWetPoor
95594,Equisetum arvense,ForestWetPoor
95595,Equisetum arvense,ForestWetPoor
95596,Equisetum arvense,ForestWetPoor
95597,Equisetum arvense,ForestWetPoor
95598,Equisetum arvense,ForestWetPoor
95599,Equisetum arvense,ForestWetPoor
95600,Equisetum arvense,ForestWetPoor
95601,Equisetum arvense,ForestWetPoor
95602,Equisetum arvense,ForestWetPoor
95603,Equisetum arvense,ForestWetPoor
95604,Equisetum arvense,ForestWetPoor
96117,Equisetum arvense,ForestWetPoor
96118,Equisetum arvense,ForestWetPoor
96119,Equisetum arvense,ForestWetPoor
96120,Equisetum arvense,ForestWetPoor
96121,Equisetum arvense,ForestWetPoor
96122,Equisetum arvense,ForestWetPoor
96123,Equisetum arvense,ForestWetPoor
96124,Equisetum arvense,ForestWetPoor
96125,Equisetum arvense,ForestWetPoor
96126,Equisetum arvense,ForestWetPoor
96127,Equisetum arvense,ForestWetPoor
96128,Equisetum arvense,ForestWetPoor
96129,Equisetum arvense,ForestWetPoor
96130,Equisetum arvense,ForestWetPoor
96131,Equisetum arvense,ForestWetPoor
96132,Equisetum arvense,ForestWetPoor
96133,Equisetum arvense,ForestWetPoor
96134,Equisetum arvense,ForestWetPoor
96135,Equisetum arvense,ForestWetPoor
96136,Equisetum arvense,ForestWetPoor
96137,Equisetum arvense,ForestWetPoor
96138,Equisetum arvense,ForestWetPoor
96139,Equisetum arvense,ForestWetPoor
96140,Equisetum arvense,ForestWetPoor
96141,Equisetum arvense,ForestWetPoor
96142,Equisetum arvense,ForestWetPoor
96143,Equisetum arvense,ForestWetPoor
96144,Equisetum arvense,ForestWetPoor
96145,Equisetum arvense,ForestWetPoor
96146,Equisetum arvense,ForestWetPoor
96147,Equisetum arvense,ForestWetPoor
96148,Equisetum arvense,ForestWetPoor
96149,Equisetum arvense,ForestWetPoor
96150,Equisetum arvense,ForestWetPoor
96151,Equisetum arvense,ForestWetPoor
96152,Equisetum arvense,ForestWetPoor
96153,Equisetum arvense,ForestWetPoor
96154,Equisetum arvense,ForestWetPoor
96155,Equisetum arvense,ForestWetPoor
96156,Equisetum arvense,ForestWetPoor
96157,Equisetum arvense,ForestWetPoor
96158,Equisetum arvense,ForestWetPoor
96159,Equisetum arvense,ForestWetPoor
96160,Equisetum arvense,ForestWetPoor
96161,Equisetum arvense,ForestWetPoor
96162,Equisetum arvense,ForestWetPoor
96163,Equisetum arvense,ForestWetPoor
96164,Equisetum arvense,ForestWetPoor
96165,Equisetum arvense,ForestWetPoor
96166,Equisetum arvense,ForestWetPoor
96167,Equisetum arvense,ForestWetPoor
96168,Equisetum arvense,ForestWetPoor
96169,Equisetum arvense,ForestWetPoor
96170,Equisetum arvense,ForestWetPoor
96171,Equisetum arvense,ForestWetPoor
96172,Equisetum arvense,ForestWetPoor
96173,Equisetum arvense,ForestWetPoor
96174,Equisetum arvense,ForestWetPoor
96175,Equisetum arvense,ForestWetPoor
96176,Equisetum arvense,ForestWetPoor
96177,Equisetum arvense,ForestWetPoor
96178,Equisetum arvense,ForestWetPoor
96179,Equisetum arvense,ForestWetPoor
96180,Equisetum arvense,ForestWetPoor
96181,Equisetum arvense,ForestWetPoor
96182,Equisetum arvense,ForestWetPoor
96183,Equisetum arvense,ForestWetPoor
96184,Equisetum arvense,ForestWetPoor
96185,Equisetum arvense,ForestWetPoor
96186,Equisetum arvense,ForestWetPoor
96187,Equisetum arvense,ForestWetPoor
96188,Equisetum arvense,ForestWetPoor
96189,Equisetum arvense,ForestWetPoor
96190,Equisetum arvense,ForestWetPoor
96191,Equisetum arvense,ForestWetPoor
96192,Equisetum arvense,ForestWetPoor
96193,Equisetum arvense,ForestWetPoor
96194,Equisetum arvense,ForestWetPoor
96195,Equisetum arvense,ForestWetPoor
96196,Equisetum arvense,ForestWetPoor
96197,Equisetum arvense,ForestWetPoor
96198,Equisetum arvense,ForestWetPoor
96199,Equisetum arvense,ForestWetPoor
96200,Equisetum arvense,ForestWetPoor
96201,Equisetum arvense,ForestWetPoor
96202,Equisetum arvense,ForestWetPoor
96203,Equisetum arvense,ForestWetPoor
96204,Equisetum arvense,ForestWetPoor
96716,Equisetum arvense,ForestWetPoor
96717,Equisetum arvense,ForestWetPoor
96718,Equisetum arvense,ForestWetPoor
96719,Equisetum arvense,ForestWetPoor
96720,Equisetum arvense,ForestWetPoor
96721,Equisetum arvense,ForestWetPoor
96722,Equisetum arvense,ForestWetPoor
96723,Equisetum arvense,ForestWetPoor
96724,Equisetum arvense,ForestWetPoor
96725,Equisetum arvense,ForestWetPoor
96726,Equisetum arvense,ForestWetPoor
96727,Equisetum arvense,ForestWetPoor
96728,Equisetum arvense,ForestWetPoor
96729,Equisetum arvense,ForestWetPoor
96730,Equisetum arvense,ForestWetPoor
96731,Equisetum arvense,ForestWetPoor
96732,Equisetum arvense,ForestWetPoor
96733,Equisetum arvense,ForestWetPoor
96734,Equisetum arvense,ForestWetPoor
96735,Equisetum arvense,ForestWetPoor
96736,Equisetum arvense,ForestWetPoor
96737,Equisetum arvense,ForestWetPoor
96738,Equisetum arvense,ForestWetPoor
96739,Equisetum arvense,ForestWetPoor
96740,Equisetum arvense,ForestWetPoor
96741,Equisetum arvense,ForestWetPoor
96742,Equisetum arvense,ForestWetPoor
96743,Equisetum arvense,ForestWetPoor
96744,Equisetum arvense,ForestWetPoor
96745,Equisetum arvense,ForestWetPoor
96746,Equisetum arvense,ForestWetPoor
96747,Equisetum arvense,ForestWetPoor
96748,Equisetum arvense,ForestWetPoor
96749,Equisetum arvense,ForestWetPoor
96750,Equisetum arvense,ForestWetPoor
96751,Equisetum arvense,ForestWetPoor
96752,Equisetum arvense,ForestWetPoor
96753,Equisetum arvense,ForestWetPoor
96754,Equisetum arvense,ForestWetPoor
96755,Equisetum arvense,ForestWetPoor
96756,Equisetum arvense,ForestWetPoor
96757,Equisetum arvense,ForestWetPoor
96758,Equisetum arvense,ForestWetPoor
96759,Equisetum arvense,ForestWetPoor
96760,Equisetum arvense,ForestWetPoor
96761,Equisetum arvense,ForestWetPoor
96762,Equisetum arvense,ForestWetPoor
96763,Equisetum arvense,ForestWetPoor
96764,Equisetum arvense,ForestWetPoor
96765,Equisetum arvense,ForestWetPoor
96766,Equisetum arvense,ForestWetPoor
96767,Equisetum arvense,ForestWetPoor
96768,Equisetum arvense,ForestWetPoor
96769,Equisetum arvense,ForestWetPoor
96770,Equisetum arvense,ForestWetPoor
96771,Equisetum arvense,ForestWetPoor
96772,Equisetum arvense,ForestWetPoor
96773,Equisetum arvense,ForestWetPoor
96774,Equisetum arvense,ForestWetPoor
96775,Equisetum arvense,ForestWetPoor
96776,Equisetum arvense,ForestWetPoor
96777,Equisetum arvense,ForestWetPoor
96778,Equisetum arvense,ForestWetPoor
96779,Equisetum arvense,ForestWetPoor
96780,Equisetum arvense,ForestWetPoor
96781,Equisetum arvense,ForestWetPoor
96782,Equisetum arvense,ForestWetPoor
96783,Equisetum arvense,ForestWetPoor
96784,Equisetum arvense,ForestWetPoor
96785,Equisetum arvense,ForestWetPoor
96786,Equisetum arvense,ForestWetPoor
96787,Equisetum arvense,ForestWetPoor
96788,Equisetum arvense,ForestWetPoor
96789,Equisetum arvense,ForestWetPoor
96790,Equisetum arvense,ForestWetPoor
96791,Equisetum arvense,ForestWetPoor
96792,Equisetum arvense,ForestWetPoor
96793,Equisetum arvense,ForestWetPoor
96794,Equisetum arvense,ForestWetPoor
96795,Equisetum arvense,ForestWetPoor
96796,Equisetum arvense,ForestWetPoor
96797,Equisetum arvense,ForestWetPoor
96798,Equisetum arvense,ForestWetPoor
96799,Equisetum arvense,ForestWetPoor
96800,Equisetum arvense,ForestWetPoor
96801,Equisetum arvense,ForestWetPoor
96802,Equisetum arvense,ForestWetPoor
96803,Equisetum arvense,ForestWetPoor
97315,Equisetum arvense,ForestWetPoor
97316,Equisetum arvense,ForestWetPoor
97317,Equisetum arvense,ForestWetPoor
97318,Equisetum arvense,ForestWetPoor
97319,Equisetum arvense,ForestWetPoor
97320,Equisetum arvense,ForestWetPoor
97321,Equisetum arvense,ForestWetPoor
97322,Equisetum arvense,ForestWetPoor
97323,Equisetum arvense,ForestWetPoor
97324,Equisetum arvense,ForestWetPoor
97325,Equisetum arvense,ForestWetPoor
97326,Equisetum arvense,ForestWetPoor
97327,Equisetum arvense,ForestWetPoor
97328,Equisetum arvense,ForestWetPoor
97329,Equisetum arvense,ForestWetPoor
97330,Equisetum arvense,ForestWetPoor
97331,Equisetum arvense,ForestWetPoor
97332,Equisetum arvense,ForestWetPoor
97333,Equisetum arvense,ForestWetPoor
97334,Equisetum arvense,ForestWetPoor
97335,Equisetum arvense,ForestWetPoor
97336,Equisetum arvense,ForestWetPoor
97337,Equisetum arvense,ForestWetPoor
97338,Equisetum arvense,ForestWetPoor
97339,Equisetum arvense,ForestWetPoor
97340,Equisetum arvense,ForestWetPoor
97341,Equisetum arvense,ForestWetPoor
97342,Equisetum arvense,ForestWetPoor
97343,Equisetum arvense,ForestWetPoor
97344,Equisetum arvense,ForestWetPoor
97345,Equisetum arvense,ForestWetPoor
97346,Equisetum arvense,ForestWetPoor
97347,Equisetum arvense,ForestWetPoor
97348,Equisetum arvense,ForestWetPoor
97349,Equisetum arvense,ForestWetPoor
97350,Equisetum arvense,ForestWetPoor
97351,Equisetum arvense,ForestWetPoor
97352,Equisetum arvense,ForestWetPoor
97353,Equisetum arvense,ForestWetPoor
97354,Equisetum arvense,ForestWetPoor
97355,Equisetum arvense,ForestWetPoor
97356,Equisetum arvense,ForestWetPoor
97357,Equisetum arvense,ForestWetPoor
97358,Equisetum arvense,ForestWetPoor
97359,Equisetum arvense,ForestWetPoor
97360,Equisetum arvense,ForestWetPoor
97361,Equisetum arvense,ForestWetPoor
97362,Equisetum arvense,ForestWetPoor
97363,Equisetum arvense,ForestWetPoor
97364,Equisetum arvense,ForestWetPoor
97365,Equisetum arvense,ForestWetPoor
97366,Equisetum arvense,ForestWetPoor
97367,Equisetum arvense,ForestWetPoor
97368,Equisetum arvense,ForestWetPoor
97369,Equisetum arvense,ForestWetPoor
97370,Equisetum arvense,ForestWetPoor
97371,Equisetum arvense,ForestWetPoor
97372,Equisetum arvense,ForestWetPoor
97373,Equisetum arvense,ForestWetPoor
97374,Equisetum arvense,ForestWetPoor
97375,Equisetum arvense,ForestWetPoor
97376,Equisetum arvense,ForestWetPoor
97377,Equisetum arvense,ForestWetPoor
97378,Equisetum arvense,ForestWetPoor
97379,Equisetum arvense,ForestWetPoor
97380,Equisetum arvense,ForestWetPoor
97381,Equisetum arvense,ForestWetPoor
97382,Equisetum arvense,ForestWetPoor
97383,Equisetum arvense,ForestWetPoor
97384,Equisetum arvense,ForestWetPoor
97385,Equisetum arvense,ForestWetPoor
97386,Equisetum arvense,ForestWetPoor
97387,Equisetum arvense,ForestWetPoor
97388,Equisetum arvense,ForestWetPoor
97389,Equisetum arvense,ForestWetPoor
97390,Equisetum arvense,ForestWetPoor
97391,Equisetum arvense,ForestWetPoor
97392,Equisetum arvense,ForestWetPoor
97393,Equisetum arvense,ForestWetPoor
97394,Equisetum arvense,ForestWetPoor
97395,Equisetum arvense,ForestWetPoor
97396,Equisetum arvense,ForestWetPoor
97397,Equisetum arvense,ForestWetPoor
97398,Equisetum arvense,ForestWetPoor
97399,Equisetum arvense,ForestWetPoor
97400,Equisetum arvense,ForestWetPoor
97401,Equisetum arvense,ForestWetPoor
97402,Equisetum arvense,ForestWetPoor
97914,Equisetum arvense,ForestWetPoor
97915,Equisetum arvense,ForestWetPoor
97916,Equisetum arvense,ForestWetPoor
97917,Equisetum arvense,ForestWetPoor
97918,Equisetum arvense,ForestWetPoor
97919,Equisetum arvense,ForestWetPoor
97920,Equisetum arvense,ForestWetPoor
97921,Equisetum arvense,ForestWetPoor
97922,Equisetum arvense,ForestWetPoor
97923,Equisetum arvense,ForestWetPoor
97924,Equisetum arvense,ForestWetPoor
97925,Equisetum arvense,ForestWetPoor
97926,Equisetum arvense,ForestWetPoor
97927,Equisetum arvense,ForestWetPoor
97928,Equisetum arvense,ForestWetPoor
97929,Equisetum arvense,ForestWetPoor
97930,Equisetum arvense,ForestWetPoor
97931,Equisetum arvense,ForestWetPoor
97932,Equisetum arvense,ForestWetPoor
97933,Equisetum arvense,ForestWetPoor
97934,Equisetum arvense,ForestWetPoor
97935,Equisetum arvense,ForestWetPoor
97936,Equisetum arvense,ForestWetPoor
97937,Equisetum arvense,ForestWetPoor
97938,Equisetum arvense,ForestWetPoor
97939,Equisetum arvense,ForestWetPoor
97940,Equisetum arvense,ForestWetPoor
97941,Equisetum arvense,ForestWetPoor
97942,Equisetum arvense,ForestWetPoor
97943,Equisetum arvense,ForestWetPoor
97944,Equisetum arvense,ForestWetPoor
97945,Equisetum arvense,ForestWetPoor
97946,Equisetum arvense,ForestWetPoor
97947,Equisetum arvense,ForestWetPoor
97948,Equisetum arvense,ForestWetPoor
97949,Equisetum arvense,ForestWetPoor
97950,Equisetum arvense,ForestWetPoor
97951,Equisetum arvense,ForestWetPoor
97952,Equisetum arvense,ForestWetPoor
97953,Equisetum arvense,ForestWetPoor
97954,Equisetum arvense,ForestWetPoor
97955,Equisetum arvense,ForestWetPoor
97956,Equisetum arvense,ForestWetPoor
97957,Equisetum arvense,ForestWetPoor
97958,Equisetum arvense,ForestWetPoor
97959,Equisetum arvense,ForestWetPoor
97960,Equisetum arvense,ForestWetPoor
97961,Equisetum arvense,ForestWetPoor
97962,Equisetum arvense,ForestWetPoor
97963,Equisetum arvense,ForestWetPoor
97964,Equisetum arvense,ForestWetPoor
97965,Equisetum arvense,ForestWetPoor
97966,Equisetum arvense,ForestWetPoor
97967,Equisetum arvense,ForestWetPoor
97968,Equisetum arvense,ForestWetPoor
97969,Equisetum arvense,ForestWetPoor
97970,Equisetum arvense,ForestWetPoor
97971,Equisetum arvense,ForestWetPoor
97972,Equisetum arvense,ForestWetPoor
97973,Equisetum arvense,ForestWetPoor
97974,Equisetum arvense,ForestWetPoor
97975,Equisetum arvense,ForestWetPoor
97976,Equisetum arvense,ForestWetPoor
97977,Equisetum arvense,ForestWetPoor
97978,Equisetum arvense,ForestWetPoor
97979,Equisetum arvense,ForestWetPoor
97980,Equisetum arvense,ForestWetPoor
97981,Equisetum arvense,ForestWetPoor
97982,Equisetum arvense,ForestWetPoor
97983,Equisetum arvense,ForestWetPoor
97984,Equisetum arvense,ForestWetPoor
97985,Equisetum arvense,ForestWetPoor
97986,Equisetum arvense,ForestWetPoor
97987,Equisetum arvense,ForestWetPoor
97988,Equisetum arvense,ForestWetPoor
97989,Equisetum arvense,ForestWetPoor
97990,Equisetum arvense,ForestWetPoor
97991,Equisetum arvense,ForestWetPoor
97992,Equisetum arvense,ForestWetPoor
97993,Equisetum arvense,ForestWetPoor
97994,Equisetum arvense,ForestWetPoor
97995,Equisetum arvense,ForestWetPoor
97996,Equisetum arvense,ForestWetPoor
97997,Equisetum arvense,ForestWetPoor
97998,Equisetum arvense,ForestWetPoor
97999,Equisetum arvense,ForestWetPoor
98000,Equisetum arvense,ForestWetPoor
98001,Equisetum arvense,ForestWetPoor
98513,Equisetum arvense,ForestWetPoor
98514,Equisetum arvense,ForestWetPoor
98515,Equisetum arvense,ForestWetPoor
98516,Equisetum arvense,ForestWetPoor
98517,Equisetum arvense,ForestWetPoor
98518,Equisetum arvense,ForestWetPoor
98519,Equisetum arvense,ForestWetPoor
98520,Equisetum arvense,ForestWetPoor
98521,Equisetum arvense,ForestWetPoor
98522,Equisetum arvense,ForestWetPoor
98523,Equisetum arvense,ForestWetPoor
98524,Equisetum arvense,ForestWetPoor
98525,Equisetum arvense,ForestWetPoor
98526,Equisetum arvense,ForestWetPoor
98527,Equisetum arvense,ForestWetPoor
98528,Equisetum arvense,ForestWetPoor
98529,Equisetum arvense,ForestWetPoor
98530,Equisetum arvense,ForestWetPoor
98531,Equisetum arvense,ForestWetPoor
98532,Equisetum arvense,ForestWetPoor
99112,Equisetum arvense,ForestWetPoor
99113,Equisetum arvense,ForestWetPoor
99114,Equisetum arvense,ForestWetPoor
99115,Equisetum arvense,ForestWetPoor
99116,Equisetum arvense,ForestWetPoor
99117,Equisetum arvense,ForestWetPoor
99118,Equisetum arvense,ForestWetPoor
99119,Equisetum arvense,ForestWetPoor
99120,Equisetum arvense,ForestWetPoor
99121,Equisetum arvense,ForestWetPoor
99122,Equisetum arvense,ForestWetPoor
99123,Equisetum arvense,ForestWetPoor
99124,Equisetum arvense,ForestWetPoor
99125,Equisetum arvense,ForestWetPoor
99126,Equisetum arvense,ForestWetPoor
99127,Equisetum arvense,ForestWetPoor
99128,Equisetum arvense,ForestWetPoor
99129,Equisetum arvense,ForestWetPoor
99130,Equisetum arvense,ForestWetPoor
99131,Equisetum arvense,ForestWetPoor
99711,Equisetum arvense,ForestWetPoor
99712,Equisetum arvense,ForestWetPoor
99713,Equisetum arvense,ForestWetPoor
99714,Equisetum arvense,ForestWetPoor
99715,Equisetum arvense,ForestWetPoor
99716,Equisetum arvense,ForestWetPoor
99717,Equisetum arvense,ForestWetPoor
99718,Equisetum arvense,ForestWetPoor
99719,Equisetum arvense,ForestWetPoor
99720,Equisetum arvense,ForestWetPoor
99721,Equisetum arvense,ForestWetPoor
99722,Equisetum arvense,ForestWetPoor
99723,Equisetum arvense,ForestWetPoor
99724,Equisetum arvense,ForestWetPoor
99725,Equisetum arvense,ForestWetPoor
99726,Equisetum arvense,ForestWetPoor
99727,Equisetum arvense,ForestWetPoor
99728,Equisetum arvense,ForestWetPoor
99729,Equisetum arvense,ForestWetPoor
99730,Equisetum arvense,ForestWetPoor
100310,Equisetum arvense,ForestWetPoor
100311,Equisetum arvense,ForestWetPoor
100312,Equisetum arvense,ForestWetPoor
100313,Equisetum arvense,ForestWetPoor
100314,Equisetum arvense,ForestWetPoor
100315,Equisetum arvense,ForestWetPoor
100316,Equisetum arvense,ForestWetPoor
100317,Equisetum arvense,ForestWetPoor
100318,Equisetum arvense,ForestWetPoor
100319,Equisetum arvense,ForestWetPoor
100320,Equisetum arvense,ForestWetPoor
100321,Equisetum arvense,ForestWetPoor
100322,Equisetum arvense,ForestWetPoor
100323,Equisetum arvense,ForestWetPoor
100324,Equisetum arvense,ForestWetPoor
100325,Equisetum arvense,ForestWetPoor
100326,Equisetum arvense,ForestWetPoor
100327,Equisetum arvense,ForestWetPoor
100328,Equisetum arvense,ForestWetPoor
100329,Equisetum arvense,ForestWetPoor
100909,Equisetum arvense,ForestWetPoor
100910,Equisetum arvense,ForestWetPoor
100911,Equisetum arvense,ForestWetPoor
100912,Equisetum arvense,ForestWetPoor
100913,Equisetum arvense,ForestWetPoor
100914,Equisetum arvense,ForestWetPoor
100915,Equisetum arvense,ForestWetPoor
100916,Equisetum arvense,ForestWetPoor
100917,Equisetum arvense,ForestWetPoor
100918,Equisetum arvense,ForestWetPoor
100919,Equisetum arvense,ForestWetPoor
100920,Equisetum arvense,ForestWetPoor
100921,Equisetum arvense,ForestWetPoor
100922,Equisetum arvense,ForestWetPoor
100923,Equisetum arvense,ForestWetPoor
100924,Equisetum arvense,ForestWetPoor
100925,Equisetum arvense,ForestWetPoor
100926,Equisetum arvense,ForestWetPoor
100927,Equisetum arvense,ForestWetPoor
100928,Equisetum arvense,ForestWetPoor
101508,Equisetum arvense,ForestWetPoor
101509,Equisetum arvense,ForestWetPoor
101510,Equisetum arvense,ForestWetPoor
101511,Equisetum arvense,ForestWetPoor
101512,Equisetum arvense,ForestWetPoor
101513,Equisetum arvense,ForestWetPoor
101514,Equisetum arvense,ForestWetPoor
101515,Equisetum arvense,ForestWetPoor
101516,Equisetum arvense,ForestWetPoor
101517,Equisetum arvense,ForestWetPoor
101518,Equisetum arvense,ForestWetPoor
101519,Equisetum arvense,ForestWetPoor
101520,Equisetum arvense,ForestWetPoor
101521,Equisetum arvense,ForestWetPoor
101522,Equisetum arvense,ForestWetPoor
101523,Equisetum arvense,ForestWetPoor
101524,Equisetum arvense,ForestWetPoor
101525,Equisetum arvense,ForestWetPoor
101526,Equisetum arvense,ForestWetPoor
101527,Equisetum arvense,ForestWetPoor
102107,Equisetum arvense,ForestWetPoor
102108,Equisetum arvense,ForestWetPoor
102109,Equisetum arvense,ForestWetPoor
102110,Equisetum arvense,ForestWetPoor
102111,Equisetum arvense,ForestWetPoor
102112,Equisetum arvense,ForestWetPoor
102113,Equisetum arvense,ForestWetPoor
102114,Equisetum arvense,ForestWetPoor
102115,Equisetum arvense,ForestWetPoor
102116,Equisetum arvense,ForestWetPoor
102117,Equisetum arvense,ForestWetPoor
102118,Equisetum arvense,ForestWetPoor
102119,Equisetum arvense,ForestWetPoor
102120,Equisetum arvense,ForestWetPoor
102121,Equisetum arvense,ForestWetPoor
102122,Equisetum arvense,ForestWetPoor
102123,Equisetum arvense,ForestWetPoor
102124,Equisetum arvense,ForestWetPoor
102125,Equisetum arvense,ForestWetPoor
102126,Equisetum arvense,ForestWetPoor
102706,Equisetum arvense,ForestWetPoor
102707,Equisetum arvense,ForestWetPoor
102708,Equisetum arvense,ForestWetPoor
102709,Equisetum arvense,ForestWetPoor
102710,Equisetum arvense,ForestWetPoor
102711,Equisetum arvense,ForestWetPoor
102712,Equisetum arvense,ForestWetPoor
102713,Equisetum arvense,ForestWetPoor
102714,Equisetum arvense,ForestWetPoor
102715,Equisetum arvense,ForestWetPoor
102716,Equisetum arvense,ForestWetPoor
102717,Equisetum arvense,ForestWetPoor
102718,Equisetum arvense,ForestWetPoor
102719,Equisetum arvense,ForestWetPoor
102720,Equisetum arvense,ForestWetPoor
102721,Equisetum arvense,ForestWetPoor
102722,Equisetum arvense,ForestWetPoor
102723,Equisetum arvense,ForestWetPoor
102724,Equisetum arvense,ForestWetPoor
102725,Equisetum arvense,ForestWetPoor
103305,Equisetum arvense,ForestWetPoor
103306,Equisetum arvense,ForestWetPoor
103307,Equisetum arvense,ForestWetPoor
103308,Equisetum arvense,ForestWetPoor
103309,Equisetum arvense,ForestWetPoor
103310,Equisetum arvense,ForestWetPoor
103311,Equisetum arvense,ForestWetPoor
103312,Equisetum arvense,ForestWetPoor
103313,Equisetum arvense,ForestWetPoor
103314,Equisetum arvense,ForestWetPoor
103315,Equisetum arvense,ForestWetPoor
103316,Equisetum arvense,ForestWetPoor
103317,Equisetum arvense,ForestWetPoor
103318,Equisetum arvense,ForestWetPoor
103319,Equisetum arvense,ForestWetPoor
103320,Equisetum arvense,ForestWetPoor
103321,Equisetum arvense,ForestWetPoor
103322,Equisetum arvense,ForestWetPoor
103323,Equisetum arvense,ForestWetPoor
103324,Equisetum arvense,ForestWetPoor
103904,Equisetum arvense,ForestWetPoor
103905,Equisetum arvense,ForestWetPoor
103906,Equisetum arvense,ForestWetPoor
103907,Equisetum arvense,ForestWetPoor
103908,Equisetum arvense,ForestWetPoor
103909,Equisetum arvense,ForestWetPoor
103910,Equisetum arvense,ForestWetPoor
103911,Equisetum arvense,ForestWetPoor
103912,Equisetum arvense,ForestWetPoor
103913,Equisetum arvense,ForestWetPoor
103914,Equisetum arvense,ForestWetPoor
103915,Equisetum arvense,ForestWetPoor
103916,Equisetum arvense,ForestWetPoor
103917,Equisetum arvense,ForestWetPoor
103918,Equisetum arvense,ForestWetPoor
103919,Equisetum arvense,ForestWetPoor
103920,Equisetum arvense,ForestWetPoor
103921,Equisetum arvense,ForestWetPoor
103922,Equisetum arvense,ForestWetPoor
103923,Equisetum arvense,ForestWetPoor
104503,Equisetum arvense,ForestWetPoor
104504,Equisetum arvense,ForestWetPoor
104505,Equisetum arvense,ForestWetPoor
104506,Equisetum arvense,ForestWetPoor
104507,Equisetum arvense,ForestWetPoor
104508,Equisetum arvense,ForestWetPoor
104509,Equisetum arvense,ForestWetPoor
104510,Equisetum arvense,ForestWetPoor
104511,Equisetum arvense,ForestWetPoor
104512,Equisetum arvense,ForestWetPoor
104513,Equisetum arvense,ForestWetPoor
104514,Equisetum arvense,ForestWetPoor
104515,Equisetum arvense,ForestWetPoor
104516,Equisetum arvense,ForestWetPoor
104517,Equisetum arvense,ForestWetPoor
104518,Equisetum arvense,ForestWetPoor
104519,Equisetum arvense,ForestWetPoor
104520,Equisetum arvense,ForestWetPoor
104521,Equisetum arvense,ForestWetPoor
104522,Equisetum arvense,ForestWetPoor
105102,Equisetum arvense,ForestWetPoor
105103,Equisetum arvense,ForestWetPoor
105104,Equisetum arvense,ForestWetPoor
105105,Equisetum arvense,ForestWetPoor
105106,Equisetum arvense,ForestWetPoor
105107,Equisetum arvense,ForestWetPoor
105108,Equisetum arvense,ForestWetPoor
105109,Equisetum arvense,ForestWetPoor
105110,Equisetum arvense,ForestWetPoor
105111,Equisetum arvense,ForestWetPoor
105112,Equisetum arvense,ForestWetPoor
105113,Equisetum arvense,ForestWetPoor
105114,Equisetum arvense,ForestWetPoor
105115,Equisetum arvense,ForestWetPoor
105116,Equisetum arvense,ForestWetPoor
105117,Equisetum arvense,ForestWetPoor
105118,Equisetum arvense,ForestWetPoor
105119,Equisetum arvense,ForestWetPoor
105120,Equisetum arvense,ForestWetPoor
105121,Equisetum arvense,ForestWetPoor
105701,Equisetum arvense,ForestWetPoor
105702,Equisetum arvense,ForestWetPoor
105703,Equisetum arvense,ForestWetPoor
105704,Equisetum arvense,ForestWetPoor
105705,Equisetum arvense,ForestWetPoor
105706,Equisetum arvense,ForestWetPoor
105707,Equisetum arvense,ForestWetPoor
105708,Equisetum arvense,ForestWetPoor
105709,Equisetum arvense,ForestWetPoor
105710,Equisetum arvense,ForestWetPoor
105711,Equisetum arvense,ForestWetPoor
105712,Equisetum arvense,ForestWetPoor
105713,Equisetum arvense,ForestWetPoor
105714,Equisetum arvense,ForestWetPoor
105715,Equisetum arvense,ForestWetPoor
105716,Equisetum arvense,ForestWetPoor
105717,Equisetum arvense,ForestWetPoor
105718,Equisetum arvense,ForestWetPoor
105719,Equisetum arvense,ForestWetPoor
105720,Equisetum arvense,ForestWetPoor
106300,Equisetum arvense,ForestWetPoor
106301,Equisetum arvense,ForestWetPoor
106302,Equisetum arvense,ForestWetPoor
106303,Equisetum arvense,ForestWetPoor
106304,Equisetum arvense,ForestWetPoor
106305,Equisetum arvense,ForestWetPoor
106306,Equisetum arvense,ForestWetPoor
106307,Equisetum arvense,ForestWetPoor
106308,Equisetum arvense,ForestWetPoor
106309,Equisetum arvense,ForestWetPoor
106310,Equisetum arvense,ForestWetPoor
106311,Equisetum arvense,ForestWetPoor
106312,Equisetum arvense,ForestWetPoor
106313,Equisetum arvense,ForestWetPoor
106314,Equisetum arvense,ForestWetPoor
106315,Equisetum arvense,ForestWetPoor
106316,Equisetum arvense,ForestWetPoor
106317,Equisetum arvense,ForestWetPoor
106318,Equisetum arvense,ForestWetPoor
106319,Equisetum arvense,ForestWetPoor
106899,Equisetum arvense,ForestWetPoor
106900,Equisetum arvense,ForestWetPoor
106901,Equisetum arvense,ForestWetPoor
106902,Equisetum arvense,ForestWetPoor
106903,Equisetum arvense,ForestWetPoor
106904,Equisetum arvense,ForestWetPoor
106905,Equisetum arvense,ForestWetPoor
106906,Equisetum arvense,ForestWetPoor
106907,Equisetum arvense,ForestWetPoor
106908,Equisetum arvense,ForestWetPoor
106909,Equisetum arvense,ForestWetPoor
106910,Equisetum arvense,ForestWetPoor
106911,Equisetum arvense,ForestWetPoor
106912,Equisetum arvense,ForestWetPoor
106913,Equisetum arvense,ForestWetPoor
106914,Equisetum arvense,ForestWetPoor
106915,Equisetum arvense,ForestWetPoor
106916,Equisetum arvense,ForestWetPoor
106917,Equisetum arvense,ForestWetPoor
106918,Equisetum arvense,ForestWetPoor
107498,Equisetum arvense,ForestWetPoor
107499,Equisetum arvense,ForestWetPoor
107500,Equisetum arvense,ForestWetPoor
107501,Equisetum arvense,ForestWetPoor
107502,Equisetum arvense,ForestWetPoor
107503,Equisetum arvense,ForestWetPoor
107504,Equisetum arvense,ForestWetPoor
107505,Equisetum arvense,ForestWetPoor
107506,Equisetum arvense,ForestWetPoor
107507,Equisetum arvense,ForestWetPoor
107508,Equisetum arvense,ForestWetPoor
107509,Equisetum arvense,ForestWetPoor
107510,Equisetum arvense,ForestWetPoor
107511,Equisetum arvense,ForestWetPoor
107512,Equisetum arvense,ForestWetPoor
107513,Equisetum arvense,ForestWetPoor
107514,Equisetum arvense,ForestWetPoor
107515,Equisetum arvense,ForestWetPoor
107516,Equisetum arvense,ForestWetPoor
107517,Equisetum arvense,ForestWetPoor
108097,Equisetum arvense,ForestWetPoor
108098,Equisetum arvense,ForestWetPoor
108099,Equisetum arvense,ForestWetPoor
108100,Equisetum arvense,ForestWetPoor
108101,Equisetum arvense,ForestWetPoor
108102,Equisetum arvense,ForestWetPoor
108103,Equisetum arvense,ForestWetPoor
108104,Equisetum arvense,ForestWetPoor
108105,Equisetum arvense,ForestWetPoor
108106,Equisetum arvense,ForestWetPoor
108107,Equisetum arvense,ForestWetPoor
108108,Equisetum arvense,ForestWetPoor
108109,Equisetum arvense,ForestWetPoor
108110,Equisetum arvense,ForestWetPoor
108111,Equisetum arvense,ForestWetPoor
108112,Equisetum arvense,ForestWetPoor
108113,Equisetum arvense,ForestWetPoor
108114,Equisetum arvense,ForestWetPoor
108115,Equisetum arvense,ForestWetPoor
108116,Equisetum arvense,ForestWetPoor
108696,Equisetum arvense,ForestWetPoor
108697,Equisetum arvense,ForestWetPoor
108698,Equisetum arvense,ForestWetPoor
108699,Equisetum arvense,ForestWetPoor
108700,Equisetum arvense,ForestWetPoor
108701,Equisetum arvense,ForestWetPoor
108702,Equisetum arvense,ForestWetPoor
108703,Equisetum arvense,ForestWetPoor
108704,Equisetum arvense,ForestWetPoor
108705,Equisetum arvense,ForestWetPoor
108706,Equisetum arvense,ForestWetPoor
108707,Equisetum arvense,ForestWetPoor
108708,Equisetum arvense,ForestWetPoor
108709,Equisetum arvense,ForestWetPoor
108710,Equisetum arvense,ForestWetPoor
108711,Equisetum arvense,ForestWetPoor
108712,Equisetum arvense,ForestWetPoor
108713,Equisetum arvense,ForestWetPoor
108714,Equisetum arvense,ForestWetPoor
108715,Equisetum arvense,ForestWetPoor
109295,Equisetum arvense,ForestWetPoor
109296,Equisetum arvense,ForestWetPoor
109297,Equisetum arvense,ForestWetPoor
109298,Equisetum arvense,ForestWetPoor
109299,Equisetum arvense,ForestWetPoor
109300,Equisetum arvense,ForestWetPoor
109301,Equisetum arvense,ForestWetPoor
109302,Equisetum arvense,ForestWetPoor
109303,Equisetum arvense,ForestWetPoor
109304,Equisetum arvense,ForestWetPoor
109305,Equisetum arvense,ForestWetPoor
109306,Equisetum arvense,ForestWetPoor
109307,Equisetum arvense,ForestWetPoor
109308,Equisetum arvense,ForestWetPoor
109309,Equisetum arvense,ForestWetPoor
109310,Equisetum arvense,ForestWetPoor
109311,Equisetum arvense,ForestWetPoor
109312,Equisetum arvense,ForestWetPoor
109313,Equisetum arvense,ForestWetPoor
109314,Equisetum arvense,ForestWetPoor
109894,Equisetum arvense,ForestWetPoor
109895,Equisetum arvense,ForestWetPoor
109896,Equisetum arvense,ForestWetPoor
109897,Equisetum arvense,ForestWetPoor
109898,Equisetum arvense,ForestWetPoor
109899,Equisetum arvense,ForestWetPoor
109900,Equisetum arvense,ForestWetPoor
109901,Equisetum arvense,ForestWetPoor
109902,Equisetum arvense,ForestWetPoor
109903,Equisetum arvense,ForestWetPoor
109904,Equisetum arvense,ForestWetPoor
109905,Equisetum arvense,ForestWetPoor
109906,Equisetum arvense,ForestWetPoor
109907,Equisetum arvense,ForestWetPoor
109908,Equisetum arvense,ForestWetPoor
109909,Equisetum arvense,ForestWetPoor
109910,Equisetum arvense,ForestWetPoor
109911,Equisetum arvense,ForestWetPoor
109912,Equisetum arvense,ForestWetPoor
109913,Equisetum arvense,ForestWetPoor
278413,Equisetum arvense,ForestWetPoor
279012,Equisetum arvense,ForestWetPoor
91936,Equisetum arvense,ForestWetPoor
91937,Equisetum arvense,ForestWetPoor
91938,Equisetum arvense,ForestWetPoor
91939,Equisetum arvense,ForestWetPoor
91940,Equisetum arvense,ForestWetPoor
91941,Equisetum arvense,ForestWetPoor
91942,Equisetum arvense,ForestWetPoor
91943,Equisetum arvense,ForestWetPoor
91944,Equisetum arvense,ForestWetPoor
91945,Equisetum arvense,ForestWetPoor
91946,Equisetum arvense,ForestWetPoor
91947,Equisetum arvense,ForestWetPoor
91948,Equisetum arvense,ForestWetPoor
91949,Equisetum arvense,ForestWetPoor
92530,Equisetum arvense,ForestWetPoor
92531,Equisetum arvense,ForestWetPoor
92532,Equisetum arvense,ForestWetPoor
92533,Equisetum arvense,ForestWetPoor
92534,Equisetum arvense,ForestWetPoor
92535,Equisetum arvense,ForestWetPoor
92536,Equisetum arvense,ForestWetPoor
92537,Equisetum arvense,ForestWetPoor
92538,Equisetum arvense,ForestWetPoor
92539,Equisetum arvense,ForestWetPoor
92540,Equisetum arvense,ForestWetPoor
92541,Equisetum arvense,ForestWetPoor
92542,Equisetum arvense,ForestWetPoor
92543,Equisetum arvense,ForestWetPoor
92544,Equisetum arvense,ForestWetPoor
92545,Equisetum arvense,ForestWetPoor
92546,Equisetum arvense,ForestWetPoor
92547,Equisetum arvense,ForestWetPoor
92548,Equisetum arvense,ForestWetPoor
92549,Equisetum arvense,ForestWetPoor
92550,Equisetum arvense,ForestWetPoor
92551,Equisetum arvense,ForestWetPoor
92552,Equisetum arvense,ForestWetPoor
92553,Equisetum arvense,ForestWetPoor
93125,Equisetum arvense,ForestWetPoor
93126,Equisetum arvense,ForestWetPoor
93127,Equisetum arvense,ForestWetPoor
93128,Equisetum arvense,ForestWetPoor
93129,Equisetum arvense,ForestWetPoor
93130,Equisetum arvense,ForestWetPoor
93131,Equisetum arvense,ForestWetPoor
93132,Equisetum arvense,ForestWetPoor
93133,Equisetum arvense,ForestWetPoor
93134,Equisetum arvense,ForestWetPoor
93135,Equisetum arvense,ForestWetPoor
93136,Equisetum arvense,ForestWetPoor
93137,Equisetum arvense,ForestWetPoor
93138,Equisetum arvense,ForestWetPoor
93139,Equisetum arvense,ForestWetPoor
93140,Equisetum arvense,ForestWetPoor
93141,Equisetum arvense,ForestWetPoor
93142,Equisetum arvense,ForestWetPoor
93143,Equisetum arvense,ForestWetPoor
93144,Equisetum arvense,ForestWetPoor
93145,Equisetum arvense,ForestWetPoor
93146,Equisetum arvense,ForestWetPoor
93147,Equisetum arvense,ForestWetPoor
93148,Equisetum arvense,ForestWetPoor
93149,Equisetum arvense,ForestWetPoor
93150,Equisetum arvense,ForestWetPoor
93151,Equisetum arvense,ForestWetPoor
93152,Equisetum arvense,ForestWetPoor
93153,Equisetum arvense,ForestWetPoor
93154,Equisetum arvense,ForestWetPoor
93155,Equisetum arvense,ForestWetPoor
93156,Equisetum arvense,ForestWetPoor
93722,Equisetum arvense,ForestWetPoor
93723,Equisetum arvense,ForestWetPoor
93724,Equisetum arvense,ForestWetPoor
93725,Equisetum arvense,ForestWetPoor
93726,Equisetum arvense,ForestWetPoor
93727,Equisetum arvense,ForestWetPoor
93728,Equisetum arvense,ForestWetPoor
93729,Equisetum arvense,ForestWetPoor
93730,Equisetum arvense,ForestWetPoor
93731,Equisetum arvense,ForestWetPoor
93732,Equisetum arvense,ForestWetPoor
93733,Equisetum arvense,ForestWetPoor
93734,Equisetum arvense,ForestWetPoor
93735,Equisetum arvense,ForestWetPoor
93736,Equisetum arvense,ForestWetPoor
93737,Equisetum arvense,ForestWetPoor
93738,Equisetum arvense,ForestWetPoor
93739,Equisetum arvense,ForestWetPoor
93740,Equisetum arvense,ForestWetPoor
93741,Equisetum arvense,ForestWetPoor
93742,Equisetum arvense,ForestWetPoor
93743,Equisetum arvense,ForestWetPoor
93744,Equisetum arvense,ForestWetPoor
93745,Equisetum arvense,ForestWetPoor
93746,Equisetum arvense,ForestWetPoor
93747,Equisetum arvense,ForestWetPoor
93748,Equisetum arvense,ForestWetPoor
93749,Equisetum arvense,ForestWetPoor
93750,Equisetum arvense,ForestWetPoor
93751,Equisetum arvense,ForestWetPoor
93752,Equisetum arvense,ForestWetPoor
93753,Equisetum arvense,ForestWetPoor
93754,Equisetum arvense,ForestWetPoor
93755,Equisetum arvense,ForestWetPoor
93756,Equisetum arvense,ForestWetPoor
93757,Equisetum arvense,ForestWetPoor
94320,Equisetum arvense,ForestWetPoor
94321,Equisetum arvense,ForestWetPoor
94322,Equisetum arvense,ForestWetPoor
94323,Equisetum arvense,ForestWetPoor
94324,Equisetum arvense,ForestWetPoor
94325,Equisetum arvense,ForestWetPoor
94326,Equisetum arvense,ForestWetPoor
94327,Equisetum arvense,ForestWetPoor
94328,Equisetum arvense,ForestWetPoor
94329,Equisetum arvense,ForestWetPoor
94330,Equisetum arvense,ForestWetPoor
94331,Equisetum arvense,ForestWetPoor
94332,Equisetum arvense,ForestWetPoor
94333,Equisetum arvense,ForestWetPoor
94334,Equisetum arvense,ForestWetPoor
94335,Equisetum arvense,ForestWetPoor
94336,Equisetum arvense,ForestWetPoor
94337,Equisetum arvense,ForestWetPoor
94338,Equisetum arvense,ForestWetPoor
94339,Equisetum arvense,ForestWetPoor
94340,Equisetum arvense,ForestWetPoor
94341,Equisetum arvense,ForestWetPoor
94342,Equisetum arvense,ForestWetPoor
94343,Equisetum arvense,ForestWetPoor
94344,Equisetum arvense,ForestWetPoor
94345,Equisetum arvense,ForestWetPoor
94346,Equisetum arvense,ForestWetPoor
94347,Equisetum arvense,ForestWetPoor
94348,Equisetum arvense,ForestWetPoor
94349,Equisetum arvense,ForestWetPoor
94350,Equisetum arvense,ForestWetPoor
94351,Equisetum arvense,ForestWetPoor
94352,Equisetum arvense,ForestWetPoor
94353,Equisetum arvense,ForestWetPoor
94354,Equisetum arvense,ForestWetPoor
94355,Equisetum arvense,ForestWetPoor
94356,Equisetum arvense,ForestWetPoor
94357,Equisetum arvense,ForestWetPoor
94358,Equisetum arvense,ForestWetPoor
94919,Equisetum arvense,ForestWetPoor
94920,Equisetum arvense,ForestWetPoor
94921,Equisetum arvense,ForestWetPoor
94922,Equisetum arvense,ForestWetPoor
94923,Equisetum arvense,ForestWetPoor
94924,Equisetum arvense,ForestWetPoor
94925,Equisetum arvense,ForestWetPoor
94926,Equisetum arvense,ForestWetPoor
94927,Equisetum arvense,ForestWetPoor
94928,Equisetum arvense,ForestWetPoor
94929,Equisetum arvense,ForestWetPoor
94930,Equisetum arvense,ForestWetPoor
94931,Equisetum arvense,ForestWetPoor
94932,Equisetum arvense,ForestWetPoor
94933,Equisetum arvense,ForestWetPoor
94934,Equisetum arvense,ForestWetPoor
94935,Equisetum arvense,ForestWetPoor
94936,Equisetum arvense,ForestWetPoor
94937,Equisetum arvense,ForestWetPoor
94938,Equisetum arvense,ForestWetPoor
94939,Equisetum arvense,ForestWetPoor
94940,Equisetum arvense,ForestWetPoor
94941,Equisetum arvense,ForestWetPoor
94942,Equisetum arvense,ForestWetPoor
94943,Equisetum arvense,ForestWetPoor
94944,Equisetum arvense,ForestWetPoor
94945,Equisetum arvense,ForestWetPoor
94946,Equisetum arvense,ForestWetPoor
94947,Equisetum arvense,ForestWetPoor
94948,Equisetum arvense,ForestWetPoor
94949,Equisetum arvense,ForestWetPoor
94950,Equisetum arvense,ForestWetPoor
94951,Equisetum arvense,ForestWetPoor
94952,Equisetum arvense,ForestWetPoor
94953,Equisetum arvense,ForestWetPoor
94954,Equisetum arvense,ForestWetPoor
94955,Equisetum arvense,ForestWetPoor
94956,Equisetum arvense,ForestWetPoor
94957,Equisetum arvense,ForestWetPoor
94958,Equisetum arvense,ForestWetPoor
94959,Equisetum arvense,ForestWetPoor
94960,Equisetum arvense,ForestWetPoor
95518,Equisetum arvense,ForestWetPoor
95519,Equisetum arvense,ForestWetPoor
95520,Equisetum arvense,ForestWetPoor
95521,Equisetum arvense,ForestWetPoor
95522,Equisetum arvense,ForestWetPoor
95523,Equisetum arvense,ForestWetPoor
95524,Equisetum arvense,ForestWetPoor
95525,Equisetum arvense,ForestWetPoor
95526,Equisetum arvense,ForestWetPoor
95527,Equisetum arvense,ForestWetPoor
95528,Equisetum arvense,ForestWetPoor
95529,Equisetum arvense,ForestWetPoor
95530,Equisetum arvense,ForestWetPoor
95531,Equisetum arvense,ForestWetPoor
95532,Equisetum arvense,ForestWetPoor
95533,Equisetum arvense,ForestWetPoor
95534,Equisetum arvense,ForestWetPoor
95535,Equisetum arvense,ForestWetPoor
95536,Equisetum arvense,ForestWetPoor
95537,Equisetum arvense,ForestWetPoor
95538,Equisetum arvense,ForestWetPoor
95539,Equisetum arvense,ForestWetPoor
95540,Equisetum arvense,ForestWetPoor
95541,Equisetum arvense,ForestWetPoor
95542,Equisetum arvense,ForestWetPoor
95543,Equisetum arvense,ForestWetPoor
95544,Equisetum arvense,ForestWetPoor
95545,Equisetum arvense,ForestWetPoor
95546,Equisetum arvense,ForestWetPoor
95547,Equisetum arvense,ForestWetPoor
95548,Equisetum arvense,ForestWetPoor
95549,Equisetum arvense,ForestWetPoor
95550,Equisetum arvense,ForestWetPoor
95551,Equisetum arvense,ForestWetPoor
95552,Equisetum arvense,ForestWetPoor
95553,Equisetum arvense,ForestWetPoor
95554,Equisetum arvense,ForestWetPoor
95555,Equisetum arvense,ForestWetPoor
95556,Equisetum arvense,ForestWetPoor
95557,Equisetum arvense,ForestWetPoor
95558,Equisetum arvense,ForestWetPoor
95559,Equisetum arvense,ForestWetPoor
95560,Equisetum arvense,ForestWetPoor
96117,Equisetum arvense,ForestWetPoor
96118,Equisetum arvense,ForestWetPoor
96119,Equisetum arvense,ForestWetPoor
96120,Equisetum arvense,ForestWetPoor
96121,Equisetum arvense,ForestWetPoor
96122,Equisetum arvense,ForestWetPoor
96123,Equisetum arvense,ForestWetPoor
96124,Equisetum arvense,ForestWetPoor
96125,Equisetum arvense,ForestWetPoor
96126,Equisetum arvense,ForestWetPoor
96127,Equisetum arvense,ForestWetPoor
96128,Equisetum arvense,ForestWetPoor
96129,Equisetum arvense,ForestWetPoor
96130,Equisetum arvense,ForestWetPoor
96131,Equisetum arvense,ForestWetPoor
96132,Equisetum arvense,ForestWetPoor
96133,Equisetum arvense,ForestWetPoor
96134,Equisetum arvense,ForestWetPoor
96135,Equisetum arvense,ForestWetPoor
96136,Equisetum arvense,ForestWetPoor
96137,Equisetum arvense,ForestWetPoor
96138,Equisetum arvense,ForestWetPoor
96139,Equisetum arvense,ForestWetPoor
96140,Equisetum arvense,ForestWetPoor
96141,Equisetum arvense,ForestWetPoor
96142,Equisetum arvense,ForestWetPoor
96143,Equisetum arvense,ForestWetPoor
96144,Equisetum arvense,ForestWetPoor
96145,Equisetum arvense,ForestWetPoor
96146,Equisetum arvense,ForestWetPoor
96147,Equisetum arvense,ForestWetPoor
96148,Equisetum arvense,ForestWetPoor
96149,Equisetum arvense,ForestWetPoor
96150,Equisetum arvense,ForestWetPoor
96151,Equisetum arvense,ForestWetPoor
96152,Equisetum arvense,ForestWetPoor
96153,Equisetum arvense,ForestWetPoor
96154,Equisetum arvense,ForestWetPoor
96155,Equisetum arvense,ForestWetPoor
96156,Equisetum arvense,ForestWetPoor
96157,Equisetum arvense,ForestWetPoor
96158,Equisetum arvense,ForestWetPoor
96159,Equisetum arvense,ForestWetPoor
96160,Equisetum arvense,ForestWetPoor
96161,Equisetum arvense,ForestWetPoor
96716,Equisetum arvense,ForestWetPoor
96717,Equisetum arvense,ForestWetPoor
96718,Equisetum arvense,ForestWetPoor
96719,Equisetum arvense,ForestWetPoor
96720,Equisetum arvense,ForestWetPoor
96721,Equisetum arvense,ForestWetPoor
96722,Equisetum arvense,ForestWetPoor
96723,Equisetum arvense,ForestWetPoor
96724,Equisetum arvense,ForestWetPoor
96725,Equisetum arvense,ForestWetPoor
96726,Equisetum arvense,ForestWetPoor
96727,Equisetum arvense,ForestWetPoor
96728,Equisetum arvense,ForestWetPoor
96729,Equisetum arvense,ForestWetPoor
96730,Equisetum arvense,ForestWetPoor
96731,Equisetum arvense,ForestWetPoor
96732,Equisetum arvense,ForestWetPoor
96733,Equisetum arvense,ForestWetPoor
96734,Equisetum arvense,ForestWetPoor
96735,Equisetum arvense,ForestWetPoor
96736,Equisetum arvense,ForestWetPoor
96737,Equisetum arvense,ForestWetPoor
96738,Equisetum arvense,ForestWetPoor
96739,Equisetum arvense,ForestWetPoor
96740,Equisetum arvense,ForestWetPoor
96741,Equisetum arvense,ForestWetPoor
96742,Equisetum arvense,ForestWetPoor
96743,Equisetum arvense,ForestWetPoor
96744,Equisetum arvense,ForestWetPoor
96745,Equisetum arvense,ForestWetPoor
96746,Equisetum arvense,ForestWetPoor
96747,Equisetum arvense,ForestWetPoor
96748,Equisetum arvense,ForestWetPoor
96749,Equisetum arvense,ForestWetPoor
96750,Equisetum arvense,ForestWetPoor
96751,Equisetum arvense,ForestWetPoor
96752,Equisetum arvense,ForestWetPoor
96753,Equisetum arvense,ForestWetPoor
96754,Equisetum arvense,ForestWetPoor
96755,Equisetum arvense,ForestWetPoor
96756,Equisetum arvense,ForestWetPoor
96757,Equisetum arvense,ForestWetPoor
96758,Equisetum arvense,ForestWetPoor
96759,Equisetum arvense,ForestWetPoor
96760,Equisetum arvense,ForestWetPoor
96761,Equisetum arvense,ForestWetPoor
96762,Equisetum arvense,ForestWetPoor
97315,Equisetum arvense,ForestWetPoor
97316,Equisetum arvense,ForestWetPoor
97317,Equisetum arvense,ForestWetPoor
97318,Equisetum arvense,ForestWetPoor
97319,Equisetum arvense,ForestWetPoor
97320,Equisetum arvense,ForestWetPoor
97321,Equisetum arvense,ForestWetPoor
97322,Equisetum arvense,ForestWetPoor
97323,Equisetum arvense,ForestWetPoor
97324,Equisetum arvense,ForestWetPoor
97325,Equisetum arvense,ForestWetPoor
97326,Equisetum arvense,ForestWetPoor
97327,Equisetum arvense,ForestWetPoor
97328,Equisetum arvense,ForestWetPoor
97329,Equisetum arvense,ForestWetPoor
97330,Equisetum arvense,ForestWetPoor
97331,Equisetum arvense,ForestWetPoor
97332,Equisetum arvense,ForestWetPoor
97333,Equisetum arvense,ForestWetPoor
97334,Equisetum arvense,ForestWetPoor
97335,Equisetum arvense,ForestWetPoor
97336,Equisetum arvense,ForestWetPoor
97337,Equisetum arvense,ForestWetPoor
97338,Equisetum arvense,ForestWetPoor
97339,Equisetum arvense,ForestWetPoor
97340,Equisetum arvense,ForestWetPoor
97341,Equisetum arvense,ForestWetPoor
97342,Equisetum arvense,ForestWetPoor
97343,Equisetum arvense,ForestWetPoor
97344,Equisetum arvense,ForestWetPoor
97345,Equisetum arvense,ForestWetPoor
97346,Equisetum arvense,ForestWetPoor
97347,Equisetum arvense,ForestWetPoor
97348,Equisetum arvense,ForestWetPoor
97349,Equisetum arvense,ForestWetPoor
97350,Equisetum arvense,ForestWetPoor
97351,Equisetum arvense,ForestWetPoor
97352,Equisetum arvense,ForestWetPoor
97353,Equisetum arvense,ForestWetPoor
97354,Equisetum arvense,ForestWetPoor
97355,Equisetum arvense,ForestWetPoor
97356,Equisetum arvense,ForestWetPoor
97357,Equisetum arvense,ForestWetPoor
97358,Equisetum arvense,ForestWetPoor
97359,Equisetum arvense,ForestWetPoor
97360,Equisetum arvense,ForestWetPoor
97361,Equisetum arvense,ForestWetPoor
97362,Equisetum arvense,ForestWetPoor
97914,Equisetum arvense,ForestWetPoor
97915,Equisetum arvense,ForestWetPoor
97916,Equisetum arvense,ForestWetPoor
97917,Equisetum arvense,ForestWetPoor
97918,Equisetum arvense,ForestWetPoor
97919,Equisetum arvense,ForestWetPoor
97920,Equisetum arvense,ForestWetPoor
97921,Equisetum arvense,ForestWetPoor
97922,Equisetum arvense,ForestWetPoor
97923,Equisetum arvense,ForestWetPoor
97924,Equisetum arvense,ForestWetPoor
97925,Equisetum arvense,ForestWetPoor
97926,Equisetum arvense,ForestWetPoor
97927,Equisetum arvense,ForestWetPoor
97928,Equisetum arvense,ForestWetPoor
97929,Equisetum arvense,ForestWetPoor
97930,Equisetum arvense,ForestWetPoor
97931,Equisetum arvense,ForestWetPoor
97932,Equisetum arvense,ForestWetPoor
97933,Equisetum arvense,ForestWetPoor
97934,Equisetum arvense,ForestWetPoor
97935,Equisetum arvense,ForestWetPoor
97936,Equisetum arvense,ForestWetPoor
97937,Equisetum arvense,ForestWetPoor
97938,Equisetum arvense,ForestWetPoor
97939,Equisetum arvense,ForestWetPoor
97940,Equisetum arvense,ForestWetPoor
97941,Equisetum arvense,ForestWetPoor
97942,Equisetum arvense,ForestWetPoor
97943,Equisetum arvense,ForestWetPoor
97944,Equisetum arvense,ForestWetPoor
97945,Equisetum arvense,ForestWetPoor
97946,Equisetum arvense,ForestWetPoor
97947,Equisetum arvense,ForestWetPoor
97948,Equisetum arvense,ForestWetPoor
97949,Equisetum arvense,ForestWetPoor
97950,Equisetum arvense,ForestWetPoor
97951,Equisetum arvense,ForestWetPoor
97952,Equisetum arvense,ForestWetPoor
97953,Equisetum arvense,ForestWetPoor
97954,Equisetum arvense,ForestWetPoor
97955,Equisetum arvense,ForestWetPoor
97956,Equisetum arvense,ForestWetPoor
97957,Equisetum arvense,ForestWetPoor
97958,Equisetum arvense,ForestWetPoor
97959,Equisetum arvense,ForestWetPoor
97960,Equisetum arvense,ForestWetPoor
97961,Equisetum arvense,ForestWetPoor
97962,Equisetum arvense,ForestWetPoor
98513,Equisetum arvense,ForestWetPoor
98514,Equisetum arvense,ForestWetPoor
98515,Equisetum arvense,ForestWetPoor
98516,Equisetum arvense,ForestWetPoor
98517,Equisetum arvense,ForestWetPoor
98518,Equisetum arvense,ForestWetPoor
98519,Equisetum arvense,ForestWetPoor
98520,Equisetum arvense,ForestWetPoor
98521,Equisetum arvense,ForestWetPoor
98522,Equisetum arvense,ForestWetPoor
98523,Equisetum arvense,ForestWetPoor
98524,Equisetum arvense,ForestWetPoor
98525,Equisetum arvense,ForestWetPoor
98526,Equisetum arvense,ForestWetPoor
98527,Equisetum arvense,ForestWetPoor
98528,Equisetum arvense,ForestWetPoor
98529,Equisetum arvense,ForestWetPoor
98530,Equisetum arvense,ForestWetPoor
98531,Equisetum arvense,ForestWetPoor
98532,Equisetum arvense,ForestWetPoor
99112,Equisetum arvense,ForestWetPoor
99113,Equisetum arvense,ForestWetPoor
99114,Equisetum arvense,ForestWetPoor
99115,Equisetum arvense,ForestWetPoor
99116,Equisetum arvense,ForestWetPoor
99117,Equisetum arvense,ForestWetPoor
99118,Equisetum arvense,ForestWetPoor
99119,Equisetum arvense,ForestWetPoor
99120,Equisetum arvense,ForestWetPoor
99121,Equisetum arvense,ForestWetPoor
99122,Equisetum arvense,ForestWetPoor
99123,Equisetum arvense,ForestWetPoor
99124,Equisetum arvense,ForestWetPoor
99125,Equisetum arvense,ForestWetPoor
99126,Equisetum arvense,ForestWetPoor
99127,Equisetum arvense,ForestWetPoor
99128,Equisetum arvense,ForestWetPoor
99129,Equisetum arvense,ForestWetPoor
99130,Equisetum arvense,ForestWetPoor
99131,Equisetum arvense,ForestWetPoor
99711,Equisetum arvense,ForestWetPoor
99712,Equisetum arvense,ForestWetPoor
99713,Equisetum arvense,ForestWetPoor
99714,Equisetum arvense,ForestWetPoor
99715,Equisetum arvense,ForestWetPoor
99716,Equisetum arvense,ForestWetPoor
99717,Equisetum arvense,ForestWetPoor
99718,Equisetum arvense,ForestWetPoor
99719,Equisetum arvense,ForestWetPoor
99720,Equisetum arvense,ForestWetPoor
99721,Equisetum arvense,ForestWetPoor
99722,Equisetum arvense,ForestWetPoor
99723,Equisetum arvense,ForestWetPoor
99724,Equisetum arvense,ForestWetPoor
99725,Equisetum arvense,ForestWetPoor
99726,Equisetum arvense,ForestWetPoor
99727,Equisetum arvense,ForestWetPoor
99728,Equisetum arvense,ForestWetPoor
99729,Equisetum arvense,ForestWetPoor
99730,Equisetum arvense,ForestWetPoor
100310,Equisetum arvense,ForestWetPoor
100311,Equisetum arvense,ForestWetPoor
100312,Equisetum arvense,ForestWetPoor
100313,Equisetum arvense,ForestWetPoor
100314,Equisetum arvense,ForestWetPoor
100315,Equisetum arvense,ForestWetPoor
100316,Equisetum arvense,ForestWetPoor
100317,Equisetum arvense,ForestWetPoor
100318,Equisetum arvense,ForestWetPoor
100319,Equisetum arvense,ForestWetPoor
100320,Equisetum arvense,ForestWetPoor
100321,Equisetum arvense,ForestWetPoor
100322,Equisetum arvense,ForestWetPoor
100323,Equisetum arvense,ForestWetPoor
100324,Equisetum arvense,ForestWetPoor
100325,Equisetum arvense,ForestWetPoor
100326,Equisetum arvense,ForestWetPoor
100327,Equisetum arvense,ForestWetPoor
100328,Equisetum arvense,ForestWetPoor
100329,Equisetum arvense,ForestWetPoor
100909,Equisetum arvense,ForestWetPoor
100910,Equisetum arvense,ForestWetPoor
100911,Equisetum arvense,ForestWetPoor
100912,Equisetum arvense,ForestWetPoor
100913,Equisetum arvense,ForestWetPoor
100914,Equisetum arvense,ForestWetPoor
100915,Equisetum arvense,ForestWetPoor
100916,Equisetum arvense,ForestWetPoor
100917,Equisetum arvense,ForestWetPoor
100918,Equisetum arvense,ForestWetPoor
100919,Equisetum arvense,ForestWetPoor
100920,Equisetum arvense,ForestWetPoor
100921,Equisetum arvense,ForestWetPoor
100922,Equisetum arvense,ForestWetPoor
100923,Equisetum arvense,ForestWetPoor
100924,Equisetum arvense,ForestWetPoor
100925,Equisetum arvense,ForestWetPoor
100926,Equisetum arvense,ForestWetPoor
100927,Equisetum arvense,ForestWetPoor
100928,Equisetum arvense,ForestWetPoor
101508,Equisetum arvense,ForestWetPoor
101509,Equisetum arvense,ForestWetPoor
101510,Equisetum arvense,ForestWetPoor
101511,Equisetum arvense,ForestWetPoor
101512,Equisetum arvense,ForestWetPoor
101513,Equisetum arvense,ForestWetPoor
101514,Equisetum arvense,ForestWetPoor
101515,Equisetum arvense,ForestWetPoor
101516,Equisetum arvense,ForestWetPoor
101517,Equisetum arvense,ForestWetPoor
101518,Equisetum arvense,ForestWetPoor
101519,Equisetum arvense,ForestWetPoor
101520,Equisetum arvense,ForestWetPoor
101521,Equisetum arvense,ForestWetPoor
101522,Equisetum arvense,ForestWetPoor
101523,Equisetum arvense,ForestWetPoor
101524,Equisetum arvense,ForestWetPoor
101525,Equisetum arvense,ForestWetPoor
101526,Equisetum arvense,ForestWetPoor
101527,Equisetum arvense,ForestWetPoor
102107,Equisetum arvense,ForestWetPoor
102108,Equisetum arvense,ForestWetPoor
102109,Equisetum arvense,ForestWetPoor
102110,Equisetum arvense,ForestWetPoor
102111,Equisetum arvense,ForestWetPoor
102112,Equisetum arvense,ForestWetPoor
102113,Equisetum arvense,ForestWetPoor
102114,Equisetum arvense,ForestWetPoor
102115,Equisetum arvense,ForestWetPoor
102116,Equisetum arvense,ForestWetPoor
102117,Equisetum arvense,ForestWetPoor
102118,Equisetum arvense,ForestWetPoor
102119,Equisetum arvense,ForestWetPoor
102120,Equisetum arvense,ForestWetPoor
102121,Equisetum arvense,ForestWetPoor
102122,Equisetum arvense,ForestWetPoor
102123,Equisetum arvense,ForestWetPoor
102124,Equisetum arvense,ForestWetPoor
102125,Equisetum arvense,ForestWetPoor
102126,Equisetum arvense,ForestWetPoor
102706,Equisetum arvense,ForestWetPoor
102707,Equisetum arvense,ForestWetPoor
102708,Equisetum arvense,ForestWetPoor
102709,Equisetum arvense,ForestWetPoor
102710,Equisetum arvense,ForestWetPoor
102711,Equisetum arvense,ForestWetPoor
102712,Equisetum arvense,ForestWetPoor
102713,Equisetum arvense,ForestWetPoor
102714,Equisetum arvense,ForestWetPoor
102715,Equisetum arvense,ForestWetPoor
102716,Equisetum arvense,ForestWetPoor
102717,Equisetum arvense,ForestWetPoor
102718,Equisetum arvense,ForestWetPoor
102719,Equisetum arvense,ForestWetPoor
102720,Equisetum arvense,ForestWetPoor
102721,Equisetum arvense,ForestWetPoor
102722,Equisetum arvense,ForestWetPoor
102723,Equisetum arvense,ForestWetPoor
102724,Equisetum arvense,ForestWetPoor
102725,Equisetum arvense,ForestWetPoor
103305,Equisetum arvense,ForestWetPoor
103306,Equisetum arvense,ForestWetPoor
103307,Equisetum arvense,ForestWetPoor
103308,Equisetum arvense,ForestWetPoor
103309,Equisetum arvense,ForestWetPoor
103310,Equisetum arvense,ForestWetPoor
103311,Equisetum arvense,ForestWetPoor
103312,Equisetum arvense,ForestWetPoor
103313,Equisetum arvense,ForestWetPoor
103314,Equisetum arvense,ForestWetPoor
103315,Equisetum arvense,ForestWetPoor
103316,Equisetum arvense,ForestWetPoor
103317,Equisetum arvense,ForestWetPoor
103318,Equisetum arvense,ForestWetPoor
103319,Equisetum arvense,ForestWetPoor
103320,Equisetum arvense,ForestWetPoor
103321,Equisetum arvense,ForestWetPoor
103322,Equisetum arvense,ForestWetPoor
103323,Equisetum arvense,ForestWetPoor
103324,Equisetum arvense,ForestWetPoor
103904,Equisetum arvense,ForestWetPoor
103905,Equisetum arvense,ForestWetPoor
103906,Equisetum arvense,ForestWetPoor
103907,Equisetum arvense,ForestWetPoor
103908,Equisetum arvense,ForestWetPoor
103909,Equisetum arvense,ForestWetPoor
103910,Equisetum arvense,ForestWetPoor
103911,Equisetum arvense,ForestWetPoor
103912,Equisetum arvense,ForestWetPoor
103913,Equisetum arvense,ForestWetPoor
103914,Equisetum arvense,ForestWetPoor
103915,Equisetum arvense,ForestWetPoor
103916,Equisetum arvense,ForestWetPoor
103917,Equisetum arvense,ForestWetPoor
103918,Equisetum arvense,ForestWetPoor
103919,Equisetum arvense,ForestWetPoor
103920,Equisetum arvense,ForestWetPoor
103921,Equisetum arvense,ForestWetPoor
103922,Equisetum arvense,ForestWetPoor
103923,Equisetum arvense,ForestWetPoor
104503,Equisetum arvense,ForestWetPoor
104504,Equisetum arvense,ForestWetPoor
104505,Equisetum arvense,ForestWetPoor
104506,Equisetum arvense,ForestWetPoor
104507,Equisetum arvense,ForestWetPoor
104508,Equisetum arvense,ForestWetPoor
104509,Equisetum arvense,ForestWetPoor
104510,Equisetum arvense,ForestWetPoor
104511,Equisetum arvense,ForestWetPoor
104512,Equisetum arvense,ForestWetPoor
104513,Equisetum arvense,ForestWetPoor
104514,Equisetum arvense,ForestWetPoor
104515,Equisetum arvense,ForestWetPoor
104516,Equisetum arvense,ForestWetPoor
104517,Equisetum arvense,ForestWetPoor
104518,Equisetum arvense,ForestWetPoor
104519,Equisetum arvense,ForestWetPoor
104520,Equisetum arvense,ForestWetPoor
104521,Equisetum arvense,ForestWetPoor
104522,Equisetum arvense,ForestWetPoor
105102,Equisetum arvense,ForestWetPoor
105103,Equisetum arvense,ForestWetPoor
105104,Equisetum arvense,ForestWetPoor
105105,Equisetum arvense,ForestWetPoor
105106,Equisetum arvense,ForestWetPoor
105107,Equisetum arvense,ForestWetPoor
105108,Equisetum arvense,ForestWetPoor
105109,Equisetum arvense,ForestWetPoor
105110,Equisetum arvense,ForestWetPoor
105111,Equisetum arvense,ForestWetPoor
105112,Equisetum arvense,ForestWetPoor
105113,Equisetum arvense,ForestWetPoor
105114,Equisetum arvense,ForestWetPoor
105115,Equisetum arvense,ForestWetPoor
105116,Equisetum arvense,ForestWetPoor
105117,Equisetum arvense,ForestWetPoor
105118,Equisetum arvense,ForestWetPoor
105119,Equisetum arvense,ForestWetPoor
105120,Equisetum arvense,ForestWetPoor
105121,Equisetum arvense,ForestWetPoor
105701,Equisetum arvense,ForestWetPoor
105702,Equisetum arvense,ForestWetPoor
105703,Equisetum arvense,ForestWetPoor
105704,Equisetum arvense,ForestWetPoor
105705,Equisetum arvense,ForestWetPoor
105706,Equisetum arvense,ForestWetPoor
105707,Equisetum arvense,ForestWetPoor
105708,Equisetum arvense,ForestWetPoor
105709,Equisetum arvense,ForestWetPoor
105710,Equisetum arvense,ForestWetPoor
105711,Equisetum arvense,ForestWetPoor
105712,Equisetum arvense,ForestWetPoor
105713,Equisetum arvense,ForestWetPoor
105714,Equisetum arvense,ForestWetPoor
105715,Equisetum arvense,ForestWetPoor
105716,Equisetum arvense,ForestWetPoor
105717,Equisetum arvense,ForestWetPoor
105718,Equisetum arvense,ForestWetPoor
105719,Equisetum arvense,ForestWetPoor
105720,Equisetum arvense,ForestWetPoor
106300,Equisetum arvense,ForestWetPoor
106301,Equisetum arvense,ForestWetPoor
106302,Equisetum arvense,ForestWetPoor
106303,Equisetum arvense,ForestWetPoor
106304,Equisetum arvense,ForestWetPoor
106305,Equisetum arvense,ForestWetPoor
106306,Equisetum arvense,ForestWetPoor
106307,Equisetum arvense,ForestWetPoor
106308,Equisetum arvense,ForestWetPoor
106309,Equisetum arvense,ForestWetPoor
106310,Equisetum arvense,ForestWetPoor
106311,Equisetum arvense,ForestWetPoor
106312,Equisetum arvense,ForestWetPoor
106313,Equisetum arvense,ForestWetPoor
106314,Equisetum arvense,ForestWetPoor
106315,Equisetum arvense,ForestWetPoor
106316,Equisetum arvense,ForestWetPoor
106317,Equisetum arvense,ForestWetPoor
106318,Equisetum arvense,ForestWetPoor
106319,Equisetum arvense,ForestWetPoor
106899,Equisetum arvense,ForestWetPoor
106900,Equisetum arvense,ForestWetPoor
106901,Equisetum arvense,ForestWetPoor
106902,Equisetum arvense,ForestWetPoor
106903,Equisetum arvense,ForestWetPoor
106904,Equisetum arvense,ForestWetPoor
106905,Equisetum arvense,ForestWetPoor
106906,Equisetum arvense,ForestWetPoor
106907,Equisetum arvense,ForestWetPoor
106908,Equisetum arvense,ForestWetPoor
106909,Equisetum arvense,ForestWetPoor
106910,Equisetum arvense,ForestWetPoor
106911,Equisetum arvense,ForestWetPoor
106912,Equisetum arvense,ForestWetPoor
106913,Equisetum arvense,ForestWetPoor
106914,Equisetum arvense,ForestWetPoor
106915,Equisetum arvense,ForestWetPoor
106916,Equisetum arvense,ForestWetPoor
106917,Equisetum arvense,ForestWetPoor
106918,Equisetum arvense,ForestWetPoor
107498,Equisetum arvense,ForestWetPoor
107499,Equisetum arvense,ForestWetPoor
107500,Equisetum arvense,ForestWetPoor
107501,Equisetum arvense,ForestWetPoor
107502,Equisetum arvense,ForestWetPoor
107503,Equisetum arvense,ForestWetPoor
107504,Equisetum arvense,ForestWetPoor
107505,Equisetum arvense,ForestWetPoor
107506,Equisetum arvense,ForestWetPoor
107507,Equisetum arvense,ForestWetPoor
107508,Equisetum arvense,ForestWetPoor
107509,Equisetum arvense,ForestWetPoor
107510,Equisetum arvense,ForestWetPoor
107511,Equisetum arvense,ForestWetPoor
107512,Equisetum arvense,ForestWetPoor
107513,Equisetum arvense,ForestWetPoor
107514,Equisetum arvense,ForestWetPoor
107515,Equisetum arvense,ForestWetPoor
107516,Equisetum arvense,ForestWetPoor
107517,Equisetum arvense,ForestWetPoor
108097,Equisetum arvense,ForestWetPoor
108098,Equisetum arvense,ForestWetPoor
108099,Equisetum arvense,ForestWetPoor
108100,Equisetum arvense,ForestWetPoor
108101,Equisetum arvense,ForestWetPoor
108102,Equisetum arvense,ForestWetPoor
108103,Equisetum arvense,ForestWetPoor
108104,Equisetum arvense,ForestWetPoor
108105,Equisetum arvense,ForestWetPoor
108106,Equisetum arvense,ForestWetPoor
108107,Equisetum arvense,ForestWetPoor
108108,Equisetum arvense,ForestWetPoor
108109,Equisetum arvense,ForestWetPoor
108110,Equisetum arvense,ForestWetPoor
108111,Equisetum arvense,ForestWetPoor
108112,Equisetum arvense,ForestWetPoor
108113,Equisetum arvense,ForestWetPoor
108114,Equisetum arvense,ForestWetPoor
108115,Equisetum arvense,ForestWetPoor
108116,Equisetum arvense,ForestWetPoor
108696,Equisetum arvense,ForestWetPoor
108697,Equisetum arvense,ForestWetPoor
108698,Equisetum arvense,ForestWetPoor
108699,Equisetum arvense,ForestWetPoor
108700,Equisetum arvense,ForestWetPoor
108701,Equisetum arvense,ForestWetPoor
108702,Equisetum arvense,ForestWetPoor
108703,Equisetum arvense,ForestWetPoor
108704,Equisetum arvense,ForestWetPoor
108705,Equisetum arvense,ForestWetPoor
108706,Equisetum arvense,ForestWetPoor
108707,Equisetum arvense,ForestWetPoor
108708,Equisetum arvense,ForestWetPoor
108709,Equisetum arvense,ForestWetPoor
108710,Equisetum arvense,ForestWetPoor
108711,Equisetum arvense,ForestWetPoor
108712,Equisetum arvense,ForestWetPoor
108713,Equisetum arvense,ForestWetPoor
108714,Equisetum arvense,ForestWetPoor
108715,Equisetum arvense,ForestWetPoor
109295,Equisetum arvense,ForestWetPoor
109296,Equisetum arvense,ForestWetPoor
109297,Equisetum arvense,ForestWetPoor
109298,Equisetum arvense,ForestWetPoor
109299,Equisetum arvense,ForestWetPoor
109300,Equisetum arvense,ForestWetPoor
109301,Equisetum arvense,ForestWetPoor
109302,Equisetum arvense,ForestWetPoor
109303,Equisetum arvense,ForestWetPoor
109304,Equisetum arvense,ForestWetPoor
109305,Equisetum arvense,ForestWetPoor
109306,Equisetum arvense,ForestWetPoor
109307,Equisetum arvense,ForestWetPoor
109308,Equisetum arvense,ForestWetPoor
109309,Equisetum arvense,ForestWetPoor
109310,Equisetum arvense,ForestWetPoor
109311,Equisetum arvense,ForestWetPoor
109312,Equisetum arvense,ForestWetPoor
109313,Equisetum arvense,ForestWetPoor
109314,Equisetum arvense,ForestWetPoor
109894,Equisetum arvense,ForestWetPoor
109895,Equisetum arvense,ForestWetPoor
109896,Equisetum arvense,ForestWetPoor
109897,Equisetum arvense,ForestWetPoor
109898,Equisetum arvense,ForestWetPoor
109899,Equisetum arvense,ForestWetPoor
109900,Equisetum arvense,ForestWetPoor
109901,Equisetum arvense,ForestWetPoor
109902,Equisetum arvense,ForestWetPoor
109903,Equisetum arvense,ForestWetPoor
109904,Equisetum arvense,ForestWetPoor
109905,Equisetum arvense,ForestWetPoor
109906,Equisetum arvense,ForestWetPoor
109907,Equisetum arvense,ForestWetPoor
109908,Equisetum arvense,ForestWetPoor
109909,Equisetum arvense,ForestWetPoor
109910,Equisetum arvense,ForestWetPoor
109911,Equisetum arvense,ForestWetPoor
109912,Equisetum arvense,ForestWetPoor
109913,Equisetum arvense,ForestWetPoor
106917,Equisetum arvense,ForestWetPoor
106918,Equisetum arvense,ForestWetPoor
107514,Equisetum arvense,ForestWetPoor
107515,Equisetum arvense,ForestWetPoor
107516,Equisetum arvense,ForestWetPoor
107517,Equisetum arvense,ForestWetPoor
108111,Equisetum arvense,ForestWetPoor
108112,Equisetum arvense,ForestWetPoor
108113,Equisetum arvense,ForestWetPoor
108114,Equisetum arvense,ForestWetPoor
108115,Equisetum arvense,ForestWetPoor
108116,Equisetum arvense,ForestWetPoor
108709,Equisetum arvense,ForestWetPoor
108710,Equisetum arvense,ForestWetPoor
108711,Equisetum arvense,ForestWetPoor
108712,Equisetum arvense,ForestWetPoor
108713,Equisetum arvense,ForestWetPoor
108714,Equisetum arvense,ForestWetPoor
108715,Equisetum arvense,ForestWetPoor
109306,Equisetum arvense,ForestWetPoor
109307,Equisetum arvense,ForestWetPoor
109308,Equisetum arvense,ForestWetPoor
109309,Equisetum arvense,ForestWetPoor
109310,Equisetum arvense,ForestWetPoor
109311,Equisetum arvense,ForestWetPoor
109312,Equisetum arvense,ForestWetPoor
109313,Equisetum arvense,ForestWetPoor
109314,Equisetum arvense,ForestWetPoor
109904,Equisetum arvense,ForestWetPoor
109905,Equisetum arvense,ForestWetPoor
109906,Equisetum arvense,ForestWetPoor
109907,Equisetum arvense,ForestWetPoor
109908,Equisetum arvense,ForestWetPoor
109909,Equisetum arvense,ForestWetPoor
109910,Equisetum arvense,ForestWetPoor
109911,Equisetum arvense,ForestWetPoor
109912,Equisetum arvense,ForestWetPoor
109913,Equisetum arvense,ForestWetPoor
266453,Equisetum arvense,ForestWetPoor
266454,Equisetum arvense,ForestWetPoor
266455,Equisetum arvense,ForestWetPoor
266456,Equisetum arvense,ForestWetPoor
266457,Equisetum arvense,ForestWetPoor
266458,Equisetum arvense,ForestWetPoor
266459,Equisetum arvense,ForestWetPoor
266460,Equisetum arvense,ForestWetPoor
266461,Equisetum arvense,ForestWetPoor
266462,Equisetum arvense,ForestWetPoor
266463,Equisetum arvense,ForestWetPoor
266464,Equisetum arvense,ForestWetPoor
266465,Equisetum arvense,ForestWetPoor
266466,Equisetum arvense,ForestWetPoor
266467,Equisetum arvense,ForestWetPoor
266468,Equisetum arvense,ForestWetPoor
266469,Equisetum arvense,ForestWetPoor
266470,Equisetum arvense,ForestWetPoor
266471,Equisetum arvense,ForestWetPoor
266472,Equisetum arvense,ForestWetPoor
267052,Equisetum arvense,ForestWetPoor
267053,Equisetum arvense,ForestWetPoor
267054,Equisetum arvense,ForestWetPoor
267055,Equisetum arvense,ForestWetPoor
267056,Equisetum arvense,ForestWetPoor
267057,Equisetum arvense,ForestWetPoor
267058,Equisetum arvense,ForestWetPoor
267059,Equisetum arvense,ForestWetPoor
267060,Equisetum arvense,ForestWetPoor
267061,Equisetum arvense,ForestWetPoor
267062,Equisetum arvense,ForestWetPoor
267063,Equisetum arvense,ForestWetPoor
267064,Equisetum arvense,ForestWetPoor
267065,Equisetum arvense,ForestWetPoor
267066,Equisetum arvense,ForestWetPoor
267067,Equisetum arvense,ForestWetPoor
267068,Equisetum arvense,ForestWetPoor
267069,Equisetum arvense,ForestWetPoor
267070,Equisetum arvense,ForestWetPoor
267071,Equisetum arvense,ForestWetPoor
267651,Equisetum arvense,ForestWetPoor
267652,Equisetum arvense,ForestWetPoor
267653,Equisetum arvense,ForestWetPoor
267654,Equisetum arvense,ForestWetPoor
267655,Equisetum arvense,ForestWetPoor
267656,Equisetum arvense,ForestWetPoor
267657,Equisetum arvense,ForestWetPoor
267658,Equisetum arvense,ForestWetPoor
267659,Equisetum arvense,ForestWetPoor
267660,Equisetum arvense,ForestWetPoor
267661,Equisetum arvense,ForestWetPoor
267662,Equisetum arvense,ForestWetPoor
267663,Equisetum arvense,ForestWetPoor
267664,Equisetum arvense,ForestWetPoor
267665,Equisetum arvense,ForestWetPoor
267666,Equisetum arvense,ForestWetPoor
267667,Equisetum arvense,ForestWetPoor
267668,Equisetum arvense,ForestWetPoor
267669,Equisetum arvense,ForestWetPoor
267670,Equisetum arvense,ForestWetPoor
268250,Equisetum arvense,ForestWetPoor
268251,Equisetum arvense,ForestWetPoor
268252,Equisetum arvense,ForestWetPoor
268253,Equisetum arvense,ForestWetPoor
268254,Equisetum arvense,ForestWetPoor
268255,Equisetum arvense,ForestWetPoor
268256,Equisetum arvense,ForestWetPoor
268257,Equisetum arvense,ForestWetPoor
268258,Equisetum arvense,ForestWetPoor
268259,Equisetum arvense,ForestWetPoor
268260,Equisetum arvense,ForestWetPoor
268261,Equisetum arvense,ForestWetPoor
268262,Equisetum arvense,ForestWetPoor
268263,Equisetum arvense,ForestWetPoor
268264,Equisetum arvense,ForestWetPoor
268265,Equisetum arvense,ForestWetPoor
268266,Equisetum arvense,ForestWetPoor
268267,Equisetum arvense,ForestWetPoor
268268,Equisetum arvense,ForestWetPoor
268269,Equisetum arvense,ForestWetPoor
268849,Equisetum arvense,ForestWetPoor
268850,Equisetum arvense,ForestWetPoor
268851,Equisetum arvense,ForestWetPoor
268852,Equisetum arvense,ForestWetPoor
268853,Equisetum arvense,ForestWetPoor
268854,Equisetum arvense,ForestWetPoor
268855,Equisetum arvense,ForestWetPoor
268856,Equisetum arvense,ForestWetPoor
268857,Equisetum arvense,ForestWetPoor
268858,Equisetum arvense,ForestWetPoor
268859,Equisetum arvense,ForestWetPoor
268860,Equisetum arvense,ForestWetPoor
268861,Equisetum arvense,ForestWetPoor
268862,Equisetum arvense,ForestWetPoor
268863,Equisetum arvense,ForestWetPoor
268864,Equisetum arvense,ForestWetPoor
268865,Equisetum arvense,ForestWetPoor
268866,Equisetum arvense,ForestWetPoor
268867,Equisetum arvense,ForestWetPoor
268868,Equisetum arvense,ForestWetPoor
269448,Equisetum arvense,ForestWetPoor
269449,Equisetum arvense,ForestWetPoor
269450,Equisetum arvense,ForestWetPoor
269451,Equisetum arvense,ForestWetPoor
269452,Equisetum arvense,ForestWetPoor
269453,Equisetum arvense,ForestWetPoor
269454,Equisetum arvense,ForestWetPoor
269455,Equisetum arvense,ForestWetPoor
269456,Equisetum arvense,ForestWetPoor
269457,Equisetum arvense,ForestWetPoor
269458,Equisetum arvense,ForestWetPoor
269459,Equisetum arvense,ForestWetPoor
269460,Equisetum arvense,ForestWetPoor
269461,Equisetum arvense,ForestWetPoor
269462,Equisetum arvense,ForestWetPoor
269463,Equisetum arvense,ForestWetPoor
269464,Equisetum arvense,ForestWetPoor
269465,Equisetum arvense,ForestWetPoor
269466,Equisetum arvense,ForestWetPoor
269467,Equisetum arvense,ForestWetPoor
270047,Equisetum arvense,ForestWetPoor
270048,Equisetum arvense,ForestWetPoor
270049,Equisetum arvense,ForestWetPoor
270050,Equisetum arvense,ForestWetPoor
270051,Equisetum arvense,ForestWetPoor
270052,Equisetum arvense,ForestWetPoor
270053,Equisetum arvense,ForestWetPoor
270054,Equisetum arvense,ForestWetPoor
270055,Equisetum arvense,ForestWetPoor
270056,Equisetum arvense,ForestWetPoor
270057,Equisetum arvense,ForestWetPoor
270058,Equisetum arvense,ForestWetPoor
270059,Equisetum arvense,ForestWetPoor
270060,Equisetum arvense,ForestWetPoor
270061,Equisetum arvense,ForestWetPoor
270062,Equisetum arvense,ForestWetPoor
270063,Equisetum arvense,ForestWetPoor
270064,Equisetum arvense,ForestWetPoor
270065,Equisetum arvense,ForestWetPoor
270066,Equisetum arvense,ForestWetPoor
270646,Equisetum arvense,ForestWetPoor
270647,Equisetum arvense,ForestWetPoor
270648,Equisetum arvense,ForestWetPoor
270649,Equisetum arvense,ForestWetPoor
270650,Equisetum arvense,ForestWetPoor
270651,Equisetum arvense,ForestWetPoor
270652,Equisetum arvense,ForestWetPoor
270653,Equisetum arvense,ForestWetPoor
270654,Equisetum arvense,ForestWetPoor
270655,Equisetum arvense,ForestWetPoor
270656,Equisetum arvense,ForestWetPoor
270657,Equisetum arvense,ForestWetPoor
270658,Equisetum arvense,ForestWetPoor
270659,Equisetum arvense,ForestWetPoor
270660,Equisetum arvense,ForestWetPoor
270661,Equisetum arvense,ForestWetPoor
270662,Equisetum arvense,ForestWetPoor
270663,Equisetum arvense,ForestWetPoor
270664,Equisetum arvense,ForestWetPoor
270665,Equisetum arvense,ForestWetPoor
271245,Equisetum arvense,ForestWetPoor
271246,Equisetum arvense,ForestWetPoor
271247,Equisetum arvense,ForestWetPoor
271248,Equisetum arvense,ForestWetPoor
271249,Equisetum arvense,ForestWetPoor
271250,Equisetum arvense,ForestWetPoor
271251,Equisetum arvense,ForestWetPoor
271252,Equisetum arvense,ForestWetPoor
271253,Equisetum arvense,ForestWetPoor
271254,Equisetum arvense,ForestWetPoor
271255,Equisetum arvense,ForestWetPoor
271256,Equisetum arvense,ForestWetPoor
271257,Equisetum arvense,ForestWetPoor
271258,Equisetum arvense,ForestWetPoor
271259,Equisetum arvense,ForestWetPoor
271260,Equisetum arvense,ForestWetPoor
271261,Equisetum arvense,ForestWetPoor
271262,Equisetum arvense,ForestWetPoor
271263,Equisetum arvense,ForestWetPoor
271264,Equisetum arvense,ForestWetPoor
271844,Equisetum arvense,ForestWetPoor
271845,Equisetum arvense,ForestWetPoor
271846,Equisetum arvense,ForestWetPoor
271847,Equisetum arvense,ForestWetPoor
271848,Equisetum arvense,ForestWetPoor
271849,Equisetum arvense,ForestWetPoor
271850,Equisetum arvense,ForestWetPoor
271851,Equisetum arvense,ForestWetPoor
271852,Equisetum arvense,ForestWetPoor
271853,Equisetum arvense,ForestWetPoor
271854,Equisetum arvense,ForestWetPoor
271855,Equisetum arvense,ForestWetPoor
271856,Equisetum arvense,ForestWetPoor
271857,Equisetum arvense,ForestWetPoor
271858,Equisetum arvense,ForestWetPoor
271859,Equisetum arvense,ForestWetPoor
271860,Equisetum arvense,ForestWetPoor
271861,Equisetum arvense,ForestWetPoor
271862,Equisetum arvense,ForestWetPoor
271863,Equisetum arvense,ForestWetPoor
272443,Equisetum arvense,ForestWetPoor
272444,Equisetum arvense,ForestWetPoor
272445,Equisetum arvense,ForestWetPoor
272446,Equisetum arvense,ForestWetPoor
272447,Equisetum arvense,ForestWetPoor
272448,Equisetum arvense,ForestWetPoor
272449,Equisetum arvense,ForestWetPoor
272450,Equisetum arvense,ForestWetPoor
272451,Equisetum arvense,ForestWetPoor
272452,Equisetum arvense,ForestWetPoor
272453,Equisetum arvense,ForestWetPoor
272454,Equisetum arvense,ForestWetPoor
272455,Equisetum arvense,ForestWetPoor
272456,Equisetum arvense,ForestWetPoor
272457,Equisetum arvense,ForestWetPoor
272458,Equisetum arvense,ForestWetPoor
272459,Equisetum arvense,ForestWetPoor
272460,Equisetum arvense,ForestWetPoor
272461,Equisetum arvense,ForestWetPoor
272462,Equisetum arvense,ForestWetPoor
273042,Equisetum arvense,ForestWetPoor
273043,Equisetum arvense,ForestWetPoor
273044,Equisetum arvense,ForestWetPoor
273045,Equisetum arvense,ForestWetPoor
273046,Equisetum arvense,ForestWetPoor
273047,Equisetum arvense,ForestWetPoor
273048,Equisetum arvense,ForestWetPoor
273049,Equisetum arvense,ForestWetPoor
273050,Equisetum arvense,ForestWetPoor
273051,Equisetum arvense,ForestWetPoor
273052,Equisetum arvense,ForestWetPoor
273053,Equisetum arvense,ForestWetPoor
273054,Equisetum arvense,ForestWetPoor
273055,Equisetum arvense,ForestWetPoor
273056,Equisetum arvense,ForestWetPoor
273057,Equisetum arvense,ForestWetPoor
273058,Equisetum arvense,ForestWetPoor
273059,Equisetum arvense,ForestWetPoor
273060,Equisetum arvense,ForestWetPoor
273061,Equisetum arvense,ForestWetPoor
273641,Equisetum arvense,ForestWetPoor
273642,Equisetum arvense,ForestWetPoor
273643,Equisetum arvense,ForestWetPoor
273644,Equisetum arvense,ForestWetPoor
273645,Equisetum arvense,ForestWetPoor
273646,Equisetum arvense,ForestWetPoor
273647,Equisetum arvense,ForestWetPoor
273648,Equisetum arvense,ForestWetPoor
273649,Equisetum arvense,ForestWetPoor
273650,Equisetum arvense,ForestWetPoor
273651,Equisetum arvense,ForestWetPoor
273652,Equisetum arvense,ForestWetPoor
273653,Equisetum arvense,ForestWetPoor
273654,Equisetum arvense,ForestWetPoor
273655,Equisetum arvense,ForestWetPoor
273656,Equisetum arvense,ForestWetPoor
273657,Equisetum arvense,ForestWetPoor
273658,Equisetum arvense,ForestWetPoor
273659,Equisetum arvense,ForestWetPoor
273660,Equisetum arvense,ForestWetPoor
274240,Equisetum arvense,ForestWetPoor
274241,Equisetum arvense,ForestWetPoor
274242,Equisetum arvense,ForestWetPoor
274243,Equisetum arvense,ForestWetPoor
274244,Equisetum arvense,ForestWetPoor
274245,Equisetum arvense,ForestWetPoor
274246,Equisetum arvense,ForestWetPoor
274247,Equisetum arvense,ForestWetPoor
274248,Equisetum arvense,ForestWetPoor
274249,Equisetum arvense,ForestWetPoor
274250,Equisetum arvense,ForestWetPoor
274251,Equisetum arvense,ForestWetPoor
274252,Equisetum arvense,ForestWetPoor
274253,Equisetum arvense,ForestWetPoor
274254,Equisetum arvense,ForestWetPoor
274255,Equisetum arvense,ForestWetPoor
274256,Equisetum arvense,ForestWetPoor
274257,Equisetum arvense,ForestWetPoor
274258,Equisetum arvense,ForestWetPoor
274259,Equisetum arvense,ForestWetPoor
274839,Equisetum arvense,ForestWetPoor
274840,Equisetum arvense,ForestWetPoor
274841,Equisetum arvense,ForestWetPoor
274842,Equisetum arvense,ForestWetPoor
274843,Equisetum arvense,ForestWetPoor
274844,Equisetum arvense,ForestWetPoor
274845,Equisetum arvense,ForestWetPoor
274846,Equisetum arvense,ForestWetPoor
274847,Equisetum arvense,ForestWetPoor
274848,Equisetum arvense,ForestWetPoor
274849,Equisetum arvense,ForestWetPoor
274850,Equisetum arvense,ForestWetPoor
274851,Equisetum arvense,ForestWetPoor
274852,Equisetum arvense,ForestWetPoor
274853,Equisetum arvense,ForestWetPoor
274854,Equisetum arvense,ForestWetPoor
274855,Equisetum arvense,ForestWetPoor
274856,Equisetum arvense,ForestWetPoor
274857,Equisetum arvense,ForestWetPoor
274858,Equisetum arvense,ForestWetPoor
275438,Equisetum arvense,ForestWetPoor
275439,Equisetum arvense,ForestWetPoor
275440,Equisetum arvense,ForestWetPoor
275441,Equisetum arvense,ForestWetPoor
275442,Equisetum arvense,ForestWetPoor
275443,Equisetum arvense,ForestWetPoor
275444,Equisetum arvense,ForestWetPoor
275445,Equisetum arvense,ForestWetPoor
275446,Equisetum arvense,ForestWetPoor
275447,Equisetum arvense,ForestWetPoor
275448,Equisetum arvense,ForestWetPoor
275449,Equisetum arvense,ForestWetPoor
275450,Equisetum arvense,ForestWetPoor
275451,Equisetum arvense,ForestWetPoor
275452,Equisetum arvense,ForestWetPoor
275453,Equisetum arvense,ForestWetPoor
275454,Equisetum arvense,ForestWetPoor
275455,Equisetum arvense,ForestWetPoor
275456,Equisetum arvense,ForestWetPoor
275457,Equisetum arvense,ForestWetPoor
276037,Equisetum arvense,ForestWetPoor
276038,Equisetum arvense,ForestWetPoor
276039,Equisetum arvense,ForestWetPoor
276040,Equisetum arvense,ForestWetPoor
276041,Equisetum arvense,ForestWetPoor
276042,Equisetum arvense,ForestWetPoor
276043,Equisetum arvense,ForestWetPoor
276044,Equisetum arvense,ForestWetPoor
276045,Equisetum arvense,ForestWetPoor
276046,Equisetum arvense,ForestWetPoor
276047,Equisetum arvense,ForestWetPoor
276048,Equisetum arvense,ForestWetPoor
276049,Equisetum arvense,ForestWetPoor
276050,Equisetum arvense,ForestWetPoor
276051,Equisetum arvense,ForestWetPoor
276052,Equisetum arvense,ForestWetPoor
276053,Equisetum arvense,ForestWetPoor
276054,Equisetum arvense,ForestWetPoor
276055,Equisetum arvense,ForestWetPoor
276056,Equisetum arvense,ForestWetPoor
276636,Equisetum arvense,ForestWetPoor
276637,Equisetum arvense,ForestWetPoor
276638,Equisetum arvense,ForestWetPoor
276639,Equisetum arvense,ForestWetPoor
276640,Equisetum arvense,ForestWetPoor
276641,Equisetum arvense,ForestWetPoor
276642,Equisetum arvense,ForestWetPoor
276643,Equisetum arvense,ForestWetPoor
276644,Equisetum arvense,ForestWetPoor
276645,Equisetum arvense,ForestWetPoor
276646,Equisetum arvense,ForestWetPoor
276647,Equisetum arvense,ForestWetPoor
276648,Equisetum arvense,ForestWetPoor
276649,Equisetum arvense,ForestWetPoor
276650,Equisetum arvense,ForestWetPoor
276651,Equisetum arvense,ForestWetPoor
276652,Equisetum arvense,ForestWetPoor
276653,Equisetum arvense,ForestWetPoor
276654,Equisetum arvense,ForestWetPoor
276655,Equisetum arvense,ForestWetPoor
277235,Equisetum arvense,ForestWetPoor
277236,Equisetum arvense,ForestWetPoor
277237,Equisetum arvense,ForestWetPoor
277238,Equisetum arvense,ForestWetPoor
277239,Equisetum arvense,ForestWetPoor
277240,Equisetum arvense,ForestWetPoor
277241,Equisetum arvense,ForestWetPoor
277242,Equisetum arvense,ForestWetPoor
277243,Equisetum arvense,ForestWetPoor
277244,Equisetum arvense,ForestWetPoor
277245,Equisetum arvense,ForestWetPoor
277246,Equisetum arvense,ForestWetPoor
277247,Equisetum arvense,ForestWetPoor
277248,Equisetum arvense,ForestWetPoor
277249,Equisetum arvense,ForestWetPoor
277250,Equisetum arvense,ForestWetPoor
277251,Equisetum arvense,ForestWetPoor
277252,Equisetum arvense,ForestWetPoor
277253,Equisetum arvense,ForestWetPoor
277254,Equisetum arvense,ForestWetPoor
277834,Equisetum arvense,ForestWetPoor
277835,Equisetum arvense,ForestWetPoor
277836,Equisetum arvense,ForestWetPoor
277837,Equisetum arvense,ForestWetPoor
277838,Equisetum arvense,ForestWetPoor
277839,Equisetum arvense,ForestWetPoor
277840,Equisetum arvense,ForestWetPoor
277841,Equisetum arvense,ForestWetPoor
277842,Equisetum arvense,ForestWetPoor
277843,Equisetum arvense,ForestWetPoor
277844,Equisetum arvense,ForestWetPoor
277845,Equisetum arvense,ForestWetPoor
277846,Equisetum arvense,ForestWetPoor
277847,Equisetum arvense,ForestWetPoor
277848,Equisetum arvense,ForestWetPoor
277849,Equisetum arvense,ForestWetPoor
277850,Equisetum arvense,ForestWetPoor
277851,Equisetum arvense,ForestWetPoor
277852,Equisetum arvense,ForestWetPoor
277853,Equisetum arvense,ForestWetPoor
278413,Equisetum arvense,ForestWetPoor
278414,Equisetum arvense,ForestWetPoor
278415,Equisetum arvense,ForestWetPoor
278416,Equisetum arvense,ForestWetPoor
278417,Equisetum arvense,ForestWetPoor
278418,Equisetum arvense,ForestWetPoor
278419,Equisetum arvense,ForestWetPoor
278420,Equisetum arvense,ForestWetPoor
278421,Equisetum arvense,ForestWetPoor
278422,Equisetum arvense,ForestWetPoor
278423,Equisetum arvense,ForestWetPoor
278424,Equisetum arvense,ForestWetPoor
278425,Equisetum arvense,ForestWetPoor
278426,Equisetum arvense,ForestWetPoor
278427,Equisetum arvense,ForestWetPoor
278428,Equisetum arvense,ForestWetPoor
278429,Equisetum arvense,ForestWetPoor
278430,Equisetum arvense,ForestWetPoor
278431,Equisetum arvense,ForestWetPoor
278432,Equisetum arvense,ForestWetPoor
279012,Equisetum arvense,ForestWetPoor
279013,Equisetum arvense,ForestWetPoor
279014,Equisetum arvense,ForestWetPoor
279015,Equisetum arvense,ForestWetPoor
279016,Equisetum arvense,ForestWetPoor
279017,Equisetum arvense,ForestWetPoor
279018,Equisetum arvense,ForestWetPoor
279019,Equisetum arvense,ForestWetPoor
279020,Equisetum arvense,ForestWetPoor
279021,Equisetum arvense,ForestWetPoor
279022,Equisetum arvense,ForestWetPoor
279023,Equisetum arvense,ForestWetPoor
279024,Equisetum arvense,ForestWetPoor
279025,Equisetum arvense,ForestWetPoor
279026,Equisetum arvense,ForestWetPoor
279027,Equisetum arvense,ForestWetPoor
279028,Equisetum arvense,ForestWetPoor
279029,Equisetum arvense,ForestWetPoor
279030,Equisetum arvense,ForestWetPoor
279031,Equisetum arvense,ForestWetPoor
279611,Equisetum arvense,ForestWetPoor
279612,Equisetum arvense,ForestWetPoor
279613,Equisetum arvense,ForestWetPoor
279614,Equisetum arvense,ForestWetPoor
279615,Equisetum arvense,ForestWetPoor
279616,Equisetum arvense,ForestWetPoor
279617,Equisetum arvense,ForestWetPoor
279618,Equisetum arvense,ForestWetPoor
279619,Equisetum arvense,ForestWetPoor
279620,Equisetum arvense,ForestWetPoor
279621,Equisetum arvense,ForestWetPoor
279622,Equisetum arvense,ForestWetPoor
279623,Equisetum arvense,ForestWetPoor
279624,Equisetum arvense,ForestWetPoor
279625,Equisetum arvense,ForestWetPoor
279626,Equisetum arvense,ForestWetPoor
279627,Equisetum arvense,ForestWetPoor
279628,Equisetum arvense,ForestWetPoor
279629,Equisetum arvense,ForestWetPoor
279630,Equisetum arvense,ForestWetPoor
280210,Equisetum arvense,ForestWetPoor
280211,Equisetum arvense,ForestWetPoor
280212,Equisetum arvense,ForestWetPoor
280213,Equisetum arvense,ForestWetPoor
280214,Equisetum arvense,ForestWetPoor
280215,Equisetum arvense,ForestWetPoor
280216,Equisetum arvense,ForestWetPoor
280217,Equisetum arvense,ForestWetPoor
280218,Equisetum arvense,ForestWetPoor
280219,Equisetum arvense,ForestWetPoor
280220,Equisetum arvense,ForestWetPoor
280221,Equisetum arvense,ForestWetPoor
280222,Equisetum arvense,ForestWetPoor
280223,Equisetum arvense,ForestWetPoor
280224,Equisetum arvense,ForestWetPoor
280225,Equisetum arvense,ForestWetPoor
280226,Equisetum arvense,ForestWetPoor
280227,Equisetum arvense,ForestWetPoor
280228,Equisetum arvense,ForestWetPoor
280229,Equisetum arvense,ForestWetPoor
280809,Equisetum arvense,ForestWetPoor
280810,Equisetum arvense,ForestWetPoor
280811,Equisetum arvense,ForestWetPoor
280812,Equisetum arvense,ForestWetPoor
280813,Equisetum arvense,ForestWetPoor
280814,Equisetum arvense,ForestWetPoor
280815,Equisetum arvense,ForestWetPoor
280816,Equisetum arvense,ForestWetPoor
280817,Equisetum arvense,ForestWetPoor
280818,Equisetum arvense,ForestWetPoor
280819,Equisetum arvense,ForestWetPoor
280820,Equisetum arvense,ForestWetPoor
280821,Equisetum arvense,ForestWetPoor
280822,Equisetum arvense,ForestWetPoor
280823,Equisetum arvense,ForestWetPoor
280824,Equisetum arvense,ForestWetPoor
280825,Equisetum arvense,ForestWetPoor
280826,Equisetum arvense,ForestWetPoor
280827,Equisetum arvense,ForestWetPoor
280828,Equisetum arvense,ForestWetPoor
281408,Equisetum arvense,ForestWetPoor
281409,Equisetum arvense,ForestWetPoor
281410,Equisetum arvense,ForestWetPoor
281411,Equisetum arvense,ForestWetPoor
281412,Equisetum arvense,ForestWetPoor
281413,Equisetum arvense,ForestWetPoor
281414,Equisetum arvense,ForestWetPoor
281415,Equisetum arvense,ForestWetPoor
281416,Equisetum arvense,ForestWetPoor
281417,Equisetum arvense,ForestWetPoor
281418,Equisetum arvense,ForestWetPoor
281419,Equisetum arvense,ForestWetPoor
281420,Equisetum arvense,ForestWetPoor
281421,Equisetum arvense,ForestWetPoor
281422,Equisetum arvense,ForestWetPoor
281423,Equisetum arvense,ForestWetPoor
281424,Equisetum arvense,ForestWetPoor
281425,Equisetum arvense,ForestWetPoor
281426,Equisetum arvense,ForestWetPoor
281427,Equisetum arvense,ForestWetPoor
282007,Equisetum arvense,ForestWetPoor
282008,Equisetum arvense,ForestWetPoor
282009,Equisetum arvense,ForestWetPoor
282010,Equisetum arvense,ForestWetPoor
282011,Equisetum arvense,ForestWetPoor
282012,Equisetum arvense,ForestWetPoor
282013,Equisetum arvense,ForestWetPoor
282014,Equisetum arvense,ForestWetPoor
282015,Equisetum arvense,ForestWetPoor
282016,Equisetum arvense,ForestWetPoor
282017,Equisetum arvense,ForestWetPoor
282018,Equisetum arvense,ForestWetPoor
282019,Equisetum arvense,ForestWetPoor
282020,Equisetum arvense,ForestWetPoor
282021,Equisetum arvense,ForestWetPoor
282022,Equisetum arvense,ForestWetPoor
282023,Equisetum arvense,ForestWetPoor
282024,Equisetum arvense,ForestWetPoor
282025,Equisetum arvense,ForestWetPoor
282026,Equisetum arvense,ForestWetPoor
282606,Equisetum arvense,ForestWetPoor
282607,Equisetum arvense,ForestWetPoor
282608,Equisetum arvense,ForestWetPoor
282609,Equisetum arvense,ForestWetPoor
282610,Equisetum arvense,ForestWetPoor
282611,Equisetum arvense,ForestWetPoor
282612,Equisetum arvense,ForestWetPoor
282613,Equisetum arvense,ForestWetPoor
282614,Equisetum arvense,ForestWetPoor
282615,Equisetum arvense,ForestWetPoor
282616,Equisetum arvense,ForestWetPoor
282617,Equisetum arvense,ForestWetPoor
282618,Equisetum arvense,ForestWetPoor
282619,Equisetum arvense,ForestWetPoor
282620,Equisetum arvense,ForestWetPoor
282621,Equisetum arvense,ForestWetPoor
282622,Equisetum arvense,ForestWetPoor
282623,Equisetum arvense,ForestWetPoor
282624,Equisetum arvense,ForestWetPoor
282625,Equisetum arvense,ForestWetPoor
283205,Equisetum arvense,ForestWetPoor
283206,Equisetum arvense,ForestWetPoor
283207,Equisetum arvense,ForestWetPoor
283208,Equisetum arvense,ForestWetPoor
283209,Equisetum arvense,ForestWetPoor
283210,Equisetum arvense,ForestWetPoor
283211,Equisetum arvense,ForestWetPoor
283212,Equisetum arvense,ForestWetPoor
283213,Equisetum arvense,ForestWetPoor
283214,Equisetum arvense,ForestWetPoor
283215,Equisetum arvense,ForestWetPoor
283216,Equisetum arvense,ForestWetPoor
283217,Equisetum arvense,ForestWetPoor
283218,Equisetum arvense,ForestWetPoor
283219,Equisetum arvense,ForestWetPoor
283220,Equisetum arvense,ForestWetPoor
283221,Equisetum arvense,ForestWetPoor
283222,Equisetum arvense,ForestWetPoor
283223,Equisetum arvense,ForestWetPoor
283224,Equisetum arvense,ForestWetPoor
283804,Equisetum arvense,ForestWetPoor
283805,Equisetum arvense,ForestWetPoor
283806,Equisetum arvense,ForestWetPoor
283807,Equisetum arvense,ForestWetPoor
283808,Equisetum arvense,ForestWetPoor
283809,Equisetum arvense,ForestWetPoor
283810,Equisetum arvense,ForestWetPoor
283811,Equisetum arvense,ForestWetPoor
283812,Equisetum arvense,ForestWetPoor
283813,Equisetum arvense,ForestWetPoor
283814,Equisetum arvense,ForestWetPoor
283815,Equisetum arvense,ForestWetPoor
283816,Equisetum arvense,ForestWetPoor
283817,Equisetum arvense,ForestWetPoor
283818,Equisetum arvense,ForestWetPoor
283819,Equisetum arvense,ForestWetPoor
283820,Equisetum arvense,ForestWetPoor
283821,Equisetum arvense,ForestWetPoor
283822,Equisetum arvense,ForestWetPoor
283823,Equisetum arvense,ForestWetPoor
284403,Equisetum arvense,ForestWetPoor
284404,Equisetum arvense,ForestWetPoor
284405,Equisetum arvense,ForestWetPoor
284406,Equisetum arvense,ForestWetPoor
284407,Equisetum arvense,ForestWetPoor
284408,Equisetum arvense,ForestWetPoor
284409,Equisetum arvense,ForestWetPoor
284410,Equisetum arvense,ForestWetPoor
284411,Equisetum arvense,ForestWetPoor
284412,Equisetum arvense,ForestWetPoor
284413,Equisetum arvense,ForestWetPoor
284414,Equisetum arvense,ForestWetPoor
284415,Equisetum arvense,ForestWetPoor
284416,Equisetum arvense,ForestWetPoor
284417,Equisetum arvense,ForestWetPoor
284418,Equisetum arvense,ForestWetPoor
284419,Equisetum arvense,ForestWetPoor
284420,Equisetum arvense,ForestWetPoor
284421,Equisetum arvense,ForestWetPoor
284422,Equisetum arvense,ForestWetPoor
285002,Equisetum arvense,ForestWetPoor
285003,Equisetum arvense,ForestWetPoor
285004,Equisetum arvense,ForestWetPoor
285005,Equisetum arvense,ForestWetPoor
285006,Equisetum arvense,ForestWetPoor
285007,Equisetum arvense,ForestWetPoor
285008,Equisetum arvense,ForestWetPoor
285009,Equisetum arvense,ForestWetPoor
285010,Equisetum arvense,ForestWetPoor
285011,Equisetum arvense,ForestWetPoor
285012,Equisetum arvense,ForestWetPoor
285013,Equisetum arvense,ForestWetPoor
285014,Equisetum arvense,ForestWetPoor
285015,Equisetum arvense,ForestWetPoor
285016,Equisetum arvense,ForestWetPoor
285017,Equisetum arvense,ForestWetPoor
285018,Equisetum arvense,ForestWetPoor
285019,Equisetum arvense,ForestWetPoor
285020,Equisetum arvense,ForestWetPoor
285021,Equisetum arvense,ForestWetPoor
285601,Equisetum arvense,ForestWetPoor
285602,Equisetum arvense,ForestWetPoor
285603,Equisetum arvense,ForestWetPoor
285604,Equisetum arvense,ForestWetPoor
285605,Equisetum arvense,ForestWetPoor
285606,Equisetum arvense,ForestWetPoor
285607,Equisetum arvense,ForestWetPoor
285608,Equisetum arvense,ForestWetPoor
285609,Equisetum arvense,ForestWetPoor
285610,Equisetum arvense,ForestWetPoor
285611,Equisetum arvense,ForestWetPoor
285612,Equisetum arvense,ForestWetPoor
285613,Equisetum arvense,ForestWetPoor
285614,Equisetum arvense,ForestWetPoor
285615,Equisetum arvense,ForestWetPoor
285616,Equisetum arvense,ForestWetPoor
285617,Equisetum arvense,ForestWetPoor
285618,Equisetum arvense,ForestWetPoor
285619,Equisetum arvense,ForestWetPoor
285620,Equisetum arvense,ForestWetPoor
286200,Equisetum arvense,ForestWetPoor
286201,Equisetum arvense,ForestWetPoor
286202,Equisetum arvense,ForestWetPoor
286203,Equisetum arvense,ForestWetPoor
286204,Equisetum arvense,ForestWetPoor
286205,Equisetum arvense,ForestWetPoor
286206,Equisetum arvense,ForestWetPoor
286207,Equisetum arvense,ForestWetPoor
286208,Equisetum arvense,ForestWetPoor
286209,Equisetum arvense,ForestWetPoor
286210,Equisetum arvense,ForestWetPoor
286211,Equisetum arvense,ForestWetPoor
286212,Equisetum arvense,ForestWetPoor
286213,Equisetum arvense,ForestWetPoor
286214,Equisetum arvense,ForestWetPoor
286215,Equisetum arvense,ForestWetPoor
286216,Equisetum arvense,ForestWetPoor
286217,Equisetum arvense,ForestWetPoor
286218,Equisetum arvense,ForestWetPoor
286219,Equisetum arvense,ForestWetPoor
286799,Equisetum arvense,ForestWetPoor
286800,Equisetum arvense,ForestWetPoor
286801,Equisetum arvense,ForestWetPoor
286802,Equisetum arvense,ForestWetPoor
286803,Equisetum arvense,ForestWetPoor
286804,Equisetum arvense,ForestWetPoor
286805,Equisetum arvense,ForestWetPoor
286806,Equisetum arvense,ForestWetPoor
286807,Equisetum arvense,ForestWetPoor
286808,Equisetum arvense,ForestWetPoor
286809,Equisetum arvense,ForestWetPoor
286810,Equisetum arvense,ForestWetPoor
286811,Equisetum arvense,ForestWetPoor
286812,Equisetum arvense,ForestWetPoor
286813,Equisetum arvense,ForestWetPoor
286814,Equisetum arvense,ForestWetPoor
286815,Equisetum arvense,ForestWetPoor
286816,Equisetum arvense,ForestWetPoor
286817,Equisetum arvense,ForestWetPoor
286818,Equisetum arvense,ForestWetPoor
287398,Equisetum arvense,ForestWetPoor
287399,Equisetum arvense,ForestWetPoor
287400,Equisetum arvense,ForestWetPoor
287401,Equisetum arvense,ForestWetPoor
287402,Equisetum arvense,ForestWetPoor
287403,Equisetum arvense,ForestWetPoor
287404,Equisetum arvense,ForestWetPoor
287405,Equisetum arvense,ForestWetPoor
287406,Equisetum arvense,ForestWetPoor
287407,Equisetum arvense,ForestWetPoor
287408,Equisetum arvense,ForestWetPoor
287409,Equisetum arvense,ForestWetPoor
287410,Equisetum arvense,ForestWetPoor
287411,Equisetum arvense,ForestWetPoor
287412,Equisetum arvense,ForestWetPoor
287413,Equisetum arvense,ForestWetPoor
287414,Equisetum arvense,ForestWetPoor
287415,Equisetum arvense,ForestWetPoor
287416,Equisetum arvense,ForestWetPoor
287417,Equisetum arvense,ForestWetPoor
287997,Equisetum arvense,ForestWetPoor
287998,Equisetum arvense,ForestWetPoor
287999,Equisetum arvense,ForestWetPoor
288000,Equisetum arvense,ForestWetPoor
288001,Equisetum arvense,ForestWetPoor
288002,Equisetum arvense,ForestWetPoor
288003,Equisetum arvense,ForestWetPoor
288004,Equisetum arvense,ForestWetPoor
288005,Equisetum arvense,ForestWetPoor
288006,Equisetum arvense,ForestWetPoor
288007,Equisetum arvense,ForestWetPoor
288008,Equisetum arvense,ForestWetPoor
288009,Equisetum arvense,ForestWetPoor
288010,Equisetum arvense,ForestWetPoor
288011,Equisetum arvense,ForestWetPoor
288012,Equisetum arvense,ForestWetPoor
288013,Equisetum arvense,ForestWetPoor
288014,Equisetum arvense,ForestWetPoor
288015,Equisetum arvense,ForestWetPoor
288016,Equisetum arvense,ForestWetPoor
288596,Equisetum arvense,ForestWetPoor
288597,Equisetum arvense,ForestWetPoor
288598,Equisetum arvense,ForestWetPoor
288599,Equisetum arvense,ForestWetPoor
288600,Equisetum arvense,ForestWetPoor
288601,Equisetum arvense,ForestWetPoor
288602,Equisetum arvense,ForestWetPoor
288603,Equisetum arvense,ForestWetPoor
288604,Equisetum arvense,ForestWetPoor
288605,Equisetum arvense,ForestWetPoor
288606,Equisetum arvense,ForestWetPoor
288607,Equisetum arvense,ForestWetPoor
288608,Equisetum arvense,ForestWetPoor
288609,Equisetum arvense,ForestWetPoor
288610,Equisetum arvense,ForestWetPoor
288611,Equisetum arvense,ForestWetPoor
288612,Equisetum arvense,ForestWetPoor
288613,Equisetum arvense,ForestWetPoor
288614,Equisetum arvense,ForestWetPoor
288615,Equisetum arvense,ForestWetPoor
289195,Equisetum arvense,ForestWetPoor
289196,Equisetum arvense,ForestWetPoor
289197,Equisetum arvense,ForestWetPoor
289198,Equisetum arvense,ForestWetPoor
289199,Equisetum arvense,ForestWetPoor
289200,Equisetum arvense,ForestWetPoor
289201,Equisetum arvense,ForestWetPoor
289202,Equisetum arvense,ForestWetPoor
289203,Equisetum arvense,ForestWetPoor
289204,Equisetum arvense,ForestWetPoor
289205,Equisetum arvense,ForestWetPoor
289206,Equisetum arvense,ForestWetPoor
289207,Equisetum arvense,ForestWetPoor
289208,Equisetum arvense,ForestWetPoor
289209,Equisetum arvense,ForestWetPoor
289210,Equisetum arvense,ForestWetPoor
289211,Equisetum arvense,ForestWetPoor
289212,Equisetum arvense,ForestWetPoor
289213,Equisetum arvense,ForestWetPoor
289214,Equisetum arvense,ForestWetPoor
289794,Equisetum arvense,ForestWetPoor
289795,Equisetum arvense,ForestWetPoor
289796,Equisetum arvense,ForestWetPoor
289797,Equisetum arvense,ForestWetPoor
289798,Equisetum arvense,ForestWetPoor
289799,Equisetum arvense,ForestWetPoor
289800,Equisetum arvense,ForestWetPoor
289801,Equisetum arvense,ForestWetPoor
289802,Equisetum arvense,ForestWetPoor
289803,Equisetum arvense,ForestWetPoor
289804,Equisetum arvense,ForestWetPoor
289805,Equisetum arvense,ForestWetPoor
289806,Equisetum arvense,ForestWetPoor
289807,Equisetum arvense,ForestWetPoor
289808,Equisetum arvense,ForestWetPoor
289809,Equisetum arvense,ForestWetPoor
289810,Equisetum arvense,ForestWetPoor
289811,Equisetum arvense,ForestWetPoor
289812,Equisetum arvense,ForestWetPoor
289813,Equisetum arvense,ForestWetPoor
122633,Equisetum arvense,ForestWetPoor
122634,Equisetum arvense,ForestWetPoor
122635,Equisetum arvense,ForestWetPoor
122636,Equisetum arvense,ForestWetPoor
122637,Equisetum arvense,ForestWetPoor
122638,Equisetum arvense,ForestWetPoor
122639,Equisetum arvense,ForestWetPoor
122640,Equisetum arvense,ForestWetPoor
122641,Equisetum arvense,ForestWetPoor
122642,Equisetum arvense,ForestWetPoor
122643,Equisetum arvense,ForestWetPoor
122644,Equisetum arvense,ForestWetPoor
122645,Equisetum arvense,ForestWetPoor
122646,Equisetum arvense,ForestWetPoor
122647,Equisetum arvense,ForestWetPoor
122648,Equisetum arvense,ForestWetPoor
123232,Equisetum arvense,ForestWetPoor
123233,Equisetum arvense,ForestWetPoor
123234,Equisetum arvense,ForestWetPoor
123235,Equisetum arvense,ForestWetPoor
123236,Equisetum arvense,ForestWetPoor
123237,Equisetum arvense,ForestWetPoor
123238,Equisetum arvense,ForestWetPoor
123239,Equisetum arvense,ForestWetPoor
123240,Equisetum arvense,ForestWetPoor
123241,Equisetum arvense,ForestWetPoor
123242,Equisetum arvense,ForestWetPoor
123243,Equisetum arvense,ForestWetPoor
123244,Equisetum arvense,ForestWetPoor
123245,Equisetum arvense,ForestWetPoor
123246,Equisetum arvense,ForestWetPoor
123247,Equisetum arvense,ForestWetPoor
123248,Equisetum arvense,ForestWetPoor
123831,Equisetum arvense,ForestWetPoor
123832,Equisetum arvense,ForestWetPoor
123833,Equisetum arvense,ForestWetPoor
123834,Equisetum arvense,ForestWetPoor
123835,Equisetum arvense,ForestWetPoor
123836,Equisetum arvense,ForestWetPoor
123837,Equisetum arvense,ForestWetPoor
123838,Equisetum arvense,ForestWetPoor
123839,Equisetum arvense,ForestWetPoor
123840,Equisetum arvense,ForestWetPoor
123841,Equisetum arvense,ForestWetPoor
123842,Equisetum arvense,ForestWetPoor
123843,Equisetum arvense,ForestWetPoor
123844,Equisetum arvense,ForestWetPoor
123845,Equisetum arvense,ForestWetPoor
123846,Equisetum arvense,ForestWetPoor
123847,Equisetum arvense,ForestWetPoor
123848,Equisetum arvense,ForestWetPoor
124430,Equisetum arvense,ForestWetPoor
124431,Equisetum arvense,ForestWetPoor
124432,Equisetum arvense,ForestWetPoor
124433,Equisetum arvense,ForestWetPoor
124434,Equisetum arvense,ForestWetPoor
124435,Equisetum arvense,ForestWetPoor
124436,Equisetum arvense,ForestWetPoor
124437,Equisetum arvense,ForestWetPoor
124438,Equisetum arvense,ForestWetPoor
124439,Equisetum arvense,ForestWetPoor
124440,Equisetum arvense,ForestWetPoor
124441,Equisetum arvense,ForestWetPoor
124442,Equisetum arvense,ForestWetPoor
124443,Equisetum arvense,ForestWetPoor
124444,Equisetum arvense,ForestWetPoor
124445,Equisetum arvense,ForestWetPoor
124446,Equisetum arvense,ForestWetPoor
124447,Equisetum arvense,ForestWetPoor
124448,Equisetum arvense,ForestWetPoor
125029,Equisetum arvense,ForestWetPoor
125030,Equisetum arvense,ForestWetPoor
125031,Equisetum arvense,ForestWetPoor
125032,Equisetum arvense,ForestWetPoor
125033,Equisetum arvense,ForestWetPoor
125034,Equisetum arvense,ForestWetPoor
125035,Equisetum arvense,ForestWetPoor
125036,Equisetum arvense,ForestWetPoor
125037,Equisetum arvense,ForestWetPoor
125038,Equisetum arvense,ForestWetPoor
125039,Equisetum arvense,ForestWetPoor
125040,Equisetum arvense,ForestWetPoor
125041,Equisetum arvense,ForestWetPoor
125042,Equisetum arvense,ForestWetPoor
125043,Equisetum arvense,ForestWetPoor
125044,Equisetum arvense,ForestWetPoor
125045,Equisetum arvense,ForestWetPoor
125046,Equisetum arvense,ForestWetPoor
125047,Equisetum arvense,ForestWetPoor
125048,Equisetum arvense,ForestWetPoor
125628,Equisetum arvense,ForestWetPoor
125629,Equisetum arvense,ForestWetPoor
125630,Equisetum arvense,ForestWetPoor
125631,Equisetum arvense,ForestWetPoor
125632,Equisetum arvense,ForestWetPoor
125633,Equisetum arvense,ForestWetPoor
125634,Equisetum arvense,ForestWetPoor
125635,Equisetum arvense,ForestWetPoor
125636,Equisetum arvense,ForestWetPoor
125637,Equisetum arvense,ForestWetPoor
125638,Equisetum arvense,ForestWetPoor
125639,Equisetum arvense,ForestWetPoor
125640,Equisetum arvense,ForestWetPoor
125641,Equisetum arvense,ForestWetPoor
125642,Equisetum arvense,ForestWetPoor
125643,Equisetum arvense,ForestWetPoor
125644,Equisetum arvense,ForestWetPoor
125645,Equisetum arvense,ForestWetPoor
125646,Equisetum arvense,ForestWetPoor
125647,Equisetum arvense,ForestWetPoor
126227,Equisetum arvense,ForestWetPoor
126228,Equisetum arvense,ForestWetPoor
126229,Equisetum arvense,ForestWetPoor
126230,Equisetum arvense,ForestWetPoor
126231,Equisetum arvense,ForestWetPoor
126232,Equisetum arvense,ForestWetPoor
126233,Equisetum arvense,ForestWetPoor
126234,Equisetum arvense,ForestWetPoor
126235,Equisetum arvense,ForestWetPoor
126236,Equisetum arvense,ForestWetPoor
126237,Equisetum arvense,ForestWetPoor
126238,Equisetum arvense,ForestWetPoor
126239,Equisetum arvense,ForestWetPoor
126240,Equisetum arvense,ForestWetPoor
126241,Equisetum arvense,ForestWetPoor
126242,Equisetum arvense,ForestWetPoor
126243,Equisetum arvense,ForestWetPoor
126244,Equisetum arvense,ForestWetPoor
126245,Equisetum arvense,ForestWetPoor
126246,Equisetum arvense,ForestWetPoor
126826,Equisetum arvense,ForestWetPoor
126827,Equisetum arvense,ForestWetPoor
126828,Equisetum arvense,ForestWetPoor
126829,Equisetum arvense,ForestWetPoor
126830,Equisetum arvense,ForestWetPoor
126831,Equisetum arvense,ForestWetPoor
126832,Equisetum arvense,ForestWetPoor
126833,Equisetum arvense,ForestWetPoor
126834,Equisetum arvense,ForestWetPoor
126835,Equisetum arvense,ForestWetPoor
126836,Equisetum arvense,ForestWetPoor
126837,Equisetum arvense,ForestWetPoor
126838,Equisetum arvense,ForestWetPoor
126839,Equisetum arvense,ForestWetPoor
126840,Equisetum arvense,ForestWetPoor
126841,Equisetum arvense,ForestWetPoor
126842,Equisetum arvense,ForestWetPoor
126843,Equisetum arvense,ForestWetPoor
126844,Equisetum arvense,ForestWetPoor
126845,Equisetum arvense,ForestWetPoor
127425,Equisetum arvense,ForestWetPoor
127426,Equisetum arvense,ForestWetPoor
127427,Equisetum arvense,ForestWetPoor
127428,Equisetum arvense,ForestWetPoor
127429,Equisetum arvense,ForestWetPoor
127430,Equisetum arvense,ForestWetPoor
127431,Equisetum arvense,ForestWetPoor
127432,Equisetum arvense,ForestWetPoor
127433,Equisetum arvense,ForestWetPoor
127434,Equisetum arvense,ForestWetPoor
127435,Equisetum arvense,ForestWetPoor
127436,Equisetum arvense,ForestWetPoor
127437,Equisetum arvense,ForestWetPoor
127438,Equisetum arvense,ForestWetPoor
127439,Equisetum arvense,ForestWetPoor
127440,Equisetum arvense,ForestWetPoor
127441,Equisetum arvense,ForestWetPoor
127442,Equisetum arvense,ForestWetPoor
127443,Equisetum arvense,ForestWetPoor
127444,Equisetum arvense,ForestWetPoor
128024,Equisetum arvense,ForestWetPoor
128025,Equisetum arvense,ForestWetPoor
128026,Equisetum arvense,ForestWetPoor
128027,Equisetum arvense,ForestWetPoor
128028,Equisetum arvense,ForestWetPoor
128029,Equisetum arvense,ForestWetPoor
128030,Equisetum arvense,ForestWetPoor
128031,Equisetum arvense,ForestWetPoor
128032,Equisetum arvense,ForestWetPoor
128033,Equisetum arvense,ForestWetPoor
128034,Equisetum arvense,ForestWetPoor
128035,Equisetum arvense,ForestWetPoor
128036,Equisetum arvense,ForestWetPoor
128037,Equisetum arvense,ForestWetPoor
128038,Equisetum arvense,ForestWetPoor
128039,Equisetum arvense,ForestWetPoor
128040,Equisetum arvense,ForestWetPoor
128041,Equisetum arvense,ForestWetPoor
128042,Equisetum arvense,ForestWetPoor
128043,Equisetum arvense,ForestWetPoor
128623,Equisetum arvense,ForestWetPoor
128624,Equisetum arvense,ForestWetPoor
128625,Equisetum arvense,ForestWetPoor
128626,Equisetum arvense,ForestWetPoor
128627,Equisetum arvense,ForestWetPoor
128628,Equisetum arvense,ForestWetPoor
128629,Equisetum arvense,ForestWetPoor
128630,Equisetum arvense,ForestWetPoor
128631,Equisetum arvense,ForestWetPoor
128632,Equisetum arvense,ForestWetPoor
128633,Equisetum arvense,ForestWetPoor
128634,Equisetum arvense,ForestWetPoor
128635,Equisetum arvense,ForestWetPoor
128636,Equisetum arvense,ForestWetPoor
128637,Equisetum arvense,ForestWetPoor
128638,Equisetum arvense,ForestWetPoor
128639,Equisetum arvense,ForestWetPoor
128640,Equisetum arvense,ForestWetPoor
128641,Equisetum arvense,ForestWetPoor
128642,Equisetum arvense,ForestWetPoor
129222,Equisetum arvense,ForestWetPoor
129223,Equisetum arvense,ForestWetPoor
129224,Equisetum arvense,ForestWetPoor
129225,Equisetum arvense,ForestWetPoor
129226,Equisetum arvense,ForestWetPoor
129227,Equisetum arvense,ForestWetPoor
129228,Equisetum arvense,ForestWetPoor
129229,Equisetum arvense,ForestWetPoor
129230,Equisetum arvense,ForestWetPoor
129231,Equisetum arvense,ForestWetPoor
129232,Equisetum arvense,ForestWetPoor
129233,Equisetum arvense,ForestWetPoor
129234,Equisetum arvense,ForestWetPoor
129235,Equisetum arvense,ForestWetPoor
129236,Equisetum arvense,ForestWetPoor
129237,Equisetum arvense,ForestWetPoor
129238,Equisetum arvense,ForestWetPoor
129239,Equisetum arvense,ForestWetPoor
129240,Equisetum arvense,ForestWetPoor
129241,Equisetum arvense,ForestWetPoor
129821,Equisetum arvense,ForestWetPoor
129822,Equisetum arvense,ForestWetPoor
129823,Equisetum arvense,ForestWetPoor
129824,Equisetum arvense,ForestWetPoor
129825,Equisetum arvense,ForestWetPoor
129826,Equisetum arvense,ForestWetPoor
129827,Equisetum arvense,ForestWetPoor
129828,Equisetum arvense,ForestWetPoor
129829,Equisetum arvense,ForestWetPoor
129830,Equisetum arvense,ForestWetPoor
129831,Equisetum arvense,ForestWetPoor
129832,Equisetum arvense,ForestWetPoor
129833,Equisetum arvense,ForestWetPoor
129834,Equisetum arvense,ForestWetPoor
129835,Equisetum arvense,ForestWetPoor
129836,Equisetum arvense,ForestWetPoor
129837,Equisetum arvense,ForestWetPoor
129838,Equisetum arvense,ForestWetPoor
129839,Equisetum arvense,ForestWetPoor
129840,Equisetum arvense,ForestWetPoor
130420,Equisetum arvense,ForestWetPoor
130421,Equisetum arvense,ForestWetPoor
130422,Equisetum arvense,ForestWetPoor
130423,Equisetum arvense,ForestWetPoor
130424,Equisetum arvense,ForestWetPoor
130425,Equisetum arvense,ForestWetPoor
130426,Equisetum arvense,ForestWetPoor
130427,Equisetum arvense,ForestWetPoor
130428,Equisetum arvense,ForestWetPoor
130429,Equisetum arvense,ForestWetPoor
130430,Equisetum arvense,ForestWetPoor
130431,Equisetum arvense,ForestWetPoor
130432,Equisetum arvense,ForestWetPoor
130433,Equisetum arvense,ForestWetPoor
130434,Equisetum arvense,ForestWetPoor
130435,Equisetum arvense,ForestWetPoor
130436,Equisetum arvense,ForestWetPoor
130437,Equisetum arvense,ForestWetPoor
130438,Equisetum arvense,ForestWetPoor
130439,Equisetum arvense,ForestWetPoor
131019,Equisetum arvense,ForestWetPoor
131020,Equisetum arvense,ForestWetPoor
131021,Equisetum arvense,ForestWetPoor
131022,Equisetum arvense,ForestWetPoor
131023,Equisetum arvense,ForestWetPoor
131024,Equisetum arvense,ForestWetPoor
131025,Equisetum arvense,ForestWetPoor
131026,Equisetum arvense,ForestWetPoor
131027,Equisetum arvense,ForestWetPoor
131028,Equisetum arvense,ForestWetPoor
131029,Equisetum arvense,ForestWetPoor
131030,Equisetum arvense,ForestWetPoor
131031,Equisetum arvense,ForestWetPoor
131032,Equisetum arvense,ForestWetPoor
131033,Equisetum arvense,ForestWetPoor
131034,Equisetum arvense,ForestWetPoor
131035,Equisetum arvense,ForestWetPoor
131036,Equisetum arvense,ForestWetPoor
131037,Equisetum arvense,ForestWetPoor
131038,Equisetum arvense,ForestWetPoor
131618,Equisetum arvense,ForestWetPoor
131619,Equisetum arvense,ForestWetPoor
131620,Equisetum arvense,ForestWetPoor
131621,Equisetum arvense,ForestWetPoor
131622,Equisetum arvense,ForestWetPoor
131623,Equisetum arvense,ForestWetPoor
131624,Equisetum arvense,ForestWetPoor
131625,Equisetum arvense,ForestWetPoor
131626,Equisetum arvense,ForestWetPoor
131627,Equisetum arvense,ForestWetPoor
131628,Equisetum arvense,ForestWetPoor
131629,Equisetum arvense,ForestWetPoor
131630,Equisetum arvense,ForestWetPoor
131631,Equisetum arvense,ForestWetPoor
131632,Equisetum arvense,ForestWetPoor
131633,Equisetum arvense,ForestWetPoor
131634,Equisetum arvense,ForestWetPoor
131635,Equisetum arvense,ForestWetPoor
131636,Equisetum arvense,ForestWetPoor
131637,Equisetum arvense,ForestWetPoor
132217,Equisetum arvense,ForestWetPoor
132218,Equisetum arvense,ForestWetPoor
132219,Equisetum arvense,ForestWetPoor
132220,Equisetum arvense,ForestWetPoor
132221,Equisetum arvense,ForestWetPoor
132222,Equisetum arvense,ForestWetPoor
132223,Equisetum arvense,ForestWetPoor
132224,Equisetum arvense,ForestWetPoor
132225,Equisetum arvense,ForestWetPoor
132226,Equisetum arvense,ForestWetPoor
132227,Equisetum arvense,ForestWetPoor
132228,Equisetum arvense,ForestWetPoor
132229,Equisetum arvense,ForestWetPoor
132230,Equisetum arvense,ForestWetPoor
132231,Equisetum arvense,ForestWetPoor
132232,Equisetum arvense,ForestWetPoor
132233,Equisetum arvense,ForestWetPoor
132234,Equisetum arvense,ForestWetPoor
132235,Equisetum arvense,ForestWetPoor
132236,Equisetum arvense,ForestWetPoor
132816,Equisetum arvense,ForestWetPoor
132817,Equisetum arvense,ForestWetPoor
132818,Equisetum arvense,ForestWetPoor
132819,Equisetum arvense,ForestWetPoor
132820,Equisetum arvense,ForestWetPoor
132821,Equisetum arvense,ForestWetPoor
132822,Equisetum arvense,ForestWetPoor
132823,Equisetum arvense,ForestWetPoor
132824,Equisetum arvense,ForestWetPoor
132825,Equisetum arvense,ForestWetPoor
132826,Equisetum arvense,ForestWetPoor
132827,Equisetum arvense,ForestWetPoor
132828,Equisetum arvense,ForestWetPoor
132829,Equisetum arvense,ForestWetPoor
132830,Equisetum arvense,ForestWetPoor
132831,Equisetum arvense,ForestWetPoor
132832,Equisetum arvense,ForestWetPoor
132833,Equisetum arvense,ForestWetPoor
132834,Equisetum arvense,ForestWetPoor
132835,Equisetum arvense,ForestWetPoor
133415,Equisetum arvense,ForestWetPoor
133416,Equisetum arvense,ForestWetPoor
133417,Equisetum arvense,ForestWetPoor
133418,Equisetum arvense,ForestWetPoor
133419,Equisetum arvense,ForestWetPoor
133420,Equisetum arvense,ForestWetPoor
133421,Equisetum arvense,ForestWetPoor
133422,Equisetum arvense,ForestWetPoor
133423,Equisetum arvense,ForestWetPoor
133424,Equisetum arvense,ForestWetPoor
133425,Equisetum arvense,ForestWetPoor
133426,Equisetum arvense,ForestWetPoor
133427,Equisetum arvense,ForestWetPoor
133428,Equisetum arvense,ForestWetPoor
133429,Equisetum arvense,ForestWetPoor
133430,Equisetum arvense,ForestWetPoor
133431,Equisetum arvense,ForestWetPoor
133432,Equisetum arvense,ForestWetPoor
133433,Equisetum arvense,ForestWetPoor
133434,Equisetum arvense,ForestWetPoor
134014,Equisetum arvense,ForestWetPoor
134015,Equisetum arvense,ForestWetPoor
134016,Equisetum arvense,ForestWetPoor
134017,Equisetum arvense,ForestWetPoor
134018,Equisetum arvense,ForestWetPoor
134019,Equisetum arvense,ForestWetPoor
134020,Equisetum arvense,ForestWetPoor
134021,Equisetum arvense,ForestWetPoor
134022,Equisetum arvense,ForestWetPoor
134023,Equisetum arvense,ForestWetPoor
134024,Equisetum arvense,ForestWetPoor
134025,Equisetum arvense,ForestWetPoor
134026,Equisetum arvense,ForestWetPoor
134027,Equisetum arvense,ForestWetPoor
134028,Equisetum arvense,ForestWetPoor
134029,Equisetum arvense,ForestWetPoor
134030,Equisetum arvense,ForestWetPoor
134031,Equisetum arvense,ForestWetPoor
134032,Equisetum arvense,ForestWetPoor
134033,Equisetum arvense,ForestWetPoor
146613,Equisetum arvense,ForestWetPoor
146614,Equisetum arvense,ForestWetPoor
146615,Equisetum arvense,ForestWetPoor
146616,Equisetum arvense,ForestWetPoor
146617,Equisetum arvense,ForestWetPoor
146618,Equisetum arvense,ForestWetPoor
146619,Equisetum arvense,ForestWetPoor
146620,Equisetum arvense,ForestWetPoor
146621,Equisetum arvense,ForestWetPoor
146622,Equisetum arvense,ForestWetPoor
146623,Equisetum arvense,ForestWetPoor
146624,Equisetum arvense,ForestWetPoor
146625,Equisetum arvense,ForestWetPoor
146626,Equisetum arvense,ForestWetPoor
147212,Equisetum arvense,ForestWetPoor
147213,Equisetum arvense,ForestWetPoor
147214,Equisetum arvense,ForestWetPoor
147215,Equisetum arvense,ForestWetPoor
147216,Equisetum arvense,ForestWetPoor
147217,Equisetum arvense,ForestWetPoor
147218,Equisetum arvense,ForestWetPoor
147219,Equisetum arvense,ForestWetPoor
147220,Equisetum arvense,ForestWetPoor
147221,Equisetum arvense,ForestWetPoor
147222,Equisetum arvense,ForestWetPoor
147223,Equisetum arvense,ForestWetPoor
147224,Equisetum arvense,ForestWetPoor
147225,Equisetum arvense,ForestWetPoor
147811,Equisetum arvense,ForestWetPoor
147812,Equisetum arvense,ForestWetPoor
147813,Equisetum arvense,ForestWetPoor
147814,Equisetum arvense,ForestWetPoor
147815,Equisetum arvense,ForestWetPoor
147816,Equisetum arvense,ForestWetPoor
147817,Equisetum arvense,ForestWetPoor
147818,Equisetum arvense,ForestWetPoor
147819,Equisetum arvense,ForestWetPoor
147820,Equisetum arvense,ForestWetPoor
147821,Equisetum arvense,ForestWetPoor
147822,Equisetum arvense,ForestWetPoor
147823,Equisetum arvense,ForestWetPoor
148410,Equisetum arvense,ForestWetPoor
148411,Equisetum arvense,ForestWetPoor
148412,Equisetum arvense,ForestWetPoor
148413,Equisetum arvense,ForestWetPoor
148414,Equisetum arvense,ForestWetPoor
148415,Equisetum arvense,ForestWetPoor
148416,Equisetum arvense,ForestWetPoor
148417,Equisetum arvense,ForestWetPoor
148418,Equisetum arvense,ForestWetPoor
148419,Equisetum arvense,ForestWetPoor
148420,Equisetum arvense,ForestWetPoor
148421,Equisetum arvense,ForestWetPoor
148422,Equisetum arvense,ForestWetPoor
149009,Equisetum arvense,ForestWetPoor
149010,Equisetum arvense,ForestWetPoor
149011,Equisetum arvense,ForestWetPoor
149012,Equisetum arvense,ForestWetPoor
149013,Equisetum arvense,ForestWetPoor
149014,Equisetum arvense,ForestWetPoor
149015,Equisetum arvense,ForestWetPoor
149016,Equisetum arvense,ForestWetPoor
149017,Equisetum arvense,ForestWetPoor
149018,Equisetum arvense,ForestWetPoor
149019,Equisetum arvense,ForestWetPoor
149020,Equisetum arvense,ForestWetPoor
149021,Equisetum arvense,ForestWetPoor
149608,Equisetum arvense,ForestWetPoor
149609,Equisetum arvense,ForestWetPoor
149610,Equisetum arvense,ForestWetPoor
149611,Equisetum arvense,ForestWetPoor
149612,Equisetum arvense,ForestWetPoor
149613,Equisetum arvense,ForestWetPoor
149614,Equisetum arvense,ForestWetPoor
149615,Equisetum arvense,ForestWetPoor
149616,Equisetum arvense,ForestWetPoor
149617,Equisetum arvense,ForestWetPoor
149618,Equisetum arvense,ForestWetPoor
149619,Equisetum arvense,ForestWetPoor
149620,Equisetum arvense,ForestWetPoor
150207,Equisetum arvense,ForestWetPoor
150208,Equisetum arvense,ForestWetPoor
150209,Equisetum arvense,ForestWetPoor
150210,Equisetum arvense,ForestWetPoor
150211,Equisetum arvense,ForestWetPoor
150212,Equisetum arvense,ForestWetPoor
150213,Equisetum arvense,ForestWetPoor
150214,Equisetum arvense,ForestWetPoor
150215,Equisetum arvense,ForestWetPoor
150216,Equisetum arvense,ForestWetPoor
150217,Equisetum arvense,ForestWetPoor
150218,Equisetum arvense,ForestWetPoor
150219,Equisetum arvense,ForestWetPoor
150806,Equisetum arvense,ForestWetPoor
150807,Equisetum arvense,ForestWetPoor
150808,Equisetum arvense,ForestWetPoor
150809,Equisetum arvense,ForestWetPoor
150810,Equisetum arvense,ForestWetPoor
150811,Equisetum arvense,ForestWetPoor
150812,Equisetum arvense,ForestWetPoor
150813,Equisetum arvense,ForestWetPoor
150814,Equisetum arvense,ForestWetPoor
150815,Equisetum arvense,ForestWetPoor
150816,Equisetum arvense,ForestWetPoor
150817,Equisetum arvense,ForestWetPoor
150818,Equisetum arvense,ForestWetPoor
151405,Equisetum arvense,ForestWetPoor
151406,Equisetum arvense,ForestWetPoor
151407,Equisetum arvense,ForestWetPoor
151408,Equisetum arvense,ForestWetPoor
151409,Equisetum arvense,ForestWetPoor
151410,Equisetum arvense,ForestWetPoor
151411,Equisetum arvense,ForestWetPoor
151412,Equisetum arvense,ForestWetPoor
151413,Equisetum arvense,ForestWetPoor
151414,Equisetum arvense,ForestWetPoor
151415,Equisetum arvense,ForestWetPoor
151416,Equisetum arvense,ForestWetPoor
151417,Equisetum arvense,ForestWetPoor
152004,Equisetum arvense,ForestWetPoor
152005,Equisetum arvense,ForestWetPoor
152006,Equisetum arvense,ForestWetPoor
152007,Equisetum arvense,ForestWetPoor
152008,Equisetum arvense,ForestWetPoor
152009,Equisetum arvense,ForestWetPoor
152010,Equisetum arvense,ForestWetPoor
152011,Equisetum arvense,ForestWetPoor
152012,Equisetum arvense,ForestWetPoor
152013,Equisetum arvense,ForestWetPoor
152014,Equisetum arvense,ForestWetPoor
152015,Equisetum arvense,ForestWetPoor
152603,Equisetum arvense,ForestWetPoor
152604,Equisetum arvense,ForestWetPoor
152605,Equisetum arvense,ForestWetPoor
152606,Equisetum arvense,ForestWetPoor
152607,Equisetum arvense,ForestWetPoor
152608,Equisetum arvense,ForestWetPoor
152609,Equisetum arvense,ForestWetPoor
152610,Equisetum arvense,ForestWetPoor
152611,Equisetum arvense,ForestWetPoor
152612,Equisetum arvense,ForestWetPoor
152613,Equisetum arvense,ForestWetPoor
152614,Equisetum arvense,ForestWetPoor
153202,Equisetum arvense,ForestWetPoor
153203,Equisetum arvense,ForestWetPoor
153204,Equisetum arvense,ForestWetPoor
153205,Equisetum arvense,ForestWetPoor
153206,Equisetum arvense,ForestWetPoor
153207,Equisetum arvense,ForestWetPoor
153208,Equisetum arvense,ForestWetPoor
153209,Equisetum arvense,ForestWetPoor
153210,Equisetum arvense,ForestWetPoor
153211,Equisetum arvense,ForestWetPoor
153212,Equisetum arvense,ForestWetPoor
153213,Equisetum arvense,ForestWetPoor
153801,Equisetum arvense,ForestWetPoor
153802,Equisetum arvense,ForestWetPoor
153803,Equisetum arvense,ForestWetPoor
153804,Equisetum arvense,ForestWetPoor
153805,Equisetum arvense,ForestWetPoor
153806,Equisetum arvense,ForestWetPoor
153807,Equisetum arvense,ForestWetPoor
153808,Equisetum arvense,ForestWetPoor
153809,Equisetum arvense,ForestWetPoor
153810,Equisetum arvense,ForestWetPoor
153811,Equisetum arvense,ForestWetPoor
153812,Equisetum arvense,ForestWetPoor
154400,Equisetum arvense,ForestWetPoor
154401,Equisetum arvense,ForestWetPoor
154402,Equisetum arvense,ForestWetPoor
154403,Equisetum arvense,ForestWetPoor
154404,Equisetum arvense,ForestWetPoor
154405,Equisetum arvense,ForestWetPoor
154406,Equisetum arvense,ForestWetPoor
154407,Equisetum arvense,ForestWetPoor
154408,Equisetum arvense,ForestWetPoor
154409,Equisetum arvense,ForestWetPoor
154410,Equisetum arvense,ForestWetPoor
154999,Equisetum arvense,ForestWetPoor
155000,Equisetum arvense,ForestWetPoor
155001,Equisetum arvense,ForestWetPoor
155002,Equisetum arvense,ForestWetPoor
155003,Equisetum arvense,ForestWetPoor
155004,Equisetum arvense,ForestWetPoor
155005,Equisetum arvense,ForestWetPoor
155006,Equisetum arvense,ForestWetPoor
155007,Equisetum arvense,ForestWetPoor
155008,Equisetum arvense,ForestWetPoor
155009,Equisetum arvense,ForestWetPoor
155598,Equisetum arvense,ForestWetPoor
155599,Equisetum arvense,ForestWetPoor
155600,Equisetum arvense,ForestWetPoor
155601,Equisetum arvense,ForestWetPoor
155602,Equisetum arvense,ForestWetPoor
155603,Equisetum arvense,ForestWetPoor
155604,Equisetum arvense,ForestWetPoor
155605,Equisetum arvense,ForestWetPoor
155606,Equisetum arvense,ForestWetPoor
155607,Equisetum arvense,ForestWetPoor
155608,Equisetum arvense,ForestWetPoor
156197,Equisetum arvense,ForestWetPoor
156198,Equisetum arvense,ForestWetPoor
156199,Equisetum arvense,ForestWetPoor
156200,Equisetum arvense,ForestWetPoor
156201,Equisetum arvense,ForestWetPoor
156202,Equisetum arvense,ForestWetPoor
156203,Equisetum arvense,ForestWetPoor
156204,Equisetum arvense,ForestWetPoor
156205,Equisetum arvense,ForestWetPoor
156206,Equisetum arvense,ForestWetPoor
156796,Equisetum arvense,ForestWetPoor
156797,Equisetum arvense,ForestWetPoor
156798,Equisetum arvense,ForestWetPoor
156799,Equisetum arvense,ForestWetPoor
156800,Equisetum arvense,ForestWetPoor
156801,Equisetum arvense,ForestWetPoor
156802,Equisetum arvense,ForestWetPoor
156803,Equisetum arvense,ForestWetPoor
156804,Equisetum arvense,ForestWetPoor
156805,Equisetum arvense,ForestWetPoor
157395,Equisetum arvense,ForestWetPoor
157396,Equisetum arvense,ForestWetPoor
157397,Equisetum arvense,ForestWetPoor
157398,Equisetum arvense,ForestWetPoor
157399,Equisetum arvense,ForestWetPoor
157400,Equisetum arvense,ForestWetPoor
157401,Equisetum arvense,ForestWetPoor
157402,Equisetum arvense,ForestWetPoor
157403,Equisetum arvense,ForestWetPoor
157994,Equisetum arvense,ForestWetPoor
157995,Equisetum arvense,ForestWetPoor
157996,Equisetum arvense,ForestWetPoor
157997,Equisetum arvense,ForestWetPoor
157998,Equisetum arvense,ForestWetPoor
157999,Equisetum arvense,ForestWetPoor
158000,Equisetum arvense,ForestWetPoor
158001,Equisetum arvense,ForestWetPoor
158002,Equisetum arvense,ForestWetPoor
122633,Equisetum arvense,ForestWetPoor
122634,Equisetum arvense,ForestWetPoor
122635,Equisetum arvense,ForestWetPoor
122636,Equisetum arvense,ForestWetPoor
122637,Equisetum arvense,ForestWetPoor
122638,Equisetum arvense,ForestWetPoor
122639,Equisetum arvense,ForestWetPoor
122640,Equisetum arvense,ForestWetPoor
122641,Equisetum arvense,ForestWetPoor
122642,Equisetum arvense,ForestWetPoor
122643,Equisetum arvense,ForestWetPoor
122644,Equisetum arvense,ForestWetPoor
122645,Equisetum arvense,ForestWetPoor
122646,Equisetum arvense,ForestWetPoor
122647,Equisetum arvense,ForestWetPoor
122648,Equisetum arvense,ForestWetPoor
122649,Equisetum arvense,ForestWetPoor
122650,Equisetum arvense,ForestWetPoor
122651,Equisetum arvense,ForestWetPoor
122652,Equisetum arvense,ForestWetPoor
123232,Equisetum arvense,ForestWetPoor
123233,Equisetum arvense,ForestWetPoor
123234,Equisetum arvense,ForestWetPoor
123235,Equisetum arvense,ForestWetPoor
123236,Equisetum arvense,ForestWetPoor
123237,Equisetum arvense,ForestWetPoor
123238,Equisetum arvense,ForestWetPoor
123239,Equisetum arvense,ForestWetPoor
123240,Equisetum arvense,ForestWetPoor
123241,Equisetum arvense,ForestWetPoor
123242,Equisetum arvense,ForestWetPoor
123243,Equisetum arvense,ForestWetPoor
123244,Equisetum arvense,ForestWetPoor
123245,Equisetum arvense,ForestWetPoor
123246,Equisetum arvense,ForestWetPoor
123247,Equisetum arvense,ForestWetPoor
123248,Equisetum arvense,ForestWetPoor
123249,Equisetum arvense,ForestWetPoor
123250,Equisetum arvense,ForestWetPoor
123251,Equisetum arvense,ForestWetPoor
123272,Equisetum arvense,ForestWetPoor
123273,Equisetum arvense,ForestWetPoor
123831,Equisetum arvense,ForestWetPoor
123832,Equisetum arvense,ForestWetPoor
123833,Equisetum arvense,ForestWetPoor
123834,Equisetum arvense,ForestWetPoor
123835,Equisetum arvense,ForestWetPoor
123836,Equisetum arvense,ForestWetPoor
123837,Equisetum arvense,ForestWetPoor
123838,Equisetum arvense,ForestWetPoor
123839,Equisetum arvense,ForestWetPoor
123840,Equisetum arvense,ForestWetPoor
123841,Equisetum arvense,ForestWetPoor
123842,Equisetum arvense,ForestWetPoor
123843,Equisetum arvense,ForestWetPoor
123844,Equisetum arvense,ForestWetPoor
123845,Equisetum arvense,ForestWetPoor
123846,Equisetum arvense,ForestWetPoor
123847,Equisetum arvense,ForestWetPoor
123848,Equisetum arvense,ForestWetPoor
123849,Equisetum arvense,ForestWetPoor
123850,Equisetum arvense,ForestWetPoor
123871,Equisetum arvense,ForestWetPoor
123872,Equisetum arvense,ForestWetPoor
123873,Equisetum arvense,ForestWetPoor
123874,Equisetum arvense,ForestWetPoor
124430,Equisetum arvense,ForestWetPoor
124431,Equisetum arvense,ForestWetPoor
124432,Equisetum arvense,ForestWetPoor
124433,Equisetum arvense,ForestWetPoor
124434,Equisetum arvense,ForestWetPoor
124435,Equisetum arvense,ForestWetPoor
124436,Equisetum arvense,ForestWetPoor
124437,Equisetum arvense,ForestWetPoor
124438,Equisetum arvense,ForestWetPoor
124439,Equisetum arvense,ForestWetPoor
124440,Equisetum arvense,ForestWetPoor
124441,Equisetum arvense,ForestWetPoor
124442,Equisetum arvense,ForestWetPoor
124443,Equisetum arvense,ForestWetPoor
124444,Equisetum arvense,ForestWetPoor
124445,Equisetum arvense,ForestWetPoor
124446,Equisetum arvense,ForestWetPoor
124447,Equisetum arvense,ForestWetPoor
124448,Equisetum arvense,ForestWetPoor
124449,Equisetum arvense,ForestWetPoor
124470,Equisetum arvense,ForestWetPoor
124471,Equisetum arvense,ForestWetPoor
124472,Equisetum arvense,ForestWetPoor
124473,Equisetum arvense,ForestWetPoor
124474,Equisetum arvense,ForestWetPoor
125029,Equisetum arvense,ForestWetPoor
125030,Equisetum arvense,ForestWetPoor
125031,Equisetum arvense,ForestWetPoor
125032,Equisetum arvense,ForestWetPoor
125033,Equisetum arvense,ForestWetPoor
125034,Equisetum arvense,ForestWetPoor
125035,Equisetum arvense,ForestWetPoor
125036,Equisetum arvense,ForestWetPoor
125037,Equisetum arvense,ForestWetPoor
125038,Equisetum arvense,ForestWetPoor
125039,Equisetum arvense,ForestWetPoor
125040,Equisetum arvense,ForestWetPoor
125041,Equisetum arvense,ForestWetPoor
125042,Equisetum arvense,ForestWetPoor
125043,Equisetum arvense,ForestWetPoor
125044,Equisetum arvense,ForestWetPoor
125045,Equisetum arvense,ForestWetPoor
125046,Equisetum arvense,ForestWetPoor
125047,Equisetum arvense,ForestWetPoor
125048,Equisetum arvense,ForestWetPoor
125069,Equisetum arvense,ForestWetPoor
125070,Equisetum arvense,ForestWetPoor
125071,Equisetum arvense,ForestWetPoor
125072,Equisetum arvense,ForestWetPoor
125073,Equisetum arvense,ForestWetPoor
125074,Equisetum arvense,ForestWetPoor
125075,Equisetum arvense,ForestWetPoor
125628,Equisetum arvense,ForestWetPoor
125629,Equisetum arvense,ForestWetPoor
125630,Equisetum arvense,ForestWetPoor
125631,Equisetum arvense,ForestWetPoor
125632,Equisetum arvense,ForestWetPoor
125633,Equisetum arvense,ForestWetPoor
125634,Equisetum arvense,ForestWetPoor
125635,Equisetum arvense,ForestWetPoor
125636,Equisetum arvense,ForestWetPoor
125637,Equisetum arvense,ForestWetPoor
125638,Equisetum arvense,ForestWetPoor
125639,Equisetum arvense,ForestWetPoor
125640,Equisetum arvense,ForestWetPoor
125641,Equisetum arvense,ForestWetPoor
125642,Equisetum arvense,ForestWetPoor
125643,Equisetum arvense,ForestWetPoor
125644,Equisetum arvense,ForestWetPoor
125645,Equisetum arvense,ForestWetPoor
125646,Equisetum arvense,ForestWetPoor
125647,Equisetum arvense,ForestWetPoor
125668,Equisetum arvense,ForestWetPoor
125669,Equisetum arvense,ForestWetPoor
125670,Equisetum arvense,ForestWetPoor
125671,Equisetum arvense,ForestWetPoor
125672,Equisetum arvense,ForestWetPoor
125673,Equisetum arvense,ForestWetPoor
125674,Equisetum arvense,ForestWetPoor
125675,Equisetum arvense,ForestWetPoor
126227,Equisetum arvense,ForestWetPoor
126228,Equisetum arvense,ForestWetPoor
126229,Equisetum arvense,ForestWetPoor
126230,Equisetum arvense,ForestWetPoor
126231,Equisetum arvense,ForestWetPoor
126232,Equisetum arvense,ForestWetPoor
126233,Equisetum arvense,ForestWetPoor
126234,Equisetum arvense,ForestWetPoor
126235,Equisetum arvense,ForestWetPoor
126236,Equisetum arvense,ForestWetPoor
126237,Equisetum arvense,ForestWetPoor
126238,Equisetum arvense,ForestWetPoor
126239,Equisetum arvense,ForestWetPoor
126240,Equisetum arvense,ForestWetPoor
126241,Equisetum arvense,ForestWetPoor
126242,Equisetum arvense,ForestWetPoor
126243,Equisetum arvense,ForestWetPoor
126244,Equisetum arvense,ForestWetPoor
126245,Equisetum arvense,ForestWetPoor
126246,Equisetum arvense,ForestWetPoor
126267,Equisetum arvense,ForestWetPoor
126268,Equisetum arvense,ForestWetPoor
126269,Equisetum arvense,ForestWetPoor
126270,Equisetum arvense,ForestWetPoor
126271,Equisetum arvense,ForestWetPoor
126272,Equisetum arvense,ForestWetPoor
126273,Equisetum arvense,ForestWetPoor
126274,Equisetum arvense,ForestWetPoor
126275,Equisetum arvense,ForestWetPoor
126826,Equisetum arvense,ForestWetPoor
126827,Equisetum arvense,ForestWetPoor
126828,Equisetum arvense,ForestWetPoor
126829,Equisetum arvense,ForestWetPoor
126830,Equisetum arvense,ForestWetPoor
126831,Equisetum arvense,ForestWetPoor
126832,Equisetum arvense,ForestWetPoor
126833,Equisetum arvense,ForestWetPoor
126834,Equisetum arvense,ForestWetPoor
126835,Equisetum arvense,ForestWetPoor
126836,Equisetum arvense,ForestWetPoor
126837,Equisetum arvense,ForestWetPoor
126838,Equisetum arvense,ForestWetPoor
126839,Equisetum arvense,ForestWetPoor
126840,Equisetum arvense,ForestWetPoor
126841,Equisetum arvense,ForestWetPoor
126842,Equisetum arvense,ForestWetPoor
126843,Equisetum arvense,ForestWetPoor
126844,Equisetum arvense,ForestWetPoor
126845,Equisetum arvense,ForestWetPoor
126866,Equisetum arvense,ForestWetPoor
126867,Equisetum arvense,ForestWetPoor
126868,Equisetum arvense,ForestWetPoor
126869,Equisetum arvense,ForestWetPoor
126870,Equisetum arvense,ForestWetPoor
126871,Equisetum arvense,ForestWetPoor
126872,Equisetum arvense,ForestWetPoor
126873,Equisetum arvense,ForestWetPoor
126874,Equisetum arvense,ForestWetPoor
126875,Equisetum arvense,ForestWetPoor
127425,Equisetum arvense,ForestWetPoor
127426,Equisetum arvense,ForestWetPoor
127427,Equisetum arvense,ForestWetPoor
127428,Equisetum arvense,ForestWetPoor
127429,Equisetum arvense,ForestWetPoor
127430,Equisetum arvense,ForestWetPoor
127431,Equisetum arvense,ForestWetPoor
127432,Equisetum arvense,ForestWetPoor
127433,Equisetum arvense,ForestWetPoor
127434,Equisetum arvense,ForestWetPoor
127435,Equisetum arvense,ForestWetPoor
127436,Equisetum arvense,ForestWetPoor
127437,Equisetum arvense,ForestWetPoor
127438,Equisetum arvense,ForestWetPoor
127439,Equisetum arvense,ForestWetPoor
127440,Equisetum arvense,ForestWetPoor
127441,Equisetum arvense,ForestWetPoor
127442,Equisetum arvense,ForestWetPoor
127443,Equisetum arvense,ForestWetPoor
127444,Equisetum arvense,ForestWetPoor
127465,Equisetum arvense,ForestWetPoor
127466,Equisetum arvense,ForestWetPoor
127467,Equisetum arvense,ForestWetPoor
127468,Equisetum arvense,ForestWetPoor
127469,Equisetum arvense,ForestWetPoor
127470,Equisetum arvense,ForestWetPoor
127471,Equisetum arvense,ForestWetPoor
127472,Equisetum arvense,ForestWetPoor
127473,Equisetum arvense,ForestWetPoor
127474,Equisetum arvense,ForestWetPoor
127475,Equisetum arvense,ForestWetPoor
128024,Equisetum arvense,ForestWetPoor
128025,Equisetum arvense,ForestWetPoor
128026,Equisetum arvense,ForestWetPoor
128027,Equisetum arvense,ForestWetPoor
128028,Equisetum arvense,ForestWetPoor
128029,Equisetum arvense,ForestWetPoor
128030,Equisetum arvense,ForestWetPoor
128031,Equisetum arvense,ForestWetPoor
128032,Equisetum arvense,ForestWetPoor
128033,Equisetum arvense,ForestWetPoor
128034,Equisetum arvense,ForestWetPoor
128035,Equisetum arvense,ForestWetPoor
128036,Equisetum arvense,ForestWetPoor
128037,Equisetum arvense,ForestWetPoor
128038,Equisetum arvense,ForestWetPoor
128039,Equisetum arvense,ForestWetPoor
128040,Equisetum arvense,ForestWetPoor
128041,Equisetum arvense,ForestWetPoor
128042,Equisetum arvense,ForestWetPoor
128043,Equisetum arvense,ForestWetPoor
128064,Equisetum arvense,ForestWetPoor
128065,Equisetum arvense,ForestWetPoor
128066,Equisetum arvense,ForestWetPoor
128067,Equisetum arvense,ForestWetPoor
128068,Equisetum arvense,ForestWetPoor
128069,Equisetum arvense,ForestWetPoor
128070,Equisetum arvense,ForestWetPoor
128071,Equisetum arvense,ForestWetPoor
128072,Equisetum arvense,ForestWetPoor
128073,Equisetum arvense,ForestWetPoor
128074,Equisetum arvense,ForestWetPoor
128075,Equisetum arvense,ForestWetPoor
128623,Equisetum arvense,ForestWetPoor
128624,Equisetum arvense,ForestWetPoor
128625,Equisetum arvense,ForestWetPoor
128626,Equisetum arvense,ForestWetPoor
128627,Equisetum arvense,ForestWetPoor
128628,Equisetum arvense,ForestWetPoor
128629,Equisetum arvense,ForestWetPoor
128630,Equisetum arvense,ForestWetPoor
128631,Equisetum arvense,ForestWetPoor
128632,Equisetum arvense,ForestWetPoor
128633,Equisetum arvense,ForestWetPoor
128634,Equisetum arvense,ForestWetPoor
128635,Equisetum arvense,ForestWetPoor
128636,Equisetum arvense,ForestWetPoor
128637,Equisetum arvense,ForestWetPoor
128638,Equisetum arvense,ForestWetPoor
128639,Equisetum arvense,ForestWetPoor
128640,Equisetum arvense,ForestWetPoor
128641,Equisetum arvense,ForestWetPoor
128642,Equisetum arvense,ForestWetPoor
128663,Equisetum arvense,ForestWetPoor
128664,Equisetum arvense,ForestWetPoor
128665,Equisetum arvense,ForestWetPoor
128666,Equisetum arvense,ForestWetPoor
128667,Equisetum arvense,ForestWetPoor
128668,Equisetum arvense,ForestWetPoor
128669,Equisetum arvense,ForestWetPoor
128670,Equisetum arvense,ForestWetPoor
128671,Equisetum arvense,ForestWetPoor
128672,Equisetum arvense,ForestWetPoor
128673,Equisetum arvense,ForestWetPoor
128674,Equisetum arvense,ForestWetPoor
128675,Equisetum arvense,ForestWetPoor
129222,Equisetum arvense,ForestWetPoor
129223,Equisetum arvense,ForestWetPoor
129224,Equisetum arvense,ForestWetPoor
129225,Equisetum arvense,ForestWetPoor
129226,Equisetum arvense,ForestWetPoor
129227,Equisetum arvense,ForestWetPoor
129228,Equisetum arvense,ForestWetPoor
129229,Equisetum arvense,ForestWetPoor
129230,Equisetum arvense,ForestWetPoor
129231,Equisetum arvense,ForestWetPoor
129232,Equisetum arvense,ForestWetPoor
129233,Equisetum arvense,ForestWetPoor
129234,Equisetum arvense,ForestWetPoor
129235,Equisetum arvense,ForestWetPoor
129236,Equisetum arvense,ForestWetPoor
129237,Equisetum arvense,ForestWetPoor
129238,Equisetum arvense,ForestWetPoor
129239,Equisetum arvense,ForestWetPoor
129240,Equisetum arvense,ForestWetPoor
129241,Equisetum arvense,ForestWetPoor
129262,Equisetum arvense,ForestWetPoor
129263,Equisetum arvense,ForestWetPoor
129264,Equisetum arvense,ForestWetPoor
129265,Equisetum arvense,ForestWetPoor
129266,Equisetum arvense,ForestWetPoor
129267,Equisetum arvense,ForestWetPoor
129268,Equisetum arvense,ForestWetPoor
129269,Equisetum arvense,ForestWetPoor
129270,Equisetum arvense,ForestWetPoor
129271,Equisetum arvense,ForestWetPoor
129272,Equisetum arvense,ForestWetPoor
129273,Equisetum arvense,ForestWetPoor
129274,Equisetum arvense,ForestWetPoor
129275,Equisetum arvense,ForestWetPoor
129821,Equisetum arvense,ForestWetPoor
129822,Equisetum arvense,ForestWetPoor
129823,Equisetum arvense,ForestWetPoor
129824,Equisetum arvense,ForestWetPoor
129825,Equisetum arvense,ForestWetPoor
129826,Equisetum arvense,ForestWetPoor
129827,Equisetum arvense,ForestWetPoor
129828,Equisetum arvense,ForestWetPoor
129829,Equisetum arvense,ForestWetPoor
129830,Equisetum arvense,ForestWetPoor
129831,Equisetum arvense,ForestWetPoor
129832,Equisetum arvense,ForestWetPoor
129833,Equisetum arvense,ForestWetPoor
129834,Equisetum arvense,ForestWetPoor
129835,Equisetum arvense,ForestWetPoor
129836,Equisetum arvense,ForestWetPoor
129837,Equisetum arvense,ForestWetPoor
129838,Equisetum arvense,ForestWetPoor
129839,Equisetum arvense,ForestWetPoor
129840,Equisetum arvense,ForestWetPoor
129861,Equisetum arvense,ForestWetPoor
129862,Equisetum arvense,ForestWetPoor
129863,Equisetum arvense,ForestWetPoor
129864,Equisetum arvense,ForestWetPoor
129865,Equisetum arvense,ForestWetPoor
129866,Equisetum arvense,ForestWetPoor
129867,Equisetum arvense,ForestWetPoor
129868,Equisetum arvense,ForestWetPoor
129869,Equisetum arvense,ForestWetPoor
129870,Equisetum arvense,ForestWetPoor
129871,Equisetum arvense,ForestWetPoor
129872,Equisetum arvense,ForestWetPoor
129873,Equisetum arvense,ForestWetPoor
129874,Equisetum arvense,ForestWetPoor
129875,Equisetum arvense,ForestWetPoor
130420,Equisetum arvense,ForestWetPoor
130421,Equisetum arvense,ForestWetPoor
130422,Equisetum arvense,ForestWetPoor
130423,Equisetum arvense,ForestWetPoor
130424,Equisetum arvense,ForestWetPoor
130425,Equisetum arvense,ForestWetPoor
130426,Equisetum arvense,ForestWetPoor
130427,Equisetum arvense,ForestWetPoor
130428,Equisetum arvense,ForestWetPoor
130429,Equisetum arvense,ForestWetPoor
130430,Equisetum arvense,ForestWetPoor
130431,Equisetum arvense,ForestWetPoor
130432,Equisetum arvense,ForestWetPoor
130433,Equisetum arvense,ForestWetPoor
130434,Equisetum arvense,ForestWetPoor
130435,Equisetum arvense,ForestWetPoor
130436,Equisetum arvense,ForestWetPoor
130437,Equisetum arvense,ForestWetPoor
130438,Equisetum arvense,ForestWetPoor
130439,Equisetum arvense,ForestWetPoor
130460,Equisetum arvense,ForestWetPoor
130461,Equisetum arvense,ForestWetPoor
130462,Equisetum arvense,ForestWetPoor
130463,Equisetum arvense,ForestWetPoor
130464,Equisetum arvense,ForestWetPoor
130465,Equisetum arvense,ForestWetPoor
130466,Equisetum arvense,ForestWetPoor
130467,Equisetum arvense,ForestWetPoor
130468,Equisetum arvense,ForestWetPoor
130469,Equisetum arvense,ForestWetPoor
130470,Equisetum arvense,ForestWetPoor
130471,Equisetum arvense,ForestWetPoor
130472,Equisetum arvense,ForestWetPoor
130473,Equisetum arvense,ForestWetPoor
130474,Equisetum arvense,ForestWetPoor
130475,Equisetum arvense,ForestWetPoor
131019,Equisetum arvense,ForestWetPoor
131020,Equisetum arvense,ForestWetPoor
131021,Equisetum arvense,ForestWetPoor
131022,Equisetum arvense,ForestWetPoor
131023,Equisetum arvense,ForestWetPoor
131024,Equisetum arvense,ForestWetPoor
131025,Equisetum arvense,ForestWetPoor
131026,Equisetum arvense,ForestWetPoor
131027,Equisetum arvense,ForestWetPoor
131028,Equisetum arvense,ForestWetPoor
131029,Equisetum arvense,ForestWetPoor
131030,Equisetum arvense,ForestWetPoor
131031,Equisetum arvense,ForestWetPoor
131032,Equisetum arvense,ForestWetPoor
131033,Equisetum arvense,ForestWetPoor
131034,Equisetum arvense,ForestWetPoor
131035,Equisetum arvense,ForestWetPoor
131036,Equisetum arvense,ForestWetPoor
131037,Equisetum arvense,ForestWetPoor
131038,Equisetum arvense,ForestWetPoor
131059,Equisetum arvense,ForestWetPoor
131060,Equisetum arvense,ForestWetPoor
131061,Equisetum arvense,ForestWetPoor
131062,Equisetum arvense,ForestWetPoor
131063,Equisetum arvense,ForestWetPoor
131064,Equisetum arvense,ForestWetPoor
131065,Equisetum arvense,ForestWetPoor
131066,Equisetum arvense,ForestWetPoor
131067,Equisetum arvense,ForestWetPoor
131068,Equisetum arvense,ForestWetPoor
131069,Equisetum arvense,ForestWetPoor
131070,Equisetum arvense,ForestWetPoor
131071,Equisetum arvense,ForestWetPoor
131072,Equisetum arvense,ForestWetPoor
131073,Equisetum arvense,ForestWetPoor
131074,Equisetum arvense,ForestWetPoor
131075,Equisetum arvense,ForestWetPoor
131618,Equisetum arvense,ForestWetPoor
131619,Equisetum arvense,ForestWetPoor
131620,Equisetum arvense,ForestWetPoor
131621,Equisetum arvense,ForestWetPoor
131622,Equisetum arvense,ForestWetPoor
131623,Equisetum arvense,ForestWetPoor
131624,Equisetum arvense,ForestWetPoor
131625,Equisetum arvense,ForestWetPoor
131626,Equisetum arvense,ForestWetPoor
131627,Equisetum arvense,ForestWetPoor
131628,Equisetum arvense,ForestWetPoor
131629,Equisetum arvense,ForestWetPoor
131630,Equisetum arvense,ForestWetPoor
131631,Equisetum arvense,ForestWetPoor
131632,Equisetum arvense,ForestWetPoor
131633,Equisetum arvense,ForestWetPoor
131634,Equisetum arvense,ForestWetPoor
131635,Equisetum arvense,ForestWetPoor
131636,Equisetum arvense,ForestWetPoor
131637,Equisetum arvense,ForestWetPoor
131658,Equisetum arvense,ForestWetPoor
131659,Equisetum arvense,ForestWetPoor
131660,Equisetum arvense,ForestWetPoor
131661,Equisetum arvense,ForestWetPoor
131662,Equisetum arvense,ForestWetPoor
131663,Equisetum arvense,ForestWetPoor
131664,Equisetum arvense,ForestWetPoor
131665,Equisetum arvense,ForestWetPoor
131666,Equisetum arvense,ForestWetPoor
131667,Equisetum arvense,ForestWetPoor
131668,Equisetum arvense,ForestWetPoor
131669,Equisetum arvense,ForestWetPoor
131670,Equisetum arvense,ForestWetPoor
131671,Equisetum arvense,ForestWetPoor
131672,Equisetum arvense,ForestWetPoor
131673,Equisetum arvense,ForestWetPoor
131674,Equisetum arvense,ForestWetPoor
132217,Equisetum arvense,ForestWetPoor
132218,Equisetum arvense,ForestWetPoor
132219,Equisetum arvense,ForestWetPoor
132220,Equisetum arvense,ForestWetPoor
132221,Equisetum arvense,ForestWetPoor
132222,Equisetum arvense,ForestWetPoor
132223,Equisetum arvense,ForestWetPoor
132224,Equisetum arvense,ForestWetPoor
132225,Equisetum arvense,ForestWetPoor
132226,Equisetum arvense,ForestWetPoor
132227,Equisetum arvense,ForestWetPoor
132228,Equisetum arvense,ForestWetPoor
132229,Equisetum arvense,ForestWetPoor
132230,Equisetum arvense,ForestWetPoor
132231,Equisetum arvense,ForestWetPoor
132232,Equisetum arvense,ForestWetPoor
132233,Equisetum arvense,ForestWetPoor
132234,Equisetum arvense,ForestWetPoor
132235,Equisetum arvense,ForestWetPoor
132236,Equisetum arvense,ForestWetPoor
132257,Equisetum arvense,ForestWetPoor
132258,Equisetum arvense,ForestWetPoor
132259,Equisetum arvense,ForestWetPoor
132260,Equisetum arvense,ForestWetPoor
132261,Equisetum arvense,ForestWetPoor
132262,Equisetum arvense,ForestWetPoor
132263,Equisetum arvense,ForestWetPoor
132264,Equisetum arvense,ForestWetPoor
132265,Equisetum arvense,ForestWetPoor
132266,Equisetum arvense,ForestWetPoor
132267,Equisetum arvense,ForestWetPoor
132268,Equisetum arvense,ForestWetPoor
132269,Equisetum arvense,ForestWetPoor
132270,Equisetum arvense,ForestWetPoor
132271,Equisetum arvense,ForestWetPoor
132272,Equisetum arvense,ForestWetPoor
132273,Equisetum arvense,ForestWetPoor
132274,Equisetum arvense,ForestWetPoor
132816,Equisetum arvense,ForestWetPoor
132817,Equisetum arvense,ForestWetPoor
132818,Equisetum arvense,ForestWetPoor
132819,Equisetum arvense,ForestWetPoor
132820,Equisetum arvense,ForestWetPoor
132821,Equisetum arvense,ForestWetPoor
132822,Equisetum arvense,ForestWetPoor
132823,Equisetum arvense,ForestWetPoor
132824,Equisetum arvense,ForestWetPoor
132825,Equisetum arvense,ForestWetPoor
132826,Equisetum arvense,ForestWetPoor
132827,Equisetum arvense,ForestWetPoor
132828,Equisetum arvense,ForestWetPoor
132829,Equisetum arvense,ForestWetPoor
132830,Equisetum arvense,ForestWetPoor
132831,Equisetum arvense,ForestWetPoor
132832,Equisetum arvense,ForestWetPoor
132833,Equisetum arvense,ForestWetPoor
132834,Equisetum arvense,ForestWetPoor
132835,Equisetum arvense,ForestWetPoor
132856,Equisetum arvense,ForestWetPoor
132857,Equisetum arvense,ForestWetPoor
132858,Equisetum arvense,ForestWetPoor
132859,Equisetum arvense,ForestWetPoor
132860,Equisetum arvense,ForestWetPoor
132861,Equisetum arvense,ForestWetPoor
132862,Equisetum arvense,ForestWetPoor
132863,Equisetum arvense,ForestWetPoor
132864,Equisetum arvense,ForestWetPoor
132865,Equisetum arvense,ForestWetPoor
132866,Equisetum arvense,ForestWetPoor
132867,Equisetum arvense,ForestWetPoor
132868,Equisetum arvense,ForestWetPoor
132869,Equisetum arvense,ForestWetPoor
132870,Equisetum arvense,ForestWetPoor
132871,Equisetum arvense,ForestWetPoor
132872,Equisetum arvense,ForestWetPoor
132873,Equisetum arvense,ForestWetPoor
132874,Equisetum arvense,ForestWetPoor
133415,Equisetum arvense,ForestWetPoor
133416,Equisetum arvense,ForestWetPoor
133417,Equisetum arvense,ForestWetPoor
133418,Equisetum arvense,ForestWetPoor
133419,Equisetum arvense,ForestWetPoor
133420,Equisetum arvense,ForestWetPoor
133421,Equisetum arvense,ForestWetPoor
133422,Equisetum arvense,ForestWetPoor
133423,Equisetum arvense,ForestWetPoor
133424,Equisetum arvense,ForestWetPoor
133425,Equisetum arvense,ForestWetPoor
133426,Equisetum arvense,ForestWetPoor
133427,Equisetum arvense,ForestWetPoor
133428,Equisetum arvense,ForestWetPoor
133429,Equisetum arvense,ForestWetPoor
133430,Equisetum arvense,ForestWetPoor
133431,Equisetum arvense,ForestWetPoor
133432,Equisetum arvense,ForestWetPoor
133433,Equisetum arvense,ForestWetPoor
133434,Equisetum arvense,ForestWetPoor
133455,Equisetum arvense,ForestWetPoor
133456,Equisetum arvense,ForestWetPoor
133457,Equisetum arvense,ForestWetPoor
133458,Equisetum arvense,ForestWetPoor
133459,Equisetum arvense,ForestWetPoor
133460,Equisetum arvense,ForestWetPoor
133461,Equisetum arvense,ForestWetPoor
133462,Equisetum arvense,ForestWetPoor
133463,Equisetum arvense,ForestWetPoor
133464,Equisetum arvense,ForestWetPoor
133465,Equisetum arvense,ForestWetPoor
133466,Equisetum arvense,ForestWetPoor
133467,Equisetum arvense,ForestWetPoor
133468,Equisetum arvense,ForestWetPoor
133469,Equisetum arvense,ForestWetPoor
133470,Equisetum arvense,ForestWetPoor
133471,Equisetum arvense,ForestWetPoor
133472,Equisetum arvense,ForestWetPoor
133473,Equisetum arvense,ForestWetPoor
134014,Equisetum arvense,ForestWetPoor
134015,Equisetum arvense,ForestWetPoor
134016,Equisetum arvense,ForestWetPoor
134017,Equisetum arvense,ForestWetPoor
134018,Equisetum arvense,ForestWetPoor
134019,Equisetum arvense,ForestWetPoor
134020,Equisetum arvense,ForestWetPoor
134021,Equisetum arvense,ForestWetPoor
134022,Equisetum arvense,ForestWetPoor
134023,Equisetum arvense,ForestWetPoor
134024,Equisetum arvense,ForestWetPoor
134025,Equisetum arvense,ForestWetPoor
134026,Equisetum arvense,ForestWetPoor
134027,Equisetum arvense,ForestWetPoor
134028,Equisetum arvense,ForestWetPoor
134029,Equisetum arvense,ForestWetPoor
134030,Equisetum arvense,ForestWetPoor
134031,Equisetum arvense,ForestWetPoor
134032,Equisetum arvense,ForestWetPoor
134033,Equisetum arvense,ForestWetPoor
134054,Equisetum arvense,ForestWetPoor
134055,Equisetum arvense,ForestWetPoor
134056,Equisetum arvense,ForestWetPoor
134057,Equisetum arvense,ForestWetPoor
134058,Equisetum arvense,ForestWetPoor
134059,Equisetum arvense,ForestWetPoor
134060,Equisetum arvense,ForestWetPoor
134061,Equisetum arvense,ForestWetPoor
134062,Equisetum arvense,ForestWetPoor
134063,Equisetum arvense,ForestWetPoor
134064,Equisetum arvense,ForestWetPoor
134065,Equisetum arvense,ForestWetPoor
134066,Equisetum arvense,ForestWetPoor
134067,Equisetum arvense,ForestWetPoor
134068,Equisetum arvense,ForestWetPoor
134069,Equisetum arvense,ForestWetPoor
134070,Equisetum arvense,ForestWetPoor
134071,Equisetum arvense,ForestWetPoor
134072,Equisetum arvense,ForestWetPoor
134073,Equisetum arvense,ForestWetPoor
146613,Equisetum arvense,ForestWetPoor
146614,Equisetum arvense,ForestWetPoor
146615,Equisetum arvense,ForestWetPoor
146616,Equisetum arvense,ForestWetPoor
146617,Equisetum arvense,ForestWetPoor
146618,Equisetum arvense,ForestWetPoor
146619,Equisetum arvense,ForestWetPoor
146620,Equisetum arvense,ForestWetPoor
146621,Equisetum arvense,ForestWetPoor
146622,Equisetum arvense,ForestWetPoor
146623,Equisetum arvense,ForestWetPoor
146624,Equisetum arvense,ForestWetPoor
146625,Equisetum arvense,ForestWetPoor
146626,Equisetum arvense,ForestWetPoor
146627,Equisetum arvense,ForestWetPoor
146628,Equisetum arvense,ForestWetPoor
146629,Equisetum arvense,ForestWetPoor
146630,Equisetum arvense,ForestWetPoor
146631,Equisetum arvense,ForestWetPoor
146632,Equisetum arvense,ForestWetPoor
147212,Equisetum arvense,ForestWetPoor
147213,Equisetum arvense,ForestWetPoor
147214,Equisetum arvense,ForestWetPoor
147215,Equisetum arvense,ForestWetPoor
147216,Equisetum arvense,ForestWetPoor
147217,Equisetum arvense,ForestWetPoor
147218,Equisetum arvense,ForestWetPoor
147219,Equisetum arvense,ForestWetPoor
147220,Equisetum arvense,ForestWetPoor
147221,Equisetum arvense,ForestWetPoor
147222,Equisetum arvense,ForestWetPoor
147223,Equisetum arvense,ForestWetPoor
147224,Equisetum arvense,ForestWetPoor
147225,Equisetum arvense,ForestWetPoor
147226,Equisetum arvense,ForestWetPoor
147227,Equisetum arvense,ForestWetPoor
147228,Equisetum arvense,ForestWetPoor
147229,Equisetum arvense,ForestWetPoor
147230,Equisetum arvense,ForestWetPoor
147231,Equisetum arvense,ForestWetPoor
147811,Equisetum arvense,ForestWetPoor
147812,Equisetum arvense,ForestWetPoor
147813,Equisetum arvense,ForestWetPoor
147814,Equisetum arvense,ForestWetPoor
147815,Equisetum arvense,ForestWetPoor
147816,Equisetum arvense,ForestWetPoor
147817,Equisetum arvense,ForestWetPoor
147818,Equisetum arvense,ForestWetPoor
147819,Equisetum arvense,ForestWetPoor
147820,Equisetum arvense,ForestWetPoor
147821,Equisetum arvense,ForestWetPoor
147822,Equisetum arvense,ForestWetPoor
147823,Equisetum arvense,ForestWetPoor
147824,Equisetum arvense,ForestWetPoor
147825,Equisetum arvense,ForestWetPoor
147826,Equisetum arvense,ForestWetPoor
147827,Equisetum arvense,ForestWetPoor
147828,Equisetum arvense,ForestWetPoor
147829,Equisetum arvense,ForestWetPoor
147830,Equisetum arvense,ForestWetPoor
148410,Equisetum arvense,ForestWetPoor
148411,Equisetum arvense,ForestWetPoor
148412,Equisetum arvense,ForestWetPoor
148413,Equisetum arvense,ForestWetPoor
148414,Equisetum arvense,ForestWetPoor
148415,Equisetum arvense,ForestWetPoor
148416,Equisetum arvense,ForestWetPoor
148417,Equisetum arvense,ForestWetPoor
148418,Equisetum arvense,ForestWetPoor
148419,Equisetum arvense,ForestWetPoor
148420,Equisetum arvense,ForestWetPoor
148421,Equisetum arvense,ForestWetPoor
148422,Equisetum arvense,ForestWetPoor
148423,Equisetum arvense,ForestWetPoor
148424,Equisetum arvense,ForestWetPoor
148425,Equisetum arvense,ForestWetPoor
148426,Equisetum arvense,ForestWetPoor
148427,Equisetum arvense,ForestWetPoor
148428,Equisetum arvense,ForestWetPoor
148429,Equisetum arvense,ForestWetPoor
149009,Equisetum arvense,ForestWetPoor
149010,Equisetum arvense,ForestWetPoor
149011,Equisetum arvense,ForestWetPoor
149012,Equisetum arvense,ForestWetPoor
149013,Equisetum arvense,ForestWetPoor
149014,Equisetum arvense,ForestWetPoor
149015,Equisetum arvense,ForestWetPoor
149016,Equisetum arvense,ForestWetPoor
149017,Equisetum arvense,ForestWetPoor
149018,Equisetum arvense,ForestWetPoor
149019,Equisetum arvense,ForestWetPoor
149020,Equisetum arvense,ForestWetPoor
149021,Equisetum arvense,ForestWetPoor
149022,Equisetum arvense,ForestWetPoor
149023,Equisetum arvense,ForestWetPoor
149024,Equisetum arvense,ForestWetPoor
149025,Equisetum arvense,ForestWetPoor
149026,Equisetum arvense,ForestWetPoor
149027,Equisetum arvense,ForestWetPoor
149028,Equisetum arvense,ForestWetPoor
149608,Equisetum arvense,ForestWetPoor
149609,Equisetum arvense,ForestWetPoor
149610,Equisetum arvense,ForestWetPoor
149611,Equisetum arvense,ForestWetPoor
149612,Equisetum arvense,ForestWetPoor
149613,Equisetum arvense,ForestWetPoor
149614,Equisetum arvense,ForestWetPoor
149615,Equisetum arvense,ForestWetPoor
149616,Equisetum arvense,ForestWetPoor
149617,Equisetum arvense,ForestWetPoor
149618,Equisetum arvense,ForestWetPoor
149619,Equisetum arvense,ForestWetPoor
149620,Equisetum arvense,ForestWetPoor
149621,Equisetum arvense,ForestWetPoor
149622,Equisetum arvense,ForestWetPoor
149623,Equisetum arvense,ForestWetPoor
149624,Equisetum arvense,ForestWetPoor
149625,Equisetum arvense,ForestWetPoor
149626,Equisetum arvense,ForestWetPoor
149627,Equisetum arvense,ForestWetPoor
150207,Equisetum arvense,ForestWetPoor
150208,Equisetum arvense,ForestWetPoor
150209,Equisetum arvense,ForestWetPoor
150210,Equisetum arvense,ForestWetPoor
150211,Equisetum arvense,ForestWetPoor
150212,Equisetum arvense,ForestWetPoor
150213,Equisetum arvense,ForestWetPoor
150214,Equisetum arvense,ForestWetPoor
150215,Equisetum arvense,ForestWetPoor
150216,Equisetum arvense,ForestWetPoor
150217,Equisetum arvense,ForestWetPoor
150218,Equisetum arvense,ForestWetPoor
150219,Equisetum arvense,ForestWetPoor
150220,Equisetum arvense,ForestWetPoor
150221,Equisetum arvense,ForestWetPoor
150222,Equisetum arvense,ForestWetPoor
150223,Equisetum arvense,ForestWetPoor
150224,Equisetum arvense,ForestWetPoor
150225,Equisetum arvense,ForestWetPoor
150226,Equisetum arvense,ForestWetPoor
150806,Equisetum arvense,ForestWetPoor
150807,Equisetum arvense,ForestWetPoor
150808,Equisetum arvense,ForestWetPoor
150809,Equisetum arvense,ForestWetPoor
150810,Equisetum arvense,ForestWetPoor
150811,Equisetum arvense,ForestWetPoor
150812,Equisetum arvense,ForestWetPoor
150813,Equisetum arvense,ForestWetPoor
150814,Equisetum arvense,ForestWetPoor
150815,Equisetum arvense,ForestWetPoor
150816,Equisetum arvense,ForestWetPoor
150817,Equisetum arvense,ForestWetPoor
150818,Equisetum arvense,ForestWetPoor
150819,Equisetum arvense,ForestWetPoor
150820,Equisetum arvense,ForestWetPoor
150821,Equisetum arvense,ForestWetPoor
150822,Equisetum arvense,ForestWetPoor
150823,Equisetum arvense,ForestWetPoor
150824,Equisetum arvense,ForestWetPoor
150825,Equisetum arvense,ForestWetPoor
151405,Equisetum arvense,ForestWetPoor
151406,Equisetum arvense,ForestWetPoor
151407,Equisetum arvense,ForestWetPoor
151408,Equisetum arvense,ForestWetPoor
151409,Equisetum arvense,ForestWetPoor
151410,Equisetum arvense,ForestWetPoor
151411,Equisetum arvense,ForestWetPoor
151412,Equisetum arvense,ForestWetPoor
151413,Equisetum arvense,ForestWetPoor
151414,Equisetum arvense,ForestWetPoor
151415,Equisetum arvense,ForestWetPoor
151416,Equisetum arvense,ForestWetPoor
151417,Equisetum arvense,ForestWetPoor
151418,Equisetum arvense,ForestWetPoor
151419,Equisetum arvense,ForestWetPoor
151420,Equisetum arvense,ForestWetPoor
151421,Equisetum arvense,ForestWetPoor
151422,Equisetum arvense,ForestWetPoor
151423,Equisetum arvense,ForestWetPoor
151424,Equisetum arvense,ForestWetPoor
152004,Equisetum arvense,ForestWetPoor
152005,Equisetum arvense,ForestWetPoor
152006,Equisetum arvense,ForestWetPoor
152007,Equisetum arvense,ForestWetPoor
152008,Equisetum arvense,ForestWetPoor
152009,Equisetum arvense,ForestWetPoor
152010,Equisetum arvense,ForestWetPoor
152011,Equisetum arvense,ForestWetPoor
152012,Equisetum arvense,ForestWetPoor
152013,Equisetum arvense,ForestWetPoor
152014,Equisetum arvense,ForestWetPoor
152015,Equisetum arvense,ForestWetPoor
152016,Equisetum arvense,ForestWetPoor
152017,Equisetum arvense,ForestWetPoor
152018,Equisetum arvense,ForestWetPoor
152019,Equisetum arvense,ForestWetPoor
152020,Equisetum arvense,ForestWetPoor
152021,Equisetum arvense,ForestWetPoor
152022,Equisetum arvense,ForestWetPoor
152023,Equisetum arvense,ForestWetPoor
152603,Equisetum arvense,ForestWetPoor
152604,Equisetum arvense,ForestWetPoor
152605,Equisetum arvense,ForestWetPoor
152606,Equisetum arvense,ForestWetPoor
152607,Equisetum arvense,ForestWetPoor
152608,Equisetum arvense,ForestWetPoor
152609,Equisetum arvense,ForestWetPoor
152610,Equisetum arvense,ForestWetPoor
152611,Equisetum arvense,ForestWetPoor
152612,Equisetum arvense,ForestWetPoor
152613,Equisetum arvense,ForestWetPoor
152614,Equisetum arvense,ForestWetPoor
152615,Equisetum arvense,ForestWetPoor
152616,Equisetum arvense,ForestWetPoor
152617,Equisetum arvense,ForestWetPoor
152618,Equisetum arvense,ForestWetPoor
152619,Equisetum arvense,ForestWetPoor
152620,Equisetum arvense,ForestWetPoor
152621,Equisetum arvense,ForestWetPoor
152622,Equisetum arvense,ForestWetPoor
153202,Equisetum arvense,ForestWetPoor
153203,Equisetum arvense,ForestWetPoor
153204,Equisetum arvense,ForestWetPoor
153205,Equisetum arvense,ForestWetPoor
153206,Equisetum arvense,ForestWetPoor
153207,Equisetum arvense,ForestWetPoor
153208,Equisetum arvense,ForestWetPoor
153209,Equisetum arvense,ForestWetPoor
153210,Equisetum arvense,ForestWetPoor
153211,Equisetum arvense,ForestWetPoor
153212,Equisetum arvense,ForestWetPoor
153213,Equisetum arvense,ForestWetPoor
153214,Equisetum arvense,ForestWetPoor
153215,Equisetum arvense,ForestWetPoor
153216,Equisetum arvense,ForestWetPoor
153217,Equisetum arvense,ForestWetPoor
153218,Equisetum arvense,ForestWetPoor
153219,Equisetum arvense,ForestWetPoor
153220,Equisetum arvense,ForestWetPoor
153221,Equisetum arvense,ForestWetPoor
153801,Equisetum arvense,ForestWetPoor
153802,Equisetum arvense,ForestWetPoor
153803,Equisetum arvense,ForestWetPoor
153804,Equisetum arvense,ForestWetPoor
153805,Equisetum arvense,ForestWetPoor
153806,Equisetum arvense,ForestWetPoor
153807,Equisetum arvense,ForestWetPoor
153808,Equisetum arvense,ForestWetPoor
153809,Equisetum arvense,ForestWetPoor
153810,Equisetum arvense,ForestWetPoor
153811,Equisetum arvense,ForestWetPoor
153812,Equisetum arvense,ForestWetPoor
153813,Equisetum arvense,ForestWetPoor
153814,Equisetum arvense,ForestWetPoor
153815,Equisetum arvense,ForestWetPoor
153816,Equisetum arvense,ForestWetPoor
153817,Equisetum arvense,ForestWetPoor
153818,Equisetum arvense,ForestWetPoor
153819,Equisetum arvense,ForestWetPoor
153820,Equisetum arvense,ForestWetPoor
154400,Equisetum arvense,ForestWetPoor
154401,Equisetum arvense,ForestWetPoor
154402,Equisetum arvense,ForestWetPoor
154403,Equisetum arvense,ForestWetPoor
154404,Equisetum arvense,ForestWetPoor
154405,Equisetum arvense,ForestWetPoor
154406,Equisetum arvense,ForestWetPoor
154407,Equisetum arvense,ForestWetPoor
154408,Equisetum arvense,ForestWetPoor
154409,Equisetum arvense,ForestWetPoor
154410,Equisetum arvense,ForestWetPoor
154411,Equisetum arvense,ForestWetPoor
154412,Equisetum arvense,ForestWetPoor
154413,Equisetum arvense,ForestWetPoor
154414,Equisetum arvense,ForestWetPoor
154415,Equisetum arvense,ForestWetPoor
154416,Equisetum arvense,ForestWetPoor
154417,Equisetum arvense,ForestWetPoor
154418,Equisetum arvense,ForestWetPoor
154419,Equisetum arvense,ForestWetPoor
154999,Equisetum arvense,ForestWetPoor
155000,Equisetum arvense,ForestWetPoor
155001,Equisetum arvense,ForestWetPoor
155002,Equisetum arvense,ForestWetPoor
155003,Equisetum arvense,ForestWetPoor
155004,Equisetum arvense,ForestWetPoor
155005,Equisetum arvense,ForestWetPoor
155006,Equisetum arvense,ForestWetPoor
155007,Equisetum arvense,ForestWetPoor
155008,Equisetum arvense,ForestWetPoor
155009,Equisetum arvense,ForestWetPoor
155010,Equisetum arvense,ForestWetPoor
155011,Equisetum arvense,ForestWetPoor
155012,Equisetum arvense,ForestWetPoor
155013,Equisetum arvense,ForestWetPoor
155014,Equisetum arvense,ForestWetPoor
155015,Equisetum arvense,ForestWetPoor
155016,Equisetum arvense,ForestWetPoor
155017,Equisetum arvense,ForestWetPoor
155018,Equisetum arvense,ForestWetPoor
155598,Equisetum arvense,ForestWetPoor
155599,Equisetum arvense,ForestWetPoor
155600,Equisetum arvense,ForestWetPoor
155601,Equisetum arvense,ForestWetPoor
155602,Equisetum arvense,ForestWetPoor
155603,Equisetum arvense,ForestWetPoor
155604,Equisetum arvense,ForestWetPoor
155605,Equisetum arvense,ForestWetPoor
155606,Equisetum arvense,ForestWetPoor
155607,Equisetum arvense,ForestWetPoor
155608,Equisetum arvense,ForestWetPoor
155609,Equisetum arvense,ForestWetPoor
155610,Equisetum arvense,ForestWetPoor
155611,Equisetum arvense,ForestWetPoor
155612,Equisetum arvense,ForestWetPoor
155613,Equisetum arvense,ForestWetPoor
155614,Equisetum arvense,ForestWetPoor
155615,Equisetum arvense,ForestWetPoor
155616,Equisetum arvense,ForestWetPoor
155617,Equisetum arvense,ForestWetPoor
156197,Equisetum arvense,ForestWetPoor
156198,Equisetum arvense,ForestWetPoor
156199,Equisetum arvense,ForestWetPoor
156200,Equisetum arvense,ForestWetPoor
156201,Equisetum arvense,ForestWetPoor
156202,Equisetum arvense,ForestWetPoor
156203,Equisetum arvense,ForestWetPoor
156204,Equisetum arvense,ForestWetPoor
156205,Equisetum arvense,ForestWetPoor
156206,Equisetum arvense,ForestWetPoor
156207,Equisetum arvense,ForestWetPoor
156208,Equisetum arvense,ForestWetPoor
156209,Equisetum arvense,ForestWetPoor
156210,Equisetum arvense,ForestWetPoor
156211,Equisetum arvense,ForestWetPoor
156212,Equisetum arvense,ForestWetPoor
156213,Equisetum arvense,ForestWetPoor
156214,Equisetum arvense,ForestWetPoor
156215,Equisetum arvense,ForestWetPoor
156216,Equisetum arvense,ForestWetPoor
156796,Equisetum arvense,ForestWetPoor
156797,Equisetum arvense,ForestWetPoor
156798,Equisetum arvense,ForestWetPoor
156799,Equisetum arvense,ForestWetPoor
156800,Equisetum arvense,ForestWetPoor
156801,Equisetum arvense,ForestWetPoor
156802,Equisetum arvense,ForestWetPoor
156803,Equisetum arvense,ForestWetPoor
156804,Equisetum arvense,ForestWetPoor
156805,Equisetum arvense,ForestWetPoor
156806,Equisetum arvense,ForestWetPoor
156807,Equisetum arvense,ForestWetPoor
156808,Equisetum arvense,ForestWetPoor
156809,Equisetum arvense,ForestWetPoor
156810,Equisetum arvense,ForestWetPoor
156811,Equisetum arvense,ForestWetPoor
156812,Equisetum arvense,ForestWetPoor
156813,Equisetum arvense,ForestWetPoor
156814,Equisetum arvense,ForestWetPoor
156815,Equisetum arvense,ForestWetPoor
157395,Equisetum arvense,ForestWetPoor
157396,Equisetum arvense,ForestWetPoor
157397,Equisetum arvense,ForestWetPoor
157398,Equisetum arvense,ForestWetPoor
157399,Equisetum arvense,ForestWetPoor
157400,Equisetum arvense,ForestWetPoor
157401,Equisetum arvense,ForestWetPoor
157402,Equisetum arvense,ForestWetPoor
157403,Equisetum arvense,ForestWetPoor
157404,Equisetum arvense,ForestWetPoor
157405,Equisetum arvense,ForestWetPoor
157406,Equisetum arvense,ForestWetPoor
157407,Equisetum arvense,ForestWetPoor
157408,Equisetum arvense,ForestWetPoor
157409,Equisetum arvense,ForestWetPoor
157410,Equisetum arvense,ForestWetPoor
157411,Equisetum arvense,ForestWetPoor
157412,Equisetum arvense,ForestWetPoor
157413,Equisetum arvense,ForestWetPoor
157414,Equisetum arvense,ForestWetPoor
157994,Equisetum arvense,ForestWetPoor
157995,Equisetum arvense,ForestWetPoor
157996,Equisetum arvense,ForestWetPoor
157997,Equisetum arvense,ForestWetPoor
157998,Equisetum arvense,ForestWetPoor
157999,Equisetum arvense,ForestWetPoor
158000,Equisetum arvense,ForestWetPoor
158001,Equisetum arvense,ForestWetPoor
158002,Equisetum arvense,ForestWetPoor
158003,Equisetum arvense,ForestWetPoor
158004,Equisetum arvense,ForestWetPoor
158005,Equisetum arvense,ForestWetPoor
158006,Equisetum arvense,ForestWetPoor
158007,Equisetum arvense,ForestWetPoor
158008,Equisetum arvense,ForestWetPoor
158009,Equisetum arvense,ForestWetPoor
158010,Equisetum arvense,ForestWetPoor
158011,Equisetum arvense,ForestWetPoor
158012,Equisetum arvense,ForestWetPoor
158013,Equisetum arvense,ForestWetPoor
50673,Equisetum arvense,ForestWetPoor
50674,Equisetum arvense,ForestWetPoor
51272,Equisetum arvense,ForestWetPoor
51273,Equisetum arvense,ForestWetPoor
51871,Equisetum arvense,ForestWetPoor
51872,Equisetum arvense,ForestWetPoor
51873,Equisetum arvense,ForestWetPoor
52470,Equisetum arvense,ForestWetPoor
52471,Equisetum arvense,ForestWetPoor
52472,Equisetum arvense,ForestWetPoor
52473,Equisetum arvense,ForestWetPoor
53069,Equisetum arvense,ForestWetPoor
53070,Equisetum arvense,ForestWetPoor
53071,Equisetum arvense,ForestWetPoor
53072,Equisetum arvense,ForestWetPoor
53668,Equisetum arvense,ForestWetPoor
53669,Equisetum arvense,ForestWetPoor
53670,Equisetum arvense,ForestWetPoor
53671,Equisetum arvense,ForestWetPoor
53672,Equisetum arvense,ForestWetPoor
54267,Equisetum arvense,ForestWetPoor
54268,Equisetum arvense,ForestWetPoor
54269,Equisetum arvense,ForestWetPoor
54270,Equisetum arvense,ForestWetPoor
54271,Equisetum arvense,ForestWetPoor
54272,Equisetum arvense,ForestWetPoor
54866,Equisetum arvense,ForestWetPoor
54867,Equisetum arvense,ForestWetPoor
54868,Equisetum arvense,ForestWetPoor
54869,Equisetum arvense,ForestWetPoor
54870,Equisetum arvense,ForestWetPoor
54871,Equisetum arvense,ForestWetPoor
55465,Equisetum arvense,ForestWetPoor
55466,Equisetum arvense,ForestWetPoor
55467,Equisetum arvense,ForestWetPoor
55468,Equisetum arvense,ForestWetPoor
55469,Equisetum arvense,ForestWetPoor
55470,Equisetum arvense,ForestWetPoor
55471,Equisetum arvense,ForestWetPoor
56064,Equisetum arvense,ForestWetPoor
56065,Equisetum arvense,ForestWetPoor
56066,Equisetum arvense,ForestWetPoor
56067,Equisetum arvense,ForestWetPoor
56068,Equisetum arvense,ForestWetPoor
56069,Equisetum arvense,ForestWetPoor
56070,Equisetum arvense,ForestWetPoor
56663,Equisetum arvense,ForestWetPoor
56664,Equisetum arvense,ForestWetPoor
56665,Equisetum arvense,ForestWetPoor
56666,Equisetum arvense,ForestWetPoor
56667,Equisetum arvense,ForestWetPoor
56668,Equisetum arvense,ForestWetPoor
56669,Equisetum arvense,ForestWetPoor
57262,Equisetum arvense,ForestWetPoor
57263,Equisetum arvense,ForestWetPoor
57264,Equisetum arvense,ForestWetPoor
57265,Equisetum arvense,ForestWetPoor
57266,Equisetum arvense,ForestWetPoor
57267,Equisetum arvense,ForestWetPoor
57268,Equisetum arvense,ForestWetPoor
57269,Equisetum arvense,ForestWetPoor
57861,Equisetum arvense,ForestWetPoor
57862,Equisetum arvense,ForestWetPoor
57863,Equisetum arvense,ForestWetPoor
57864,Equisetum arvense,ForestWetPoor
57865,Equisetum arvense,ForestWetPoor
57866,Equisetum arvense,ForestWetPoor
57867,Equisetum arvense,ForestWetPoor
57868,Equisetum arvense,ForestWetPoor
58460,Equisetum arvense,ForestWetPoor
58461,Equisetum arvense,ForestWetPoor
58462,Equisetum arvense,ForestWetPoor
58463,Equisetum arvense,ForestWetPoor
58464,Equisetum arvense,ForestWetPoor
58465,Equisetum arvense,ForestWetPoor
58466,Equisetum arvense,ForestWetPoor
58467,Equisetum arvense,ForestWetPoor
58468,Equisetum arvense,ForestWetPoor
59059,Equisetum arvense,ForestWetPoor
59060,Equisetum arvense,ForestWetPoor
59061,Equisetum arvense,ForestWetPoor
59062,Equisetum arvense,ForestWetPoor
59063,Equisetum arvense,ForestWetPoor
59064,Equisetum arvense,ForestWetPoor
59065,Equisetum arvense,ForestWetPoor
59066,Equisetum arvense,ForestWetPoor
59067,Equisetum arvense,ForestWetPoor
59658,Equisetum arvense,ForestWetPoor
59659,Equisetum arvense,ForestWetPoor
59660,Equisetum arvense,ForestWetPoor
59661,Equisetum arvense,ForestWetPoor
59662,Equisetum arvense,ForestWetPoor
59663,Equisetum arvense,ForestWetPoor
59664,Equisetum arvense,ForestWetPoor
59665,Equisetum arvense,ForestWetPoor
59666,Equisetum arvense,ForestWetPoor
59667,Equisetum arvense,ForestWetPoor
60257,Equisetum arvense,ForestWetPoor
60258,Equisetum arvense,ForestWetPoor
60259,Equisetum arvense,ForestWetPoor
60260,Equisetum arvense,ForestWetPoor
60261,Equisetum arvense,ForestWetPoor
60262,Equisetum arvense,ForestWetPoor
60263,Equisetum arvense,ForestWetPoor
60264,Equisetum arvense,ForestWetPoor
60265,Equisetum arvense,ForestWetPoor
60266,Equisetum arvense,ForestWetPoor
60856,Equisetum arvense,ForestWetPoor
60857,Equisetum arvense,ForestWetPoor
60858,Equisetum arvense,ForestWetPoor
60859,Equisetum arvense,ForestWetPoor
60860,Equisetum arvense,ForestWetPoor
60861,Equisetum arvense,ForestWetPoor
60862,Equisetum arvense,ForestWetPoor
60863,Equisetum arvense,ForestWetPoor
60864,Equisetum arvense,ForestWetPoor
60865,Equisetum arvense,ForestWetPoor
61455,Equisetum arvense,ForestWetPoor
61456,Equisetum arvense,ForestWetPoor
61457,Equisetum arvense,ForestWetPoor
61458,Equisetum arvense,ForestWetPoor
61459,Equisetum arvense,ForestWetPoor
61460,Equisetum arvense,ForestWetPoor
61461,Equisetum arvense,ForestWetPoor
61462,Equisetum arvense,ForestWetPoor
61463,Equisetum arvense,ForestWetPoor
61464,Equisetum arvense,ForestWetPoor
62054,Equisetum arvense,ForestWetPoor
62055,Equisetum arvense,ForestWetPoor
62056,Equisetum arvense,ForestWetPoor
62057,Equisetum arvense,ForestWetPoor
62058,Equisetum arvense,ForestWetPoor
62059,Equisetum arvense,ForestWetPoor
62060,Equisetum arvense,ForestWetPoor
62061,Equisetum arvense,ForestWetPoor
62062,Equisetum arvense,ForestWetPoor
62063,Equisetum arvense,ForestWetPoor
74553,Equisetum arvense,ForestWetPoor
74554,Equisetum arvense,ForestWetPoor
74555,Equisetum arvense,ForestWetPoor
74556,Equisetum arvense,ForestWetPoor
74557,Equisetum arvense,ForestWetPoor
74558,Equisetum arvense,ForestWetPoor
74559,Equisetum arvense,ForestWetPoor
74560,Equisetum arvense,ForestWetPoor
74561,Equisetum arvense,ForestWetPoor
74562,Equisetum arvense,ForestWetPoor
74563,Equisetum arvense,ForestWetPoor
74564,Equisetum arvense,ForestWetPoor
74565,Equisetum arvense,ForestWetPoor
74566,Equisetum arvense,ForestWetPoor
74567,Equisetum arvense,ForestWetPoor
74568,Equisetum arvense,ForestWetPoor
74569,Equisetum arvense,ForestWetPoor
74570,Equisetum arvense,ForestWetPoor
74571,Equisetum arvense,ForestWetPoor
74572,Equisetum arvense,ForestWetPoor
74573,Equisetum arvense,ForestWetPoor
74574,Equisetum arvense,ForestWetPoor
74575,Equisetum arvense,ForestWetPoor
74576,Equisetum arvense,ForestWetPoor
74577,Equisetum arvense,ForestWetPoor
74578,Equisetum arvense,ForestWetPoor
74579,Equisetum arvense,ForestWetPoor
74580,Equisetum arvense,ForestWetPoor
74581,Equisetum arvense,ForestWetPoor
74582,Equisetum arvense,ForestWetPoor
74583,Equisetum arvense,ForestWetPoor
74584,Equisetum arvense,ForestWetPoor
74585,Equisetum arvense,ForestWetPoor
74586,Equisetum arvense,ForestWetPoor
74587,Equisetum arvense,ForestWetPoor
74588,Equisetum arvense,ForestWetPoor
74589,Equisetum arvense,ForestWetPoor
74590,Equisetum arvense,ForestWetPoor
74591,Equisetum arvense,ForestWetPoor
74592,Equisetum arvense,ForestWetPoor
74593,Equisetum arvense,ForestWetPoor
74594,Equisetum arvense,ForestWetPoor
74595,Equisetum arvense,ForestWetPoor
74596,Equisetum arvense,ForestWetPoor
74597,Equisetum arvense,ForestWetPoor
74598,Equisetum arvense,ForestWetPoor
74599,Equisetum arvense,ForestWetPoor
74600,Equisetum arvense,ForestWetPoor
74601,Equisetum arvense,ForestWetPoor
74602,Equisetum arvense,ForestWetPoor
74603,Equisetum arvense,ForestWetPoor
74604,Equisetum arvense,ForestWetPoor
74605,Equisetum arvense,ForestWetPoor
74606,Equisetum arvense,ForestWetPoor
74607,Equisetum arvense,ForestWetPoor
74608,Equisetum arvense,ForestWetPoor
74609,Equisetum arvense,ForestWetPoor
74610,Equisetum arvense,ForestWetPoor
74611,Equisetum arvense,ForestWetPoor
74612,Equisetum arvense,ForestWetPoor
75152,Equisetum arvense,ForestWetPoor
75153,Equisetum arvense,ForestWetPoor
75154,Equisetum arvense,ForestWetPoor
75155,Equisetum arvense,ForestWetPoor
75156,Equisetum arvense,ForestWetPoor
75157,Equisetum arvense,ForestWetPoor
75158,Equisetum arvense,ForestWetPoor
75159,Equisetum arvense,ForestWetPoor
75160,Equisetum arvense,ForestWetPoor
75161,Equisetum arvense,ForestWetPoor
75162,Equisetum arvense,ForestWetPoor
75163,Equisetum arvense,ForestWetPoor
75164,Equisetum arvense,ForestWetPoor
75165,Equisetum arvense,ForestWetPoor
75166,Equisetum arvense,ForestWetPoor
75167,Equisetum arvense,ForestWetPoor
75168,Equisetum arvense,ForestWetPoor
75169,Equisetum arvense,ForestWetPoor
75170,Equisetum arvense,ForestWetPoor
75171,Equisetum arvense,ForestWetPoor
75172,Equisetum arvense,ForestWetPoor
75173,Equisetum arvense,ForestWetPoor
75174,Equisetum arvense,ForestWetPoor
75175,Equisetum arvense,ForestWetPoor
75176,Equisetum arvense,ForestWetPoor
75177,Equisetum arvense,ForestWetPoor
75178,Equisetum arvense,ForestWetPoor
75179,Equisetum arvense,ForestWetPoor
75180,Equisetum arvense,ForestWetPoor
75181,Equisetum arvense,ForestWetPoor
75182,Equisetum arvense,ForestWetPoor
75183,Equisetum arvense,ForestWetPoor
75184,Equisetum arvense,ForestWetPoor
75185,Equisetum arvense,ForestWetPoor
75186,Equisetum arvense,ForestWetPoor
75187,Equisetum arvense,ForestWetPoor
75188,Equisetum arvense,ForestWetPoor
75189,Equisetum arvense,ForestWetPoor
75190,Equisetum arvense,ForestWetPoor
75191,Equisetum arvense,ForestWetPoor
75192,Equisetum arvense,ForestWetPoor
75193,Equisetum arvense,ForestWetPoor
75194,Equisetum arvense,ForestWetPoor
75195,Equisetum arvense,ForestWetPoor
75196,Equisetum arvense,ForestWetPoor
75197,Equisetum arvense,ForestWetPoor
75198,Equisetum arvense,ForestWetPoor
75199,Equisetum arvense,ForestWetPoor
75200,Equisetum arvense,ForestWetPoor
75201,Equisetum arvense,ForestWetPoor
75202,Equisetum arvense,ForestWetPoor
75203,Equisetum arvense,ForestWetPoor
75204,Equisetum arvense,ForestWetPoor
75205,Equisetum arvense,ForestWetPoor
75206,Equisetum arvense,ForestWetPoor
75207,Equisetum arvense,ForestWetPoor
75208,Equisetum arvense,ForestWetPoor
75209,Equisetum arvense,ForestWetPoor
75210,Equisetum arvense,ForestWetPoor
75211,Equisetum arvense,ForestWetPoor
75751,Equisetum arvense,ForestWetPoor
75752,Equisetum arvense,ForestWetPoor
75753,Equisetum arvense,ForestWetPoor
75754,Equisetum arvense,ForestWetPoor
75755,Equisetum arvense,ForestWetPoor
75756,Equisetum arvense,ForestWetPoor
75757,Equisetum arvense,ForestWetPoor
75758,Equisetum arvense,ForestWetPoor
75759,Equisetum arvense,ForestWetPoor
75760,Equisetum arvense,ForestWetPoor
75761,Equisetum arvense,ForestWetPoor
75762,Equisetum arvense,ForestWetPoor
75763,Equisetum arvense,ForestWetPoor
75764,Equisetum arvense,ForestWetPoor
75765,Equisetum arvense,ForestWetPoor
75766,Equisetum arvense,ForestWetPoor
75767,Equisetum arvense,ForestWetPoor
75768,Equisetum arvense,ForestWetPoor
75769,Equisetum arvense,ForestWetPoor
75770,Equisetum arvense,ForestWetPoor
75771,Equisetum arvense,ForestWetPoor
75772,Equisetum arvense,ForestWetPoor
75773,Equisetum arvense,ForestWetPoor
75774,Equisetum arvense,ForestWetPoor
75775,Equisetum arvense,ForestWetPoor
75776,Equisetum arvense,ForestWetPoor
75777,Equisetum arvense,ForestWetPoor
75778,Equisetum arvense,ForestWetPoor
75779,Equisetum arvense,ForestWetPoor
75780,Equisetum arvense,ForestWetPoor
75781,Equisetum arvense,ForestWetPoor
75782,Equisetum arvense,ForestWetPoor
75783,Equisetum arvense,ForestWetPoor
75784,Equisetum arvense,ForestWetPoor
75785,Equisetum arvense,ForestWetPoor
75786,Equisetum arvense,ForestWetPoor
75787,Equisetum arvense,ForestWetPoor
75788,Equisetum arvense,ForestWetPoor
75789,Equisetum arvense,ForestWetPoor
75790,Equisetum arvense,ForestWetPoor
75791,Equisetum arvense,ForestWetPoor
75792,Equisetum arvense,ForestWetPoor
75793,Equisetum arvense,ForestWetPoor
75794,Equisetum arvense,ForestWetPoor
75795,Equisetum arvense,ForestWetPoor
75796,Equisetum arvense,ForestWetPoor
75797,Equisetum arvense,ForestWetPoor
75798,Equisetum arvense,ForestWetPoor
75799,Equisetum arvense,ForestWetPoor
75800,Equisetum arvense,ForestWetPoor
75801,Equisetum arvense,ForestWetPoor
75802,Equisetum arvense,ForestWetPoor
75803,Equisetum arvense,ForestWetPoor
75804,Equisetum arvense,ForestWetPoor
75805,Equisetum arvense,ForestWetPoor
75806,Equisetum arvense,ForestWetPoor
75807,Equisetum arvense,ForestWetPoor
75808,Equisetum arvense,ForestWetPoor
75809,Equisetum arvense,ForestWetPoor
75810,Equisetum arvense,ForestWetPoor
76350,Equisetum arvense,ForestWetPoor
76351,Equisetum arvense,ForestWetPoor
76352,Equisetum arvense,ForestWetPoor
76353,Equisetum arvense,ForestWetPoor
76354,Equisetum arvense,ForestWetPoor
76355,Equisetum arvense,ForestWetPoor
76356,Equisetum arvense,ForestWetPoor
76357,Equisetum arvense,ForestWetPoor
76358,Equisetum arvense,ForestWetPoor
76359,Equisetum arvense,ForestWetPoor
76360,Equisetum arvense,ForestWetPoor
76361,Equisetum arvense,ForestWetPoor
76362,Equisetum arvense,ForestWetPoor
76363,Equisetum arvense,ForestWetPoor
76364,Equisetum arvense,ForestWetPoor
76365,Equisetum arvense,ForestWetPoor
76366,Equisetum arvense,ForestWetPoor
76367,Equisetum arvense,ForestWetPoor
76368,Equisetum arvense,ForestWetPoor
76369,Equisetum arvense,ForestWetPoor
76370,Equisetum arvense,ForestWetPoor
76371,Equisetum arvense,ForestWetPoor
76372,Equisetum arvense,ForestWetPoor
76373,Equisetum arvense,ForestWetPoor
76374,Equisetum arvense,ForestWetPoor
76375,Equisetum arvense,ForestWetPoor
76376,Equisetum arvense,ForestWetPoor
76377,Equisetum arvense,ForestWetPoor
76378,Equisetum arvense,ForestWetPoor
76379,Equisetum arvense,ForestWetPoor
76380,Equisetum arvense,ForestWetPoor
76381,Equisetum arvense,ForestWetPoor
76382,Equisetum arvense,ForestWetPoor
76383,Equisetum arvense,ForestWetPoor
76384,Equisetum arvense,ForestWetPoor
76385,Equisetum arvense,ForestWetPoor
76386,Equisetum arvense,ForestWetPoor
76387,Equisetum arvense,ForestWetPoor
76388,Equisetum arvense,ForestWetPoor
76389,Equisetum arvense,ForestWetPoor
76390,Equisetum arvense,ForestWetPoor
76391,Equisetum arvense,ForestWetPoor
76392,Equisetum arvense,ForestWetPoor
76393,Equisetum arvense,ForestWetPoor
76394,Equisetum arvense,ForestWetPoor
76395,Equisetum arvense,ForestWetPoor
76396,Equisetum arvense,ForestWetPoor
76397,Equisetum arvense,ForestWetPoor
76398,Equisetum arvense,ForestWetPoor
76399,Equisetum arvense,ForestWetPoor
76400,Equisetum arvense,ForestWetPoor
76401,Equisetum arvense,ForestWetPoor
76402,Equisetum arvense,ForestWetPoor
76403,Equisetum arvense,ForestWetPoor
76404,Equisetum arvense,ForestWetPoor
76405,Equisetum arvense,ForestWetPoor
76406,Equisetum arvense,ForestWetPoor
76407,Equisetum arvense,ForestWetPoor
76408,Equisetum arvense,ForestWetPoor
76409,Equisetum arvense,ForestWetPoor
76949,Equisetum arvense,ForestWetPoor
76950,Equisetum arvense,ForestWetPoor
76951,Equisetum arvense,ForestWetPoor
76952,Equisetum arvense,ForestWetPoor
76953,Equisetum arvense,ForestWetPoor
76954,Equisetum arvense,ForestWetPoor
76955,Equisetum arvense,ForestWetPoor
76956,Equisetum arvense,ForestWetPoor
76957,Equisetum arvense,ForestWetPoor
76958,Equisetum arvense,ForestWetPoor
76959,Equisetum arvense,ForestWetPoor
76960,Equisetum arvense,ForestWetPoor
76961,Equisetum arvense,ForestWetPoor
76962,Equisetum arvense,ForestWetPoor
76963,Equisetum arvense,ForestWetPoor
76964,Equisetum arvense,ForestWetPoor
76965,Equisetum arvense,ForestWetPoor
76966,Equisetum arvense,ForestWetPoor
76967,Equisetum arvense,ForestWetPoor
76968,Equisetum arvense,ForestWetPoor
76969,Equisetum arvense,ForestWetPoor
76970,Equisetum arvense,ForestWetPoor
76971,Equisetum arvense,ForestWetPoor
76972,Equisetum arvense,ForestWetPoor
76973,Equisetum arvense,ForestWetPoor
76974,Equisetum arvense,ForestWetPoor
76975,Equisetum arvense,ForestWetPoor
76976,Equisetum arvense,ForestWetPoor
76977,Equisetum arvense,ForestWetPoor
76978,Equisetum arvense,ForestWetPoor
76979,Equisetum arvense,ForestWetPoor
76980,Equisetum arvense,ForestWetPoor
76981,Equisetum arvense,ForestWetPoor
76982,Equisetum arvense,ForestWetPoor
76983,Equisetum arvense,ForestWetPoor
76984,Equisetum arvense,ForestWetPoor
76985,Equisetum arvense,ForestWetPoor
76986,Equisetum arvense,ForestWetPoor
76987,Equisetum arvense,ForestWetPoor
76988,Equisetum arvense,ForestWetPoor
76989,Equisetum arvense,ForestWetPoor
76990,Equisetum arvense,ForestWetPoor
76991,Equisetum arvense,ForestWetPoor
76992,Equisetum arvense,ForestWetPoor
76993,Equisetum arvense,ForestWetPoor
76994,Equisetum arvense,ForestWetPoor
76995,Equisetum arvense,ForestWetPoor
76996,Equisetum arvense,ForestWetPoor
76997,Equisetum arvense,ForestWetPoor
76998,Equisetum arvense,ForestWetPoor
76999,Equisetum arvense,ForestWetPoor
77000,Equisetum arvense,ForestWetPoor
77001,Equisetum arvense,ForestWetPoor
77002,Equisetum arvense,ForestWetPoor
77003,Equisetum arvense,ForestWetPoor
77004,Equisetum arvense,ForestWetPoor
77005,Equisetum arvense,ForestWetPoor
77006,Equisetum arvense,ForestWetPoor
77007,Equisetum arvense,ForestWetPoor
77008,Equisetum arvense,ForestWetPoor
77548,Equisetum arvense,ForestWetPoor
77549,Equisetum arvense,ForestWetPoor
77550,Equisetum arvense,ForestWetPoor
77551,Equisetum arvense,ForestWetPoor
77552,Equisetum arvense,ForestWetPoor
77553,Equisetum arvense,ForestWetPoor
77554,Equisetum arvense,ForestWetPoor
77555,Equisetum arvense,ForestWetPoor
77556,Equisetum arvense,ForestWetPoor
77557,Equisetum arvense,ForestWetPoor
77558,Equisetum arvense,ForestWetPoor
77559,Equisetum arvense,ForestWetPoor
77560,Equisetum arvense,ForestWetPoor
77561,Equisetum arvense,ForestWetPoor
77562,Equisetum arvense,ForestWetPoor
77563,Equisetum arvense,ForestWetPoor
77564,Equisetum arvense,ForestWetPoor
77565,Equisetum arvense,ForestWetPoor
77566,Equisetum arvense,ForestWetPoor
77567,Equisetum arvense,ForestWetPoor
77568,Equisetum arvense,ForestWetPoor
77569,Equisetum arvense,ForestWetPoor
77570,Equisetum arvense,ForestWetPoor
77571,Equisetum arvense,ForestWetPoor
77572,Equisetum arvense,ForestWetPoor
77573,Equisetum arvense,ForestWetPoor
77574,Equisetum arvense,ForestWetPoor
77575,Equisetum arvense,ForestWetPoor
77576,Equisetum arvense,ForestWetPoor
77577,Equisetum arvense,ForestWetPoor
77578,Equisetum arvense,ForestWetPoor
77579,Equisetum arvense,ForestWetPoor
77580,Equisetum arvense,ForestWetPoor
77581,Equisetum arvense,ForestWetPoor
77582,Equisetum arvense,ForestWetPoor
77583,Equisetum arvense,ForestWetPoor
77584,Equisetum arvense,ForestWetPoor
77585,Equisetum arvense,ForestWetPoor
77586,Equisetum arvense,ForestWetPoor
77587,Equisetum arvense,ForestWetPoor
77588,Equisetum arvense,ForestWetPoor
77589,Equisetum arvense,ForestWetPoor
77590,Equisetum arvense,ForestWetPoor
77591,Equisetum arvense,ForestWetPoor
77592,Equisetum arvense,ForestWetPoor
77593,Equisetum arvense,ForestWetPoor
77594,Equisetum arvense,ForestWetPoor
77595,Equisetum arvense,ForestWetPoor
77596,Equisetum arvense,ForestWetPoor
77597,Equisetum arvense,ForestWetPoor
77598,Equisetum arvense,ForestWetPoor
77599,Equisetum arvense,ForestWetPoor
77600,Equisetum arvense,ForestWetPoor
77601,Equisetum arvense,ForestWetPoor
77602,Equisetum arvense,ForestWetPoor
77603,Equisetum arvense,ForestWetPoor
77604,Equisetum arvense,ForestWetPoor
77605,Equisetum arvense,ForestWetPoor
77606,Equisetum arvense,ForestWetPoor
77607,Equisetum arvense,ForestWetPoor
78147,Equisetum arvense,ForestWetPoor
78148,Equisetum arvense,ForestWetPoor
78149,Equisetum arvense,ForestWetPoor
78150,Equisetum arvense,ForestWetPoor
78151,Equisetum arvense,ForestWetPoor
78152,Equisetum arvense,ForestWetPoor
78153,Equisetum arvense,ForestWetPoor
78154,Equisetum arvense,ForestWetPoor
78155,Equisetum arvense,ForestWetPoor
78156,Equisetum arvense,ForestWetPoor
78157,Equisetum arvense,ForestWetPoor
78158,Equisetum arvense,ForestWetPoor
78159,Equisetum arvense,ForestWetPoor
78160,Equisetum arvense,ForestWetPoor
78161,Equisetum arvense,ForestWetPoor
78162,Equisetum arvense,ForestWetPoor
78163,Equisetum arvense,ForestWetPoor
78164,Equisetum arvense,ForestWetPoor
78165,Equisetum arvense,ForestWetPoor
78166,Equisetum arvense,ForestWetPoor
78167,Equisetum arvense,ForestWetPoor
78168,Equisetum arvense,ForestWetPoor
78169,Equisetum arvense,ForestWetPoor
78170,Equisetum arvense,ForestWetPoor
78171,Equisetum arvense,ForestWetPoor
78172,Equisetum arvense,ForestWetPoor
78173,Equisetum arvense,ForestWetPoor
78174,Equisetum arvense,ForestWetPoor
78175,Equisetum arvense,ForestWetPoor
78176,Equisetum arvense,ForestWetPoor
78177,Equisetum arvense,ForestWetPoor
78178,Equisetum arvense,ForestWetPoor
78179,Equisetum arvense,ForestWetPoor
78180,Equisetum arvense,ForestWetPoor
78181,Equisetum arvense,ForestWetPoor
78182,Equisetum arvense,ForestWetPoor
78183,Equisetum arvense,ForestWetPoor
78184,Equisetum arvense,ForestWetPoor
78185,Equisetum arvense,ForestWetPoor
78186,Equisetum arvense,ForestWetPoor
78187,Equisetum arvense,ForestWetPoor
78188,Equisetum arvense,ForestWetPoor
78189,Equisetum arvense,ForestWetPoor
78190,Equisetum arvense,ForestWetPoor
78191,Equisetum arvense,ForestWetPoor
78192,Equisetum arvense,ForestWetPoor
78193,Equisetum arvense,ForestWetPoor
78194,Equisetum arvense,ForestWetPoor
78195,Equisetum arvense,ForestWetPoor
78196,Equisetum arvense,ForestWetPoor
78197,Equisetum arvense,ForestWetPoor
78198,Equisetum arvense,ForestWetPoor
78199,Equisetum arvense,ForestWetPoor
78200,Equisetum arvense,ForestWetPoor
78201,Equisetum arvense,ForestWetPoor
78202,Equisetum arvense,ForestWetPoor
78203,Equisetum arvense,ForestWetPoor
78204,Equisetum arvense,ForestWetPoor
78205,Equisetum arvense,ForestWetPoor
78206,Equisetum arvense,ForestWetPoor
78746,Equisetum arvense,ForestWetPoor
78747,Equisetum arvense,ForestWetPoor
78748,Equisetum arvense,ForestWetPoor
78749,Equisetum arvense,ForestWetPoor
78750,Equisetum arvense,ForestWetPoor
78751,Equisetum arvense,ForestWetPoor
78752,Equisetum arvense,ForestWetPoor
78753,Equisetum arvense,ForestWetPoor
78754,Equisetum arvense,ForestWetPoor
78755,Equisetum arvense,ForestWetPoor
78756,Equisetum arvense,ForestWetPoor
78757,Equisetum arvense,ForestWetPoor
78758,Equisetum arvense,ForestWetPoor
78759,Equisetum arvense,ForestWetPoor
78760,Equisetum arvense,ForestWetPoor
78761,Equisetum arvense,ForestWetPoor
78762,Equisetum arvense,ForestWetPoor
78763,Equisetum arvense,ForestWetPoor
78764,Equisetum arvense,ForestWetPoor
78765,Equisetum arvense,ForestWetPoor
78766,Equisetum arvense,ForestWetPoor
78767,Equisetum arvense,ForestWetPoor
78768,Equisetum arvense,ForestWetPoor
78769,Equisetum arvense,ForestWetPoor
78770,Equisetum arvense,ForestWetPoor
78771,Equisetum arvense,ForestWetPoor
78772,Equisetum arvense,ForestWetPoor
78773,Equisetum arvense,ForestWetPoor
78774,Equisetum arvense,ForestWetPoor
78775,Equisetum arvense,ForestWetPoor
78776,Equisetum arvense,ForestWetPoor
78777,Equisetum arvense,ForestWetPoor
78778,Equisetum arvense,ForestWetPoor
78779,Equisetum arvense,ForestWetPoor
78780,Equisetum arvense,ForestWetPoor
78781,Equisetum arvense,ForestWetPoor
78782,Equisetum arvense,ForestWetPoor
78783,Equisetum arvense,ForestWetPoor
78784,Equisetum arvense,ForestWetPoor
78785,Equisetum arvense,ForestWetPoor
78786,Equisetum arvense,ForestWetPoor
78787,Equisetum arvense,ForestWetPoor
78788,Equisetum arvense,ForestWetPoor
78789,Equisetum arvense,ForestWetPoor
78790,Equisetum arvense,ForestWetPoor
78791,Equisetum arvense,ForestWetPoor
78792,Equisetum arvense,ForestWetPoor
78793,Equisetum arvense,ForestWetPoor
78794,Equisetum arvense,ForestWetPoor
78795,Equisetum arvense,ForestWetPoor
78796,Equisetum arvense,ForestWetPoor
78797,Equisetum arvense,ForestWetPoor
78798,Equisetum arvense,ForestWetPoor
78799,Equisetum arvense,ForestWetPoor
78800,Equisetum arvense,ForestWetPoor
78801,Equisetum arvense,ForestWetPoor
78802,Equisetum arvense,ForestWetPoor
78803,Equisetum arvense,ForestWetPoor
78804,Equisetum arvense,ForestWetPoor
78805,Equisetum arvense,ForestWetPoor
79345,Equisetum arvense,ForestWetPoor
79346,Equisetum arvense,ForestWetPoor
79347,Equisetum arvense,ForestWetPoor
79348,Equisetum arvense,ForestWetPoor
79349,Equisetum arvense,ForestWetPoor
79350,Equisetum arvense,ForestWetPoor
79351,Equisetum arvense,ForestWetPoor
79352,Equisetum arvense,ForestWetPoor
79353,Equisetum arvense,ForestWetPoor
79354,Equisetum arvense,ForestWetPoor
79355,Equisetum arvense,ForestWetPoor
79356,Equisetum arvense,ForestWetPoor
79357,Equisetum arvense,ForestWetPoor
79358,Equisetum arvense,ForestWetPoor
79359,Equisetum arvense,ForestWetPoor
79360,Equisetum arvense,ForestWetPoor
79361,Equisetum arvense,ForestWetPoor
79362,Equisetum arvense,ForestWetPoor
79363,Equisetum arvense,ForestWetPoor
79364,Equisetum arvense,ForestWetPoor
79365,Equisetum arvense,ForestWetPoor
79366,Equisetum arvense,ForestWetPoor
79367,Equisetum arvense,ForestWetPoor
79368,Equisetum arvense,ForestWetPoor
79369,Equisetum arvense,ForestWetPoor
79370,Equisetum arvense,ForestWetPoor
79371,Equisetum arvense,ForestWetPoor
79372,Equisetum arvense,ForestWetPoor
79373,Equisetum arvense,ForestWetPoor
79374,Equisetum arvense,ForestWetPoor
79375,Equisetum arvense,ForestWetPoor
79376,Equisetum arvense,ForestWetPoor
79377,Equisetum arvense,ForestWetPoor
79378,Equisetum arvense,ForestWetPoor
79379,Equisetum arvense,ForestWetPoor
79380,Equisetum arvense,ForestWetPoor
79381,Equisetum arvense,ForestWetPoor
79382,Equisetum arvense,ForestWetPoor
79383,Equisetum arvense,ForestWetPoor
79384,Equisetum arvense,ForestWetPoor
79385,Equisetum arvense,ForestWetPoor
79386,Equisetum arvense,ForestWetPoor
79387,Equisetum arvense,ForestWetPoor
79388,Equisetum arvense,ForestWetPoor
79389,Equisetum arvense,ForestWetPoor
79390,Equisetum arvense,ForestWetPoor
79391,Equisetum arvense,ForestWetPoor
79392,Equisetum arvense,ForestWetPoor
79393,Equisetum arvense,ForestWetPoor
79394,Equisetum arvense,ForestWetPoor
79395,Equisetum arvense,ForestWetPoor
79396,Equisetum arvense,ForestWetPoor
79397,Equisetum arvense,ForestWetPoor
79398,Equisetum arvense,ForestWetPoor
79399,Equisetum arvense,ForestWetPoor
79400,Equisetum arvense,ForestWetPoor
79401,Equisetum arvense,ForestWetPoor
79402,Equisetum arvense,ForestWetPoor
79403,Equisetum arvense,ForestWetPoor
79404,Equisetum arvense,ForestWetPoor
79944,Equisetum arvense,ForestWetPoor
79945,Equisetum arvense,ForestWetPoor
79946,Equisetum arvense,ForestWetPoor
79947,Equisetum arvense,ForestWetPoor
79948,Equisetum arvense,ForestWetPoor
79949,Equisetum arvense,ForestWetPoor
79950,Equisetum arvense,ForestWetPoor
79951,Equisetum arvense,ForestWetPoor
79952,Equisetum arvense,ForestWetPoor
79953,Equisetum arvense,ForestWetPoor
79954,Equisetum arvense,ForestWetPoor
79955,Equisetum arvense,ForestWetPoor
79956,Equisetum arvense,ForestWetPoor
79957,Equisetum arvense,ForestWetPoor
79958,Equisetum arvense,ForestWetPoor
79959,Equisetum arvense,ForestWetPoor
79960,Equisetum arvense,ForestWetPoor
79961,Equisetum arvense,ForestWetPoor
79962,Equisetum arvense,ForestWetPoor
79963,Equisetum arvense,ForestWetPoor
79964,Equisetum arvense,ForestWetPoor
79965,Equisetum arvense,ForestWetPoor
79966,Equisetum arvense,ForestWetPoor
79967,Equisetum arvense,ForestWetPoor
79968,Equisetum arvense,ForestWetPoor
79969,Equisetum arvense,ForestWetPoor
79970,Equisetum arvense,ForestWetPoor
79971,Equisetum arvense,ForestWetPoor
79972,Equisetum arvense,ForestWetPoor
79973,Equisetum arvense,ForestWetPoor
79974,Equisetum arvense,ForestWetPoor
79975,Equisetum arvense,ForestWetPoor
79976,Equisetum arvense,ForestWetPoor
79977,Equisetum arvense,ForestWetPoor
79978,Equisetum arvense,ForestWetPoor
79979,Equisetum arvense,ForestWetPoor
79980,Equisetum arvense,ForestWetPoor
79981,Equisetum arvense,ForestWetPoor
79982,Equisetum arvense,ForestWetPoor
79983,Equisetum arvense,ForestWetPoor
79984,Equisetum arvense,ForestWetPoor
79985,Equisetum arvense,ForestWetPoor
79986,Equisetum arvense,ForestWetPoor
79987,Equisetum arvense,ForestWetPoor
79988,Equisetum arvense,ForestWetPoor
79989,Equisetum arvense,ForestWetPoor
79990,Equisetum arvense,ForestWetPoor
79991,Equisetum arvense,ForestWetPoor
79992,Equisetum arvense,ForestWetPoor
79993,Equisetum arvense,ForestWetPoor
79994,Equisetum arvense,ForestWetPoor
79995,Equisetum arvense,ForestWetPoor
79996,Equisetum arvense,ForestWetPoor
79997,Equisetum arvense,ForestWetPoor
79998,Equisetum arvense,ForestWetPoor
79999,Equisetum arvense,ForestWetPoor
80000,Equisetum arvense,ForestWetPoor
80001,Equisetum arvense,ForestWetPoor
80002,Equisetum arvense,ForestWetPoor
80003,Equisetum arvense,ForestWetPoor
80543,Equisetum arvense,ForestWetPoor
80544,Equisetum arvense,ForestWetPoor
80545,Equisetum arvense,ForestWetPoor
80546,Equisetum arvense,ForestWetPoor
80547,Equisetum arvense,ForestWetPoor
80548,Equisetum arvense,ForestWetPoor
80549,Equisetum arvense,ForestWetPoor
80550,Equisetum arvense,ForestWetPoor
80551,Equisetum arvense,ForestWetPoor
80552,Equisetum arvense,ForestWetPoor
80553,Equisetum arvense,ForestWetPoor
80554,Equisetum arvense,ForestWetPoor
80555,Equisetum arvense,ForestWetPoor
80556,Equisetum arvense,ForestWetPoor
80557,Equisetum arvense,ForestWetPoor
80558,Equisetum arvense,ForestWetPoor
80559,Equisetum arvense,ForestWetPoor
80560,Equisetum arve122633,Equisetum arvense,ForestWetPoor
122634,Equisetum arvense,ForestWetPoor
122635,Equisetum arvense,ForestWetPoor
122636,Equisetum arvense,ForestWetPoor
122637,Equisetum arvense,ForestWetPoor
122638,Equisetum arvense,ForestWetPoor
122639,Equisetum arvense,ForestWetPoor
122640,Equisetum arvense,ForestWetPoor
122641,Equisetum arvense,ForestWetPoor
122642,Equisetum arvense,ForestWetPoor
122643,Equisetum arvense,ForestWetPoor
122644,Equisetum arvense,ForestWetPoor
122645,Equisetum arvense,ForestWetPoor
122646,Equisetum arvense,ForestWetPoor
122647,Equisetum arvense,ForestWetPoor
122648,Equisetum arvense,ForestWetPoor
122649,Equisetum arvense,ForestWetPoor
122650,Equisetum arvense,ForestWetPoor
122651,Equisetum arvense,ForestWetPoor
122652,Equisetum arvense,ForestWetPoor
122673,Equisetum arvense,ForestWetPoor
122674,Equisetum arvense,ForestWetPoor
122675,Equisetum arvense,ForestWetPoor
122676,Equisetum arvense,ForestWetPoor
122677,Equisetum arvense,ForestWetPoor
122678,Equisetum arvense,ForestWetPoor
122679,Equisetum arvense,ForestWetPoor
122680,Equisetum arvense,ForestWetPoor
122681,Equisetum arvense,ForestWetPoor
122682,Equisetum arvense,ForestWetPoor
122683,Equisetum arvense,ForestWetPoor
122684,Equisetum arvense,ForestWetPoor
122685,Equisetum arvense,ForestWetPoor
122686,Equisetum arvense,ForestWetPoor
122687,Equisetum arvense,ForestWetPoor
123232,Equisetum arvense,ForestWetPoor
123233,Equisetum arvense,ForestWetPoor
123234,Equisetum arvense,ForestWetPoor
123235,Equisetum arvense,ForestWetPoor
123236,Equisetum arvense,ForestWetPoor
123237,Equisetum arvense,ForestWetPoor
123238,Equisetum arvense,ForestWetPoor
123239,Equisetum arvense,ForestWetPoor
123240,Equisetum arvense,ForestWetPoor
123241,Equisetum arvense,ForestWetPoor
123242,Equisetum arvense,ForestWetPoor
123243,Equisetum arvense,ForestWetPoor
123244,Equisetum arvense,ForestWetPoor
123245,Equisetum arvense,ForestWetPoor
123246,Equisetum arvense,ForestWetPoor
123247,Equisetum arvense,ForestWetPoor
123248,Equisetum arvense,ForestWetPoor
123249,Equisetum arvense,ForestWetPoor
123250,Equisetum arvense,ForestWetPoor
123251,Equisetum arvense,ForestWetPoor
123272,Equisetum arvense,ForestWetPoor
123273,Equisetum arvense,ForestWetPoor
123274,Equisetum arvense,ForestWetPoor
123275,Equisetum arvense,ForestWetPoor
123276,Equisetum arvense,ForestWetPoor
123277,Equisetum arvense,ForestWetPoor
123278,Equisetum arvense,ForestWetPoor
123279,Equisetum arvense,ForestWetPoor
123280,Equisetum arvense,ForestWetPoor
123281,Equisetum arvense,ForestWetPoor
123282,Equisetum arvense,ForestWetPoor
123283,Equisetum arvense,ForestWetPoor
123284,Equisetum arvense,ForestWetPoor
123285,Equisetum arvense,ForestWetPoor
123286,Equisetum arvense,ForestWetPoor
123831,Equisetum arvense,ForestWetPoor
123832,Equisetum arvense,ForestWetPoor
123833,Equisetum arvense,ForestWetPoor
123834,Equisetum arvense,ForestWetPoor
123835,Equisetum arvense,ForestWetPoor
123836,Equisetum arvense,ForestWetPoor
123837,Equisetum arvense,ForestWetPoor
123838,Equisetum arvense,ForestWetPoor
123839,Equisetum arvense,ForestWetPoor
123840,Equisetum arvense,ForestWetPoor
123841,Equisetum arvense,ForestWetPoor
123842,Equisetum arvense,ForestWetPoor
123843,Equisetum arvense,ForestWetPoor
123844,Equisetum arvense,ForestWetPoor
123845,Equisetum arvense,ForestWetPoor
123846,Equisetum arvense,ForestWetPoor
123847,Equisetum arvense,ForestWetPoor
123848,Equisetum arvense,ForestWetPoor
123849,Equisetum arvense,ForestWetPoor
123850,Equisetum arvense,ForestWetPoor
123871,Equisetum arvense,ForestWetPoor
123872,Equisetum arvense,ForestWetPoor
123873,Equisetum arvense,ForestWetPoor
123874,Equisetum arvense,ForestWetPoor
123875,Equisetum arvense,ForestWetPoor
123876,Equisetum arvense,ForestWetPoor
123877,Equisetum arvense,ForestWetPoor
123878,Equisetum arvense,ForestWetPoor
123879,Equisetum arvense,ForestWetPoor
123880,Equisetum arvense,ForestWetPoor
123881,Equisetum arvense,ForestWetPoor
123882,Equisetum arvense,ForestWetPoor
123883,Equisetum arvense,ForestWetPoor
123884,Equisetum arvense,ForestWetPoor
123885,Equisetum arvense,ForestWetPoor
1nse,ForestWetPoor
80561,Equisetum arvense,ForestWetPoor
80562,Equisetum arvense,ForestWetPoor
80563,Equisetum arvense,ForestWetPoor
80564,Equisetum arvense,ForestWetPoor
80565,Equisetum arvense,ForestWetPoor
80566,Equisetum arvense,ForestWetPoor
80567,Equisetum arvense,ForestWetPoor
80568,Equisetum arvense,ForestWetPoor
80569,Equisetum arvense,ForestWetPoor
80570,Equisetum arvense,ForestWetPoor
80571,Equisetum arvense,ForestWetPoor
80572,Equisetum arvense,ForestWetPoor
80573,Equisetum arvense,ForestWetPoor
80574,Equisetum arvense,ForestWetPoor
80575,Equisetum arvense,ForestWetPoor
80576,Equisetum arvense,ForestWetPoor
80577,Equisetum arvense,ForestWetPoor
80578,Equisetum arvense,ForestWetPoor
80579,Equisetum arvense,ForestWetPoor
80580,Equisetum arvense,ForestWetPoor
80581,Equisetum arvense,ForestWetPoor
80582,Equisetum arvense,ForestWetPoor
80583,Equisetum arvense,ForestWetPoor
80584,Equisetum arvense,ForestWetPoor
80585,Equisetum arvense,ForestWetPoor
80586,Equisetum arvense,ForestWetPoor
80587,Equisetum arvense,ForestWetPoor
80588,Equisetum arvense,ForestWetPoor
80589,Equisetum arvense,ForestWetPoor
80590,Equisetum arvense,ForestWetPoor
80591,Equisetum arvense,ForestWetPoor
80592,Equisetum arvense,ForestWetPoor
80593,Equisetum arvense,ForestWetPoor
80594,Equisetum arvense,ForestWetPoor
80595,Equisetum arvense,ForestWetPoor
80596,Equisetum arvense,ForestWetPoor
80597,Equisetum arvense,ForestWetPoor
80598,Equisetum arvense,ForestWetPoor
80599,Equisetum arvense,ForestWetPoor
80600,Equisetum arvense,ForestWetPoor
80601,Equisetum arvense,ForestWetPoor
80602,Equisetum arvense,ForestWetPoor
81142,Equisetum arvense,ForestWetPoor
81143,Equisetum arvense,ForestWetPoor
81144,Equisetum arvense,ForestWetPoor
81145,Equisetum arvense,ForestWetPoor
81146,Equisetum arvense,ForestWetPoor
81147,Equisetum arvense,ForestWetPoor
81148,Equisetum arvense,ForestWetPoor
81149,Equisetum arvense,ForestWetPoor
81150,Equisetum arvense,ForestWetPoor
81151,Equisetum arvense,ForestWetPoor
81152,Equisetum arvense,ForestWetPoor
81153,Equisetum arvense,ForestWetPoor
81154,Equisetum arvense,ForestWetPoor
81155,Equisetum arvense,ForestWetPoor
81156,Equisetum arvense,ForestWetPoor
81157,Equisetum arvense,ForestWetPoor
81158,Equisetum arvense,ForestWetPoor
81159,Equisetum arvense,ForestWetPoor
81160,Equisetum arvense,ForestWetPoor
81161,Equisetum arvense,ForestWetPoor
81162,Equisetum arvense,ForestWetPoor
81163,Equisetum arvense,ForestWetPoor
81164,Equisetum arvense,ForestWetPoor
81165,Equisetum arvense,ForestWetPoor
81166,Equisetum arvense,ForestWetPoor
81167,Equisetum arvense,ForestWetPoor
81168,Equisetum arvense,ForestWetPoor
81169,Equisetum arvense,ForestWetPoor
81170,Equisetum arvense,ForestWetPoor
81171,Equisetum arvense,ForestWetPoor
81172,Equisetum arvense,ForestWetPoor
81173,Equisetum arvense,ForestWetPoor
81174,Equisetum arvense,ForestWetPoor
81175,Equisetum arvense,ForestWetPoor
81176,Equisetum arvense,ForestWetPoor
81177,Equisetum arvense,ForestWetPoor
81178,Equisetum arvense,ForestWetPoor
81179,Equisetum arvense,ForestWetPoor
81180,Equisetum arvense,ForestWetPoor
81181,Equisetum arvense,ForestWetPoor
81182,Equisetum arvense,ForestWetPoor
81183,Equisetum arvense,ForestWetPoor
81184,Equisetum arvense,ForestWetPoor
81185,Equisetum arvense,ForestWetPoor
81186,Equisetum arvense,ForestWetPoor
81187,Equisetum arvense,ForestWetPoor
81188,Equisetum arvense,ForestWetPoor
81189,Equisetum arvense,ForestWetPoor
81190,Equisetum arvense,ForestWetPoor
81191,Equisetum arvense,ForestWetPoor
81192,Equisetum arvense,ForestWetPoor
81193,Equisetum arvense,ForestWetPoor
81194,Equisetum arvense,ForestWetPoor
81195,Equisetum arvense,ForestWetPoor
81196,Equisetum arvense,ForestWetPoor
81197,Equisetum arvense,ForestWetPoor
81198,Equisetum arvense,ForestWetPoor
81199,Equisetum arvense,ForestWetPoor
81200,Equisetum arvense,ForestWetPoor
81201,Equisetum arvense,ForestWetPoor
81741,Equisetum arvense,ForestWetPoor
81742,Equisetum arvense,ForestWetPoor
81743,Equisetum arvense,ForestWetPoor
81744,Equisetum arvense,ForestWetPoor
81745,Equisetum arvense,ForestWetPoor
81746,Equise23886,Equisetum arvense,ForestWetPoor
124430,Equisetum arvense,ForestWetPoor
124431,Equisetum arvense,ForestWetPoor
124432,Equisetum arvense,ForestWetPoor
124433,Equisetum arvense,ForestWetPoor
124434,Equisetum arvense,ForestWetPoor
124435,Equisetum arvense,ForestWetPoor
124436,Equisetum arvense,ForestWetPoor
124437,Equisetum arvense,ForestWetPoor
124438,Equisetum arvense,ForestWetPoor
124439,Equisetum arvense,ForestWetPoor
124440,Equisetum arvense,ForestWetPoor
124441,Equisetum arvense,ForestWetPoor
124442,Equisetum arvense,ForestWetPoor
124443,Equisetum arvense,ForestWetPoor
124444,Equisetum arvense,ForestWetPoor
124445,Equisetum arvense,ForestWetPoor
124446,Equisetum arvense,ForestWetPoor
124447,Equisetum arvense,ForestWetPoor
124448,Equisetum arvense,ForestWetPoor
124449,Equisetum arvense,ForestWetPoor
124470,Equisetum arvense,ForestWetPoor
124471,Equisetum arvense,ForestWetPoor
124472,Equisetum arvense,ForestWetPoor
124473,Equisetum arvense,ForestWetPoor
124474,Equisetum arvense,ForestWetPoor
124475,Equisetum arvense,ForestWetPoor
124476,Equisetum arvense,ForestWetPoor
124477,Equisetum arvense,ForestWetPoor
124478,Equisetum arvense,ForestWetPoor
124479,Equisetum arvense,ForestWetPoor
124480,Equisetum arvense,ForestWetPoor
124481,Equisetum arvense,ForestWetPoor
124482,Equisetum arvense,ForestWetPoor
124483,Equisetum arvense,ForestWetPoor
124484,Equisetum arvense,ForestWetPoor
124485,Equisetum arvense,ForestWetPoor
125029,Equisetum arvense,ForestWetPoor
125030,Equisetum arvense,ForestWetPoor
125031,Equisetum arvense,ForestWetPoor
125032,Equisetum arvense,ForestWetPoor
125033,Equisetum arvense,ForestWetPoor
125034,Equisetum arvense,ForestWetPoor
125035,Equisetum arvense,ForestWetPoor
125036,Equisetum arvense,ForestWetPoor
125037,Equisetum arvense,ForestWetPoor
125038,Equisetum arvense,ForestWetPoor
125039,Equisetum arvense,ForestWetPoor
125040,Equisetum arvense,ForestWetPoor
125041,Equisetum arvense,ForestWetPoor
125042,Equisetum arvense,ForestWetPoor
125043,Equisetum arvense,ForestWetPoor
125044,Equisetum arvense,ForestWetPoor
125045,Equisetum arvense,ForestWetPoor
125046,Equisetum arvense,ForestWetPoor
125047,Equisetum arvense,ForestWetPoor
125048,Equisetum arvense,ForestWetPoor
125069,Equisetum arvense,ForestWetPoor
125070,Equisetum arvense,ForestWetPoor
125071,Equisetum arvense,ForestWetPoor
125072,Equisetum arvense,ForestWetPoor
125073,Equisetum arvense,ForestWetPoor
125074,Equisetum arvense,ForestWetPoor
125075,Equisetum arvense,ForestWetPoor
125076,Equisetum arvense,ForestWetPoor
125077,Equisetum arvense,ForestWetPoor
125078,Equisetum arvense,ForestWetPoor
125079,Equisetum arvense,ForestWetPoor
125080,Equisetum arvense,ForestWetPoor
125081,Equisetum arvense,ForestWetPoor
125082,Equisetum arvense,ForestWetPoor
125083,Equisetum arvense,ForestWetPoor
125084,Equisetum arvense,ForestWetPoor
125085,Equisetum arvense,ForestWetPoor
125628,Equisetum arvense,ForestWetPoor
125629,Equisetum arvense,ForestWetPoor
125630,Equisetum arvense,ForestWetPoor
125631,Equisetum arvense,ForestWetPoor
125632,Equisetum arvense,ForestWetPoor
125633,Equisetum arvense,ForestWetPoor
125634,Equisetum arvense,ForestWetPoor
125635,Equisetum arvense,ForestWetPoor
125636,Equisetum arvense,ForestWetPoor
125637,Equisetum arvense,ForestWetPoor
125638,Equisetum arvense,ForestWetPoor
125639,Equisetum arvense,ForestWetPoor
125640,Equisetum arvense,ForestWetPoor
125641,Equisetum arvense,ForestWetPoor
125642,Equisetum arvense,ForestWetPoor
125643,Equisetum arvense,ForestWetPoor
125644,Equisetum arvense,ForestWetPoor
125645,Equisetum arvense,ForestWetPoor
125646,Equisetum arvense,ForestWetPoor
125647,Equisetum arvense,ForestWetPoor
125668,Equisetum arvense,ForestWetPoor
125669,Equisetum arvense,ForestWetPoor
125670,Equisetum arvense,ForestWetPoor
125671,Equisetum arvense,ForestWetPoor
125672,Equisetum arvense,ForestWetPoor
125673,Equisetum arvense,ForestWetPoor
125674,Equisetum arvense,ForestWetPoor
125675,Equisetum arvense,ForestWetPoor
125676,Equisetum arvense,ForestWetPoor
125677,Equisetum arvense,ForestWetPoor
125678,Equisetum arvense,ForestWetPoor
125679,Equisetum arvense,ForestWetPoor
125680,Equisetum arvense,ForestWetPoor
125681,Equisetum arvense,ForestWetPoor
125682,Equisetum arvense,ForestWetPoor
125683,Equisetum arvense,ForestWetPoor
125684,Equisetum arvense,ForestWetPoor
126227,Equisetum arvense,ForestWetPoor
126228,Equisetum arvense,ForestWetPoor
126229,Equisetum arvense,ForestWetPoor
126230,Equisetum arvense,ForestWetPoor
126231,Equisetum arvense,ForestWetPoor
126232,Equisetum arvense,ForestWetPoor
126233,Equisetum arvense,ForestWetPoor
126234,Equisetum arvense,ForestWetPoor
126235,Equisetum arvense,ForestWetPoor
126236,Equisetum arvense,ForestWetPoor
126237,Equisetum arvense,ForestWetPoor
126238,Equisetum arvense,ForestWetPoor
126239,Equisetum arvense,ForestWetPoor
126240,Equisetum arvense,ForestWetPoor
126241,Equisetum arvense,ForestWetPoor
126242,Equisetum arvense,ForestWetPoor
126243,Equisetum arvense,ForestWetPoor
126244,Equisetum arvense,ForestWetPoor
126245,Equisetum arvense,ForestWetPoor
126246,Equisetum arvense,ForestWetPoor
126267,Equisetum arvense,ForestWetPoor
126268,Equisetum arvense,ForestWetPoor
126269,Equisetum arvense,ForestWetPoor
126270,Equisetum arvense,ForestWetPoor
126271,Equisetum arvense,ForestWetPoor
126272,Equisetum arvense,ForestWetPoor
126273,Equisetum arvense,ForestWetPoor
126274,Equisetum arvense,ForestWetPoor
126275,Equisetum arvense,ForestWetPoor
126276,Equisetum arvense,ForestWetPoor
126277,Equisetum arvense,ForestWetPoor
126278,Equisetum arvense,ForestWetPoor
126279,Equisetum arvense,ForestWetPoor
126280,Equisetum arvense,ForestWetPoor
126281,Equisetum arvense,ForestWetPoor
126282,Equisetum arvense,ForestWetPoor
126283,Equisetum arvense,ForestWetPoor
126284,Equisetum arvense,ForestWetPoor
126826,Equisetum arvense,ForestWetPoor
126827,Equisetum arvense,ForestWetPoor
126828,Equisetum arvense,ForestWetPoor
126829,Equisetum arvense,ForestWetPoor
126830,Equisetum arvense,ForestWetPoor
126831,Equisetum arvense,ForestWetPoor
126832,Equisetum arvense,ForestWetPoor
126833,Equisetum arvense,ForestWetPoor
126834,Equisetum arvense,ForestWetPoor
126835,Equisetum arvense,ForestWetPoor
126836,Equisetum arvense,ForestWetPoor
126837,Equisetum arvense,ForestWetPoor
126838,Equisetum arvense,ForestWetPoor
126839,Equisetum arvense,ForestWetPoor
126840,Equisetum arvense,ForestWetPoor
126841,Equisetum arvense,ForestWetPoor
126842,Equisetum arvense,ForestWetPoor
126843,Equisetum arvense,ForestWetPoor
126844,Equisetum arvense,ForestWetPoor
126845,Equisetum arvense,ForestWetPoor
126866,Equisetum arvense,ForestWetPoor
126867,Equisetum arvense,ForestWetPoor
126868,Equisetum arvense,ForestWetPoor
126869,Equisetum arvense,ForestWetPoor
126870,Equisetum arvense,ForestWetPoor
126871,Equisetum arvense,ForestWetPoor
126872,Equisetum arvense,ForestWetPoor
126873,Equisetum arvense,ForestWetPoor
126874,Equisetum arvense,ForestWetPoor
126875,Equisetum arvense,ForestWetPoor
126876,Equisetum arvense,ForestWetPoor
126877,Equisetum arvense,ForestWetPoor
126878,Equisetum arvense,ForestWetPoor
126879,Equisetum arvense,ForestWetPoor
126880,Equisetum arvense,ForestWetPoor
126881,Equisetum arvense,ForestWetPoor
126882,Equisetum arvense,ForestWetPoor
126883,Equisetum arvense,ForestWetPoor
127425,Equisetum arvense,ForestWetPoor
127426,Equisetum arvense,ForestWetPoor
127427,Equisetum arvense,ForestWetPoor
127428,Equisetum arvense,ForestWetPoor
127429,Equisetum arvense,ForestWetPoor
127430,Equisetum arvense,ForestWetPoor
127431,Equisetum arvense,ForestWetPoor
127432,Equisetum arvense,ForestWetPoor
127433,Equisetum arvense,ForestWetPoor
127434,Equisetum arvense,ForestWetPoor
127435,Equisetum arvense,ForestWetPoor
127436,Equisetum arvense,ForestWetPoor
127437,Equisetum arvense,ForestWetPoor
127438,Equisetum arvense,ForestWetPoor
127439,Equisetum arvense,ForestWetPoor
127440,Equisetum arvense,ForestWetPoor
127441,Equisetum arvense,ForestWetPoor
127442,Equisetum arvense,ForestWetPoor
127443,Equisetum arvense,ForestWetPoor
127444,Equisetum arvense,ForestWetPoor
127465,Equisetum arvense,ForestWetPoor
127466,Equisetum arvense,ForestWetPoor
127467,Equisetum arvense,ForestWetPoor
127tum arvense,ForestWetPoor
81747,Equisetum arvense,ForestWetPoor
81748,Equisetum arvense,ForestWetPoor
81749,Equisetum arvense,ForestWetPoor
81750,Equisetum arvense,ForestWetPoor
81751,Equisetum arvense,ForestWetPoor
81752,Equisetum arvense,ForestWetPoor
81753,Equisetum arvense,ForestWetPoor
81754,Equisetum arvense,ForestWetPoor
81755,Equisetum arvense,ForestWetPoor
81756,Equisetum arvense,ForestWetPoor
81757,Equisetum arvense,ForestWetPoor
81758,Equisetum arvense,ForestWetPoor
81759,Equisetum arvense,ForestWetPoor
81760,Equisetum arvense,ForestWetPoor
81761,Equisetum arvense,ForestWetPoor
81762,Equisetum arvense,ForestWetPoor
81763,Equisetum arvense,ForestWetPoor
81764,Equisetum arvense,ForestWetPoor
81765,Equisetum arvense,ForestWetPoor
81766,Equisetum arvense,ForestWetPoor
81767,Equisetum arvense,ForestWetPoor
81768,Equisetum arvense,ForestWetPoor
81769,Equisetum arvense,ForestWetPoor
81770,Equisetum arvense,ForestWetPoor
81771,Equisetum arvense,ForestWetPoor
81772,Equisetum arvense,ForestWetPoor
81773,Equisetum arvense,ForestWetPoor
81774,Equisetum arvense,ForestWetPoor
81775,Equisetum arvense,ForestWetPoor
81776,Equisetum arvense,ForestWetPoor
81777,Equisetum arvense,ForestWetPoor
81778,Equisetum arvense,ForestWetPoor
81779,Equisetum arvense,ForestWetPoor
81780,Equisetum arvense,ForestWetPoor
81781,Equisetum arvense,ForestWetPoor
81782,Equisetum arvense,ForestWetPoor
81783,Equisetum arvense,ForestWetPoor
81784,Equisetum arvense,ForestWetPoor
81785,Equisetum arvense,ForestWetPoor
81786,Equisetum arvense,ForestWetPoor
81787,Equisetum arvense,ForestWetPoor
81788,Equisetum arvense,ForestWetPoor
81789,Equisetum arvense,ForestWetPoor
81790,Equisetum arvense,ForestWetPoor
81791,Equisetum arvense,ForestWetPoor
81792,Equisetum arvense,ForestWetPoor
81793,Equisetum arvense,ForestWetPoor
81794,Equisetum arvense,ForestWetPoor
81795,Equisetum arvense,ForestWetPoor
81796,Equisetum arvense,ForestWetPoor
81797,Equisetum arvense,ForestWetPoor
81798,Equisetum arvense,ForestWetPoor
81799,Equisetum arvense,ForestWetPoor
81800,Equisetum arvense,ForestWetPoor
82340,Equisetum arvense,ForestWetPoor
82341,Equisetum arvense,ForestWetPoor
82342,Equisetum arvense,ForestWetPoor
82343,Equisetum arvense,ForestWetPoor
82344,Equisetum arvense,ForestWetPoor
82345,Equisetum arvense,ForestWetPoor
82346,Equisetum arvense,ForestWetPoor
82347,Equisetum arvense,ForestWetPoor
82348,Equisetum arvense,ForestWetPoor
82349,Equisetum arvense,ForestWetPoor
82350,Equisetum arvense,ForestWetPoor
82351,Equisetum arvense,ForestWetPoor
82352,Equisetum arvense,ForestWetPoor
82353,Equisetum arvense,ForestWetPoor
82354,Equisetum arvense,ForestWetPoor
82355,Equisetum arvense,ForestWetPoor
82356,Equisetum arvense,ForestWetPoor
82357,Equisetum arvense,ForestWetPoor
82358,Equisetum arvense,ForestWetPoor
82359,Equisetum arvense,ForestWetPoor
82360,Equisetum arvense,ForestWetPoor
82361,Equisetum arvense,ForestWetPoor
82362,Equisetum arvense,ForestWetPoor
82363,Equisetum arvense,ForestWetPoor
82364,Equisetum arvense,ForestWetPoor
82365,Equisetum arvense,ForestWetPoor
82366,Equisetum arvense,ForestWetPoor
82367,Equisetum arvense,ForestWetPoor
82368,Equisetum arvense,ForestWetPoor
82369,Equisetum arvense,ForestWetPoor
82370,Equisetum arvense,ForestWetPoor
82371,Equisetum arvense,ForestWetPoor
82372,Equisetum arvense,ForestWetPoor
82373,Equisetum arvense,ForestWetPoor
82374,Equisetum arvense,ForestWetPoor
82375,Equisetum arvense,ForestWetPoor
82376,Equisetum arvense,ForestWetPoor
82377,Equisetum arvense,ForestWetPoor
82378,Equisetum arvense,ForestWetPoor
82379,Equisetum arvense,ForestWetPoor
82380,Equisetum arvense,ForestWetPoor
82381,Equisetum arvense,ForestWetPoor
82382,Equisetum arvense,ForestWetPoor
82383,Equisetum arvense,ForestWetPoor
82384,Equisetum arvense,ForestWetPoor
82385,Equisetum arvense,ForestWetPoor
82386,Equisetum arvense,ForestWetPoor
82387,Equisetum arvense,ForestWetPoor
82388,Equisetum arvense,ForestWetPoor
82389,Equisetum arvense,ForestWetPoor
82390,Equisetum arvense,ForestWetPoor
82391,Equisetum arvense,ForestWetPoor
82392,Equisetum arvense,ForestWetPoor
82393,Equisetum arvense,ForestWetPoor
82394,Equisetum arvense,ForestWetPoor
82395,Equisetum arvense,ForestWetPoor
82396,Equisetum arvense,ForestWetPoor
82397,Equisetum arvense,ForestWetPoor
82398,Equisetum arvense,ForestWetPoor
82399,Equisetum arvense,ForestWetPoor
82939,Equisetum arvense,ForestWetPoor
82940,Equisetum arvense,ForestWetPoor
82941,Equisetum arvense,ForestWetPoor
82942,Equisetum arvense,ForestWetPoor
82943,Equisetum arvense,ForestWetPoor
82944,Equisetum arvense,ForestWetPoor
82945,Equisetum arvense,ForestWetPoor
82946,Equisetum arvense,ForestWetPoor
82947,Equisetum arvense,ForestWetPoor
82948,Equisetum arvense,ForestWetPoor
82949,Equisetum arvense,ForestWetPoor
82950,Equisetum arvense,ForestWetPoor
82951,Equisetum arvense,ForestWetPoor
82952,Equisetum arvense,ForestWetPoor
82953,Equisetum arvense,ForestWetPoor
82954,Equisetum arvense,ForestWetPoor
82955,Equisetum arvense,ForestWetPoor
82956,Equisetum arvense,ForestWetPoor
82957,Equisetum arvense,ForestWetPoor
82958,Equisetum arvense,ForestWetPoor
82959,Equisetum arvense,ForestWetPoor
82960,Equisetum arvense,ForestWetPoor
82961,Equisetum arvense,ForestWetPoor
82962,Equisetum arvense,ForestWetPoor
82963,Equisetum arvense,ForestWetPoor
82964,Equisetum arvense,ForestWetPoor
82965,Equisetum arvense,ForestWetPoor
82966,Equisetum arvense,ForestWetPoor
82967,Equisetum arvense,ForestWetPoor
82968,Equisetum arvense,ForestWetPoor
82969,Equisetum arvense,ForestWetPoor
82970,Equisetum arvense,ForestWetPoor
82971,Equisetum arvense,ForestWetPoor
82972,Equisetum arvense,ForestWetPoor
82973,Equisetum arvense,ForestWetPoor
82974,Equisetum arvense,ForestWetPoor
82975,Equisetum arvense,ForestWetPoor
82976,Equisetum arvense,ForestWetPoor
82977,Equisetum arvense,ForestWetPoor
82978,Equisetum arvense,ForestWetPoor
82979,Equisetum arvense,ForestWetPoor
82980,Equisetum arvense,ForestWetPoor
82981,Equisetum arvense,ForestWetPoor
82982,Equisetum arvense,ForestWetPoor
82983,Equisetum arvense,ForestWetPoor
82984,Equisetum arvense,ForestWetPoor
82985,Equisetum arvense,ForestWetPoor
82986,Equisetum arvense,ForestWetPoor
82987,Equisetum arvense,ForestWetPoor
82988,Equisetum arvense,ForestWetPoor
82989,Equisetum arvense,ForestWetPoor
82990,Equisetum arvense,ForestWetPoor
82991,Equisetum arvense,ForestWetPoor
82992,Equisetum arvense,ForestWetPoor
82993,Equisetum arvense,ForestWetPoor
82994,Equisetum arvense,ForestWetPoor
82995,Equisetum arvense,ForestWetPoor
82996,Equisetum arvense,ForestWetPoor
82997,Equisetum arvense,ForestWetPoor
82998,Equisetum arvense,ForestWetPoor
83538,Equisetum arvense,ForestWetPoor
83539,Equisetum arvense,ForestWetPoor
83540,Equisetum arvense,ForestWetPoor
83541,Equisetum arvense,ForestWetPoor
83542,Equisetum arvense,ForestWetPoor
83543,Equisetum arvense,ForestWetPoor
83544,Equisetum arvense,ForestWetPoor
83545,Equisetum arvense,ForestWetPoor
83546,Equisetum arvense,ForestWetPoor
83547,Equisetum arvense,ForestWetPoor
83548,Equisetum arvense,ForestWetPoor
83549,Equisetum arvense,ForestWetPoor
83550,Equisetum arvense,ForestWetPoor
83551,Equisetum arvense,ForestWetPoor
83552,Equisetum arvense,ForestWetPoor
83553,Equisetum arvense,ForestWetPoor
83554,Equisetum arvense,ForestWetPoor
83555,Equisetum arvense,ForestWetPoor
83556,Equisetum arvense,ForestWetPoor
83557,Equisetum arvense,ForestWetPoor
83558,Equisetum arvense,ForestWetPoor
83559,Equisetum arvense,ForestWetPoor
83560,Equisetum arvense,ForestWetPoor
83561,Equisetum arvense,ForestWetPoor
83562,Equisetum arvense,ForestWetPoor
83563,Equisetum arvense,ForestWetPoor
83564,Equisetum arvense,ForestWetPoor
83565,Equisetum arvense,ForestWetPoor
83566,Equisetum arvense,ForestWetPoor
83567,Equisetum arvense,ForestWetPoor
83568,Equisetum arvense,ForestWetPoor
83569,Equisetum arvense,ForestWetPoor
83570,Equisetum arvense,ForestWetPoor
83571,Equisetum arvense,ForestWetPoor
83572,Equisetum arvense,ForestWetPoor
83573,Equisetum arvense,ForestWetPoor
83574,Equisetum arvense,ForestWetPoor
83575,Equisetum arvense,ForestWetPoor
83576,Equisetum arvense,ForestWetPoor
83577,Equisetum arvense,ForestWetPoor
83578,Equisetum arvense,ForestWetP468,Equisetum arvense,ForestWetPoor
127469,Equisetum arvense,ForestWetPoor
127470,Equisetum arvense,ForestWetPoor
127471,Equisetum arvense,ForestWetPoor
127472,Equisetum arvense,ForestWetPoor
127473,Equisetum arvense,ForestWetPoor
127474,Equisetum arvense,ForestWetPoor
127475,Equisetum arvense,ForestWetPoor
127476,Equisetum arvense,ForestWetPoor
127477,Equisetum arvense,ForestWetPoor
127478,Equisetum arvense,ForestWetPoor
127479,Equisetum arvense,ForestWetPoor
127480,Equisetum arvense,ForestWetPoor
127481,Equisetum arvense,ForestWetPoor
127482,Equisetum arvense,ForestWetPoor
128024,Equisetum arvense,ForestWetPoor
128025,Equisetum arvense,ForestWetPoor
128026,Equisetum arvense,ForestWetPoor
128027,Equisetum arvense,ForestWetPoor
128028,Equisetum arvense,ForestWetPoor
128029,Equisetum arvense,ForestWetPoor
128030,Equisetum arvense,ForestWetPoor
128031,Equisetum arvense,ForestWetPoor
128032,Equisetum arvense,ForestWetPoor
128033,Equisetum arvense,ForestWetPoor
128034,Equisetum arvense,ForestWetPoor
128035,Equisetum arvense,ForestWetPoor
128036,Equisetum arvense,ForestWetPoor
128037,Equisetum arvense,ForestWetPoor
128038,Equisetum arvense,ForestWetPoor
128039,Equisetum arvense,ForestWetPoor
128040,Equisetum arvense,ForestWetPoor
128041,Equisetum arvense,ForestWetPoor
128042,Equisetum arvense,ForestWetPoor
128043,Equisetum arvense,ForestWetPoor
128064,Equisetum arvense,ForestWetPoor
128065,Equisetum arvense,ForestWetPoor
128066,Equisetum arvense,ForestWetPoor
128067,Equisetum arvense,ForestWetPoor
128068,Equisetum arvense,ForestWetPoor
128069,Equisetum arvense,ForestWetPoor
128070,Equisetum arvense,ForestWetPoor
128071,Equisetum arvense,ForestWetPoor
128072,Equisetum arvense,ForestWetPoor
128073,Equisetum arvense,ForestWetPoor
128074,Equisetum arvense,ForestWetPoor
128075,Equisetum arvense,ForestWetPoor
128076,Equisetum arvense,ForestWetPoor
128077,Equisetum arvense,ForestWetPoor
128078,Equisetum arvense,ForestWetPoor
128079,Equisetum arvense,ForestWetPoor
128080,Equisetum arvense,ForestWetPoor
128081,Equisetum arvense,ForestWetPoor
128082,Equisetum arvense,ForestWetPoor
128623,Equisetum arvense,ForestWetPoor
128624,Equisetum arvense,ForestWetPoor
128625,Equisetum arvense,ForestWetPoor
128626,Equisetum arvense,ForestWetPoor
128627,Equisetum arvense,ForestWetPoor
128628,Equisetum arvense,ForestWetPoor
128629,Equisetum arvense,ForestWetPoor
128630,Equisetum arvense,ForestWetPoor
128631,Equisetum arvense,ForestWetPoor
128632,Equisetum arvense,ForestWetPoor
128633,Equisetum arvense,ForestWetPoor
128634,Equisetum arvense,ForestWetPoor
128635,Equisetum arvense,ForestWetPoor
128636,Equisetum arvense,ForestWetPoor
128637,Equisetum arvense,ForestWetPoor
128638,Equisetum arvense,ForestWetPoor
128639,Equisetum arvense,ForestWetPoor
128640,Equisetum arvense,ForestWetPoor
128641,Equisetum arvense,ForestWetPoor
128642,Equisetum arvense,ForestWetPoor
128663,Equisetum arvense,ForestWetPoor
128664,Equisetum arvense,ForestWetPoor
128665,Equisetum arvense,ForestWetPoor
128666,Equisetum arvense,ForestWetPoor
128667,Equisetum arvense,ForestWetPoor
128668,Equisetum arvense,ForestWetPoor
128669,Equisetum arvense,ForestWetPoor
128670,Equisetum arvense,ForestWetPoor
128671,Equisetum arvense,ForestWetPoor
128672,Equisetum arvense,ForestWetPoor
128673,Equisetum arvense,ForestWetPoor
128674,Equisetum arvense,ForestWetPoor
128675,Equisetum arvense,ForestWetPoor
128676,Equisetum arvense,ForestWetPoor
128677,Equisetum arvense,ForestWetPoor
128678,Equisetum arvense,ForestWetPoor
128679,Equisetum arvense,ForestWetPoor
128680,Equisetum arvense,ForestWetPoor
128681,Equisetum arvense,ForestWetPoor
129222,Equisetum arvense,ForestWetPoor
129223,Equisetum arvense,ForestWetPoor
129224,Equisetum arvense,ForestWetPoor
129225,Equisetum arvense,ForestWetPoor
129226,Equisetum arvense,ForestWetPoor
129227,Equisetum arvense,ForestWetPoor
129228,Equisetum arvense,ForestWetPoor
129229,Equisetum arvense,ForestWetPoor
129230,Equisetum arvense,ForestWetPoor
129231,Equisetum arvense,ForestWetPoor
129232,Equisetum arvense,ForestWetPoor
129233,Equisetum arvense,ForestWetPoor
1292oor
83579,Equisetum arvense,ForestWetPoor
83580,Equisetum arvense,ForestWetPoor
83581,Equisetum arvense,ForestWetPoor
83582,Equisetum arvense,ForestWetPoor
83583,Equisetum arvense,ForestWetPoor
83584,Equisetum arvense,ForestWetPoor
83585,Equisetum arvense,ForestWetPoor
83586,Equisetum arvense,ForestWetPoor
83587,Equisetum arvense,ForestWetPoor
83588,Equisetum arvense,ForestWetPoor
83589,Equisetum arvense,ForestWetPoor
83590,Equisetum arvense,ForestWetPoor
83591,Equisetum arvense,ForestWetPoor
83592,Equisetum arvense,ForestWetPoor
83593,Equisetum arvense,ForestWetPoor
83594,Equisetum arvense,ForestWetPoor
83595,Equisetum arvense,ForestWetPoor
83596,Equisetum arvense,ForestWetPoor
83597,Equisetum arvense,ForestWetPoor
84137,Equisetum arvense,ForestWetPoor
84138,Equisetum arvense,ForestWetPoor
84139,Equisetum arvense,ForestWetPoor
84140,Equisetum arvense,ForestWetPoor
84141,Equisetum arvense,ForestWetPoor
84142,Equisetum arvense,ForestWetPoor
84143,Equisetum arvense,ForestWetPoor
84144,Equisetum arvense,ForestWetPoor
84145,Equisetum arvense,ForestWetPoor
84146,Equisetum arvense,ForestWetPoor
84147,Equisetum arvense,ForestWetPoor
84148,Equisetum arvense,ForestWetPoor
84149,Equisetum arvense,ForestWetPoor
84150,Equisetum arvense,ForestWetPoor
84151,Equisetum arvense,ForestWetPoor
84152,Equisetum arvense,ForestWetPoor
84153,Equisetum arvense,ForestWetPoor
84154,Equisetum arvense,ForestWetPoor
84155,Equisetum arvense,ForestWetPoor
84156,Equisetum arvense,ForestWetPoor
84157,Equisetum arvense,ForestWetPoor
84158,Equisetum arvense,ForestWetPoor
84159,Equisetum arvense,ForestWetPoor
84160,Equisetum arvense,ForestWetPoor
84161,Equisetum arvense,ForestWetPoor
84162,Equisetum arvense,ForestWetPoor
84163,Equisetum arvense,ForestWetPoor
84164,Equisetum arvense,ForestWetPoor
84165,Equisetum arvense,ForestWetPoor
84166,Equisetum arvense,ForestWetPoor
84167,Equisetum arvense,ForestWetPoor
84168,Equisetum arvense,ForestWetPoor
84169,Equisetum arvense,ForestWetPoor
84170,Equisetum arvense,ForestWetPoor
84171,Equisetum arvense,ForestWetPoor
84172,Equisetum arvense,ForestWetPoor
84173,Equisetum arvense,ForestWetPoor
84174,Equisetum arvense,ForestWetPoor
84175,Equisetum arvense,ForestWetPoor
84176,Equisetum arvense,ForestWetPoor
84177,Equisetum arvense,ForestWetPoor
84178,Equisetum arvense,ForestWetPoor
84179,Equisetum arvense,ForestWetPoor
84180,Equisetum arvense,ForestWetPoor
84181,Equisetum arvense,ForestWetPoor
84182,Equisetum arvense,ForestWetPoor
84183,Equisetum arvense,ForestWetPoor
84184,Equisetum arvense,ForestWetPoor
84185,Equisetum arvense,ForestWetPoor
84186,Equisetum arvense,ForestWetPoor
84187,Equisetum arvense,ForestWetPoor
84188,Equisetum arvense,ForestWetPoor
84189,Equisetum arvense,ForestWetPoor
84190,Equisetum arvense,ForestWetPoor
84191,Equisetum arvense,ForestWetPoor
84192,Equisetum arvense,ForestWetPoor
84193,Equisetum arvense,ForestWetPoor
84194,Equisetum arvense,ForestWetPoor
84195,Equisetum arvense,ForestWetPoor
84196,Equisetum arvense,ForestWetPoor
84736,Equisetum arvense,ForestWetPoor
84737,Equisetum arvense,ForestWetPoor
84738,Equisetum arvense,ForestWetPoor
84739,Equisetum arvense,ForestWetPoor
84740,Equisetum arvense,ForestWetPoor
84741,Equisetum arvense,ForestWetPoor
84742,Equisetum arvense,ForestWetPoor
84743,Equisetum arvense,ForestWetPoor
84744,Equisetum arvense,ForestWetPoor
84745,Equisetum arvense,ForestWetPoor
84746,Equisetum arvense,ForestWetPoor
84747,Equisetum arvense,ForestWetPoor
84748,Equisetum arvense,ForestWetPoor
84749,Equisetum arvense,ForestWetPoor
84750,Equisetum arvense,ForestWetPoor
84751,Equisetum arvense,ForestWetPoor
84752,Equisetum arvense,ForestWetPoor
84753,Equisetum arvense,ForestWetPoor
84754,Equisetum arvense,ForestWetPoor
84755,Equisetum arvense,ForestWetPoor
84756,Equisetum arvense,ForestWetPoor
84757,Equisetum arvense,ForestWetPoor
84758,Equisetum arvense,ForestWetPoor
84759,Equisetum arvense,ForestWetPoor
84760,Equisetum arvense,ForestWetPoor
84761,Equisetum arvense,ForestWetPoor
84762,Equisetum arvense,ForestWetPoor
84763,Equisetum arvense,ForestWetPoor
84764,Equisetum arvense,Fo34,Equisetum arvense,ForestWetPoor
129235,Equisetum arvense,ForestWetPoor
129236,Equisetum arvense,ForestWetPoor
129237,Equisetum arvense,ForestWetPoor
129238,Equisetum arvense,ForestWetPoor
129239,Equisetum arvense,ForestWetPoor
129240,Equisetum arvense,ForestWetPoor
129241,Equisetum arvense,ForestWetPoor
129262,Equisetum arvense,ForestWetPoor
129263,Equisetum arvense,ForestWetPoor
129264,Equisetum arvense,ForestWetPoor
129265,Equisetum arvense,ForestWetPoor
129266,Equisetum arvense,ForestWetPoor
129267,Equisetum arvense,ForestWetPoor
129268,Equisetum arvense,ForestWetPoor
129269,Equisetum arvense,ForestWetPoor
129270,Equisetum arvense,ForestWetPoor
129271,Equisetum arvense,ForestWetPoor
129272,Equisetum arvense,ForestWetPoor
129273,Equisetum arvense,ForestWetPoor
129274,Equisetum arvense,ForestWetPoor
129275,Equisetum arvense,ForestWetPoor
129276,Equisetum arvense,ForestWetPoor
129277,Equisetum arvense,ForestWetPoor
129278,Equisetum arvense,ForestWetPoor
129279,Equisetum arvense,ForestWetPoor
129280,Equisetum arvense,ForestWetPoor
129821,Equisetum arvense,ForestWetPoor
129822,Equisetum arvense,ForestWetPoor
129823,Equisetum arvense,ForestWetPoor
129824,Equisetum arvense,ForestWetPoor
129825,Equisetum arvense,ForestWetPoor
129826,Equisetum arvense,ForestWetPoor
129827,Equisetum arvense,ForestWetPoor
129828,Equisetum arvense,ForestWetPoor
129829,Equisetum arvense,ForestWetPoor
129830,Equisetum arvense,ForestWetPoor
129831,Equisetum arvense,ForestWetPoor
129832,Equisetum arvense,ForestWetPoor
129833,Equisetum arvense,ForestWetPoor
129834,Equisetum arvense,ForestWetPoor
129835,Equisetum arvense,ForestWetPoor
129836,Equisetum arvense,ForestWetPoor
129837,Equisetum arvense,ForestWetPoor
129838,Equisetum arvense,ForestWetPoor
129839,Equisetum arvense,ForestWetPoor
129840,Equisetum arvense,ForestWetPoor
129861,Equisetum arvense,ForestWetPoor
129862,Equisetum arvense,ForestWetPoor
129863,Equisetum arvense,ForestWetPoor
129864,Equisetum arvense,ForestWetPoor
129865,Equisetum arvense,ForestWetPoor
129866,Equisetum arvense,ForestWetPoor
129867,Equisetum arvense,ForestWetPoor
129868,Equisetum arvense,ForestWetPoor
129869,Equisetum arvense,ForestWetPoor
129870,Equisetum arvense,ForestWetPoor
129871,Equisetum arvense,ForestWetPoor
129872,Equisetum arvense,ForestWetPoor
129873,Equisetum arvense,ForestWetPoor
129874,Equisetum arvense,ForestWetPoor
129875,Equisetum arvense,ForestWetPoor
129876,Equisetum arvense,ForestWetPoor
129877,Equisetum arvense,ForestWetPoor
129878,Equisetum arvense,ForestWetPoor
129879,Equisetum arvense,ForestWetPoor
130420,Equisetum arvense,ForestWetPoor
130421,Equisetum arvense,ForestWetPoor
130422,Equisetum arvense,ForestWetPoor
130423,Equisetum arvense,ForestWetPoor
130424,Equisetum arvense,ForestWetPoor
130425,Equisetum arvense,ForestWetPoor
130426,Equisetum arvense,ForestWetPoor
130427,Equisetum arvense,ForestWetPoor
130428,Equisetum arvense,ForestWetPoor
130429,Equisetum arvense,ForestWetPoor
130430,Equisetum arvense,ForestWetPoor
130431,Equisetum arvense,ForestWetPoor
130432,Equisetum arvense,ForestWetPoor
130433,Equisetum arvense,ForestWetPoor
130434,Equisetum arvense,ForestWetPoor
130435,Equisetum arvense,ForestWetPoor
130436,Equisetum arvense,ForestWetPoor
130437,Equisetum arvense,ForestWetPoor
130438,Equisetum arvense,ForestWetPoor
130439,Equisetum arvense,ForestWetPoor
130460,Equisetum arvense,ForestWetPoor
130461,Equisetum arvense,ForestWetPoor
130462,Equisetum arvense,ForestWetPoor
130463,Equisetum arvense,ForestWetPoor
130464,Equisetum arvense,ForestWetPoor
130465,Equisetum arvense,ForestWetPoor
130466,Equisetum arvense,ForestWetPoor
130467,Equisetum arvense,ForestWetPoor
130468,Equisetum arvense,ForestWetPoor
130469,Equisetum arvense,ForestWetPoor
130470,Equisetum arvense,ForestWetPoor
130471,Equisetum arvense,ForestWetPoor
130472,Equisetum arvense,ForestWetPoor
130473,Equisetum arvense,ForestWetPoor
130474,Equisetum arvense,ForestWetPoor
130475,Equisetum arvense,ForestWetPoor
130476,Equisetum arvense,ForestWetPoor
130477,Equisetum arvense,ForestWetPoor
130478,Equisetum arvense,ForestWetPoor
13101restWetPoor
84765,Equisetum arvense,ForestWetPoor
84766,Equisetum arvense,ForestWetPoor
84767,Equisetum arvense,ForestWetPoor
84768,Equisetum arvense,ForestWetPoor
84769,Equisetum arvense,ForestWetPoor
84770,Equisetum arvense,ForestWetPoor
84771,Equisetum arvense,ForestWetPoor
84772,Equisetum arvense,ForestWetPoor
84773,Equisetum arvense,ForestWetPoor
84774,Equisetum arvense,ForestWetPoor
84775,Equisetum arvense,ForestWetPoor
84776,Equisetum arvense,ForestWetPoor
84777,Equisetum arvense,ForestWetPoor
84778,Equisetum arvense,ForestWetPoor
84779,Equisetum arvense,ForestWetPoor
84780,Equisetum arvense,ForestWetPoor
84781,Equisetum arvense,ForestWetPoor
84782,Equisetum arvense,ForestWetPoor
84783,Equisetum arvense,ForestWetPoor
84784,Equisetum arvense,ForestWetPoor
84785,Equisetum arvense,ForestWetPoor
84786,Equisetum arvense,ForestWetPoor
84787,Equisetum arvense,ForestWetPoor
84788,Equisetum arvense,ForestWetPoor
84789,Equisetum arvense,ForestWetPoor
84790,Equisetum arvense,ForestWetPoor
84791,Equisetum arvense,ForestWetPoor
84792,Equisetum arvense,ForestWetPoor
84793,Equisetum arvense,ForestWetPoor
84794,Equisetum arvense,ForestWetPoor
84795,Equisetum arvense,ForestWetPoor
85335,Equisetum arvense,ForestWetPoor
85336,Equisetum arvense,ForestWetPoor
85337,Equisetum arvense,ForestWetPoor
85338,Equisetum arvense,ForestWetPoor
85339,Equisetum arvense,ForestWetPoor
85340,Equisetum arvense,ForestWetPoor
85341,Equisetum arvense,ForestWetPoor
85342,Equisetum arvense,ForestWetPoor
85343,Equisetum arvense,ForestWetPoor
85344,Equisetum arvense,ForestWetPoor
85345,Equisetum arvense,ForestWetPoor
85346,Equisetum arvense,ForestWetPoor
85347,Equisetum arvense,ForestWetPoor
85348,Equisetum arvense,ForestWetPoor
85349,Equisetum arvense,ForestWetPoor
85350,Equisetum arvense,ForestWetPoor
85351,Equisetum arvense,ForestWetPoor
85352,Equisetum arvense,ForestWetPoor
85353,Equisetum arvense,ForestWetPoor
85354,Equisetum arvense,ForestWetPoor
85355,Equisetum arvense,ForestWetPoor
85356,Equisetum arvense,ForestWetPoor
85357,Equisetum arvense,ForestWetPoor
85358,Equisetum arvense,ForestWetPoor
85359,Equisetum arvense,ForestWetPoor
85360,Equisetum arvense,ForestWetPoor
85361,Equisetum arvense,ForestWetPoor
85362,Equisetum arvense,ForestWetPoor
85363,Equisetum arvense,ForestWetPoor
85364,Equisetum arvense,ForestWetPoor
85365,Equisetum arvense,ForestWetPoor
85366,Equisetum arvense,ForestWetPoor
85367,Equisetum arvense,ForestWetPoor
85368,Equisetum arvense,ForestWetPoor
85369,Equisetum arvense,ForestWetPoor
85370,Equisetum arvense,ForestWetPoor
85371,Equisetum arvense,ForestWetPoor
85372,Equisetum arvense,ForestWetPoor
85373,Equisetum arvense,ForestWetPoor
85374,Equisetum arvense,ForestWetPoor
85375,Equisetum arvense,ForestWetPoor
85376,Equisetum arvense,ForestWetPoor
85377,Equisetum arvense,ForestWetPoor
85378,Equisetum arvense,ForestWetPoor
85379,Equisetum arvense,ForestWetPoor
85380,Equisetum arvense,ForestWetPoor
85381,Equisetum arvense,ForestWetPoor
85382,Equisetum arvense,ForestWetPoor
85383,Equisetum arvense,ForestWetPoor
85384,Equisetum arvense,ForestWetPoor
85385,Equisetum arvense,ForestWetPoor
85386,Equisetum arvense,ForestWetPoor
85387,Equisetum arvense,ForestWetPoor
85388,Equisetum arvense,ForestWetPoor
85389,Equisetum arvense,ForestWetPoor
85390,Equisetum arvense,ForestWetPoor
85391,Equisetum arvense,ForestWetPoor
85392,Equisetum arvense,ForestWetPoor
85393,Equisetum arvense,ForestWetPoor
85394,Equisetum arvense,ForestWetPoor
85935,Equisetum arvense,ForestWetPoor
85936,Equisetum arvense,ForestWetPoor
85937,Equisetum arvense,ForestWetPoor
85938,Equisetum arvense,ForestWetPoor
85939,Equisetum arvense,ForestWetPoor
85940,Equisetum arvense,ForestWetPoor
85941,Equisetum arvense,ForestWetPoor
85942,Equisetum arvense,ForestWetPoor
85943,Equisetum arvense,ForestWetPoor
85944,Equisetum arvense,ForestWetPoor
85945,Equisetum arvense,ForestWetPoor
85946,Equisetum arvense,ForestWetPoor
85947,Equisetum arvense,ForestWetPoor
85948,Equisetum arvense,ForestWetPoor
85949,Equisetum arvense,ForestWetPoor
85950,Equisetum arvense,ForestWetPoor
85951,Equisetum ar9,Equisetum arvense,ForestWetPoor
131020,Equisetum arvense,ForestWetPoor
131021,Equisetum arvense,ForestWetPoor
131022,Equisetum arvense,ForestWetPoor
131023,Equisetum arvense,ForestWetPoor
131024,Equisetum arvense,ForestWetPoor
131025,Equisetum arvense,ForestWetPoor
131026,Equisetum arvense,ForestWetPoor
131027,Equisetum arvense,ForestWetPoor
131028,Equisetum arvense,ForestWetPoor
131029,Equisetum arvense,ForestWetPoor
131030,Equisetum arvense,ForestWetPoor
131031,Equisetum arvense,ForestWetPoor
131032,Equisetum arvense,ForestWetPoor
131033,Equisetum arvense,ForestWetPoor
131034,Equisetum arvense,ForestWetPoor
131035,Equisetum arvense,ForestWetPoor
131036,Equisetum arvense,ForestWetPoor
131037,Equisetum arvense,ForestWetPoor
131038,Equisetum arvense,ForestWetPoor
131059,Equisetum arvense,ForestWetPoor
131060,Equisetum arvense,ForestWetPoor
131061,Equisetum arvense,ForestWetPoor
131062,Equisetum arvense,ForestWetPoor
131063,Equisetum arvense,ForestWetPoor
131064,Equisetum arvense,ForestWetPoor
131065,Equisetum arvense,ForestWetPoor
131066,Equisetum arvense,ForestWetPoor
131067,Equisetum arvense,ForestWetPoor
131068,Equisetum arvense,ForestWetPoor
131069,Equisetum arvense,ForestWetPoor
131070,Equisetum arvense,ForestWetPoor
131071,Equisetum arvense,ForestWetPoor
131072,Equisetum arvense,ForestWetPoor
131073,Equisetum arvense,ForestWetPoor
131074,Equisetum arvense,ForestWetPoor
131075,Equisetum arvense,ForestWetPoor
131076,Equisetum arvense,ForestWetPoor
131077,Equisetum arvense,ForestWetPoor
131078,Equisetum arvense,ForestWetPoor
131618,Equisetum arvense,ForestWetPoor
131619,Equisetum arvense,ForestWetPoor
131620,Equisetum arvense,ForestWetPoor
131621,Equisetum arvense,ForestWetPoor
131622,Equisetum arvense,ForestWetPoor
131623,Equisetum arvense,ForestWetPoor
131624,Equisetum arvense,ForestWetPoor
131625,Equisetum arvense,ForestWetPoor
131626,Equisetum arvense,ForestWetPoor
131627,Equisetum arvense,ForestWetPoor
131628,Equisetum arvense,ForestWetPoor
131629,Equisetum arvense,ForestWetPoor
131630,Equisetum arvense,ForestWetPoor
131631,Equisetum arvense,ForestWetPoor
131632,Equisetum arvense,ForestWetPoor
131633,Equisetum arvense,ForestWetPoor
131634,Equisetum arvense,ForestWetPoor
131635,Equisetum arvense,ForestWetPoor
131636,Equisetum arvense,ForestWetPoor
131637,Equisetum arvense,ForestWetPoor
131658,Equisetum arvense,ForestWetPoor
131659,Equisetum arvense,ForestWetPoor
131660,Equisetum arvense,ForestWetPoor
131661,Equisetum arvense,ForestWetPoor
131662,Equisetum arvense,ForestWetPoor
131663,Equisetum arvense,ForestWetPoor
131664,Equisetum arvense,ForestWetPoor
131665,Equisetum arvense,ForestWetPoor
131666,Equisetum arvense,ForestWetPoor
131667,Equisetum arvense,ForestWetPoor
131668,Equisetum arvense,ForestWetPoor
131669,Equisetum arvense,ForestWetPoor
131670,Equisetum arvense,ForestWetPoor
131671,Equisetum arvense,ForestWetPoor
131672,Equisetum arvense,ForestWetPoor
131673,Equisetum arvense,ForestWetPoor
131674,Equisetum arvense,ForestWetPoor
131675,Equisetum arvense,ForestWetPoor
131676,Equisetum arvense,ForestWetPoor
131677,Equisetum arvense,ForestWetPoor
132217,Equisetum arvense,ForestWetPoor
132218,Equisetum arvense,ForestWetPoor
132219,Equisetum arvense,ForestWetPoor
132220,Equisetum arvense,ForestWetPoor
132221,Equisetum arvense,ForestWetPoor
132222,Equisetum arvense,ForestWetPoor
132223,Equisetum arvense,ForestWetPoor
132224,Equisetum arvense,ForestWetPoor
132225,Equisetum arvense,ForestWetPoor
132226,Equisetum arvense,ForestWetPoor
132227,Equisetum arvense,ForestWetPoor
132228,Equisetum arvense,ForestWetPoor
132229,Equisetum arvense,ForestWetPoor
132230,Equisetum arvense,ForestWetPoor
132231,Equisetum arvense,ForestWetPoor
132232,Equisetum arvense,ForestWetPoor
132233,Equisetum arvense,ForestWetPoor
132234,Equisetum arvense,ForestWetPoor
132235,Equisetum arvense,ForestWetPoor
132236,Equisetum arvense,ForestWetPoor
132257,Equisetum arvense,ForestWetPoor
132258,Equisetum arvense,ForestWetPoor
132259,Equisetum arvense,ForestWetPoor
132260,Equisetum arvense,ForestWetPoor
132261,Equisetum arvense,ForestWetPoor
132262vense,ForestWetPoor
85952,Equisetum arvense,ForestWetPoor
85953,Equisetum arvense,ForestWetPoor
85954,Equisetum arvense,ForestWetPoor
85955,Equisetum arvense,ForestWetPoor
85956,Equisetum arvense,ForestWetPoor
85957,Equisetum arvense,ForestWetPoor
85958,Equisetum arvense,ForestWetPoor
85959,Equisetum arvense,ForestWetPoor
85960,Equisetum arvense,ForestWetPoor
85961,Equisetum arvense,ForestWetPoor
85962,Equisetum arvense,ForestWetPoor
85963,Equisetum arvense,ForestWetPoor
85964,Equisetum arvense,ForestWetPoor
85965,Equisetum arvense,ForestWetPoor
85966,Equisetum arvense,ForestWetPoor
85967,Equisetum arvense,ForestWetPoor
85968,Equisetum arvense,ForestWetPoor
85969,Equisetum arvense,ForestWetPoor
85970,Equisetum arvense,ForestWetPoor
85971,Equisetum arvense,ForestWetPoor
85972,Equisetum arvense,ForestWetPoor
85973,Equisetum arvense,ForestWetPoor
85974,Equisetum arvense,ForestWetPoor
85975,Equisetum arvense,ForestWetPoor
85976,Equisetum arvense,ForestWetPoor
85977,Equisetum arvense,ForestWetPoor
85978,Equisetum arvense,ForestWetPoor
85979,Equisetum arvense,ForestWetPoor
85980,Equisetum arvense,ForestWetPoor
85981,Equisetum arvense,ForestWetPoor
85982,Equisetum arvense,ForestWetPoor
85983,Equisetum arvense,ForestWetPoor
85984,Equisetum arvense,ForestWetPoor
85985,Equisetum arvense,ForestWetPoor
85986,Equisetum arvense,ForestWetPoor
85987,Equisetum arvense,ForestWetPoor
85988,Equisetum arvense,ForestWetPoor
85989,Equisetum arvense,ForestWetPoor
85990,Equisetum arvense,ForestWetPoor
85991,Equisetum arvense,ForestWetPoor
85992,Equisetum arvense,ForestWetPoor
85993,Equisetum arvense,ForestWetPoor
86535,Equisetum arvense,ForestWetPoor
86536,Equisetum arvense,ForestWetPoor
86537,Equisetum arvense,ForestWetPoor
86538,Equisetum arvense,ForestWetPoor
86539,Equisetum arvense,ForestWetPoor
86540,Equisetum arvense,ForestWetPoor
86541,Equisetum arvense,ForestWetPoor
86542,Equisetum arvense,ForestWetPoor
86543,Equisetum arvense,ForestWetPoor
86544,Equisetum arvense,ForestWetPoor
86545,Equisetum arvense,ForestWetPoor
86546,Equisetum arvense,ForestWetPoor
86547,Equisetum arvense,ForestWetPoor
86548,Equisetum arvense,ForestWetPoor
86549,Equisetum arvense,ForestWetPoor
86550,Equisetum arvense,ForestWetPoor
86551,Equisetum arvense,ForestWetPoor
86552,Equisetum arvense,ForestWetPoor
86553,Equisetum arvense,ForestWetPoor
86554,Equisetum arvense,ForestWetPoor
86555,Equisetum arvense,ForestWetPoor
86556,Equisetum arvense,ForestWetPoor
86557,Equisetum arvense,ForestWetPoor
86558,Equisetum arvense,ForestWetPoor
86559,Equisetum arvense,ForestWetPoor
86560,Equisetum arvense,ForestWetPoor
86561,Equisetum arvense,ForestWetPoor
86562,Equisetum arvense,ForestWetPoor
86563,Equisetum arvense,ForestWetPoor
86564,Equisetum arvense,ForestWetPoor
86565,Equisetum arvense,ForestWetPoor
86566,Equisetum arvense,ForestWetPoor
86567,Equisetum arvense,ForestWetPoor
86568,Equisetum arvense,ForestWetPoor
86569,Equisetum arvense,ForestWetPoor
86570,Equisetum arvense,ForestWetPoor
86571,Equisetum arvense,ForestWetPoor
86572,Equisetum arvense,ForestWetPoor
86573,Equisetum arvense,ForestWetPoor
86574,Equisetum arvense,ForestWetPoor
86575,Equisetum arvense,ForestWetPoor
86576,Equisetum arvense,ForestWetPoor
86577,Equisetum arvense,ForestWetPoor
86578,Equisetum arvense,ForestWetPoor
86579,Equisetum arvense,ForestWetPoor
86580,Equisetum arvense,ForestWetPoor
86581,Equisetum arvense,ForestWetPoor
86582,Equisetum arvense,ForestWetPoor
86583,Equisetum arvense,ForestWetPoor
86584,Equisetum arvense,ForestWetPoor
86585,Equisetum arvense,ForestWetPoor
86586,Equisetum arvense,ForestWetPoor
86587,Equisetum arvense,ForestWetPoor
86588,Equisetum arvense,ForestWetPoor
86589,Equisetum arvense,ForestWetPoor
86590,Equisetum arvense,ForestWetPoor
86591,Equisetum arvense,ForestWetPoor
86592,Equisetum arvense,ForestWetPoor
86593,Equisetum arvense,ForestWetPoor
86594,Equisetum arvense,ForestWetPoor
86595,Equisetum arvense,ForestWetPoor
86596,Equisetum arvense,ForestWetPoor
86597,Equisetum arvense,ForestWetPoor
86598,Equisetum arvense,ForestWetPoor
86599,Equisetum arvense,ForestWetPoor
86600,Equi,Equisetum arvense,ForestWetPoor
132263,Equisetum arvense,ForestWetPoor
132264,Equisetum arvense,ForestWetPoor
132265,Equisetum arvense,ForestWetPoor
132266,Equisetum arvense,ForestWetPoor
132267,Equisetum arvense,ForestWetPoor
132268,Equisetum arvense,ForestWetPoor
132269,Equisetum arvense,ForestWetPoor
132270,Equisetum arvense,ForestWetPoor
132271,Equisetum arvense,ForestWetPoor
132272,Equisetum arvense,ForestWetPoor
132273,Equisetum arvense,ForestWetPoor
132274,Equisetum arvense,ForestWetPoor
132275,Equisetum arvense,ForestWetPoor
132276,Equisetum arvense,ForestWetPoor
132816,Equisetum arvense,ForestWetPoor
132817,Equisetum arvense,ForestWetPoor
132818,Equisetum arvense,ForestWetPoor
132819,Equisetum arvense,ForestWetPoor
132820,Equisetum arvense,ForestWetPoor
132821,Equisetum arvense,ForestWetPoor
132822,Equisetum arvense,ForestWetPoor
132823,Equisetum arvense,ForestWetPoor
132824,Equisetum arvense,ForestWetPoor
132825,Equisetum arvense,ForestWetPoor
132826,Equisetum arvense,ForestWetPoor
132827,Equisetum arvense,ForestWetPoor
132828,Equisetum arvense,ForestWetPoor
132829,Equisetum arvense,ForestWetPoor
132830,Equisetum arvense,ForestWetPoor
132831,Equisetum arvense,ForestWetPoor
132832,Equisetum arvense,ForestWetPoor
132833,Equisetum arvense,ForestWetPoor
132834,Equisetum arvense,ForestWetPoor
132835,Equisetum arvense,ForestWetPoor
132856,Equisetum arvense,ForestWetPoor
132857,Equisetum arvense,ForestWetPoor
132858,Equisetum arvense,ForestWetPoor
132859,Equisetum arvense,ForestWetPoor
132860,Equisetum arvense,ForestWetPoor
132861,Equisetum arvense,ForestWetPoor
132862,Equisetum arvense,ForestWetPoor
132863,Equisetum arvense,ForestWetPoor
132864,Equisetum arvense,ForestWetPoor
132865,Equisetum arvense,ForestWetPoor
132866,Equisetum arvense,ForestWetPoor
132867,Equisetum arvense,ForestWetPoor
132868,Equisetum arvense,ForestWetPoor
132869,Equisetum arvense,ForestWetPoor
132870,Equisetum arvense,ForestWetPoor
132871,Equisetum arvense,ForestWetPoor
132872,Equisetum arvense,ForestWetPoor
132873,Equisetum arvense,ForestWetPoor
132874,Equisetum arvense,ForestWetPoor
132875,Equisetum arvense,ForestWetPoor
133415,Equisetum arvense,ForestWetPoor
133416,Equisetum arvense,ForestWetPoor
133417,Equisetum arvense,ForestWetPoor
133418,Equisetum arvense,ForestWetPoor
133419,Equisetum arvense,ForestWetPoor
133420,Equisetum arvense,ForestWetPoor
133421,Equisetum arvense,ForestWetPoor
133422,Equisetum arvense,ForestWetPoor
133423,Equisetum arvense,ForestWetPoor
133424,Equisetum arvense,ForestWetPoor
133425,Equisetum arvense,ForestWetPoor
133426,Equisetum arvense,ForestWetPoor
133427,Equisetum arvense,ForestWetPoor
133428,Equisetum arvense,ForestWetPoor
133429,Equisetum arvense,ForestWetPoor
133430,Equisetum arvense,ForestWetPoor
133431,Equisetum arvense,ForestWetPoor
133432,Equisetum arvense,ForestWetPoor
133433,Equisetum arvense,ForestWetPoor
133434,Equisetum arvense,ForestWetPoor
133455,Equisetum arvense,ForestWetPoor
133456,Equisetum arvense,ForestWetPoor
133457,Equisetum arvense,ForestWetPoor
133458,Equisetum arvense,ForestWetPoor
133459,Equisetum arvense,ForestWetPoor
133460,Equisetum arvense,ForestWetPoor
133461,Equisetum arvense,ForestWetPoor
133462,Equisetum arvense,ForestWetPoor
133463,Equisetum arvense,ForestWetPoor
133464,Equisetum arvense,ForestWetPoor
133465,Equisetum arvense,ForestWetPoor
133466,Equisetum arvense,ForestWetPoor
133467,Equisetum arvense,ForestWetPoor
133468,Equisetum arvense,ForestWetPoor
133469,Equisetum arvense,ForestWetPoor
133470,Equisetum arvense,ForestWetPoor
133471,Equisetum arvense,ForestWetPoor
133472,Equisetum arvense,ForestWetPoor
133473,Equisetum arvense,ForestWetPoor
133474,Equisetum arvense,ForestWetPoor
134014,Equisetum arvense,ForestWetPoor
134015,Equisetum arvense,ForestWetPoor
134016,Equisetum arvense,ForestWetPoor
134017,Equisetum arvense,ForestWetPoor
134018,Equisetum arvense,ForestWetPoor
134019,Equisetum arvense,ForestWetPoor
134020,Equisetum arvense,ForestWetPoor
134021,Equisetum arvense,ForestWetPoor
134022,Equisetum arvense,ForestWetPoor
134023,Equisetum arvense,ForestWetPoor
134024,setum arvense,ForestWetPoor
86601,Equisetum arvense,ForestWetPoor
86602,Equisetum arvense,ForestWetPoor
86603,Equisetum arvense,ForestWetPoor
86604,Equisetum arvense,ForestWetPoor
86605,Equisetum arvense,ForestWetPoor
86606,Equisetum arvense,ForestWetPoor
86607,Equisetum arvense,ForestWetPoor
86608,Equisetum arvense,ForestWetPoor
86609,Equisetum arvense,ForestWetPoor
86610,Equisetum arvense,ForestWetPoor
86611,Equisetum arvense,ForestWetPoor
86612,Equisetum arvense,ForestWetPoor
86613,Equisetum arvense,ForestWetPoor
86614,Equisetum arvense,ForestWetPoor
87135,Equisetum arvense,ForestWetPoor
87136,Equisetum arvense,ForestWetPoor
87137,Equisetum arvense,ForestWetPoor
87138,Equisetum arvense,ForestWetPoor
87139,Equisetum arvense,ForestWetPoor
87140,Equisetum arvense,ForestWetPoor
87141,Equisetum arvense,ForestWetPoor
87142,Equisetum arvense,ForestWetPoor
87143,Equisetum arvense,ForestWetPoor
87144,Equisetum arvense,ForestWetPoor
87145,Equisetum arvense,ForestWetPoor
87146,Equisetum arvense,ForestWetPoor
87147,Equisetum arvense,ForestWetPoor
87148,Equisetum arvense,ForestWetPoor
87149,Equisetum arvense,ForestWetPoor
87150,Equisetum arvense,ForestWetPoor
87151,Equisetum arvense,ForestWetPoor
87152,Equisetum arvense,ForestWetPoor
87153,Equisetum arvense,ForestWetPoor
87154,Equisetum arvense,ForestWetPoor
87155,Equisetum arvense,ForestWetPoor
87156,Equisetum arvense,ForestWetPoor
87157,Equisetum arvense,ForestWetPoor
87158,Equisetum arvense,ForestWetPoor
87159,Equisetum arvense,ForestWetPoor
87160,Equisetum arvense,ForestWetPoor
87161,Equisetum arvense,ForestWetPoor
87162,Equisetum arvense,ForestWetPoor
87163,Equisetum arvense,ForestWetPoor
87164,Equisetum arvense,ForestWetPoor
87165,Equisetum arvense,ForestWetPoor
87166,Equisetum arvense,ForestWetPoor
87167,Equisetum arvense,ForestWetPoor
87168,Equisetum arvense,ForestWetPoor
87169,Equisetum arvense,ForestWetPoor
87170,Equisetum arvense,ForestWetPoor
87171,Equisetum arvense,ForestWetPoor
87172,Equisetum arvense,ForestWetPoor
87173,Equisetum arvense,ForestWetPoor
87174,Equisetum arvense,ForestWetPoor
87175,Equisetum arvense,ForestWetPoor
87176,Equisetum arvense,ForestWetPoor
87177,Equisetum arvense,ForestWetPoor
87178,Equisetum arvense,ForestWetPoor
87179,Equisetum arvense,ForestWetPoor
87180,Equisetum arvense,ForestWetPoor
87181,Equisetum arvense,ForestWetPoor
87182,Equisetum arvense,ForestWetPoor
87183,Equisetum arvense,ForestWetPoor
87184,Equisetum arvense,ForestWetPoor
87185,Equisetum arvense,ForestWetPoor
87186,Equisetum arvense,ForestWetPoor
87187,Equisetum arvense,ForestWetPoor
87188,Equisetum arvense,ForestWetPoor
87189,Equisetum arvense,ForestWetPoor
87190,Equisetum arvense,ForestWetPoor
87191,Equisetum arvense,ForestWetPoor
87192,Equisetum arvense,ForestWetPoor
87193,Equisetum arvense,ForestWetPoor
87194,Equisetum arvense,ForestWetPoor
87195,Equisetum arvense,ForestWetPoor
87196,Equisetum arvense,ForestWetPoor
87197,Equisetum arvense,ForestWetPoor
87198,Equisetum arvense,ForestWetPoor
87199,Equisetum arvense,ForestWetPoor
87200,Equisetum arvense,ForestWetPoor
87201,Equisetum arvense,ForestWetPoor
87202,Equisetum arvense,ForestWetPoor
87203,Equisetum arvense,ForestWetPoor
87204,Equisetum arvense,ForestWetPoor
87205,Equisetum arvense,ForestWetPoor
87206,Equisetum arvense,ForestWetPoor
87207,Equisetum arvense,ForestWetPoor
87208,Equisetum arvense,ForestWetPoor
87209,Equisetum arvense,ForestWetPoor
87210,Equisetum arvense,ForestWetPoor
87211,Equisetum arvense,ForestWetPoor
87212,Equisetum arvense,ForestWetPoor
87735,Equisetum arvense,ForestWetPoor
87736,Equisetum arvense,ForestWetPoor
87737,Equisetum arvense,ForestWetPoor
87738,Equisetum arvense,ForestWetPoor
87739,Equisetum arvense,ForestWetPoor
87740,Equisetum arvense,ForestWetPoor
87741,Equisetum arvense,ForestWetPoor
87742,Equisetum arvense,ForestWetPoor
87743,Equisetum arvense,ForestWetPoor
87744,Equisetum arvense,ForestWetPoor
87745,Equisetum arvense,ForestWetPoor
87746,Equisetum arvense,ForestWetPoor
87747,Equisetum arvense,ForestWetPoor
87748,Equisetum arvense,ForestWetPoor
87749,Equisetum arvense,ForestWetPoor
87110733,Equisetum arvense,ForestWetPoor
110734,Equisetum arvense,ForestWetPoor
110735,Equisetum arvense,ForestWetPoor
110736,Equisetum arvense,ForestWetPoor
110737,Equisetum arvense,ForestWetPoor
110738,Equisetum arvense,ForestWetPoor
110739,Equisetum arvense,ForestWetPoor
110740,Equisetum arvense,ForestWetPoor
110741,Equisetum arvense,ForestWetPoor
110742,Equisetum arvense,ForestWetPoor
110743,Equisetum arvense,ForestWetPoor
110744,Equisetum arvense,ForestWetPoor
110745,Equisetum arvense,ForestWetPoor
110746,Equisetum arvense,ForestWetPoor
110747,Equisetum arvense,ForestWetPoor
110748,Equisetum arvense,ForestWetPoor
110749,Equisetum arvense,ForestWetPoor
110750,Equisetum arvense,ForestWetPoor
111332,Equisetum arvense,ForestWetPoor
111333,Equisetum arvense,ForestWetPoor
111334,Equisetum arvense,ForestWetPoor
111335,Equisetum arvense,ForestWetPoor
111336,Equisetum arvense,ForestWetPoor
111337,Equisetum arvense,ForestWetPoor
111338,Equisetum arvense,ForestWetPoor
111339,Equisetum arvense,ForestWetPoor
111340,Equisetum arvense,ForestWetPoor
111341,Equisetum arvense,ForestWetPoor
111342,Equisetum arvense,ForestWetPoor
111343,Equisetum arvense,ForestWetPoor
111344,Equisetum arvense,ForestWetPoor
111345,Equisetum arvense,ForestWetPoor
111346,Equisetum arvense,ForestWetPoor
111347,Equisetum arvense,ForestWetPoor
111348,Equisetum arvense,ForestWetPoor
111349,Equisetum arvense,ForestWetPoor
111350,Equisetum arvense,ForestWetPoor
111931,Equisetum arvense,ForestWetPoor
111932,Equisetum arvense,ForestWetPoor
111933,Equisetum arvense,ForestWetPoor
111934,Equisetum arvense,ForestWetPoor
111935,Equisetum arvense,ForestWetPoor
111936,Equisetum arvense,ForestWetPoor
111937,Equisetum arvense,ForestWetPoor
111938,Equisetum arvense,ForestWetPoor
111939,Equisetum arvense,ForestWetPoor
111940,Equisetum arvense,ForestWetPoor
111941,Equisetum arvense,ForestWetPoor
111942,Equisetum arvense,ForestWetPoor
111943,Equisetum arvense,ForestWetPoor
111944,Equisetum arvense,ForestWetPoor
111945,Equisetum arvense,ForestWetPoor
111946,Equisetum arvense,ForestWetPoor
111947,Equisetum arvense,ForestWetPoor
111948,Equisetum arvense,ForestWetPoor
111949,Equisetum arvense,ForestWetPoor
112530,Equisetum arvense,ForestWetPoor
112531,Equisetum arvense,ForestWetPoor
112532,Equisetum arvense,ForestWetPoor
112533,Equisetum arvense,ForestWetPoor
112534,Equisetum arvense,ForestWetPoor
112535,Equisetum arvense,ForestWetPoor
112536,Equisetum arvense,ForestWetPoor
112537,Equisetum arvense,ForestWetPoor
112538,Equisetum arvense,ForestWetPoor
112539,Equisetum arvense,ForestWetPoor
112540,Equisetum arvense,ForestWetPoor
112541,Equisetum arvense,ForestWetPoor
112542,Equisetum arvense,ForestWetPoor
112543,Equisetum arvense,ForestWetPoor
112544,Equisetum arvense,ForestWetPoor
112545,Equisetum arvense,ForestWetPoor
112546,Equisetum arvense,ForestWetPoor
112547,Equisetum arvense,ForestWetPoor
112548,Equisetum arvense,ForestWetPoor
112549,Equisetum arvense,ForestWetPoor
113129,Equisetum arvense,ForestWetPoor
113130,Equisetum arvense,ForestWetPoor
113131,Equisetum arvense,ForestWetPoor
113132,Equisetum arvense,ForestWetPoor
113133,Equisetum arvense,ForestWetPoor
113134,Equisetum arvense,ForestWetPoor
113135,Equisetum arvense,ForestWetPoor
113136,Equisetum arvense,ForestWetPoor
113137,Equisetum arvense,ForestWetPoor
113138,Equisetum arvense,ForestWetPoor
113139,Equisetum arvense,ForestWetPoor
113140,Equisetum arvense,ForestWetPoor
113141,Equisetum arvense,ForestWetPoor
113142,Equisetum arvense,ForestWetPoor
113143,Equisetum arvense,ForestWetPoor
113144,Equisetum arvense,ForestWetPoor
113145,Equisetum arvense,ForestWetPoor
113146,Equisetum arvense,ForestWetPoor
113147,Equisetum arvense,ForestWetPoor
113148,Equisetum arvense,ForestWetPoor
113149,Equisetum arvense,ForestWetPoor
113728,Equisetum arvense,ForestWetPoor
113729,Equisetum arvense,ForestWetPoor
113730,Equisetum arvense,ForestWetPoor
113731,Equisetum arvense,ForestWetPoor
113732,Equisetum arvense,ForestWetPoor
113733,Equisetum arvense,ForestWetPoor
113734,Equisetum arvense,ForestWetPoor
113735,Equisetum arvense,ForestWetPoor
1Equisetum arvense,ForestWetPoor
134025,Equisetum arvense,ForestWetPoor
134026,Equisetum arvense,ForestWetPoor
134027,Equisetum arvense,ForestWetPoor
134028,Equisetum arvense,ForestWetPoor
134029,Equisetum arvense,ForestWetPoor
134030,Equisetum arvense,ForestWetPoor
134031,Equisetum arvense,ForestWetPoor
134032,Equisetum arvense,ForestWetPoor
134033,Equisetum arvense,ForestWetPoor
134054,Equisetum arvense,ForestWetPoor
134055,Equisetum arvense,ForestWetPoor
134056,Equisetum arvense,ForestWetPoor
134057,Equisetum arvense,ForestWetPoor
134058,Equisetum arvense,ForestWetPoor
134059,Equisetum arvense,ForestWetPoor
134060,Equisetum arvense,ForestWetPoor
134061,Equisetum arvense,ForestWetPoor
134062,Equisetum arvense,ForestWetPoor
134063,Equisetum arvense,ForestWetPoor
134064,Equisetum arvense,ForestWetPoor
134065,Equisetum arvense,ForestWetPoor
134066,Equisetum arvense,ForestWetPoor
134067,Equisetum arvense,ForestWetPoor
134068,Equisetum arvense,ForestWetPoor
134069,Equisetum arvense,ForestWetPoor
134070,Equisetum arvense,ForestWetPoor
134071,Equisetum arvense,ForestWetPoor
134072,Equisetum arvense,ForestWetPoor
134073,Equisetum arvense,ForestWetPoor
146613,Equisetum arvense,ForestWetPoor
146614,Equisetum arvense,ForestWetPoor
146615,Equisetum arvense,ForestWetPoor
146616,Equisetum arvense,ForestWetPoor
146617,Equisetum arvense,ForestWetPoor
146618,Equisetum arvense,ForestWetPoor
146619,Equisetum arvense,ForestWetPoor
146620,Equisetum arvense,ForestWetPoor
146621,Equisetum arvense,ForestWetPoor
146622,Equisetum arvense,ForestWetPoor
146623,Equisetum arvense,ForestWetPoor
146624,Equisetum arvense,ForestWetPoor
146625,Equisetum arvense,ForestWetPoor
146626,Equisetum arvense,ForestWetPoor
146627,Equisetum arvense,ForestWetPoor
146628,Equisetum arvense,ForestWetPoor
146629,Equisetum arvense,ForestWetPoor
146630,Equisetum arvense,ForestWetPoor
146631,Equisetum arvense,ForestWetPoor
146632,Equisetum arvense,ForestWetPoor
147212,Equisetum arvense,ForestWetPoor
147213,Equisetum arvense,ForestWetPoor
147214,Equisetum arvense,ForestWetPoor
147215,Equisetum arvense,ForestWetPoor
147216,Equisetum arvense,ForestWetPoor
147217,Equisetum arvense,ForestWetPoor
147218,Equisetum arvense,ForestWetPoor
147219,Equisetum arvense,ForestWetPoor
147220,Equisetum arvense,ForestWetPoor
147221,Equisetum arvense,ForestWetPoor
147222,Equisetum arvense,ForestWetPoor
147223,Equisetum arvense,ForestWetPoor
147224,Equisetum arvense,ForestWetPoor
147225,Equisetum arvense,ForestWetPoor
147226,Equisetum arvense,ForestWetPoor
147227,Equisetum arvense,ForestWetPoor
147228,Equisetum arvense,ForestWetPoor
147229,Equisetum arvense,ForestWetPoor
147230,Equisetum arvense,ForestWetPoor
147231,Equisetum arvense,ForestWetPoor
147811,Equisetum arvense,ForestWetPoor
147812,Equisetum arvense,ForestWetPoor
147813,Equisetum arvense,ForestWetPoor
147814,Equisetum arvense,ForestWetPoor
147815,Equisetum arvense,ForestWetPoor
147816,Equisetum arvense,ForestWetPoor
147817,Equisetum arvense,ForestWetPoor
147818,Equisetum arvense,ForestWetPoor
147819,Equisetum arvense,ForestWetPoor
147820,Equisetum arvense,ForestWetPoor
147821,Equisetum arvense,ForestWetPoor
147822,Equisetum arvense,ForestWetPoor
147823,Equisetum arvense,ForestWetPoor
147824,Equisetum arvense,ForestWetPoor
147825,Equisetum arvense,ForestWetPoor
147826,Equisetum arvense,ForestWetPoor
147827,Equisetum arvense,ForestWetPoor
147828,Equisetum arvense,ForestWetPoor
147829,Equisetum arvense,ForestWetPoor
147830,Equisetum arvense,ForestWetPoor
148410,Equisetum arvense,ForestWetPoor
148411,Equisetum arvense,ForestWetPoor
148412,Equisetum arvense,ForestWetPoor
148413,Equisetum arvense,ForestWetPoor
148414,Equisetum arvense,ForestWetPoor
148415,Equisetum arvense,ForestWetPoor
148416,Equisetum arvense,ForestWetPoor
148417,Equisetum arvense,ForestWetPoor
148418,Equisetum arvense,ForestWetPoor
148419,Equisetum arvense,ForestWetPoor
148420,Equisetum arvense,ForestWetPoor
148421,Equisetum arvense,ForestWetPoor
148422,Equisetum arvense,ForestWetPoor
148423,Equisetum arvense,ForestWetPoor
148424,Equisetum arvense,ForestWetPoor
148425,E750,Equisetum arvense,ForestWetPoor
87751,Equisetum arvense,ForestWetPoor
87752,Equisetum arvense,ForestWetPoor
87753,Equisetum arvense,ForestWetPoor
87754,Equisetum arvense,ForestWetPoor
87755,Equisetum arvense,ForestWetPoor
87756,Equisetum arvense,ForestWetPoor
87757,Equisetum arvense,ForestWetPoor
87758,Equisetum arvense,ForestWetPoor
87759,Equisetum arvense,ForestWetPoor
87760,Equisetum arvense,ForestWetPoor
87761,Equisetum arvense,ForestWetPoor
87762,Equisetum arvense,ForestWetPoor
87763,Equisetum arvense,ForestWetPoor
87764,Equisetum arvense,ForestWetPoor
87765,Equisetum arvense,ForestWetPoor
87766,Equisetum arvense,ForestWetPoor
87767,Equisetum arvense,ForestWetPoor
87768,Equisetum arvense,ForestWetPoor
87769,Equisetum arvense,ForestWetPoor
87770,Equisetum arvense,ForestWetPoor
87771,Equisetum arvense,ForestWetPoor
87772,Equisetum arvense,ForestWetPoor
87773,Equisetum arvense,ForestWetPoor
87774,Equisetum arvense,ForestWetPoor
87775,Equisetum arvense,ForestWetPoor
87776,Equisetum arvense,ForestWetPoor
87777,Equisetum arvense,ForestWetPoor
87778,Equisetum arvense,ForestWetPoor
87779,Equisetum arvense,ForestWetPoor
87780,Equisetum arvense,ForestWetPoor
87781,Equisetum arvense,ForestWetPoor
87782,Equisetum arvense,ForestWetPoor
87783,Equisetum arvense,ForestWetPoor
87784,Equisetum arvense,ForestWetPoor
87785,Equisetum arvense,ForestWetPoor
87786,Equisetum arvense,ForestWetPoor
87787,Equisetum arvense,ForestWetPoor
87788,Equisetum arvense,ForestWetPoor
87789,Equisetum arvense,ForestWetPoor
87790,Equisetum arvense,ForestWetPoor
87791,Equisetum arvense,ForestWetPoor
87792,Equisetum arvense,ForestWetPoor
87793,Equisetum arvense,ForestWetPoor
87794,Equisetum arvense,ForestWetPoor
87795,Equisetum arvense,ForestWetPoor
87796,Equisetum arvense,ForestWetPoor
87797,Equisetum arvense,ForestWetPoor
87798,Equisetum arvense,ForestWetPoor
87799,Equisetum arvense,ForestWetPoor
87800,Equisetum arvense,ForestWetPoor
87801,Equisetum arvense,ForestWetPoor
87802,Equisetum arvense,ForestWetPoor
87803,Equisetum arvense,ForestWetPoor
87804,Equisetum arvense,ForestWetPoor
87805,Equisetum arvense,ForestWetPoor
87806,Equisetum arvense,ForestWetPoor
87807,Equisetum arvense,ForestWetPoor
87808,Equisetum arvense,ForestWetPoor
87809,Equisetum arvense,ForestWetPoor
87810,Equisetum arvense,ForestWetPoor
88334,Equisetum arvense,ForestWetPoor
88335,Equisetum arvense,ForestWetPoor
88336,Equisetum arvense,ForestWetPoor
88337,Equisetum arvense,ForestWetPoor
88338,Equisetum arvense,ForestWetPoor
88339,Equisetum arvense,ForestWetPoor
88340,Equisetum arvense,ForestWetPoor
88341,Equisetum arvense,ForestWetPoor
88342,Equisetum arvense,ForestWetPoor
88343,Equisetum arvense,ForestWetPoor
88344,Equisetum arvense,ForestWetPoor
88345,Equisetum arvense,ForestWetPoor
88346,Equisetum arvense,ForestWetPoor
88347,Equisetum arvense,ForestWetPoor
88348,Equisetum arvense,ForestWetPoor
88349,Equisetum arvense,ForestWetPoor
88350,Equisetum arvense,ForestWetPoor
88351,Equisetum arvense,ForestWetPoor
88352,Equisetum arvense,ForestWetPoor
88353,Equisetum arvense,ForestWetPoor
88354,Equisetum arvense,ForestWetPoor
88355,Equisetum arvense,ForestWetPoor
88356,Equisetum arvense,ForestWetPoor
88357,Equisetum arvense,ForestWetPoor
88358,Equisetum arvense,ForestWetPoor
88359,Equisetum arvense,ForestWetPoor
88360,Equisetum arvense,ForestWetPoor
88361,Equisetum arvense,ForestWetPoor
88362,Equisetum arvense,ForestWetPoor
88363,Equisetum arvense,ForestWetPoor
88364,Equisetum arvense,ForestWetPoor
88365,Equisetum arvense,ForestWetPoor
88366,Equisetum arvense,ForestWetPoor
88367,Equisetum arvense,ForestWetPoor
88368,Equisetum arvense,ForestWetPoor
88369,Equisetum arvense,ForestWetPoor
88370,Equisetum arvense,ForestWetPoor
88371,Equisetum arvense,ForestWetPoor
88372,Equisetum arvense,ForestWetPoor
88373,Equisetum arvense,ForestWetPoor
88374,Equisetum arvense,ForestWetPoor
88375,Equisetum arvense,ForestWetPoor
88376,Equisetum arvense,ForestWetPoor
88377,Equisetum arvense,ForestWetPoor
88378,Equisetum arvense,ForestWetPoor
88379,Equisetum arvense,ForestWetPoor
88380,Equisetum arvense,ForestWequisetum arvense,ForestWetPoor
148426,Equisetum arvense,ForestWetPoor
148427,Equisetum arvense,ForestWetPoor
148428,Equisetum arvense,ForestWetPoor
148429,Equisetum arvense,ForestWetPoor
149009,Equisetum arvense,ForestWetPoor
149010,Equisetum arvense,ForestWetPoor
149011,Equisetum arvense,ForestWetPoor
149012,Equisetum arvense,ForestWetPoor
149013,Equisetum arvense,ForestWetPoor
149014,Equisetum arvense,ForestWetPoor
149015,Equisetum arvense,ForestWetPoor
149016,Equisetum arvense,ForestWetPoor
149017,Equisetum arvense,ForestWetPoor
149018,Equisetum arvense,ForestWetPoor
149019,Equisetum arvense,ForestWetPoor
149020,Equisetum arvense,ForestWetPoor
149021,Equisetum arvense,ForestWetPoor
149022,Equisetum arvense,ForestWetPoor
149023,Equisetum arvense,ForestWetPoor
149024,Equisetum arvense,ForestWetPoor
149025,Equisetum arvense,ForestWetPoor
149026,Equisetum arvense,ForestWetPoor
149027,Equisetum arvense,ForestWetPoor
149028,Equisetum arvense,ForestWetPoor
149608,Equisetum arvense,ForestWetPoor
149609,Equisetum arvense,ForestWetPoor
149610,Equisetum arvense,ForestWetPoor
149611,Equisetum arvense,ForestWetPoor
149612,Equisetum arvense,ForestWetPoor
149613,Equisetum arvense,ForestWetPoor
149614,Equisetum arvense,ForestWetPoor
149615,Equisetum arvense,ForestWetPoor
149616,Equisetum arvense,ForestWetPoor
149617,Equisetum arvense,ForestWetPoor
149618,Equisetum arvense,ForestWetPoor
149619,Equisetum arvense,ForestWetPoor
149620,Equisetum arvense,ForestWetPoor
149621,Equisetum arvense,ForestWetPoor
149622,Equisetum arvense,ForestWetPoor
149623,Equisetum arvense,ForestWetPoor
149624,Equisetum arvense,ForestWetPoor
149625,Equisetum arvense,ForestWetPoor
149626,Equisetum arvense,ForestWetPoor
149627,Equisetum arvense,ForestWetPoor
150207,Equisetum arvense,ForestWetPoor
150208,Equisetum arvense,ForestWetPoor
150209,Equisetum arvense,ForestWetPoor
150210,Equisetum arvense,ForestWetPoor
150211,Equisetum arvense,ForestWetPoor
150212,Equisetum arvense,ForestWetPoor
150213,Equisetum arvense,ForestWetPoor
150214,Equisetum arvense,ForestWetPoor
150215,Equisetum arvense,ForestWetPoor
150216,Equisetum arvense,ForestWetPoor
150217,Equisetum arvense,ForestWetPoor
150218,Equisetum arvense,ForestWetPoor
150219,Equisetum arvense,ForestWetPoor
150220,Equisetum arvense,ForestWetPoor
150221,Equisetum arvense,ForestWetPoor
150222,Equisetum arvense,ForestWetPoor
150223,Equisetum arvense,ForestWetPoor
150224,Equisetum arvense,ForestWetPoor
150225,Equisetum arvense,ForestWetPoor
150226,Equisetum arvense,ForestWetPoor
150806,Equisetum arvense,ForestWetPoor
150807,Equisetum arvense,ForestWetPoor
150808,Equisetum arvense,ForestWetPoor
150809,Equisetum arvense,ForestWetPoor
150810,Equisetum arvense,ForestWetPoor
150811,Equisetum arvense,ForestWetPoor
150812,Equisetum arvense,ForestWetPoor
150813,Equisetum arvense,ForestWetPoor
150814,Equisetum arvense,ForestWetPoor
150815,Equisetum arvense,ForestWetPoor
150816,Equisetum arvense,ForestWetPoor
150817,Equisetum arvense,ForestWetPoor
150818,Equisetum arvense,ForestWetPoor
150819,Equisetum arvense,ForestWetPoor
150820,Equisetum arvense,ForestWetPoor
150821,Equisetum arvense,ForestWetPoor
150822,Equisetum arvense,ForestWetPoor
150823,Equisetum arvense,ForestWetPoor
150824,Equisetum arvense,ForestWetPoor
150825,Equisetum arvense,ForestWetPoor
151405,Equisetum arvense,ForestWetPoor
151406,Equisetum arvense,ForestWetPoor
151407,Equisetum arvense,ForestWetPoor
151408,Equisetum arvense,ForestWetPoor
151409,Equisetum arvense,ForestWetPoor
151410,Equisetum arvense,ForestWetPoor
151411,Equisetum arvense,ForestWetPoor
151412,Equisetum arvense,ForestWetPoor
151413,Equisetum arvense,ForestWetPoor
151414,Equisetum arvense,ForestWetPoor
151415,Equisetum arvense,ForestWetPoor
151416,Equisetum arvense,ForestWetPoor
151417,Equisetum arvense,ForestWetPoor
151418,Equisetum arvense,ForestWetPoor
151419,Equisetum arvense,ForestWetPoor
151420,Equisetum arvense,ForestWetPoor
151421,Equisetum arvense,ForestWetPoor
151422,Equisetum arvense,ForestWetPoor
151423,Equisetum arvense,ForestWetPoor
151424,Equisetum arvense,ForestWetPoor
152004,Eq13736,Equisetum arvense,ForestWetPoor
113737,Equisetum arvense,ForestWetPoor
113738,Equisetum arvense,ForestWetPoor
113739,Equisetum arvense,ForestWetPoor
113740,Equisetum arvense,ForestWetPoor
113741,Equisetum arvense,ForestWetPoor
113742,Equisetum arvense,ForestWetPoor
113743,Equisetum arvense,ForestWetPoor
113744,Equisetum arvense,ForestWetPoor
113745,Equisetum arvense,ForestWetPoor
113746,Equisetum arvense,ForestWetPoor
113747,Equisetum arvense,ForestWetPoor
113748,Equisetum arvense,ForestWetPoor
114327,Equisetum arvense,ForestWetPoor
114328,Equisetum arvense,ForestWetPoor
114329,Equisetum arvense,ForestWetPoor
114330,Equisetum arvense,ForestWetPoor
114331,Equisetum arvense,ForestWetPoor
114332,Equisetum arvense,ForestWetPoor
114333,Equisetum arvense,ForestWetPoor
114334,Equisetum arvense,ForestWetPoor
114335,Equisetum arvense,ForestWetPoor
114336,Equisetum arvense,ForestWetPoor
114337,Equisetum arvense,ForestWetPoor
114338,Equisetum arvense,ForestWetPoor
114339,Equisetum arvense,ForestWetPoor
114340,Equisetum arvense,ForestWetPoor
114341,Equisetum arvense,ForestWetPoor
114342,Equisetum arvense,ForestWetPoor
114343,Equisetum arvense,ForestWetPoor
114344,Equisetum arvense,ForestWetPoor
114345,Equisetum arvense,ForestWetPoor
114346,Equisetum arvense,ForestWetPoor
114347,Equisetum arvense,ForestWetPoor
114348,Equisetum arvense,ForestWetPoor
114926,Equisetum arvense,ForestWetPoor
114927,Equisetum arvense,ForestWetPoor
114928,Equisetum arvense,ForestWetPoor
114929,Equisetum arvense,ForestWetPoor
114930,Equisetum arvense,ForestWetPoor
114931,Equisetum arvense,ForestWetPoor
114932,Equisetum arvense,ForestWetPoor
114933,Equisetum arvense,ForestWetPoor
114934,Equisetum arvense,ForestWetPoor
114935,Equisetum arvense,ForestWetPoor
114936,Equisetum arvense,ForestWetPoor
114937,Equisetum arvense,ForestWetPoor
114938,Equisetum arvense,ForestWetPoor
114939,Equisetum arvense,ForestWetPoor
114940,Equisetum arvense,ForestWetPoor
114941,Equisetum arvense,ForestWetPoor
114942,Equisetum arvense,ForestWetPoor
114943,Equisetum arvense,ForestWetPoor
114944,Equisetum arvense,ForestWetPoor
114945,Equisetum arvense,ForestWetPoor
114946,Equisetum arvense,ForestWetPoor
114947,Equisetum arvense,ForestWetPoor
114948,Equisetum arvense,ForestWetPoor
115525,Equisetum arvense,ForestWetPoor
115526,Equisetum arvense,ForestWetPoor
115527,Equisetum arvense,ForestWetPoor
115528,Equisetum arvense,ForestWetPoor
115529,Equisetum arvense,ForestWetPoor
115530,Equisetum arvense,ForestWetPoor
115531,Equisetum arvense,ForestWetPoor
115532,Equisetum arvense,ForestWetPoor
115533,Equisetum arvense,ForestWetPoor
115534,Equisetum arvense,ForestWetPoor
115535,Equisetum arvense,ForestWetPoor
115536,Equisetum arvense,ForestWetPoor
115537,Equisetum arvense,ForestWetPoor
115538,Equisetum arvense,ForestWetPoor
115539,Equisetum arvense,ForestWetPoor
115540,Equisetum arvense,ForestWetPoor
115541,Equisetum arvense,ForestWetPoor
115542,Equisetum arvense,ForestWetPoor
115543,Equisetum arvense,ForestWetPoor
115544,Equisetum arvense,ForestWetPoor
115545,Equisetum arvense,ForestWetPoor
115546,Equisetum arvense,ForestWetPoor
115547,Equisetum arvense,ForestWetPoor
116124,Equisetum arvense,ForestWetPoor
116125,Equisetum arvense,ForestWetPoor
116126,Equisetum arvense,ForestWetPoor
116127,Equisetum arvense,ForestWetPoor
116128,Equisetum arvense,ForestWetPoor
116129,Equisetum arvense,ForestWetPoor
116130,Equisetum arvense,ForestWetPoor
116131,Equisetum arvense,ForestWetPoor
116132,Equisetum arvense,ForestWetPoor
116133,Equisetum arvense,ForestWetPoor
116134,Equisetum arvense,ForestWetPoor
116135,Equisetum arvense,ForestWetPoor
116136,Equisetum arvense,ForestWetPoor
116137,Equisetum arvense,ForestWetPoor
116138,Equisetum arvense,ForestWetPoor
116139,Equisetum arvense,ForestWetPoor
116140,Equisetum arvense,ForestWetPoor
116141,Equisetum arvense,ForestWetPoor
116142,Equisetum arvense,ForestWetPoor
116143,Equisetum arvense,ForestWetPoor
116144,Equisetum arvense,ForestWetPoor
116145,Equisetum arvense,ForestWetPoor
116146,Equisetum arvense,ForestWetPoor
116723,Equisetum arvense,ForestWetPoor
11tPoor
88381,Equisetum arvense,ForestWetPoor
88382,Equisetum arvense,ForestWetPoor
88383,Equisetum arvense,ForestWetPoor
88384,Equisetum arvense,ForestWetPoor
88385,Equisetum arvense,ForestWetPoor
88386,Equisetum arvense,ForestWetPoor
88387,Equisetum arvense,ForestWetPoor
88388,Equisetum arvense,ForestWetPoor
88389,Equisetum arvense,ForestWetPoor
88390,Equisetum arvense,ForestWetPoor
88391,Equisetum arvense,ForestWetPoor
88392,Equisetum arvense,ForestWetPoor
88393,Equisetum arvense,ForestWetPoor
88394,Equisetum arvense,ForestWetPoor
88395,Equisetum arvense,ForestWetPoor
88396,Equisetum arvense,ForestWetPoor
88397,Equisetum arvense,ForestWetPoor
88398,Equisetum arvense,ForestWetPoor
88399,Equisetum arvense,ForestWetPoor
88400,Equisetum arvense,ForestWetPoor
88401,Equisetum arvense,ForestWetPoor
88402,Equisetum arvense,ForestWetPoor
88403,Equisetum arvense,ForestWetPoor
88404,Equisetum arvense,ForestWetPoor
88405,Equisetum arvense,ForestWetPoor
88406,Equisetum arvense,ForestWetPoor
88407,Equisetum arvense,ForestWetPoor
88408,Equisetum arvense,ForestWetPoor
88934,Equisetum arvense,ForestWetPoor
88935,Equisetum arvense,ForestWetPoor
88936,Equisetum arvense,ForestWetPoor
88937,Equisetum arvense,ForestWetPoor
88938,Equisetum arvense,ForestWetPoor
88939,Equisetum arvense,ForestWetPoor
88940,Equisetum arvense,ForestWetPoor
88941,Equisetum arvense,ForestWetPoor
88942,Equisetum arvense,ForestWetPoor
88943,Equisetum arvense,ForestWetPoor
88944,Equisetum arvense,ForestWetPoor
88945,Equisetum arvense,ForestWetPoor
88946,Equisetum arvense,ForestWetPoor
88947,Equisetum arvense,ForestWetPoor
88948,Equisetum arvense,ForestWetPoor
88949,Equisetum arvense,ForestWetPoor
88950,Equisetum arvense,ForestWetPoor
88951,Equisetum arvense,ForestWetPoor
88952,Equisetum arvense,ForestWetPoor
88953,Equisetum arvense,ForestWetPoor
88954,Equisetum arvense,ForestWetPoor
88955,Equisetum arvense,ForestWetPoor
88956,Equisetum arvense,ForestWetPoor
88957,Equisetum arvense,ForestWetPoor
88958,Equisetum arvense,ForestWetPoor
88959,Equisetum arvense,ForestWetPoor
88960,Equisetum arvense,ForestWetPoor
88961,Equisetum arvense,ForestWetPoor
88962,Equisetum arvense,ForestWetPoor
88963,Equisetum arvense,ForestWetPoor
88964,Equisetum arvense,ForestWetPoor
88965,Equisetum arvense,ForestWetPoor
88966,Equisetum arvense,ForestWetPoor
88967,Equisetum arvense,ForestWetPoor
88968,Equisetum arvense,ForestWetPoor
88969,Equisetum arvense,ForestWetPoor
88970,Equisetum arvense,ForestWetPoor
88971,Equisetum arvense,ForestWetPoor
88972,Equisetum arvense,ForestWetPoor
88973,Equisetum arvense,ForestWetPoor
88974,Equisetum arvense,ForestWetPoor
88975,Equisetum arvense,ForestWetPoor
88976,Equisetum arvense,ForestWetPoor
88977,Equisetum arvense,ForestWetPoor
88978,Equisetum arvense,ForestWetPoor
88979,Equisetum arvense,ForestWetPoor
88980,Equisetum arvense,ForestWetPoor
88981,Equisetum arvense,ForestWetPoor
88982,Equisetum arvense,ForestWetPoor
88983,Equisetum arvense,ForestWetPoor
88984,Equisetum arvense,ForestWetPoor
88985,Equisetum arvense,ForestWetPoor
88986,Equisetum arvense,ForestWetPoor
88987,Equisetum arvense,ForestWetPoor
88988,Equisetum arvense,ForestWetPoor
88989,Equisetum arvense,ForestWetPoor
88990,Equisetum arvense,ForestWetPoor
88991,Equisetum arvense,ForestWetPoor
88992,Equisetum arvense,ForestWetPoor
88993,Equisetum arvense,ForestWetPoor
88994,Equisetum arvense,ForestWetPoor
88995,Equisetum arvense,ForestWetPoor
88996,Equisetum arvense,ForestWetPoor
88997,Equisetum arvense,ForestWetPoor
88998,Equisetum arvense,ForestWetPoor
88999,Equisetum arvense,ForestWetPoor
89000,Equisetum arvense,ForestWetPoor
89001,Equisetum arvense,ForestWetPoor
89002,Equisetum arvense,ForestWetPoor
89003,Equisetum arvense,ForestWetPoor
89004,Equisetum arvense,ForestWetPoor
89005,Equisetum arvense,ForestWetPoor
89006,Equisetum arvense,ForestWetPoor
89007,Equisetum arvense,ForestWetPoor
89534,Equisetum arvense,ForestWetPoor
89535,Equisetum arvense,ForestWetPoor
89536,Equisetum arvense,ForestWetPoor
89537,Equisetum arvense,ForestWetPoor
89538,Equisetum arvense,ForestWetPoor
89539,Equisetum arvense,uisetum arvense,ForestWetPoor
152005,Equisetum arvense,ForestWetPoor
152006,Equisetum arvense,ForestWetPoor
152007,Equisetum arvense,ForestWetPoor
152008,Equisetum arvense,ForestWetPoor
152009,Equisetum arvense,ForestWetPoor
152010,Equisetum arvense,ForestWetPoor
152011,Equisetum arvense,ForestWetPoor
152012,Equisetum arvense,ForestWetPoor
152013,Equisetum arvense,ForestWetPoor
152014,Equisetum arvense,ForestWetPoor
152015,Equisetum arvense,ForestWetPoor
152016,Equisetum arvense,ForestWetPoor
152017,Equisetum arvense,ForestWetPoor
152018,Equisetum arvense,ForestWetPoor
152019,Equisetum arvense,ForestWetPoor
152020,Equisetum arvense,ForestWetPoor
152021,Equisetum arvense,ForestWetPoor
152022,Equisetum arvense,ForestWetPoor
152023,Equisetum arvense,ForestWetPoor
152603,Equisetum arvense,ForestWetPoor
152604,Equisetum arvense,ForestWetPoor
152605,Equisetum arvense,ForestWetPoor
152606,Equisetum arvense,ForestWetPoor
152607,Equisetum arvense,ForestWetPoor
152608,Equisetum arvense,ForestWetPoor
152609,Equisetum arvense,ForestWetPoor
152610,Equisetum arvense,ForestWetPoor
152611,Equisetum arvense,ForestWetPoor
152612,Equisetum arvense,ForestWetPoor
152613,Equisetum arvense,ForestWetPoor
152614,Equisetum arvense,ForestWetPoor
152615,Equisetum arvense,ForestWetPoor
152616,Equisetum arvense,ForestWetPoor
152617,Equisetum arvense,ForestWetPoor
152618,Equisetum arvense,ForestWetPoor
152619,Equisetum arvense,ForestWetPoor
152620,Equisetum arvense,ForestWetPoor
152621,Equisetum arvense,ForestWetPoor
152622,Equisetum arvense,ForestWetPoor
153202,Equisetum arvense,ForestWetPoor
153203,Equisetum arvense,ForestWetPoor
153204,Equisetum arvense,ForestWetPoor
153205,Equisetum arvense,ForestWetPoor
153206,Equisetum arvense,ForestWetPoor
153207,Equisetum arvense,ForestWetPoor
153208,Equisetum arvense,ForestWetPoor
153209,Equisetum arvense,ForestWetPoor
153210,Equisetum arvense,ForestWetPoor
153211,Equisetum arvense,ForestWetPoor
153212,Equisetum arvense,ForestWetPoor
153213,Equisetum arvense,ForestWetPoor
153214,Equisetum arvense,ForestWetPoor
153215,Equisetum arvense,ForestWetPoor
153216,Equisetum arvense,ForestWetPoor
153217,Equisetum arvense,ForestWetPoor
153218,Equisetum arvense,ForestWetPoor
153219,Equisetum arvense,ForestWetPoor
153220,Equisetum arvense,ForestWetPoor
153221,Equisetum arvense,ForestWetPoor
153801,Equisetum arvense,ForestWetPoor
153802,Equisetum arvense,ForestWetPoor
153803,Equisetum arvense,ForestWetPoor
153804,Equisetum arvense,ForestWetPoor
153805,Equisetum arvense,ForestWetPoor
153806,Equisetum arvense,ForestWetPoor
153807,Equisetum arvense,ForestWetPoor
153808,Equisetum arvense,ForestWetPoor
153809,Equisetum arvense,ForestWetPoor
153810,Equisetum arvense,ForestWetPoor
153811,Equisetum arvense,ForestWetPoor
153812,Equisetum arvense,ForestWetPoor
153813,Equisetum arvense,ForestWetPoor
153814,Equisetum arvense,ForestWetPoor
153815,Equisetum arvense,ForestWetPoor
153816,Equisetum arvense,ForestWetPoor
153817,Equisetum arvense,ForestWetPoor
153818,Equisetum arvense,ForestWetPoor
153819,Equisetum arvense,ForestWetPoor
153820,Equisetum arvense,ForestWetPoor
154400,Equisetum arvense,ForestWetPoor
154401,Equisetum arvense,ForestWetPoor
154402,Equisetum arvense,ForestWetPoor
154403,Equisetum arvense,ForestWetPoor
154404,Equisetum arvense,ForestWetPoor
154405,Equisetum arvense,ForestWetPoor
154406,Equisetum arvense,ForestWetPoor
154407,Equisetum arvense,ForestWetPoor
154408,Equisetum arvense,ForestWetPoor
154409,Equisetum arvense,ForestWetPoor
154410,Equisetum arvense,ForestWetPoor
154411,Equisetum arvense,ForestWetPoor
154412,Equisetum arvense,ForestWetPoor
154413,Equisetum arvense,ForestWetPoor
154414,Equisetum arvense,ForestWetPoor
154415,Equisetum arvense,ForestWetPoor
154416,Equisetum arvense,ForestWetPoor
154417,Equisetum arvense,ForestWetPoor
154418,Equisetum arvense,ForestWetPoor
154419,Equisetum arvense,ForestWetPoor
154999,Equisetum arvense,ForestWetPoor
155000,Equisetum arvense,ForestWetPoor
155001,Equisetum arvense,ForestWetPoor
155002,Equisetum arvense,ForestWetPoor
155003,Equisetum arvense,ForestWetPoor
155004,Equ6724,Equisetum arvense,ForestWetPoor
116725,Equisetum arvense,ForestWetPoor
116726,Equisetum arvense,ForestWetPoor
116727,Equisetum arvense,ForestWetPoor
116728,Equisetum arvense,ForestWetPoor
116729,Equisetum arvense,ForestWetPoor
116730,Equisetum arvense,ForestWetPoor
116731,Equisetum arvense,ForestWetPoor
116732,Equisetum arvense,ForestWetPoor
116733,Equisetum arvense,ForestWetPoor
116734,Equisetum arvense,ForestWetPoor
116735,Equisetum arvense,ForestWetPoor
116736,Equisetum arvense,ForestWetPoor
116737,Equisetum arvense,ForestWetPoor
116738,Equisetum arvense,ForestWetPoor
116739,Equisetum arvense,ForestWetPoor
116740,Equisetum arvense,ForestWetPoor
116741,Equisetum arvense,ForestWetPoor
116742,Equisetum arvense,ForestWetPoor
116743,Equisetum arvense,ForestWetPoor
116744,Equisetum arvense,ForestWetPoor
116745,Equisetum arvense,ForestWetPoor
116746,Equisetum arvense,ForestWetPoor
117322,Equisetum arvense,ForestWetPoor
117323,Equisetum arvense,ForestWetPoor
117324,Equisetum arvense,ForestWetPoor
117325,Equisetum arvense,ForestWetPoor
117326,Equisetum arvense,ForestWetPoor
117327,Equisetum arvense,ForestWetPoor
117328,Equisetum arvense,ForestWetPoor
117329,Equisetum arvense,ForestWetPoor
117330,Equisetum arvense,ForestWetPoor
117331,Equisetum arvense,ForestWetPoor
117332,Equisetum arvense,ForestWetPoor
117333,Equisetum arvense,ForestWetPoor
117334,Equisetum arvense,ForestWetPoor
117335,Equisetum arvense,ForestWetPoor
117336,Equisetum arvense,ForestWetPoor
117337,Equisetum arvense,ForestWetPoor
117338,Equisetum arvense,ForestWetPoor
117339,Equisetum arvense,ForestWetPoor
117340,Equisetum arvense,ForestWetPoor
117341,Equisetum arvense,ForestWetPoor
117342,Equisetum arvense,ForestWetPoor
117343,Equisetum arvense,ForestWetPoor
117344,Equisetum arvense,ForestWetPoor
117345,Equisetum arvense,ForestWetPoor
117921,Equisetum arvense,ForestWetPoor
117922,Equisetum arvense,ForestWetPoor
117923,Equisetum arvense,ForestWetPoor
117924,Equisetum arvense,ForestWetPoor
117925,Equisetum arvense,ForestWetPoor
117926,Equisetum arvense,ForestWetPoor
117927,Equisetum arvense,ForestWetPoor
117928,Equisetum arvense,ForestWetPoor
117929,Equisetum arvense,ForestWetPoor
117930,Equisetum arvense,ForestWetPoor
117931,Equisetum arvense,ForestWetPoor
117932,Equisetum arvense,ForestWetPoor
117933,Equisetum arvense,ForestWetPoor
117934,Equisetum arvense,ForestWetPoor
117935,Equisetum arvense,ForestWetPoor
117936,Equisetum arvense,ForestWetPoor
117937,Equisetum arvense,ForestWetPoor
117938,Equisetum arvense,ForestWetPoor
117939,Equisetum arvense,ForestWetPoor
117940,Equisetum arvense,ForestWetPoor
117941,Equisetum arvense,ForestWetPoor
117942,Equisetum arvense,ForestWetPoor
117943,Equisetum arvense,ForestWetPoor
117944,Equisetum arvense,ForestWetPoor
117945,Equisetum arvense,ForestWetPoor
118520,Equisetum arvense,ForestWetPoor
118521,Equisetum arvense,ForestWetPoor
118522,Equisetum arvense,ForestWetPoor
118523,Equisetum arvense,ForestWetPoor
118524,Equisetum arvense,ForestWetPoor
118525,Equisetum arvense,ForestWetPoor
118526,Equisetum arvense,ForestWetPoor
118527,Equisetum arvense,ForestWetPoor
118528,Equisetum arvense,ForestWetPoor
118529,Equisetum arvense,ForestWetPoor
118530,Equisetum arvense,ForestWetPoor
118531,Equisetum arvense,ForestWetPoor
118532,Equisetum arvense,ForestWetPoor
118533,Equisetum arvense,ForestWetPoor
118534,Equisetum arvense,ForestWetPoor
118535,Equisetum arvense,ForestWetPoor
118536,Equisetum arvense,ForestWetPoor
118537,Equisetum arvense,ForestWetPoor
118538,Equisetum arvense,ForestWetPoor
118539,Equisetum arvense,ForestWetPoor
118540,Equisetum arvense,ForestWetPoor
118541,Equisetum arvense,ForestWetPoor
118542,Equisetum arvense,ForestWetPoor
118543,Equisetum arvense,ForestWetPoor
118544,Equisetum arvense,ForestWetPoor
119119,Equisetum arvense,ForestWetPoor
119120,Equisetum arvense,ForestWetPoor
119121,Equisetum arvense,ForestWetPoor
119122,Equisetum arvense,ForestWetPoor
119123,Equisetum arvense,ForestWetPoor
119124,Equisetum arvense,ForestWetPoor
119125,Equisetum arvense,ForestWetPoor
119126,Equisetum arvense,ForestWetPoor
119isetum arvense,ForestWetPoor
155005,Equisetum arvense,ForestWetPoor
155006,Equisetum arvense,ForestWetPoor
155007,Equisetum arvense,ForestWetPoor
155008,Equisetum arvense,ForestWetPoor
155009,Equisetum arvense,ForestWetPoor
155010,Equisetum arvense,ForestWetPoor
155011,Equisetum arvense,ForestWetPoor
155012,Equisetum arvense,ForestWetPoor
155013,Equisetum arvense,ForestWetPoor
155014,Equisetum arvense,ForestWetPoor
155015,Equisetum arvense,ForestWetPoor
155016,Equisetum arvense,ForestWetPoor
155017,Equisetum arvense,ForestWetPoor
155018,Equisetum arvense,ForestWetPoor
155598,Equisetum arvense,ForestWetPoor
155599,Equisetum arvense,ForestWetPoor
155600,Equisetum arvense,ForestWetPoor
155601,Equisetum arvense,ForestWetPoor
155602,Equisetum arvense,ForestWetPoor
155603,Equisetum arvense,ForestWetPoor
155604,Equisetum arvense,ForestWetPoor
155605,Equisetum arvense,ForestWetPoor
155606,Equisetum arvense,ForestWetPoor
155607,Equisetum arvense,ForestWetPoor
155608,Equisetum arvense,ForestWetPoor
155609,Equisetum arvense,ForestWetPoor
155610,Equisetum arvense,ForestWetPoor
155611,Equisetum arvense,ForestWetPoor
155612,Equisetum arvense,ForestWetPoor
155613,Equisetum arvense,ForestWetPoor
155614,Equisetum arvense,ForestWetPoor
155615,Equisetum arvense,ForestWetPoor
155616,Equisetum arvense,ForestWetPoor
155617,Equisetum arvense,ForestWetPoor
156197,Equisetum arvense,ForestWetPoor
156198,Equisetum arvense,ForestWetPoor
156199,Equisetum arvense,ForestWetPoor
156200,Equisetum arvense,ForestWetPoor
156201,Equisetum arvense,ForestWetPoor
156202,Equisetum arvense,ForestWetPoor
156203,Equisetum arvense,ForestWetPoor
156204,Equisetum arvense,ForestWetPoor
156205,Equisetum arvense,ForestWetPoor
156206,Equisetum arvense,ForestWetPoor
156207,Equisetum arvense,ForestWetPoor
156208,Equisetum arvense,ForestWetPoor
156209,Equisetum arvense,ForestWetPoor
156210,Equisetum arvense,ForestWetPoor
156211,Equisetum arvense,ForestWetPoor
156212,Equisetum arvense,ForestWetPoor
156213,Equisetum arvense,ForestWetPoor
156214,Equisetum arvense,ForestWetPoor
156215,Equisetum arvense,ForestWetPoor
156216,Equisetum arvense,ForestWetPoor
156796,Equisetum arvense,ForestWetPoor
156797,Equisetum arvense,ForestWetPoor
156798,Equisetum arvense,ForestWetPoor
156799,Equisetum arvense,ForestWetPoor
156800,Equisetum arvense,ForestWetPoor
156801,Equisetum arvense,ForestWetPoor
156802,Equisetum arvense,ForestWetPoor
156803,Equisetum arvense,ForestWetPoor
156804,Equisetum arvense,ForestWetPoor
156805,Equisetum arvense,ForestWetPoor
156806,Equisetum arvense,ForestWetPoor
156807,Equisetum arvense,ForestWetPoor
156808,Equisetum arvense,ForestWetPoor
156809,Equisetum arvense,ForestWetPoor
156810,Equisetum arvense,ForestWetPoor
156811,Equisetum arvense,ForestWetPoor
156812,Equisetum arvense,ForestWetPoor
156813,Equisetum arvense,ForestWetPoor
156814,Equisetum arvense,ForestWetPoor
156815,Equisetum arvense,ForestWetPoor
157395,Equisetum arvense,ForestWetPoor
157396,Equisetum arvense,ForestWetPoor
157397,Equisetum arvense,ForestWetPoor
157398,Equisetum arvense,ForestWetPoor
157399,Equisetum arvense,ForestWetPoor
157400,Equisetum arvense,ForestWetPoor
157401,Equisetum arvense,ForestWetPoor
157402,Equisetum arvense,ForestWetPoor
157403,Equisetum arvense,ForestWetPoor
157404,Equisetum arvense,ForestWetPoor
157405,Equisetum arvense,ForestWetPoor
157406,Equisetum arvense,ForestWetPoor
157407,Equisetum arvense,ForestWetPoor
157408,Equisetum arvense,ForestWetPoor
157409,Equisetum arvense,ForestWetPoor
157410,Equisetum arvense,ForestWetPoor
157411,Equisetum arvense,ForestWetPoor
157412,Equisetum arvense,ForestWetPoor
157413,Equisetum arvense,ForestWetPoor
157414,Equisetum arvense,ForestWetPoor
157994,Equisetum arvense,ForestWetPoor
157995,Equisetum arvense,ForestWetPoor
157996,Equisetum arvense,ForestWetPoor
157997,Equisetum arvense,ForestWetPoor
157998,Equisetum arvense,ForestWetPoor
157999,Equisetum arvense,ForestWetPoor
158000,Equisetum arvense,ForestWetPoor
158001,Equisetum arvense,ForestWetPoor
158002,Equisetum arvense,ForestWetPoor
158003,Equisetum arvense,ForestWetPoor
158004,Equisetum arvense,ForestWetPoor
158005,Equisetum arvense,ForestWetPoor
158006,Equisetum arvense,ForestWetPoor
158007,Equisetum arvense,ForestWetPoor
158008,Equisetum arvense,ForestWetPoor
158009,Equisetum arvense,ForestWetPoor
158010,Equisetum arvense,ForestWetPoor
158011,Equisetum arvense,ForestWetPoor
158012,Equisetum arvense,ForestWetPoor
158013,Equisetum arvense,ForestWetPoor
ForestWetPoor
89540,Equisetum arvense,ForestWetPoor
89541,Equisetum arvense,ForestWetPoor
89542,Equisetum arvense,ForestWetPoor
89543,Equisetum arvense,ForestWetPoor
89544,Equisetum arvense,ForestWetPoor
89545,Equisetum arvense,ForestWetPoor
89546,Equisetum arvense,ForestWetPoor
89547,Equisetum arvense,ForestWetPoor
89548,Equisetum arvense,ForestWetPoor
89549,Equisetum arvense,ForestWetPoor
89550,Equisetum arvense,ForestWetPoor
89551,Equisetum arvense,ForestWetPoor
89552,Equisetum arvense,ForestWetPoor
89553,Equisetum arvense,ForestWetPoor
89554,Equisetum arvense,ForestWetPoor
89555,Equisetum arvense,ForestWetPoor
89556,Equisetum arvense,ForestWetPoor
89557,Equisetum arvense,ForestWetPoor
89558,Equisetum arvense,ForestWetPoor
89559,Equisetum arvense,ForestWetPoor
89560,Equisetum arvense,ForestWetPoor
89561,Equisetum arvense,ForestWetPoor
89562,Equisetum arvense,ForestWetPoor
89563,Equisetum arvense,ForestWetPoor
89564,Equisetum arvense,ForestWetPoor
89565,Equisetum arvense,ForestWetPoor
89566,Equisetum arvense,ForestWetPoor
89567,Equisetum arvense,ForestWetPoor
89568,Equisetum arvense,ForestWetPoor
89569,Equisetum arvense,ForestWetPoor
89570,Equisetum arvense,ForestWetPoor
89571,Equisetum arvense,ForestWetPoor
89572,Equisetum arvense,ForestWetPoor
89573,Equisetum arvense,ForestWetPoor
89574,Equisetum arvense,ForestWetPoor
89575,Equisetum arvense,ForestWetPoor
89576,Equisetum arvense,ForestWetPoor
89577,Equisetum arvense,ForestWetPoor
89578,Equisetum arvense,ForestWetPoor
89579,Equisetum arvense,ForestWetPoor
89580,Equisetum arvense,ForestWetPoor
89581,Equisetum arvense,ForestWetPoor
89582,Equisetum arvense,ForestWetPoor
89583,Equisetum arvense,ForestWetPoor
89584,Equisetum arvense,ForestWetPoor
89585,Equisetum arvense,ForestWetPoor
89586,Equisetum arvense,ForestWetPoor
89587,Equisetum arvense,ForestWetPoor
89588,Equisetum arvense,ForestWetPoor
89589,Equisetum arvense,ForestWetPoor
89590,Equisetum arvense,ForestWetPoor
89591,Equisetum arvense,ForestWetPoor
89592,Equisetum arvense,ForestWetPoor
89593,Equisetum arvense,ForestWetPoor
89594,Equisetum arvense,ForestWetPoor
89595,Equisetum arvense,ForestWetPoor
89596,Equisetum arvense,ForestWetPoor
89597,Equisetum arvense,ForestWetPoor
89598,Equisetum arvense,ForestWetPoor
89599,Equisetum arvense,ForestWetPoor
89600,Equisetum arvense,ForestWetPoor
89601,Equisetum arvense,ForestWetPoor
89602,Equisetum arvense,ForestWetPoor
89603,Equisetum arvense,ForestWetPoor
89604,Equisetum arvense,ForestWetPoor
89605,Equisetum arvense,ForestWetPoor
90134,Equisetum arvense,ForestWetPoor
90135,Equisetum arvense,ForestWetPoor
90136,Equisetum arvense,ForestWetPoor
90137,Equisetum arvense,ForestWetPoor
90138,Equisetum arvense,ForestWetPoor
90139,Equisetum arvense,ForestWetPoor
90140,Equisetum arvense,ForestWetPoor
90141,Equisetum arvense,ForestWetPoor
90142,Equisetum arvense,ForestWetPoor
90143,Equisetum arvense,ForestWetPoor
90144,Equisetum arvense,ForestWetPoor
90145,Equisetum arvense,ForestWetPoor
90146,Equisetum arvense,ForestWetPoor
90147,Equisetum arvense,ForestWetPoor
90148,Equisetum arvense,ForestWetPoor
90149,Equisetum arvense,ForestWetPoor
90150,Equisetum arvense,ForestWetPoor
90151,Equisetum arvense,ForestWetPoor
90152,Equisetum arvense,ForestWetPoor
90153,Equisetum arvense,ForestWetPoor
90154,Equisetum arvense,ForestWetPoor
90155,Equisetum arvense,ForestWetPoor
90156,Equisetum arvense,ForestWetPoor
90157,Equisetum arvense,ForestWetPoor
90158,Equisetum arvense,ForestWetPoor
90159,Equisetum arvense,ForestWetPoor
90160,Equisetum arvense,ForestWetPoor
90161,Equisetum arvense,ForestWetPoor
90162,Equisetum arvense,ForestWetPoor
90163,Equisetum arvense,ForestWetPoor
90164,Equisetum arvense,ForestWetPoor
90165,Equisetum arvense,ForestWetPoor
90166,Equisetum arvense,ForestWetPoor
90167,Equisetum arvense,ForestWetPoor
90168,Equisetum arvense,ForestWetPoor
90169,Equisetum arvense,ForestWetPoor
90170,Equisetum arvense,ForestWetPoor
90171,Equisetum arvense,ForestWetPoor
90172,Equisetum arvense,ForestWetPoor
90173,Equisetum arvense,ForestWetPoor
90174,Equisetum arvense,ForestWetPoor
90175,Equisetum 127,Equisetum arvense,ForestWetPoor
119128,Equisetum arvense,ForestWetPoor
119129,Equisetum arvense,ForestWetPoor
119130,Equisetum arvense,ForestWetPoor
119131,Equisetum arvense,ForestWetPoor
119132,Equisetum arvense,ForestWetPoor
119133,Equisetum arvense,ForestWetPoor
119134,Equisetum arvense,ForestWetPoor
119135,Equisetum arvense,ForestWetPoor
119136,Equisetum arvense,ForestWetPoor
119137,Equisetum arvense,ForestWetPoor
119138,Equisetum arvense,ForestWetPoor
119139,Equisetum arvense,ForestWetPoor
119140,Equisetum arvense,ForestWetPoor
119141,Equisetum arvense,ForestWetPoor
119142,Equisetum arvense,ForestWetPoor
119143,Equisetum arvense,ForestWetPoor
119718,Equisetum arvense,ForestWetPoor
119719,Equisetum arvense,ForestWetPoor
119720,Equisetum arvense,ForestWetPoor
119721,Equisetum arvense,ForestWetPoor
119722,Equisetum arvense,ForestWetPoor
119723,Equisetum arvense,ForestWetPoor
119724,Equisetum arvense,ForestWetPoor
119725,Equisetum arvense,ForestWetPoor
119726,Equisetum arvense,ForestWetPoor
119727,Equisetum arvense,ForestWetPoor
119728,Equisetum arvense,ForestWetPoor
119729,Equisetum arvense,ForestWetPoor
119730,Equisetum arvense,ForestWetPoor
119731,Equisetum arvense,ForestWetPoor
119732,Equisetum arvense,ForestWetPoor
119733,Equisetum arvense,ForestWetPoor
119734,Equisetum arvense,ForestWetPoor
119735,Equisetum arvense,ForestWetPoor
119736,Equisetum arvense,ForestWetPoor
119737,Equisetum arvense,ForestWetPoor
119738,Equisetum arvense,ForestWetPoor
119739,Equisetum arvense,ForestWetPoor
119740,Equisetum arvense,ForestWetPoor
119741,Equisetum arvense,ForestWetPoor
119742,Equisetum arvense,ForestWetPoor
119743,Equisetum arvense,ForestWetPoor
120317,Equisetum arvense,ForestWetPoor
120318,Equisetum arvense,ForestWetPoor
120319,Equisetum arvense,ForestWetPoor
120320,Equisetum arvense,ForestWetPoor
120321,Equisetum arvense,ForestWetPoor
120322,Equisetum arvense,ForestWetPoor
120323,Equisetum arvense,ForestWetPoor
120324,Equisetum arvense,ForestWetPoor
120325,Equisetum arvense,ForestWetPoor
120326,Equisetum arvense,ForestWetPoor
120327,Equisetum arvense,ForestWetPoor
120328,Equisetum arvense,ForestWetPoor
120329,Equisetum arvense,ForestWetPoor
120330,Equisetum arvense,ForestWetPoor
120331,Equisetum arvense,ForestWetPoor
120332,Equisetum arvense,ForestWetPoor
120333,Equisetum arvense,ForestWetPoor
120334,Equisetum arvense,ForestWetPoor
120335,Equisetum arvense,ForestWetPoor
120336,Equisetum arvense,ForestWetPoor
120337,Equisetum arvense,ForestWetPoor
120338,Equisetum arvense,ForestWetPoor
120339,Equisetum arvense,ForestWetPoor
120340,Equisetum arvense,ForestWetPoor
120341,Equisetum arvense,ForestWetPoor
120342,Equisetum arvense,ForestWetPoor
120916,Equisetum arvense,ForestWetPoor
120917,Equisetum arvense,ForestWetPoor
120918,Equisetum arvense,ForestWetPoor
120919,Equisetum arvense,ForestWetPoor
120920,Equisetum arvense,ForestWetPoor
120921,Equisetum arvense,ForestWetPoor
120922,Equisetum arvense,ForestWetPoor
120923,Equisetum arvense,ForestWetPoor
120924,Equisetum arvense,ForestWetPoor
120925,Equisetum arvense,ForestWetPoor
120926,Equisetum arvense,ForestWetPoor
120927,Equisetum arvense,ForestWetPoor
120928,Equisetum arvense,ForestWetPoor
120929,Equisetum arvense,ForestWetPoor
120930,Equisetum arvense,ForestWetPoor
120931,Equisetum arvense,ForestWetPoor
120932,Equisetum arvense,ForestWetPoor
120933,Equisetum arvense,ForestWetPoor
120934,Equisetum arvense,ForestWetPoor
120935,Equisetum arvense,ForestWetPoor
120936,Equisetum arvense,ForestWetPoor
120937,Equisetum arvense,ForestWetPoor
120938,Equisetum arvense,ForestWetPoor
120939,Equisetum arvense,ForestWetPoor
120940,Equisetum arvense,ForestWetPoor
120941,Equisetum arvense,ForestWetPoor
121515,Equisetum arvense,ForestWetPoor
121516,Equisetum arvense,ForestWetPoor
121517,Equisetum arvense,ForestWetPoor
121518,Equisetum arvense,ForestWetPoor
121519,Equisetum arvense,ForestWetPoor
121520,Equisetum arvense,ForestWetPoor
121521,Equisetum arvense,ForestWetPoor
121522,Equisetum arvense,ForestWetPoor
121523,Equisetum arvense,ForestWetPoor
121524,Equisetum arvense,ForestWetPoor
1215arvense,ForestWetPoor
90176,Equisetum arvense,ForestWetPoor
90177,Equisetum arvense,ForestWetPoor
90178,Equisetum arvense,ForestWetPoor
90179,Equisetum arvense,ForestWetPoor
90180,Equisetum arvense,ForestWetPoor
90181,Equisetum arvense,ForestWetPoor
90182,Equisetum arvense,ForestWetPoor
90183,Equisetum arvense,ForestWetPoor
90184,Equisetum arvense,ForestWetPoor
90185,Equisetum arvense,ForestWetPoor
90186,Equisetum arvense,ForestWetPoor
90187,Equisetum arvense,ForestWetPoor
90188,Equisetum arvense,ForestWetPoor
90189,Equisetum arvense,ForestWetPoor
90190,Equisetum arvense,ForestWetPoor
90191,Equisetum arvense,ForestWetPoor
90192,Equisetum arvense,ForestWetPoor
90193,Equisetum arvense,ForestWetPoor
90194,Equisetum arvense,ForestWetPoor
90195,Equisetum arvense,ForestWetPoor
90196,Equisetum arvense,ForestWetPoor
90197,Equisetum arvense,ForestWetPoor
90198,Equisetum arvense,ForestWetPoor
90199,Equisetum arvense,ForestWetPoor
90200,Equisetum arvense,ForestWetPoor
90201,Equisetum arvense,ForestWetPoor
90202,Equisetum arvense,ForestWetPoor
90203,Equisetum arvense,ForestWetPoor
90734,Equisetum arvense,ForestWetPoor
90735,Equisetum arvense,ForestWetPoor
90736,Equisetum arvense,ForestWetPoor
90737,Equisetum arvense,ForestWetPoor
90738,Equisetum arvense,ForestWetPoor
90739,Equisetum arvense,ForestWetPoor
90740,Equisetum arvense,ForestWetPoor
90741,Equisetum arvense,ForestWetPoor
90742,Equisetum arvense,ForestWetPoor
90743,Equisetum arvense,ForestWetPoor
90744,Equisetum arvense,ForestWetPoor
90745,Equisetum arvense,ForestWetPoor
90746,Equisetum arvense,ForestWetPoor
90747,Equisetum arvense,ForestWetPoor
90748,Equisetum arvense,ForestWetPoor
90749,Equisetum arvense,ForestWetPoor
90750,Equisetum arvense,ForestWetPoor
90751,Equisetum arvense,ForestWetPoor
90752,Equisetum arvense,ForestWetPoor
90753,Equisetum arvense,ForestWetPoor
90754,Equisetum arvense,ForestWetPoor
90755,Equisetum arvense,ForestWetPoor
90756,Equisetum arvense,ForestWetPoor
90757,Equisetum arvense,ForestWetPoor
90758,Equisetum arvense,ForestWetPoor
90759,Equisetum arvense,ForestWetPoor
90760,Equisetum arvense,ForestWetPoor
90761,Equisetum arvense,ForestWetPoor
90762,Equisetum arvense,ForestWetPoor
90763,Equisetum arvense,ForestWetPoor
90764,Equisetum arvense,ForestWetPoor
90765,Equisetum arvense,ForestWetPoor
90766,Equisetum arvense,ForestWetPoor
90767,Equisetum arvense,ForestWetPoor
90768,Equisetum arvense,ForestWetPoor
90769,Equisetum arvense,ForestWetPoor
90770,Equisetum arvense,ForestWetPoor
90771,Equisetum arvense,ForestWetPoor
90772,Equisetum arvense,ForestWetPoor
90773,Equisetum arvense,ForestWetPoor
90774,Equisetum arvense,ForestWetPoor
90775,Equisetum arvense,ForestWetPoor
90776,Equisetum arvense,ForestWetPoor
90777,Equisetum arvense,ForestWetPoor
90778,Equisetum arvense,ForestWetPoor
90779,Equisetum arvense,ForestWetPoor
90780,Equisetum arvense,ForestWetPoor
90781,Equisetum arvense,ForestWetPoor
90782,Equisetum arvense,ForestWetPoor
90783,Equisetum arvense,ForestWetPoor
90784,Equisetum arvense,ForestWetPoor
90785,Equisetum arvense,ForestWetPoor
90786,Equisetum arvense,ForestWetPoor
90787,Equisetum arvense,ForestWetPoor
90788,Equisetum arvense,ForestWetPoor
90789,Equisetum arvense,ForestWetPoor
90790,Equisetum arvense,ForestWetPoor
90791,Equisetum arvense,ForestWetPoor
90792,Equisetum arvense,ForestWetPoor
90793,Equisetum arvense,ForestWetPoor
90794,Equisetum arvense,ForestWetPoor
90795,Equisetum arvense,ForestWetPoor
90796,Equisetum arvense,ForestWetPoor
90797,Equisetum arvense,ForestWetPoor
90798,Equisetum arvense,ForestWetPoor
90799,Equisetum arvense,ForestWetPoor
90800,Equisetum arvense,ForestWetPoor
91334,Equisetum arvense,ForestWetPoor
91335,Equisetum arvense,ForestWetPoor
91336,Equisetum arvense,ForestWetPoor
91337,Equisetum arvense,ForestWetPoor
91338,Equisetum arvense,ForestWetPoor
91339,Equisetum arvense,ForestWetPoor
91340,Equisetum arvense,ForestWetPoor
91341,Equisetum arvense,ForestWetPoor
91342,Equisetum arvense,ForestWetPoor
91343,Equisetum arvense,ForestWetPoor
91344,Equisetum arvense,ForestWetPoor
91345,Equisetum arvense,ForestWetPoor
91346,Eq25,Equisetum arvense,ForestWetPoor
121526,Equisetum arvense,ForestWetPoor
121527,Equisetum arvense,ForestWetPoor
121528,Equisetum arvense,ForestWetPoor
121529,Equisetum arvense,ForestWetPoor
121530,Equisetum arvense,ForestWetPoor
121531,Equisetum arvense,ForestWetPoor
121532,Equisetum arvense,ForestWetPoor
121533,Equisetum arvense,ForestWetPoor
121534,Equisetum arvense,ForestWetPoor
121535,Equisetum arvense,ForestWetPoor
121536,Equisetum arvense,ForestWetPoor
121537,Equisetum arvense,ForestWetPoor
121538,Equisetum arvense,ForestWetPoor
121539,Equisetum arvense,ForestWetPoor
121540,Equisetum arvense,ForestWetPoor
122114,Equisetum arvense,ForestWetPoor
122115,Equisetum arvense,ForestWetPoor
122116,Equisetum arvense,ForestWetPoor
122117,Equisetum arvense,ForestWetPoor
122118,Equisetum arvense,ForestWetPoor
122119,Equisetum arvense,ForestWetPoor
122120,Equisetum arvense,ForestWetPoor
122121,Equisetum arvense,ForestWetPoor
122122,Equisetum arvense,ForestWetPoor
122123,Equisetum arvense,ForestWetPoor
122124,Equisetum arvense,ForestWetPoor
122125,Equisetum arvense,ForestWetPoor
122126,Equisetum arvense,ForestWetPoor
122127,Equisetum arvense,ForestWetPoor
122128,Equisetum arvense,ForestWetPoor
122129,Equisetum arvense,ForestWetPoor
122130,Equisetum arvense,ForestWetPoor
122131,Equisetum arvense,ForestWetPoor
122132,Equisetum arvense,ForestWetPoor
122133,Equisetum arvense,ForestWetPoor
122134,Equisetum arvense,ForestWetPoor
122135,Equisetum arvense,ForestWetPoor
122136,Equisetum arvense,ForestWetPoor
122137,Equisetum arvense,ForestWetPoor
122138,Equisetum arvense,ForestWetPoor
122139,Equisetum arvense,ForestWetPoor
122140,Equisetum arvense,ForestWetPoor
122642,Equisetum arvense,ForestWetPoor
122643,Equisetum arvense,ForestWetPoor
122644,Equisetum arvense,ForestWetPoor
122645,Equisetum arvense,ForestWetPoor
122646,Equisetum arvense,ForestWetPoor
122647,Equisetum arvense,ForestWetPoor
122648,Equisetum arvense,ForestWetPoor
122649,Equisetum arvense,ForestWetPoor
122650,Equisetum arvense,ForestWetPoor
122651,Equisetum arvense,ForestWetPoor
122652,Equisetum arvense,ForestWetPoor
122673,Equisetum arvense,ForestWetPoor
122674,Equisetum arvense,ForestWetPoor
122675,Equisetum arvense,ForestWetPoor
122676,Equisetum arvense,ForestWetPoor
122677,Equisetum arvense,ForestWetPoor
122678,Equisetum arvense,ForestWetPoor
122679,Equisetum arvense,ForestWetPoor
122680,Equisetum arvense,ForestWetPoor
122681,Equisetum arvense,ForestWetPoor
122682,Equisetum arvense,ForestWetPoor
122683,Equisetum arvense,ForestWetPoor
122684,Equisetum arvense,ForestWetPoor
122685,Equisetum arvense,ForestWetPoor
122686,Equisetum arvense,ForestWetPoor
122687,Equisetum arvense,ForestWetPoor
122688,Equisetum arvense,ForestWetPoor
122689,Equisetum arvense,ForestWetPoor
122690,Equisetum arvense,ForestWetPoor
122691,Equisetum arvense,ForestWetPoor
122692,Equisetum arvense,ForestWetPoor
122693,Equisetum arvense,ForestWetPoor
122694,Equisetum arvense,ForestWetPoor
122695,Equisetum arvense,ForestWetPoor
122696,Equisetum arvense,ForestWetPoor
122697,Equisetum arvense,ForestWetPoor
122698,Equisetum arvense,ForestWetPoor
122699,Equisetum arvense,ForestWetPoor
122700,Equisetum arvense,ForestWetPoor
122701,Equisetum arvense,ForestWetPoor
122702,Equisetum arvense,ForestWetPoor
122703,Equisetum arvense,ForestWetPoor
122704,Equisetum arvense,ForestWetPoor
122705,Equisetum arvense,ForestWetPoor
122706,Equisetum arvense,ForestWetPoor
122707,Equisetum arvense,ForestWetPoor
122708,Equisetum arvense,ForestWetPoor
122709,Equisetum arvense,ForestWetPoor
122710,Equisetum arvense,ForestWetPoor
122711,Equisetum arvense,ForestWetPoor
122712,Equisetum arvense,ForestWetPoor
123241,Equisetum arvense,ForestWetPoor
123242,Equisetum arvense,ForestWetPoor
123243,Equisetum arvense,ForestWetPoor
123244,Equisetum arvense,ForestWetPoor
123245,Equisetum arvense,ForestWetPoor
123246,Equisetum arvense,ForestWetPoor
123247,Equisetum arvense,ForestWetPoor
123248,Equisetum arvense,ForestWetPoor
123249,Equisetum arvense,ForestWetPoor
123250,Equisetum arvense,ForestWetPoor
123251,Equisetum arvense,ForestWetPoor
123272,Equisetum arvense,ForestWetPoor
123273,Equisetum arvense,ForestWetPoor
123274,Equisetum arvense,ForestWetPoor
123275,Equisetum arvense,ForestWetPoor
123276,Equisetum arvense,ForestWetPoor
123277,Equisetum arvense,ForestWetPoor
123278,Equisetum arvense,ForestWetPoor
123279,Equisetum arvense,ForestWetPoor
123280,Equisetum arvense,ForestWetPoor
123281,Equisetum arvense,ForestWetPoor
123282,Equisetum arvense,ForestWetPoor
123283,Equisetum arvense,ForestWetPoor
123284,Equisetum arvense,ForestWetPoor
123285,Equisetum arvense,ForestWetPoor
123286,Equisetum arvense,ForestWetPoor
123287,Equisetum arvense,ForestWetPoor
123288,Equisetum arvense,ForestWetPoor
123289,Equisetum arvense,ForestWetPoor
123290,Equisetum arvense,ForestWetPoor
123291,Equisetum arvense,ForestWetPoor
123292,Equisetum arvense,ForestWetPoor
123293,Equisetum arvense,ForestWetPoor
123294,Equisetum arvense,ForestWetPoor
123295,Equisetum arvense,ForestWetPoor
123296,Equisetum arvense,ForestWetPoor
123297,Equisetum arvense,ForestWetPoor
123298,Equisetum arvense,ForestWetPoor
123299,Equisetum arvense,ForestWetPoor
123300,Equisetum arvense,ForestWetPoor
123301,Equisetum arvense,ForestWetPoor
123302,Equisetum arvense,ForestWetPoor
123303,Equisetum arvense,ForestWetPoor
123304,Equisetum arvense,ForestWetPoor
123305,Equisetum arvense,ForestWetPoor
123306,Equisetum arvense,ForestWetPoor
123307,Equisetum arvense,ForestWetPoor
123308,Equisetum arvense,ForestWetPoor
123309,Equisetum arvense,ForestWetPoor
123310,Equisetum arvense,ForestWetPoor
123311,Equisetum arvense,ForestWetPoor
123840,Equisetum arvense,ForestWetPoor
123841,Equisetum arvense,ForestWetPoor
123842,Equisetum arvense,ForestWetPoor
123843,Equisetum arvense,ForestWetPoor
123844,Equisetum arvense,ForestWetPoor
123845,Equisetum arvense,ForestWetPoor
123846,Equisetum arvense,ForestWetPoor
123847,Equisetum arvense,ForestWetPoor
123848,Equisetum arvense,ForestWetPoor
123849,Equisetum arvense,ForestWetPoor
123850,Equisetum arvense,ForestWetPoor
123871,Equisetum arvense,ForestWetPoor
123872,Equisetum arvense,ForestWetPoor
123873,Equisetum arvense,ForestWetPoor
123874,Equisetum arvense,ForestWetPoor
123875,Equisetum arvense,ForestWetPoor
123876,Equisetum arvense,ForestWetPoor
123877,Equisetum arvense,ForestWetPoor
123878,Equisetum arvense,ForestWetPoor
123879,Equisetum arvense,ForestWetPoor
123880,Equisetum arvense,ForestWetPoor
123881,Equisetum arvense,ForestWetPoor
123882,Equisetum arvense,ForestWetPoor
123883,Equisetum arvense,ForestWetPoor
123884,Equisetum arvense,ForestWetPoor
123885,Equisetum arvense,ForestWetPoor
123886,Equisetum arvense,ForestWetPoor
123887,Equisetum arvense,ForestWetPoor
123888,Equisetum arvense,ForestWetPoor
123889,Equisetum arvense,ForestWetPoor
123890,Equisetum arvense,ForestWetPoor
123891,Equisetum arvense,ForestWetPoor
123892,Equisetum arvense,ForestWetPoor
123893,Equisetum arvense,ForestWetPoor
123894,Equisetum arvense,ForestWetPoor
123895,Equisetum arvense,ForestWetPoor
123896,Equisetum arvense,ForestWetPoor
123897,Equisetum arvense,ForestWetPoor
123898,Equisetum arvense,ForestWetPoor
123899,Equisetum arvense,ForestWetPoor
123900,Equisetum arvense,ForestWetPoor
123901,Equisetum arvense,ForestWetPoor
123902,Equisetum arvense,ForestWetPoor
123903,Equisetum arvense,ForestWetPoor
123904,Equisetum arvense,ForestWetPoor
123905,Equisetum arvense,ForestWetPoor
123906,Equisetum arvense,ForestWetPoor
123907,Equisetum arvense,ForestWetPoor
123908,Equisetum arvense,ForestWetPoor
123909,Equisetum arvense,ForestWetPoor
123910,Equisetum arvense,ForestWetPoor
124438,Equisetum arvense,ForestWetPoor
124439,Equisetum arvense,ForestWetPoor
124440,Equisetum arvense,ForestWetPoor
124441,Equisetum arvense,ForestWetPoor
124442,Equisetum arvense,ForestWetPoor
124443,Equisetum arvense,ForestWetPoor
124444,Equisetum arvense,ForestWetPoor
124445,Equisetum arvense,ForestWetPoor
124446,Equisetum arvense,ForestWetPoor
124447,Equisetum arvense,ForestWetPoor
124448,Equisetum arvense,ForestWetPoor
124449,Equisetum arvense,ForestWetPoor
124470,Equisetum arvense,ForestWetPoor
124471,Equisetum arvense,ForestWetPoor
124472uisetum arvense,ForestWetPoor
91347,Equisetum arvense,ForestWetPoor
91348,Equisetum arvense,ForestWetPoor
91349,Equisetum arvense,ForestWetPoor
91350,Equisetum arvense,ForestWetPoor
91351,Equisetum arvense,ForestWetPoor
91352,Equisetum arvense,ForestWetPoor
91353,Equisetum arvense,ForestWetPoor
91354,Equisetum arvense,ForestWetPoor
91355,Equisetum arvense,ForestWetPoor
91356,Equisetum arvense,ForestWetPoor
91357,Equisetum arvense,ForestWetPoor
91358,Equisetum arvense,ForestWetPoor
91359,Equisetum arvense,ForestWetPoor
91360,Equisetum arvense,ForestWetPoor
91361,Equisetum arvense,ForestWetPoor
91362,Equisetum arvense,ForestWetPoor
91363,Equisetum arvense,ForestWetPoor
91364,Equisetum arvense,ForestWetPoor
91365,Equisetum arvense,ForestWetPoor
91366,Equisetum arvense,ForestWetPoor
91367,Equisetum arvense,ForestWetPoor
91368,Equisetum arvense,ForestWetPoor
91369,Equisetum arvense,ForestWetPoor
91370,Equisetum arvense,ForestWetPoor
91371,Equisetum arvense,ForestWetPoor
91372,Equisetum arvense,ForestWetPoor
91373,Equisetum arvense,ForestWetPoor
91374,Equisetum arvense,ForestWetPoor
91375,Equisetum arvense,ForestWetPoor
91376,Equisetum arvense,ForestWetPoor
91377,Equisetum arvense,ForestWetPoor
91378,Equisetum arvense,ForestWetPoor
91379,Equisetum arvense,ForestWetPoor
91380,Equisetum arvense,ForestWetPoor
91381,Equisetum arvense,ForestWetPoor
91382,Equisetum arvense,ForestWetPoor
91383,Equisetum arvense,ForestWetPoor
91384,Equisetum arvense,ForestWetPoor
91385,Equisetum arvense,ForestWetPoor
91386,Equisetum arvense,ForestWetPoor
91387,Equisetum arvense,ForestWetPoor
91388,Equisetum arvense,ForestWetPoor
91389,Equisetum arvense,ForestWetPoor
91390,Equisetum arvense,ForestWetPoor
91391,Equisetum arvense,ForestWetPoor
91392,Equisetum arvense,ForestWetPoor
91393,Equisetum arvense,ForestWetPoor
91394,Equisetum arvense,ForestWetPoor
91395,Equisetum arvense,ForestWetPoor
91396,Equisetum arvense,ForestWetPoor
91397,Equisetum arvense,ForestWetPoor
91398,Equisetum arvense,ForestWetPoor
91935,Equisetum arvense,ForestWetPoor
91936,Equisetum arvense,ForestWetPoor
91937,Equisetum arvense,ForestWetPoor
91938,Equisetum arvense,ForestWetPoor
91939,Equisetum arvense,ForestWetPoor
91940,Equisetum arvense,ForestWetPoor
91941,Equisetum arvense,ForestWetPoor
91942,Equisetum arvense,ForestWetPoor
91943,Equisetum arvense,ForestWetPoor
91944,Equisetum arvense,ForestWetPoor
91945,Equisetum arvense,ForestWetPoor
91946,Equisetum arvense,ForestWetPoor
91947,Equisetum arvense,ForestWetPoor
91948,Equisetum arvense,ForestWetPoor
91949,Equisetum arvense,ForestWetPoor
91950,Equisetum arvense,ForestWetPoor
91951,Equisetum arvense,ForestWetPoor
91952,Equisetum arvense,ForestWetPoor
91953,Equisetum arvense,ForestWetPoor
91954,Equisetum arvense,ForestWetPoor
91955,Equisetum arvense,ForestWetPoor
91956,Equisetum arvense,ForestWetPoor
91957,Equisetum arvense,ForestWetPoor
91958,Equisetum arvense,ForestWetPoor
91959,Equisetum arvense,ForestWetPoor
91960,Equisetum arvense,ForestWetPoor
91961,Equisetum arvense,ForestWetPoor
91962,Equisetum arvense,ForestWetPoor
91963,Equisetum arvense,ForestWetPoor
91964,Equisetum arvense,ForestWetPoor
91965,Equisetum arvense,ForestWetPoor
91966,Equisetum arvense,ForestWetPoor
91967,Equisetum arvense,ForestWetPoor
91968,Equisetum arvense,ForestWetPoor
91969,Equisetum arvense,ForestWetPoor
91970,Equisetum arvense,ForestWetPoor
91971,Equisetum arvense,ForestWetPoor
91972,Equisetum arvense,ForestWetPoor
91973,Equisetum arvense,ForestWetPoor
91974,Equisetum arvense,ForestWetPoor
91975,Equisetum arvense,ForestWetPoor
91976,Equisetum arvense,ForestWetPoor
91977,Equisetum arvense,ForestWetPoor
91978,Equisetum arvense,ForestWetPoor
91979,Equisetum arvense,ForestWetPoor
91980,Equisetum arvense,ForestWetPoor
91981,Equisetum arvense,ForestWetPoor
91982,Equisetum arvense,ForestWetPoor
91983,Equisetum arvense,ForestWetPoor
91984,Equisetum arvense,ForestWetPoor
91985,Equisetum arvense,ForestWetPoor
91986,Equisetum arvense,ForestWetPoor
91987,Equisetum arvense,ForestWetPoor
91988,Equisetum arvense,ForestWetPoor
91989,Equisetum arvense,ForestWetPoor
,Equisetum arvense,ForestWetPoor
124473,Equisetum arvense,ForestWetPoor
124474,Equisetum arvense,ForestWetPoor
124475,Equisetum arvense,ForestWetPoor
124476,Equisetum arvense,ForestWetPoor
124477,Equisetum arvense,ForestWetPoor
124478,Equisetum arvense,ForestWetPoor
124479,Equisetum arvense,ForestWetPoor
124480,Equisetum arvense,ForestWetPoor
124481,Equisetum arvense,ForestWetPoor
124482,Equisetum arvense,ForestWetPoor
124483,Equisetum arvense,ForestWetPoor
124484,Equisetum arvense,ForestWetPoor
124485,Equisetum arvense,ForestWetPoor
124486,Equisetum arvense,ForestWetPoor
124487,Equisetum arvense,ForestWetPoor
124488,Equisetum arvense,ForestWetPoor
124489,Equisetum arvense,ForestWetPoor
124490,Equisetum arvense,ForestWetPoor
124491,Equisetum arvense,ForestWetPoor
124492,Equisetum arvense,ForestWetPoor
124493,Equisetum arvense,ForestWetPoor
124494,Equisetum arvense,ForestWetPoor
124495,Equisetum arvense,ForestWetPoor
124496,Equisetum arvense,ForestWetPoor
124497,Equisetum arvense,ForestWetPoor
124498,Equisetum arvense,ForestWetPoor
124499,Equisetum arvense,ForestWetPoor
124500,Equisetum arvense,ForestWetPoor
124501,Equisetum arvense,ForestWetPoor
124502,Equisetum arvense,ForestWetPoor
124503,Equisetum arvense,ForestWetPoor
124504,Equisetum arvense,ForestWetPoor
124505,Equisetum arvense,ForestWetPoor
124506,Equisetum arvense,ForestWetPoor
124507,Equisetum arvense,ForestWetPoor
124508,Equisetum arvense,ForestWetPoor
124509,Equisetum arvense,ForestWetPoor
125037,Equisetum arvense,ForestWetPoor
125038,Equisetum arvense,ForestWetPoor
125039,Equisetum arvense,ForestWetPoor
125040,Equisetum arvense,ForestWetPoor
125041,Equisetum arvense,ForestWetPoor
125042,Equisetum arvense,ForestWetPoor
125043,Equisetum arvense,ForestWetPoor
125044,Equisetum arvense,ForestWetPoor
125045,Equisetum arvense,ForestWetPoor
125046,Equisetum arvense,ForestWetPoor
125047,Equisetum arvense,ForestWetPoor
125048,Equisetum arvense,ForestWetPoor
125069,Equisetum arvense,ForestWetPoor
125070,Equisetum arvense,ForestWetPoor
125071,Equisetum arvense,ForestWetPoor
125072,Equisetum arvense,ForestWetPoor
125073,Equisetum arvense,ForestWetPoor
125074,Equisetum arvense,ForestWetPoor
125075,Equisetum arvense,ForestWetPoor
125076,Equisetum arvense,ForestWetPoor
125077,Equisetum arvense,ForestWetPoor
125078,Equisetum arvense,ForestWetPoor
125079,Equisetum arvense,ForestWetPoor
125080,Equisetum arvense,ForestWetPoor
125081,Equisetum arvense,ForestWetPoor
125082,Equisetum arvense,ForestWetPoor
125083,Equisetum arvense,ForestWetPoor
125084,Equisetum arvense,ForestWetPoor
125085,Equisetum arvense,ForestWetPoor
125086,Equisetum arvense,ForestWetPoor
125087,Equisetum arvense,ForestWetPoor
125088,Equisetum arvense,ForestWetPoor
125089,Equisetum arvense,ForestWetPoor
125090,Equisetum arvense,ForestWetPoor
125091,Equisetum arvense,ForestWetPoor
125092,Equisetum arvense,ForestWetPoor
125093,Equisetum arvense,ForestWetPoor
125094,Equisetum arvense,ForestWetPoor
125095,Equisetum arvense,ForestWetPoor
125096,Equisetum arvense,ForestWetPoor
125097,Equisetum arvense,ForestWetPoor
125098,Equisetum arvense,ForestWetPoor
125099,Equisetum arvense,ForestWetPoor
125100,Equisetum arvense,ForestWetPoor
125101,Equisetum arvense,ForestWetPoor
125102,Equisetum arvense,ForestWetPoor
125103,Equisetum arvense,ForestWetPoor
125104,Equisetum arvense,ForestWetPoor
125105,Equisetum arvense,ForestWetPoor
125106,Equisetum arvense,ForestWetPoor
125107,Equisetum arvense,ForestWetPoor
125108,Equisetum arvense,ForestWetPoor
125636,Equisetum arvense,ForestWetPoor
125637,Equisetum arvense,ForestWetPoor
125638,Equisetum arvense,ForestWetPoor
125639,Equisetum arvense,ForestWetPoor
125640,Equisetum arvense,ForestWetPoor
125641,Equisetum arvense,ForestWetPoor
125642,Equisetum arvense,ForestWetPoor
125643,Equisetum arvense,ForestWetPoor
125644,Equisetum arvense,ForestWetPoor
125645,Equisetum arvense,ForestWetPoor
125646,Equisetum arvense,ForestWetPoor
125647,Equisetum arvense,ForestWetPoor
125668,Equisetum arvense,ForestWetPoor
125669,Equisetum arvense,ForestWetPoor
125670,Equisetum arvense,ForestWetPoor
125671,91990,Equisetum arvense,ForestWetPoor
91991,Equisetum arvense,ForestWetPoor
91992,Equisetum arvense,ForestWetPoor
91993,Equisetum arvense,ForestWetPoor
91994,Equisetum arvense,ForestWetPoor
91995,Equisetum arvense,ForestWetPoor
91996,Equisetum arvense,ForestWetPoor
92535,Equisetum arvense,ForestWetPoor
92536,Equisetum arvense,ForestWetPoor
92537,Equisetum arvense,ForestWetPoor
92538,Equisetum arvense,ForestWetPoor
92539,Equisetum arvense,ForestWetPoor
92540,Equisetum arvense,ForestWetPoor
92541,Equisetum arvense,ForestWetPoor
92542,Equisetum arvense,ForestWetPoor
92543,Equisetum arvense,ForestWetPoor
92544,Equisetum arvense,ForestWetPoor
92545,Equisetum arvense,ForestWetPoor
92546,Equisetum arvense,ForestWetPoor
92547,Equisetum arvense,ForestWetPoor
92548,Equisetum arvense,ForestWetPoor
92549,Equisetum arvense,ForestWetPoor
92550,Equisetum arvense,ForestWetPoor
92551,Equisetum arvense,ForestWetPoor
92552,Equisetum arvense,ForestWetPoor
92553,Equisetum arvense,ForestWetPoor
92554,Equisetum arvense,ForestWetPoor
92555,Equisetum arvense,ForestWetPoor
92556,Equisetum arvense,ForestWetPoor
92557,Equisetum arvense,ForestWetPoor
92558,Equisetum arvense,ForestWetPoor
92559,Equisetum arvense,ForestWetPoor
92560,Equisetum arvense,ForestWetPoor
92561,Equisetum arvense,ForestWetPoor
92562,Equisetum arvense,ForestWetPoor
92563,Equisetum arvense,ForestWetPoor
92564,Equisetum arvense,ForestWetPoor
92565,Equisetum arvense,ForestWetPoor
92566,Equisetum arvense,ForestWetPoor
92567,Equisetum arvense,ForestWetPoor
92568,Equisetum arvense,ForestWetPoor
92569,Equisetum arvense,ForestWetPoor
92570,Equisetum arvense,ForestWetPoor
92571,Equisetum arvense,ForestWetPoor
92572,Equisetum arvense,ForestWetPoor
92573,Equisetum arvense,ForestWetPoor
92574,Equisetum arvense,ForestWetPoor
92575,Equisetum arvense,ForestWetPoor
92576,Equisetum arvense,ForestWetPoor
92577,Equisetum arvense,ForestWetPoor
92578,Equisetum arvense,ForestWetPoor
92579,Equisetum arvense,ForestWetPoor
92580,Equisetum arvense,ForestWetPoor
92581,Equisetum arvense,ForestWetPoor
92582,Equisetum arvense,ForestWetPoor
92583,Equisetum arvense,ForestWetPoor
92584,Equisetum arvense,ForestWetPoor
92585,Equisetum arvense,ForestWetPoor
92586,Equisetum arvense,ForestWetPoor
92587,Equisetum arvense,ForestWetPoor
92588,Equisetum arvense,ForestWetPoor
92589,Equisetum arvense,ForestWetPoor
92590,Equisetum arvense,ForestWetPoor
92591,Equisetum arvense,ForestWetPoor
92592,Equisetum arvense,ForestWetPoor
92593,Equisetum arvense,ForestWetPoor
92594,Equisetum arvense,ForestWetPoor
93135,Equisetum arvense,ForestWetPoor
93136,Equisetum arvense,ForestWetPoor
93137,Equisetum arvense,ForestWetPoor
93138,Equisetum arvense,ForestWetPoor
93139,Equisetum arvense,ForestWetPoor
93140,Equisetum arvense,ForestWetPoor
93141,Equisetum arvense,ForestWetPoor
93142,Equisetum arvense,ForestWetPoor
93143,Equisetum arvense,ForestWetPoor
93144,Equisetum arvense,ForestWetPoor
93145,Equisetum arvense,ForestWetPoor
93146,Equisetum arvense,ForestWetPoor
93147,Equisetum arvense,ForestWetPoor
93148,Equisetum arvense,ForestWetPoor
93149,Equisetum arvense,ForestWetPoor
93150,Equisetum arvense,ForestWetPoor
93151,Equisetum arvense,ForestWetPoor
93152,Equisetum arvense,ForestWetPoor
93153,Equisetum arvense,ForestWetPoor
93154,Equisetum arvense,ForestWetPoor
93155,Equisetum arvense,ForestWetPoor
93156,Equisetum arvense,ForestWetPoor
93157,Equisetum arvense,ForestWetPoor
93158,Equisetum arvense,ForestWetPoor
93159,Equisetum arvense,ForestWetPoor
93160,Equisetum arvense,ForestWetPoor
93161,Equisetum arvense,ForestWetPoor
93162,Equisetum arvense,ForestWetPoor
93163,Equisetum arvense,ForestWetPoor
93164,Equisetum arvense,ForestWetPoor
93165,Equisetum arvense,ForestWetPoor
93166,Equisetum arvense,ForestWetPoor
93167,Equisetum arvense,ForestWetPoor
93168,Equisetum arvense,ForestWetPoor
93169,Equisetum arvense,ForestWetPoor
93170,Equisetum arvense,ForestWetPoor
93171,Equisetum arvense,ForestWetPoor
93172,Equisetum arvense,ForestWetPoor
93173,Equisetum arvense,ForestWetPoor
93174,Equisetum arvense,ForestWetPoor
93175,Equisetum arvense,ForestWetPoor
93176,Equisetum arvense,ForestWetPoor
93177,Equisetum arvense,ForestWetPoor
93178,Equisetum arvense,ForestWetPoor
93179,Equisetum arvense,ForestWetPoor
93180,Equisetum arvense,ForestWetPoor
93181,Equisetum arvense,ForestWetPoor
93182,Equisetum arvense,ForestWetPoor
93183,Equisetum arvense,ForestWetPoor
93184,Equisetum arvense,ForestWetPoor
93185,Equisetum arvense,ForestWetPoor
93186,Equisetum arvense,ForestWetPoor
93187,Equisetum arvense,ForestWetPoor
93188,Equisetum arvense,ForestWetPoor
93189,Equisetum arvense,ForestWetPoor
93190,Equisetum arvense,ForestWetPoor
93191,Equisetum arvense,ForestWetPoor
93192,Equisetum arvense,ForestWetPoor
93736,Equisetum arvense,ForestWetPoor
93737,Equisetum arvense,ForestWetPoor
93738,Equisetum arvense,ForestWetPoor
93739,Equisetum arvense,ForestWetPoor
93740,Equisetum arvense,ForestWetPoor
93741,Equisetum arvense,ForestWetPoor
93742,Equisetum arvense,ForestWetPoor
93743,Equisetum arvense,ForestWetPoor
93744,Equisetum arvense,ForestWetPoor
93745,Equisetum arvense,ForestWetPoor
93746,Equisetum arvense,ForestWetPoor
93747,Equisetum arvense,ForestWetPoor
93748,Equisetum arvense,ForestWetPoor
93749,Equisetum arvense,ForestWetPoor
93750,Equisetum arvense,ForestWetPoor
93751,Equisetum arvense,ForestWetPoor
93752,Equisetum arvense,ForestWetPoor
93753,Equisetum arvense,ForestWetPoor
93754,Equisetum arvense,ForestWetPoor
93755,Equisetum arvense,ForestWetPoor
93756,Equisetum arvense,ForestWetPoor
93757,Equisetum arvense,ForestWetPoor
93758,Equisetum arvense,ForestWetPoor
93759,Equisetum arvense,ForestWetPoor
93760,Equisetum arvense,ForestWetPoor
93761,Equisetum arvense,ForestWetPoor
93762,Equisetum arvense,ForestWetPoor
93763,Equisetum arvense,ForestWetPoor
93764,Equisetum arvense,ForestWetPoor
93765,Equisetum arvense,ForestWetPoor
93766,Equisetum arvense,ForestWetPoor
93767,Equisetum arvense,ForestWetPoor
93768,Equisetum arvense,ForestWetPoor
93769,Equisetum arvense,ForestWetPoor
93770,Equisetum arvense,ForestWetPoor
93771,Equisetum arvense,ForestWetPoor
93772,Equisetum arvense,ForestWetPoor
93773,Equisetum arvense,ForestWetPoor
93774,Equisetum arvense,ForestWetPoor
93775,Equisetum arvense,ForestWetPoor
93776,Equisetum arvense,ForestWetPoor
93777,Equisetum arvense,ForestWetPoor
93778,Equisetum arvense,ForestWetPoor
93779,Equisetum arvense,ForestWetPoor
93780,Equisetum arvense,ForestWetPoor
93781,Equisetum arvense,ForestWetPoor
93782,Equisetum arvense,ForestWetPoor
93783,Equisetum arvense,ForestWetPoor
93784,Equisetum arvense,ForestWetPoor
93785,Equisetum arvense,ForestWetPoor
93786,Equisetum arvense,ForestWetPoor
93787,Equisetum arvense,ForestWetPoor
93788,Equisetum arvense,ForestWetPoor
93789,Equisetum arvense,ForestWetPoor
94336,Equisetum arvense,ForestWetPoor
94337,Equisetum arvense,ForestWetPoor
94338,Equisetum arvense,ForestWetPoor
94339,Equisetum arvense,ForestWetPoor
94340,Equisetum arvense,ForestWetPoor
94341,Equisetum arvense,ForestWetPoor
94342,Equisetum arvense,ForestWetPoor
94343,Equisetum arvense,ForestWetPoor
94344,Equisetum arvense,ForestWetPoor
94345,Equisetum arvense,ForestWetPoor
94346,Equisetum arvense,ForestWetPoor
94347,Equisetum arvense,ForestWetPoor
94348,Equisetum arvense,ForestWetPoor
94349,Equisetum arvense,ForestWetPoor
94350,Equisetum arvense,ForestWetPoor
94351,Equisetum arvense,ForestWetPoor
94352,Equisetum arvense,ForestWetPoor
94353,Equisetum arvense,ForestWetPoor
94354,Equisetum arvense,ForestWetPoor
94355,Equisetum arvense,ForestWetPoor
94356,Equisetum arvense,ForestWetPoor
94357,Equisetum arvense,ForestWetPoor
94358,Equisetum arvense,ForestWetPoor
94359,Equisetum arvense,ForestWetPoor
94360,Equisetum arvense,ForestWetPoor
94361,Equisetum arvense,ForestWetPoor
94362,Equisetum arvense,ForestWetPoor
94363,Equisetum arvense,ForestWetPoor
94364,Equisetum arvense,ForestWetPoor
94365,Equisetum arvense,ForestWetPoor
94366,Equisetum arvense,ForestWetPoor
94367,Equisetum arvense,ForestWetPoor
94368,Equisetum arvense,ForestWetPoor
94369,Equisetum arvense,ForestWetPoor
94370,Equisetum arvense,ForestWetPoor
94371,Equisetum arvense,ForestWetPoor
94372,Equisetum arvensEquisetum arvense,ForestWetPoor
125672,Equisetum arvense,ForestWetPoor
125673,Equisetum arvense,ForestWetPoor
125674,Equisetum arvense,ForestWetPoor
125675,Equisetum arvense,ForestWetPoor
125676,Equisetum arvense,ForestWetPoor
125677,Equisetum arvense,ForestWetPoor
125678,Equisetum arvense,ForestWetPoor
125679,Equisetum arvense,ForestWetPoor
125680,Equisetum arvense,ForestWetPoor
125681,Equisetum arvense,ForestWetPoor
125682,Equisetum arvense,ForestWetPoor
125683,Equisetum arvense,ForestWetPoor
125684,Equisetum arvense,ForestWetPoor
125685,Equisetum arvense,ForestWetPoor
125686,Equisetum arvense,ForestWetPoor
125687,Equisetum arvense,ForestWetPoor
125688,Equisetum arvense,ForestWetPoor
125689,Equisetum arvense,ForestWetPoor
125690,Equisetum arvense,ForestWetPoor
125691,Equisetum arvense,ForestWetPoor
125692,Equisetum arvense,ForestWetPoor
125693,Equisetum arvense,ForestWetPoor
125694,Equisetum arvense,ForestWetPoor
125695,Equisetum arvense,ForestWetPoor
125696,Equisetum arvense,ForestWetPoor
125697,Equisetum arvense,ForestWetPoor
125698,Equisetum arvense,ForestWetPoor
125699,Equisetum arvense,ForestWetPoor
125700,Equisetum arvense,ForestWetPoor
125701,Equisetum arvense,ForestWetPoor
125702,Equisetum arvense,ForestWetPoor
125703,Equisetum arvense,ForestWetPoor
125704,Equisetum arvense,ForestWetPoor
125705,Equisetum arvense,ForestWetPoor
125706,Equisetum arvense,ForestWetPoor
125707,Equisetum arvense,ForestWetPoor
126235,Equisetum arvense,ForestWetPoor
126236,Equisetum arvense,ForestWetPoor
126237,Equisetum arvense,ForestWetPoor
126238,Equisetum arvense,ForestWetPoor
126239,Equisetum arvense,ForestWetPoor
126240,Equisetum arvense,ForestWetPoor
126241,Equisetum arvense,ForestWetPoor
126242,Equisetum arvense,ForestWetPoor
126243,Equisetum arvense,ForestWetPoor
126244,Equisetum arvense,ForestWetPoor
126245,Equisetum arvense,ForestWetPoor
126246,Equisetum arvense,ForestWetPoor
126267,Equisetum arvense,ForestWetPoor
126268,Equisetum arvense,ForestWetPoor
126269,Equisetum arvense,ForestWetPoor
126270,Equisetum arvense,ForestWetPoor
126271,Equisetum arvense,ForestWetPoor
126272,Equisetum arvense,ForestWetPoor
126273,Equisetum arvense,ForestWetPoor
126274,Equisetum arvense,ForestWetPoor
126275,Equisetum arvense,ForestWetPoor
126276,Equisetum arvense,ForestWetPoor
126277,Equisetum arvense,ForestWetPoor
126278,Equisetum arvense,ForestWetPoor
126279,Equisetum arvense,ForestWetPoor
126280,Equisetum arvense,ForestWetPoor
126281,Equisetum arvense,ForestWetPoor
126282,Equisetum arvense,ForestWetPoor
126283,Equisetum arvense,ForestWetPoor
126284,Equisetum arvense,ForestWetPoor
126285,Equisetum arvense,ForestWetPoor
126286,Equisetum arvense,ForestWetPoor
126287,Equisetum arvense,ForestWetPoor
126288,Equisetum arvense,ForestWetPoor
126289,Equisetum arvense,ForestWetPoor
126290,Equisetum arvense,ForestWetPoor
126291,Equisetum arvense,ForestWetPoor
126292,Equisetum arvense,ForestWetPoor
126293,Equisetum arvense,ForestWetPoor
126294,Equisetum arvense,ForestWetPoor
126295,Equisetum arvense,ForestWetPoor
126296,Equisetum arvense,ForestWetPoor
126297,Equisetum arvense,ForestWetPoor
126298,Equisetum arvense,ForestWetPoor
126299,Equisetum arvense,ForestWetPoor
126300,Equisetum arvense,ForestWetPoor
126301,Equisetum arvense,ForestWetPoor
126302,Equisetum arvense,ForestWetPoor
126303,Equisetum arvense,ForestWetPoor
126304,Equisetum arvense,ForestWetPoor
126305,Equisetum arvense,ForestWetPoor
126306,Equisetum arvense,ForestWetPoor
126834,Equisetum arvense,ForestWetPoor
126835,Equisetum arvense,ForestWetPoor
126836,Equisetum arvense,ForestWetPoor
126837,Equisetum arvense,ForestWetPoor
126838,Equisetum arvense,ForestWetPoor
126839,Equisetum arvense,ForestWetPoor
126840,Equisetum arvense,ForestWetPoor
126841,Equisetum arvense,ForestWetPoor
126842,Equisetum arvense,ForestWetPoor
126843,Equisetum arvense,ForestWetPoor
126844,Equisetum arvense,ForestWetPoor
126845,Equisetum arvense,ForestWetPoor
126866,Equisetum arvense,ForestWetPoor
126867,Equisetum arvense,ForestWetPoor
126868,Equisetum arvense,ForestWetPoor
126869,Equisetum arvense,ForestWetPoor
126870,E58460,Equisetum arvense,ForestWetPoor
59059,Equisetum arvense,ForestWetPoor
59060,Equisetum arvense,ForestWetPoor
59658,Equisetum arvense,ForestWetPoor
59659,Equisetum arvense,ForestWetPoor
59660,Equisetum arvense,ForestWetPoor
60257,Equisetum arvense,ForestWetPoor
60258,Equisetum arvense,ForestWetPoor
60259,Equisetum arvense,ForestWetPoor
60260,Equisetum arvense,ForestWetPoor
60261,Equisetum arvense,ForestWetPoor
60856,Equisetum arvense,ForestWetPoor
60857,Equisetum arvense,ForestWetPoor
60858,Equisetum arvense,ForestWetPoor
60859,Equisetum arvense,ForestWetPoor
60860,Equisetum arvense,ForestWetPoor
60861,Equisetum arvense,ForestWetPoor
61455,Equisetum arvense,ForestWetPoor
61456,Equisetum arvense,ForestWetPoor
61457,Equisetum arvense,ForestWetPoor
61458,Equisetum arvense,ForestWetPoor
61459,Equisetum arvense,ForestWetPoor
61460,Equisetum arvense,ForestWetPoor
61461,Equisetum arvense,ForestWetPoor
62054,Equisetum arvense,ForestWetPoor
62055,Equisetum arvense,ForestWetPoor
62056,Equisetum arvense,ForestWetPoor
62057,Equisetum arvense,ForestWetPoor
62058,Equisetum arvense,ForestWetPoor
62059,Equisetum arvense,ForestWetPoor
62060,Equisetum arvense,ForestWetPoor
62061,Equisetum arvense,ForestWetPoor
74556,Equisetum arvense,ForestWetPoor
74557,Equisetum arvense,ForestWetPoor
74558,Equisetum arvense,ForestWetPoor
74559,Equisetum arvense,ForestWetPoor
74560,Equisetum arvense,ForestWetPoor
74561,Equisetum arvense,ForestWetPoor
74562,Equisetum arvense,ForestWetPoor
74563,Equisetum arvense,ForestWetPoor
74564,Equisetum arvense,ForestWetPoor
74565,Equisetum arvense,ForestWetPoor
74566,Equisetum arvense,ForestWetPoor
74567,Equisetum arvense,ForestWetPoor
74568,Equisetum arvense,ForestWetPoor
74569,Equisetum arvense,ForestWetPoor
74570,Equisetum arvense,ForestWetPoor
74571,Equisetum arvense,ForestWetPoor
74572,Equisetum arvense,ForestWetPoor
74573,Equisetum arvense,ForestWetPoor
74574,Equisetum arvense,ForestWetPoor
74575,Equisetum arvense,ForestWetPoor
74576,Equisetum arvense,ForestWetPoor
74577,Equisetum arvense,ForestWetPoor
74578,Equisetum arvense,ForestWetPoor
74579,Equisetum arvense,ForestWetPoor
74580,Equisetum arvense,ForestWetPoor
74581,Equisetum arvense,ForestWetPoor
74582,Equisetum arvense,ForestWetPoor
74583,Equisetum arvense,ForestWetPoor
74584,Equisetum arvense,ForestWetPoor
74585,Equisetum arvense,ForestWetPoor
74586,Equisetum arvense,ForestWetPoor
74587,Equisetum arvense,ForestWetPoor
74588,Equisetum arvense,ForestWetPoor
74589,Equisetum arvense,ForestWetPoor
74590,Equisetum arvense,ForestWetPoor
74591,Equisetum arvense,ForestWetPoor
74592,Equisetum arvense,ForestWetPoor
74593,Equisetum arvense,ForestWetPoor
74594,Equisetum arvense,ForestWetPoor
74595,Equisetum arvense,ForestWetPoor
74596,Equisetum arvense,ForestWetPoor
74597,Equisetum arvense,ForestWetPoor
74598,Equisetum arvense,ForestWetPoor
74599,Equisetum arvense,ForestWetPoor
74600,Equisetum arvense,ForestWetPoor
74601,Equisetum arvense,ForestWetPoor
74602,Equisetum arvense,ForestWetPoor
74603,Equisetum arvense,ForestWetPoor
74604,Equisetum arvense,ForestWetPoor
74605,Equisetum arvense,ForestWetPoor
74606,Equisetum arvense,ForestWetPoor
74607,Equisetum arvense,ForestWetPoor
74608,Equisetum arvense,ForestWetPoor
74609,Equisetum arvense,ForestWetPoor
74610,Equisetum arvense,ForestWetPoor
74611,Equisetum arvense,ForestWetPoor
74612,Equisetum arvense,ForestWetPoor
75154,Equisetum arvense,ForestWetPoor
75155,Equisetum arvense,ForestWetPoor
75156,Equisetum arvense,ForestWetPoor
75157,Equisetum arvense,ForestWetPoor
75158,Equisetum arvense,ForestWetPoor
75159,Equisetum arvense,ForestWetPoor
75160,Equisetum arvense,ForestWetPoor
75161,Equisetum arvense,ForestWetPoor
75162,Equisetum arvense,ForestWetPoor
75163,Equisetum arvense,ForestWetPoor
75164,Equisetum arvense,ForestWetPoor
75165,Equisetum arvense,ForestWetPoor
75166,Equisetum arvense,ForestWetPoor
75167,Equisetum arvense,ForestWetPoor
75168,Equisetum arvense,ForestWetPoor
75169,Equisetum arvense,ForestWetPoor
75170,Equisetum arvense,ForestWetPoor
75171,Equisetum arvense,ForestWetPoor
75172,Equisetum arvense,Foreste,ForestWetPoor
94373,Equisetum arvense,ForestWetPoor
94374,Equisetum arvense,ForestWetPoor
94375,Equisetum arvense,ForestWetPoor
94376,Equisetum arvense,ForestWetPoor
94377,Equisetum arvense,ForestWetPoor
94378,Equisetum arvense,ForestWetPoor
94379,Equisetum arvense,ForestWetPoor
94380,Equisetum arvense,ForestWetPoor
94381,Equisetum arvense,ForestWetPoor
94382,Equisetum arvense,ForestWetPoor
94383,Equisetum arvense,ForestWetPoor
94384,Equisetum arvense,ForestWetPoor
94385,Equisetum arvense,ForestWetPoor
94386,Equisetum arvense,ForestWetPoor
94937,Equisetum arvense,ForestWetPoor
94938,Equisetum arvense,ForestWetPoor
94939,Equisetum arvense,ForestWetPoor
94940,Equisetum arvense,ForestWetPoor
94941,Equisetum arvense,ForestWetPoor
94942,Equisetum arvense,ForestWetPoor
94943,Equisetum arvense,ForestWetPoor
94944,Equisetum arvense,ForestWetPoor
94945,Equisetum arvense,ForestWetPoor
94946,Equisetum arvense,ForestWetPoor
94947,Equisetum arvense,ForestWetPoor
94948,Equisetum arvense,ForestWetPoor
94949,Equisetum arvense,ForestWetPoor
94950,Equisetum arvense,ForestWetPoor
94951,Equisetum arvense,ForestWetPoor
94952,Equisetum arvense,ForestWetPoor
94953,Equisetum arvense,ForestWetPoor
94954,Equisetum arvense,ForestWetPoor
94955,Equisetum arvense,ForestWetPoor
94956,Equisetum arvense,ForestWetPoor
94957,Equisetum arvense,ForestWetPoor
94958,Equisetum arvense,ForestWetPoor
94959,Equisetum arvense,ForestWetPoor
94960,Equisetum arvense,ForestWetPoor
94961,Equisetum arvense,ForestWetPoor
94962,Equisetum arvense,ForestWetPoor
94963,Equisetum arvense,ForestWetPoor
94964,Equisetum arvense,ForestWetPoor
94965,Equisetum arvense,ForestWetPoor
94966,Equisetum arvense,ForestWetPoor
94967,Equisetum arvense,ForestWetPoor
94968,Equisetum arvense,ForestWetPoor
94969,Equisetum arvense,ForestWetPoor
94970,Equisetum arvense,ForestWetPoor
94971,Equisetum arvense,ForestWetPoor
94972,Equisetum arvense,ForestWetPoor
94973,Equisetum arvense,ForestWetPoor
94974,Equisetum arvense,ForestWetPoor
94975,Equisetum arvense,ForestWetPoor
94976,Equisetum arvense,ForestWetPoor
94977,Equisetum arvense,ForestWetPoor
94978,Equisetum arvense,ForestWetPoor
94979,Equisetum arvense,ForestWetPoor
94980,Equisetum arvense,ForestWetPoor
94981,Equisetum arvense,ForestWetPoor
94982,Equisetum arvense,ForestWetPoor
94983,Equisetum arvense,ForestWetPoor
94984,Equisetum arvense,ForestWetPoor
95538,Equisetum arvense,ForestWetPoor
95539,Equisetum arvense,ForestWetPoor
95540,Equisetum arvense,ForestWetPoor
95541,Equisetum arvense,ForestWetPoor
95542,Equisetum arvense,ForestWetPoor
95543,Equisetum arvense,ForestWetPoor
95544,Equisetum arvense,ForestWetPoor
95545,Equisetum arvense,ForestWetPoor
95546,Equisetum arvense,ForestWetPoor
95547,Equisetum arvense,ForestWetPoor
95548,Equisetum arvense,ForestWetPoor
95549,Equisetum arvense,ForestWetPoor
95550,Equisetum arvense,ForestWetPoor
95551,Equisetum arvense,ForestWetPoor
95552,Equisetum arvense,ForestWetPoor
95553,Equisetum arvense,ForestWetPoor
95554,Equisetum arvense,ForestWetPoor
95555,Equisetum arvense,ForestWetPoor
95556,Equisetum arvense,ForestWetPoor
95557,Equisetum arvense,ForestWetPoor
95558,Equisetum arvense,ForestWetPoor
95559,Equisetum arvense,ForestWetPoor
95560,Equisetum arvense,ForestWetPoor
95561,Equisetum arvense,ForestWetPoor
95562,Equisetum arvense,ForestWetPoor
95563,Equisetum arvense,ForestWetPoor
95564,Equisetum arvense,ForestWetPoor
95565,Equisetum arvense,ForestWetPoor
95566,Equisetum arvense,ForestWetPoor
95567,Equisetum arvense,ForestWetPoor
95568,Equisetum arvense,ForestWetPoor
95569,Equisetum arvense,ForestWetPoor
95570,Equisetum arvense,ForestWetPoor
95571,Equisetum arvense,ForestWetPoor
95572,Equisetum arvense,ForestWetPoor
95573,Equisetum arvense,ForestWetPoor
95574,Equisetum arvense,ForestWetPoor
95575,Equisetum arvense,ForestWetPoor
95576,Equisetum arvense,ForestWetPoor
95577,Equisetum arvense,ForestWetPoor
95578,Equisetum arvense,ForestWetPoor
95579,Equisetum arvense,ForestWetPoor
95580,Equisetum arvense,ForestWetPoor
95581,Equisetum arvense,ForestWetPoor
96139,Equisetum arvense,ForestWetPoor
96140,Equisetuquisetum arvense,ForestWetPoor
126871,Equisetum arvense,ForestWetPoor
126872,Equisetum arvense,ForestWetPoor
126873,Equisetum arvense,ForestWetPoor
126874,Equisetum arvense,ForestWetPoor
126875,Equisetum arvense,ForestWetPoor
126876,Equisetum arvense,ForestWetPoor
126877,Equisetum arvense,ForestWetPoor
126878,Equisetum arvense,ForestWetPoor
126879,Equisetum arvense,ForestWetPoor
126880,Equisetum arvense,ForestWetPoor
126881,Equisetum arvense,ForestWetPoor
126882,Equisetum arvense,ForestWetPoor
126883,Equisetum arvense,ForestWetPoor
126884,Equisetum arvense,ForestWetPoor
126885,Equisetum arvense,ForestWetPoor
126886,Equisetum arvense,ForestWetPoor
126887,Equisetum arvense,ForestWetPoor
126888,Equisetum arvense,ForestWetPoor
126889,Equisetum arvense,ForestWetPoor
126890,Equisetum arvense,ForestWetPoor
126891,Equisetum arvense,ForestWetPoor
126892,Equisetum arvense,ForestWetPoor
126893,Equisetum arvense,ForestWetPoor
126894,Equisetum arvense,ForestWetPoor
126895,Equisetum arvense,ForestWetPoor
126896,Equisetum arvense,ForestWetPoor
126897,Equisetum arvense,ForestWetPoor
126898,Equisetum arvense,ForestWetPoor
126899,Equisetum arvense,ForestWetPoor
126900,Equisetum arvense,ForestWetPoor
126901,Equisetum arvense,ForestWetPoor
126902,Equisetum arvense,ForestWetPoor
126903,Equisetum arvense,ForestWetPoor
126904,Equisetum arvense,ForestWetPoor
126905,Equisetum arvense,ForestWetPoor
127433,Equisetum arvense,ForestWetPoor
127434,Equisetum arvense,ForestWetPoor
127435,Equisetum arvense,ForestWetPoor
127436,Equisetum arvense,ForestWetPoor
127437,Equisetum arvense,ForestWetPoor
127438,Equisetum arvense,ForestWetPoor
127439,Equisetum arvense,ForestWetPoor
127440,Equisetum arvense,ForestWetPoor
127441,Equisetum arvense,ForestWetPoor
127442,Equisetum arvense,ForestWetPoor
127443,Equisetum arvense,ForestWetPoor
127444,Equisetum arvense,ForestWetPoor
127465,Equisetum arvense,ForestWetPoor
127466,Equisetum arvense,ForestWetPoor
127467,Equisetum arvense,ForestWetPoor
127468,Equisetum arvense,ForestWetPoor
127469,Equisetum arvense,ForestWetPoor
127470,Equisetum arvense,ForestWetPoor
127471,Equisetum arvense,ForestWetPoor
127472,Equisetum arvense,ForestWetPoor
127473,Equisetum arvense,ForestWetPoor
127474,Equisetum arvense,ForestWetPoor
127475,Equisetum arvense,ForestWetPoor
127476,Equisetum arvense,ForestWetPoor
127477,Equisetum arvense,ForestWetPoor
127478,Equisetum arvense,ForestWetPoor
127479,Equisetum arvense,ForestWetPoor
127480,Equisetum arvense,ForestWetPoor
127481,Equisetum arvense,ForestWetPoor
127482,Equisetum arvense,ForestWetPoor
127483,Equisetum arvense,ForestWetPoor
127484,Equisetum arvense,ForestWetPoor
127485,Equisetum arvense,ForestWetPoor
127486,Equisetum arvense,ForestWetPoor
127487,Equisetum arvense,ForestWetPoor
127488,Equisetum arvense,ForestWetPoor
127489,Equisetum arvense,ForestWetPoor
127490,Equisetum arvense,ForestWetPoor
127491,Equisetum arvense,ForestWetPoor
127492,Equisetum arvense,ForestWetPoor
127493,Equisetum arvense,ForestWetPoor
127494,Equisetum arvense,ForestWetPoor
127495,Equisetum arvense,ForestWetPoor
127496,Equisetum arvense,ForestWetPoor
127497,Equisetum arvense,ForestWetPoor
127498,Equisetum arvense,ForestWetPoor
127499,Equisetum arvense,ForestWetPoor
127500,Equisetum arvense,ForestWetPoor
127501,Equisetum arvense,ForestWetPoor
127502,Equisetum arvense,ForestWetPoor
127503,Equisetum arvense,ForestWetPoor
127504,Equisetum arvense,ForestWetPoor
128032,Equisetum arvense,ForestWetPoor
128033,Equisetum arvense,ForestWetPoor
128034,Equisetum arvense,ForestWetPoor
128035,Equisetum arvense,ForestWetPoor
128036,Equisetum arvense,ForestWetPoor
128037,Equisetum arvense,ForestWetPoor
128038,Equisetum arvense,ForestWetPoor
128039,Equisetum arvense,ForestWetPoor
128040,Equisetum arvense,ForestWetPoor
128041,Equisetum arvense,ForestWetPoor
128042,Equisetum arvense,ForestWetPoor
128043,Equisetum arvense,ForestWetPoor
128064,Equisetum arvense,ForestWetPoor
128065,Equisetum arvense,ForestWetPoor
128066,Equisetum arvense,ForestWetPoor
128067,Equisetum arvense,ForestWetPoor
128068,Equisetum arvense,ForestWetPoor
128069,EqWetPoor
75173,Equisetum arvense,ForestWetPoor
75174,Equisetum arvense,ForestWetPoor
75175,Equisetum arvense,ForestWetPoor
75176,Equisetum arvense,ForestWetPoor
75177,Equisetum arvense,ForestWetPoor
75178,Equisetum arvense,ForestWetPoor
75179,Equisetum arvense,ForestWetPoor
75180,Equisetum arvense,ForestWetPoor
75181,Equisetum arvense,ForestWetPoor
75182,Equisetum arvense,ForestWetPoor
75183,Equisetum arvense,ForestWetPoor
75184,Equisetum arvense,ForestWetPoor
75185,Equisetum arvense,ForestWetPoor
75186,Equisetum arvense,ForestWetPoor
75187,Equisetum arvense,ForestWetPoor
75188,Equisetum arvense,ForestWetPoor
75189,Equisetum arvense,ForestWetPoor
75190,Equisetum arvense,ForestWetPoor
75191,Equisetum arvense,ForestWetPoor
75192,Equisetum arvense,ForestWetPoor
75193,Equisetum arvense,ForestWetPoor
75194,Equisetum arvense,ForestWetPoor
75195,Equisetum arvense,ForestWetPoor
75196,Equisetum arvense,ForestWetPoor
75197,Equisetum arvense,ForestWetPoor
75198,Equisetum arvense,ForestWetPoor
75199,Equisetum arvense,ForestWetPoor
75200,Equisetum arvense,ForestWetPoor
75201,Equisetum arvense,ForestWetPoor
75202,Equisetum arvense,ForestWetPoor
75203,Equisetum arvense,ForestWetPoor
75204,Equisetum arvense,ForestWetPoor
75205,Equisetum arvense,ForestWetPoor
75206,Equisetum arvense,ForestWetPoor
75207,Equisetum arvense,ForestWetPoor
75208,Equisetum arvense,ForestWetPoor
75209,Equisetum arvense,ForestWetPoor
75210,Equisetum arvense,ForestWetPoor
75211,Equisetum arvense,ForestWetPoor
75753,Equisetum arvense,ForestWetPoor
75754,Equisetum arvense,ForestWetPoor
75755,Equisetum arvense,ForestWetPoor
75756,Equisetum arvense,ForestWetPoor
75757,Equisetum arvense,ForestWetPoor
75758,Equisetum arvense,ForestWetPoor
75759,Equisetum arvense,ForestWetPoor
75760,Equisetum arvense,ForestWetPoor
75761,Equisetum arvense,ForestWetPoor
75762,Equisetum arvense,ForestWetPoor
75763,Equisetum arvense,ForestWetPoor
75764,Equisetum arvense,ForestWetPoor
75765,Equisetum arvense,ForestWetPoor
75766,Equisetum arvense,ForestWetPoor
75767,Equisetum arvense,ForestWetPoor
75768,Equisetum arvense,ForestWetPoor
75769,Equisetum arvense,ForestWetPoor
75770,Equisetum arvense,ForestWetPoor
75771,Equisetum arvense,ForestWetPoor
75772,Equisetum arvense,ForestWetPoor
75773,Equisetum arvense,ForestWetPoor
75774,Equisetum arvense,ForestWetPoor
75775,Equisetum arvense,ForestWetPoor
75776,Equisetum arvense,ForestWetPoor
75777,Equisetum arvense,ForestWetPoor
75778,Equisetum arvense,ForestWetPoor
75779,Equisetum arvense,ForestWetPoor
75780,Equisetum arvense,ForestWetPoor
75781,Equisetum arvense,ForestWetPoor
75782,Equisetum arvense,ForestWetPoor
75783,Equisetum arvense,ForestWetPoor
75784,Equisetum arvense,ForestWetPoor
75785,Equisetum arvense,ForestWetPoor
75786,Equisetum arvense,ForestWetPoor
75787,Equisetum arvense,ForestWetPoor
75788,Equisetum arvense,ForestWetPoor
75789,Equisetum arvense,ForestWetPoor
75790,Equisetum arvense,ForestWetPoor
75791,Equisetum arvense,ForestWetPoor
75792,Equisetum arvense,ForestWetPoor
75793,Equisetum arvense,ForestWetPoor
75794,Equisetum arvense,ForestWetPoor
75795,Equisetum arvense,ForestWetPoor
75796,Equisetum arvense,ForestWetPoor
75797,Equisetum arvense,ForestWetPoor
75798,Equisetum arvense,ForestWetPoor
75799,Equisetum arvense,ForestWetPoor
75800,Equisetum arvense,ForestWetPoor
75801,Equisetum arvense,ForestWetPoor
75802,Equisetum arvense,ForestWetPoor
75803,Equisetum arvense,ForestWetPoor
75804,Equisetum arvense,ForestWetPoor
75805,Equisetum arvense,ForestWetPoor
75806,Equisetum arvense,ForestWetPoor
75807,Equisetum arvense,ForestWetPoor
75808,Equisetum arvense,ForestWetPoor
75809,Equisetum arvense,ForestWetPoor
75810,Equisetum arvense,ForestWetPoor
76352,Equisetum arvense,ForestWetPoor
76353,Equisetum arvense,ForestWetPoor
76354,Equisetum arvense,ForestWetPoor
76355,Equisetum arvense,ForestWetPoor
76356,Equisetum arvense,ForestWetPoor
76357,Equisetum arvense,ForestWetPoor
76358,Equisetum arvense,ForestWetPoor
76359,Equisetum arvense,ForestWetPoor
76360,Equisetum arvense,ForestWetPoor
76361,Equisetum arvense,ForestWetPoor
76362,Equisetum arvensm arvense,ForestWetPoor
96141,Equisetum arvense,ForestWetPoor
96142,Equisetum arvense,ForestWetPoor
96143,Equisetum arvense,ForestWetPoor
96144,Equisetum arvense,ForestWetPoor
96145,Equisetum arvense,ForestWetPoor
96146,Equisetum arvense,ForestWetPoor
96147,Equisetum arvense,ForestWetPoor
96148,Equisetum arvense,ForestWetPoor
96149,Equisetum arvense,ForestWetPoor
96150,Equisetum arvense,ForestWetPoor
96151,Equisetum arvense,ForestWetPoor
96152,Equisetum arvense,ForestWetPoor
96153,Equisetum arvense,ForestWetPoor
96154,Equisetum arvense,ForestWetPoor
96155,Equisetum arvense,ForestWetPoor
96156,Equisetum arvense,ForestWetPoor
96157,Equisetum arvense,ForestWetPoor
96158,Equisetum arvense,ForestWetPoor
96159,Equisetum arvense,ForestWetPoor
96160,Equisetum arvense,ForestWetPoor
96161,Equisetum arvense,ForestWetPoor
96162,Equisetum arvense,ForestWetPoor
96163,Equisetum arvense,ForestWetPoor
96164,Equisetum arvense,ForestWetPoor
96165,Equisetum arvense,ForestWetPoor
96166,Equisetum arvense,ForestWetPoor
96167,Equisetum arvense,ForestWetPoor
96168,Equisetum arvense,ForestWetPoor
96169,Equisetum arvense,ForestWetPoor
96170,Equisetum arvense,ForestWetPoor
96171,Equisetum arvense,ForestWetPoor
96172,Equisetum arvense,ForestWetPoor
96173,Equisetum arvense,ForestWetPoor
96174,Equisetum arvense,ForestWetPoor
96175,Equisetum arvense,ForestWetPoor
96176,Equisetum arvense,ForestWetPoor
96177,Equisetum arvense,ForestWetPoor
96741,Equisetum arvense,ForestWetPoor
96742,Equisetum arvense,ForestWetPoor
96743,Equisetum arvense,ForestWetPoor
96744,Equisetum arvense,ForestWetPoor
96745,Equisetum arvense,ForestWetPoor
96746,Equisetum arvense,ForestWetPoor
96747,Equisetum arvense,ForestWetPoor
96748,Equisetum arvense,ForestWetPoor
96749,Equisetum arvense,ForestWetPoor
96750,Equisetum arvense,ForestWetPoor
96751,Equisetum arvense,ForestWetPoor
96752,Equisetum arvense,ForestWetPoor
96753,Equisetum arvense,ForestWetPoor
96754,Equisetum arvense,ForestWetPoor
96755,Equisetum arvense,ForestWetPoor
96756,Equisetum arvense,ForestWetPoor
96757,Equisetum arvense,ForestWetPoor
96758,Equisetum arvense,ForestWetPoor
96759,Equisetum arvense,ForestWetPoor
96760,Equisetum arvense,ForestWetPoor
96761,Equisetum arvense,ForestWetPoor
96762,Equisetum arvense,ForestWetPoor
96763,Equisetum arvense,ForestWetPoor
96764,Equisetum arvense,ForestWetPoor
96765,Equisetum arvense,ForestWetPoor
96766,Equisetum arvense,ForestWetPoor
96767,Equisetum arvense,ForestWetPoor
96768,Equisetum arvense,ForestWetPoor
96769,Equisetum arvense,ForestWetPoor
96770,Equisetum arvense,ForestWetPoor
96771,Equisetum arvense,ForestWetPoor
96772,Equisetum arvense,ForestWetPoor
96773,Equisetum arvense,ForestWetPoor
96774,Equisetum arvense,ForestWetPoor
97343,Equisetum arvense,ForestWetPoor
97344,Equisetum arvense,ForestWetPoor
97345,Equisetum arvense,ForestWetPoor
97346,Equisetum arvense,ForestWetPoor
97347,Equisetum arvense,ForestWetPoor
97348,Equisetum arvense,ForestWetPoor
97349,Equisetum arvense,ForestWetPoor
97350,Equisetum arvense,ForestWetPoor
97351,Equisetum arvense,ForestWetPoor
97352,Equisetum arvense,ForestWetPoor
97353,Equisetum arvense,ForestWetPoor
97354,Equisetum arvense,ForestWetPoor
97355,Equisetum arvense,ForestWetPoor
97356,Equisetum arvense,ForestWetPoor
97357,Equisetum arvense,ForestWetPoor
97358,Equisetum arvense,ForestWetPoor
97359,Equisetum arvense,ForestWetPoor
97360,Equisetum arvense,ForestWetPoor
97361,Equisetum arvense,ForestWetPoor
97362,Equisetum arvense,ForestWetPoor
97363,Equisetum arvense,ForestWetPoor
97364,Equisetum arvense,ForestWetPoor
97365,Equisetum arvense,ForestWetPoor
97366,Equisetum arvense,ForestWetPoor
97367,Equisetum arvense,ForestWetPoor
97368,Equisetum arvense,ForestWetPoor
97369,Equisetum arvense,ForestWetPoor
97370,Equisetum arvense,ForestWetPoor
97946,Equisetum arvense,ForestWetPoor
97947,Equisetum arvense,ForestWetPoor
97948,Equisetum arvense,ForestWetPoor
97949,Equisetum arvense,ForestWetPoor
97950,Equisetum arvense,ForestWetPoor
97951,Equisetum arvense,ForestWetPoor
97952,Equisetum arvense,ForestWetPoor
97953,Equisetum arvense,ForestWetPoor
97954,Equisetum arvense,ForestWetPoor
97955,Equisetum arvense,ForestWetPoor
97956,Equisetum arvense,ForestWetPoor
97957,Equisetum arvense,ForestWetPoor
97958,Equisetum arvense,ForestWetPoor
97959,Equisetum arvense,ForestWetPoor
97960,Equisetum arvense,ForestWetPoor
97961,Equisetum arvense,ForestWetPoor
97962,Equisetum arvense,ForestWetPoor
97963,Equisetum arvense,ForestWetPoor
97964,Equisetum arvense,ForestWetPoor
97965,Equisetum arvense,ForestWetPoor
uisetum arvense,ForestWetPoor
128070,Equisetum arvense,ForestWetPoor
128071,Equisetum arvense,ForestWetPoor
128072,Equisetum arvense,ForestWetPoor
128073,Equisetum arvense,ForestWetPoor
128074,Equisetum arvense,ForestWetPoor
128075,Equisetum arvense,ForestWetPoor
128076,Equisetum arvense,ForestWetPoor
128077,Equisetum arvense,ForestWetPoor
128078,Equisetum arvense,ForestWetPoor
128079,Equisetum arvense,ForestWetPoor
128080,Equisetum arvense,ForestWetPoor
128081,Equisetum arvense,ForestWetPoor
128082,Equisetum arvense,ForestWetPoor
128083,Equisetum arvense,ForestWetPoor
128084,Equisetum arvense,ForestWetPoor
128085,Equisetum arvense,ForestWetPoor
128086,Equisetum arvense,ForestWetPoor
128087,Equisetum arvense,ForestWetPoor
128088,Equisetum arvense,ForestWetPoor
128089,Equisetum arvense,ForestWetPoor
128090,Equisetum arvense,ForestWetPoor
128091,Equisetum arvense,ForestWetPoor
128092,Equisetum arvense,ForestWetPoor
128093,Equisetum arvense,ForestWetPoor
128094,Equisetum arvense,ForestWetPoor
128095,Equisetum arvense,ForestWetPoor
128096,Equisetum arvense,ForestWetPoor
128097,Equisetum arvense,ForestWetPoor
128098,Equisetum arvense,ForestWetPoor
128099,Equisetum arvense,ForestWetPoor
128100,Equisetum arvense,ForestWetPoor
128101,Equisetum arvense,ForestWetPoor
128102,Equisetum arvense,ForestWetPoor
128103,Equisetum arvense,ForestWetPoor
128631,Equisetum arvense,ForestWetPoor
128632,Equisetum arvense,ForestWetPoor
128633,Equisetum arvense,ForestWetPoor
128634,Equisetum arvense,ForestWetPoor
128635,Equisetum arvense,ForestWetPoor
128636,Equisetum arvense,ForestWetPoor
128637,Equisetum arvense,ForestWetPoor
128638,Equisetum arvense,ForestWetPoor
128639,Equisetum arvense,ForestWetPoor
128640,Equisetum arvense,ForestWetPoor
128641,Equisetum arvense,ForestWetPoor
128642,Equisetum arvense,ForestWetPoor
128663,Equisetum arvense,ForestWetPoor
128664,Equisetum arvense,ForestWetPoor
128665,Equisetum arvense,ForestWetPoor
128666,Equisetum arvense,ForestWetPoor
128667,Equisetum arvense,ForestWetPoor
128668,Equisetum arvense,ForestWetPoor
128669,Equisetum arvense,ForestWetPoor
128670,Equisetum arvense,ForestWetPoor
128671,Equisetum arvense,ForestWetPoor
128672,Equisetum arvense,ForestWetPoor
128673,Equisetum arvense,ForestWetPoor
128674,Equisetum arvense,ForestWetPoor
128675,Equisetum arvense,ForestWetPoor
128676,Equisetum arvense,ForestWetPoor
128677,Equisetum arvense,ForestWetPoor
128678,Equisetum arvense,ForestWetPoor
128679,Equisetum arvense,ForestWetPoor
128680,Equisetum arvense,ForestWetPoor
128681,Equisetum arvense,ForestWetPoor
128682,Equisetum arvense,ForestWetPoor
128683,Equisetum arvense,ForestWetPoor
128684,Equisetum arvense,ForestWetPoor
128685,Equisetum arvense,ForestWetPoor
128686,Equisetum arvense,ForestWetPoor
128687,Equisetum arvense,ForestWetPoor
128688,Equisetum arvense,ForestWetPoor
128689,Equisetum arvense,ForestWetPoor
128690,Equisetum arvense,ForestWetPoor
128691,Equisetum arvense,ForestWetPoor
128692,Equisetum arvense,ForestWetPoor
128693,Equisetum arvense,ForestWetPoor
128694,Equisetum arvense,ForestWetPoor
128695,Equisetum arvense,ForestWetPoor
128696,Equisetum arvense,ForestWetPoor
128697,Equisetum arvense,ForestWetPoor
128698,Equisetum arvense,ForestWetPoor
128699,Equisetum arvense,ForestWetPoor
128700,Equisetum arvense,ForestWetPoor
128701,Equisetum arvense,ForestWetPoor
128702,Equisetum arvense,ForestWetPoor
129230,Equisetum arvense,ForestWetPoor
129231,Equisetum arvense,ForestWetPoor
129232,Equisetum arvense,ForestWetPoor
129233,Equisetum arvense,ForestWetPoor
129234,Equisetum arvense,ForestWetPoor
129235,Equisetum arvense,ForestWetPoor
129236,Equisetum arvense,ForestWetPoor
129237,Equisetum arvense,ForestWetPoor
129238,Equisetum arvense,ForestWetPoor
129239,Equisetum arvense,ForestWetPoor
129240,Equisetum arvense,ForestWetPoor
129241,Equisetum arvense,ForestWetPoor
129262,Equisetum arvense,ForestWetPoor
129263,Equisetum arvense,ForestWetPoor
129264,Equisetum arvense,ForestWetPoor
129265,Equisetum arvense,ForestWetPoor
129266,Equisetum arvense,ForestWetPoor
129267,Equisetum arvense,ForestWetPoor
129268,Eque,ForestWetPoor
76363,Equisetum arvense,ForestWetPoor
76364,Equisetum arvense,ForestWetPoor
76365,Equisetum arvense,ForestWetPoor
76366,Equisetum arvense,ForestWetPoor
76367,Equisetum arvense,ForestWetPoor
76368,Equisetum arvense,ForestWetPoor
76369,Equisetum arvense,ForestWetPoor
76370,Equisetum arvense,ForestWetPoor
76371,Equisetum arvense,ForestWetPoor
76372,Equisetum arvense,ForestWetPoor
76373,Equisetum arvense,ForestWetPoor
76374,Equisetum arvense,ForestWetPoor
76375,Equisetum arvense,ForestWetPoor
76376,Equisetum arvense,ForestWetPoor
76377,Equisetum arvense,ForestWetPoor
76378,Equisetum arvense,ForestWetPoor
76379,Equisetum arvense,ForestWetPoor
76380,Equisetum arvense,ForestWetPoor
76381,Equisetum arvense,ForestWetPoor
76382,Equisetum arvense,ForestWetPoor
76383,Equisetum arvense,ForestWetPoor
76384,Equisetum arvense,ForestWetPoor
76385,Equisetum arvense,ForestWetPoor
76386,Equisetum arvense,ForestWetPoor
76387,Equisetum arvense,ForestWetPoor
76388,Equisetum arvense,ForestWetPoor
76389,Equisetum arvense,ForestWetPoor
76390,Equisetum arvense,ForestWetPoor
76391,Equisetum arvense,ForestWetPoor
76392,Equisetum arvense,ForestWetPoor
76393,Equisetum arvense,ForestWetPoor
76394,Equisetum arvense,ForestWetPoor
76395,Equisetum arvense,ForestWetPoor
76396,Equisetum arvense,ForestWetPoor
76397,Equisetum arvense,ForestWetPoor
76398,Equisetum arvense,ForestWetPoor
76399,Equisetum arvense,ForestWetPoor
76400,Equisetum arvense,ForestWetPoor
76401,Equisetum arvense,ForestWetPoor
76402,Equisetum arvense,ForestWetPoor
76403,Equisetum arvense,ForestWetPoor
76404,Equisetum arvense,ForestWetPoor
76405,Equisetum arvense,ForestWetPoor
76406,Equisetum arvense,ForestWetPoor
76407,Equisetum arvense,ForestWetPoor
76408,Equisetum arvense,ForestWetPoor
76409,Equisetum arvense,ForestWetPoor
76951,Equisetum arvense,ForestWetPoor
76952,Equisetum arvense,ForestWetPoor
76953,Equisetum arvense,ForestWetPoor
76954,Equisetum arvense,ForestWetPoor
76955,Equisetum arvense,ForestWetPoor
76956,Equisetum arvense,ForestWetPoor
76957,Equisetum arvense,ForestWetPoor
76958,Equisetum arvense,ForestWetPoor
76959,Equisetum arvense,ForestWetPoor
76960,Equisetum arvense,ForestWetPoor
76961,Equisetum arvense,ForestWetPoor
76962,Equisetum arvense,ForestWetPoor
76963,Equisetum arvense,ForestWetPoor
76964,Equisetum arvense,ForestWetPoor
76965,Equisetum arvense,ForestWetPoor
76966,Equisetum arvense,ForestWetPoor
76967,Equisetum arvense,ForestWetPoor
76968,Equisetum arvense,ForestWetPoor
76969,Equisetum arvense,ForestWetPoor
76970,Equisetum arvense,ForestWetPoor
76971,Equisetum arvense,ForestWetPoor
76972,Equisetum arvense,ForestWetPoor
76973,Equisetum arvense,ForestWetPoor
76974,Equisetum arvense,ForestWetPoor
76975,Equisetum arvense,ForestWetPoor
76976,Equisetum arvense,ForestWetPoor
76977,Equisetum arvense,ForestWetPoor
76978,Equisetum arvense,ForestWetPoor
76979,Equisetum arvense,ForestWetPoor
76980,Equisetum arvense,ForestWetPoor
76981,Equisetum arvense,ForestWetPoor
76982,Equisetum arvense,ForestWetPoor
76983,Equisetum arvense,ForestWetPoor
76984,Equisetum arvense,ForestWetPoor
76985,Equisetum arvense,ForestWetPoor
76986,Equisetum arvense,ForestWetPoor
76987,Equisetum arvense,ForestWetPoor
76988,Equisetum arvense,ForestWetPoor
76989,Equisetum arvense,ForestWetPoor
76990,Equisetum arvense,ForestWetPoor
76991,Equisetum arvense,ForestWetPoor
76992,Equisetum arvense,ForestWetPoor
76993,Equisetum arvense,ForestWetPoor
76994,Equisetum arvense,ForestWetPoor
76995,Equisetum arvense,ForestWetPoor
76996,Equisetum arvense,ForestWetPoor
76997,Equisetum arvense,ForestWetPoor
76998,Equisetum arvense,ForestWetPoor
76999,Equisetum arvense,ForestWetPoor
77000,Equisetum arvense,ForestWetPoor
77001,Equisetum arvense,ForestWetPoor
77002,Equisetum arvense,ForestWetPoor
77003,Equisetum arvense,ForestWetPoor
77004,Equisetum arvense,ForestWetPoor
77005,Equisetum arvense,ForestWetPoor
77006,Equisetum arvense,ForestWetPoor
77007,Equisetum arvense,ForestWetPoor
77008,Equisetum arvense,ForestWetPoor
77550,Equisetum arvense,ForestWetPoor
77551,Equisetum arvense,ForestWetPoor
77552,Equisetuisetum arvense,ForestWetPoor
129269,Equisetum arvense,ForestWetPoor
129270,Equisetum arvense,ForestWetPoor
129271,Equisetum arvense,ForestWetPoor
129272,Equisetum arvense,ForestWetPoor
129273,Equisetum arvense,ForestWetPoor
129274,Equisetum arvense,ForestWetPoor
129275,Equisetum arvense,ForestWetPoor
129276,Equisetum arvense,ForestWetPoor
129277,Equisetum arvense,ForestWetPoor
129278,Equisetum arvense,ForestWetPoor
129279,Equisetum arvense,ForestWetPoor
129280,Equisetum arvense,ForestWetPoor
129281,Equisetum arvense,ForestWetPoor
129282,Equisetum arvense,ForestWetPoor
129283,Equisetum arvense,ForestWetPoor
129284,Equisetum arvense,ForestWetPoor
129285,Equisetum arvense,ForestWetPoor
129286,Equisetum arvense,ForestWetPoor
129287,Equisetum arvense,ForestWetPoor
129288,Equisetum arvense,ForestWetPoor
129289,Equisetum arvense,ForestWetPoor
129290,Equisetum arvense,ForestWetPoor
129291,Equisetum arvense,ForestWetPoor
129292,Equisetum arvense,ForestWetPoor
129293,Equisetum arvense,ForestWetPoor
129294,Equisetum arvense,ForestWetPoor
129295,Equisetum arvense,ForestWetPoor
129296,Equisetum arvense,ForestWetPoor
129297,Equisetum arvense,ForestWetPoor
129298,Equisetum arvense,ForestWetPoor
129299,Equisetum arvense,ForestWetPoor
129300,Equisetum arvense,ForestWetPoor
129301,Equisetum arvense,ForestWetPoor
129829,Equisetum arvense,ForestWetPoor
129830,Equisetum arvense,ForestWetPoor
129831,Equisetum arvense,ForestWetPoor
129832,Equisetum arvense,ForestWetPoor
129833,Equisetum arvense,ForestWetPoor
129834,Equisetum arvense,ForestWetPoor
129835,Equisetum arvense,ForestWetPoor
129836,Equisetum arvense,ForestWetPoor
129837,Equisetum arvense,ForestWetPoor
129838,Equisetum arvense,ForestWetPoor
129839,Equisetum arvense,ForestWetPoor
129840,Equisetum arvense,ForestWetPoor
129861,Equisetum arvense,ForestWetPoor
129862,Equisetum arvense,ForestWetPoor
129863,Equisetum arvense,ForestWetPoor
129864,Equisetum arvense,ForestWetPoor
129865,Equisetum arvense,ForestWetPoor
129866,Equisetum arvense,ForestWetPoor
129867,Equisetum arvense,ForestWetPoor
129868,Equisetum arvense,ForestWetPoor
129869,Equisetum arvense,ForestWetPoor
129870,Equisetum arvense,ForestWetPoor
129871,Equisetum arvense,ForestWetPoor
129872,Equisetum arvense,ForestWetPoor
129873,Equisetum arvense,ForestWetPoor
129874,Equisetum arvense,ForestWetPoor
129875,Equisetum arvense,ForestWetPoor
129876,Equisetum arvense,ForestWetPoor
129877,Equisetum arvense,ForestWetPoor
129878,Equisetum arvense,ForestWetPoor
129879,Equisetum arvense,ForestWetPoor
129880,Equisetum arvense,ForestWetPoor
129881,Equisetum arvense,ForestWetPoor
129882,Equisetum arvense,ForestWetPoor
129883,Equisetum arvense,ForestWetPoor
129884,Equisetum arvense,ForestWetPoor
129885,Equisetum arvense,ForestWetPoor
129886,Equisetum arvense,ForestWetPoor
129887,Equisetum arvense,ForestWetPoor
129888,Equisetum arvense,ForestWetPoor
129889,Equisetum arvense,ForestWetPoor
129890,Equisetum arvense,ForestWetPoor
129891,Equisetum arvense,ForestWetPoor
129892,Equisetum arvense,ForestWetPoor
129893,Equisetum arvense,ForestWetPoor
129894,Equisetum arvense,ForestWetPoor
129895,Equisetum arvense,ForestWetPoor
129896,Equisetum arvense,ForestWetPoor
129897,Equisetum arvense,ForestWetPoor
129898,Equisetum arvense,ForestWetPoor
129899,Equisetum arvense,ForestWetPoor
129900,Equisetum arvense,ForestWetPoor
130428,Equisetum arvense,ForestWetPoor
130429,Equisetum arvense,ForestWetPoor
130430,Equisetum arvense,ForestWetPoor
130431,Equisetum arvense,ForestWetPoor
130432,Equisetum arvense,ForestWetPoor
130433,Equisetum arvense,ForestWetPoor
130434,Equisetum arvense,ForestWetPoor
130435,Equisetum arvense,ForestWetPoor
130436,Equisetum arvense,ForestWetPoor
130437,Equisetum arvense,ForestWetPoor
130438,Equisetum arvense,ForestWetPoor
130439,Equisetum arvense,ForestWetPoor
130460,Equisetum arvense,ForestWetPoor
130461,Equisetum arvense,ForestWetPoor
130462,Equisetum arvense,ForestWetPoor
130463,Equisetum arvense,ForestWetPoor
130464,Equisetum arvense,ForestWetPoor
130465,Equisetum arvense,ForestWetPoor
130466,Equisetum arvense,ForestWetPoor
130467,Equim arvense,ForestWetPoor
77553,Equisetum arvense,ForestWetPoor
77554,Equisetum arvense,ForestWetPoor
77555,Equisetum arvense,ForestWetPoor
77556,Equisetum arvense,ForestWetPoor
77557,Equisetum arvense,ForestWetPoor
77558,Equisetum arvense,ForestWetPoor
77559,Equisetum arvense,ForestWetPoor
77560,Equisetum arvense,ForestWetPoor
77561,Equisetum arvense,ForestWetPoor
77562,Equisetum arvense,ForestWetPoor
77563,Equisetum arvense,ForestWetPoor
77564,Equisetum arvense,ForestWetPoor
77565,Equisetum arvense,ForestWetPoor
77566,Equisetum arvense,ForestWetPoor
77567,Equisetum arvense,ForestWetPoor
77568,Equisetum arvense,ForestWetPoor
77569,Equisetum arvense,ForestWetPoor
77570,Equisetum arvense,ForestWetPoor
77571,Equisetum arvense,ForestWetPoor
77572,Equisetum arvense,ForestWetPoor
77573,Equisetum arvense,ForestWetPoor
77574,Equisetum arvense,ForestWetPoor
77575,Equisetum arvense,ForestWetPoor
77576,Equisetum arvense,ForestWetPoor
77577,Equisetum arvense,ForestWetPoor
77578,Equisetum arvense,ForestWetPoor
77579,Equisetum arvense,ForestWetPoor
77580,Equisetum arvense,ForestWetPoor
77581,Equisetum arvense,ForestWetPoor
77582,Equisetum arvense,ForestWetPoor
77583,Equisetum arvense,ForestWetPoor
77584,Equisetum arvense,ForestWetPoor
77585,Equisetum arvense,ForestWetPoor
77586,Equisetum arvense,ForestWetPoor
77587,Equisetum arvense,ForestWetPoor
77588,Equisetum arvense,ForestWetPoor
77589,Equisetum arvense,ForestWetPoor
77590,Equisetum arvense,ForestWetPoor
77591,Equisetum arvense,ForestWetPoor
77592,Equisetum arvense,ForestWetPoor
77593,Equisetum arvense,ForestWetPoor
77594,Equisetum arvense,ForestWetPoor
77595,Equisetum arvense,ForestWetPoor
77596,Equisetum arvense,ForestWetPoor
77597,Equisetum arvense,ForestWetPoor
77598,Equisetum arvense,ForestWetPoor
77599,Equisetum arvense,ForestWetPoor
77600,Equisetum arvense,ForestWetPoor
77601,Equisetum arvense,ForestWetPoor
77602,Equisetum arvense,ForestWetPoor
77603,Equisetum arvense,ForestWetPoor
77604,Equisetum arvense,ForestWetPoor
77605,Equisetum arvense,ForestWetPoor
77606,Equisetum arvense,ForestWetPoor
77607,Equisetum arvense,ForestWetPoor
78148,Equisetum arvense,ForestWetPoor
78149,Equisetum arvense,ForestWetPoor
78150,Equisetum arvense,ForestWetPoor
78151,Equisetum arvense,ForestWetPoor
78152,Equisetum arvense,ForestWetPoor
78153,Equisetum arvense,ForestWetPoor
78154,Equisetum arvense,ForestWetPoor
78155,Equisetum arvense,ForestWetPoor
78156,Equisetum arvense,ForestWetPoor
78157,Equisetum arvense,ForestWetPoor
78158,Equisetum arvense,ForestWetPoor
78159,Equisetum arvense,ForestWetPoor
78160,Equisetum arvense,ForestWetPoor
78161,Equisetum arvense,ForestWetPoor
78162,Equisetum arvense,ForestWetPoor
78163,Equisetum arvense,ForestWetPoor
78164,Equisetum arvense,ForestWetPoor
78165,Equisetum arvense,ForestWetPoor
78166,Equisetum arvense,ForestWetPoor
78167,Equisetum arvense,ForestWetPoor
78168,Equisetum arvense,ForestWetPoor
78169,Equisetum arvense,ForestWetPoor
78170,Equisetum arvense,ForestWetPoor
78171,Equisetum arvense,ForestWetPoor
78172,Equisetum arvense,ForestWetPoor
78173,Equisetum arvense,ForestWetPoor
78174,Equisetum arvense,ForestWetPoor
78175,Equisetum arvense,ForestWetPoor
78176,Equisetum arvense,ForestWetPoor
78177,Equisetum arvense,ForestWetPoor
78178,Equisetum arvense,ForestWetPoor
78179,Equisetum arvense,ForestWetPoor
78180,Equisetum arvense,ForestWetPoor
78181,Equisetum arvense,ForestWetPoor
78182,Equisetum arvense,ForestWetPoor
78183,Equisetum arvense,ForestWetPoor
78184,Equisetum arvense,ForestWetPoor
78185,Equisetum arvense,ForestWetPoor
78186,Equisetum arvense,ForestWetPoor
78187,Equisetum arvense,ForestWetPoor
78188,Equisetum arvense,ForestWetPoor
78189,Equisetum arvense,ForestWetPoor
78190,Equisetum arvense,ForestWetPoor
78191,Equisetum arvense,ForestWetPoor
78192,Equisetum arvense,ForestWetPoor
78193,Equisetum arvense,ForestWetPoor
78194,Equisetum arvense,ForestWetPoor
78195,Equisetum arvense,ForestWetPoor
78196,Equisetum arvense,ForestWetPoor
78197,Equisetum arvense,ForestWetPoor
78198,Equisetum arvense,ForestWetPoor
78199,Equisetum arvense,ForestWetPoor
78200,setum arvense,ForestWetPoor
130468,Equisetum arvense,ForestWetPoor
130469,Equisetum arvense,ForestWetPoor
130470,Equisetum arvense,ForestWetPoor
130471,Equisetum arvense,ForestWetPoor
130472,Equisetum arvense,ForestWetPoor
130473,Equisetum arvense,ForestWetPoor
130474,Equisetum arvense,ForestWetPoor
130475,Equisetum arvense,ForestWetPoor
130476,Equisetum arvense,ForestWetPoor
130477,Equisetum arvense,ForestWetPoor
130478,Equisetum arvense,ForestWetPoor
130479,Equisetum arvense,ForestWetPoor
130480,Equisetum arvense,ForestWetPoor
130481,Equisetum arvense,ForestWetPoor
130482,Equisetum arvense,ForestWetPoor
130483,Equisetum arvense,ForestWetPoor
130484,Equisetum arvense,ForestWetPoor
130485,Equisetum arvense,ForestWetPoor
130486,Equisetum arvense,ForestWetPoor
130487,Equisetum arvense,ForestWetPoor
130488,Equisetum arvense,ForestWetPoor
130489,Equisetum arvense,ForestWetPoor
130490,Equisetum arvense,ForestWetPoor
130491,Equisetum arvense,ForestWetPoor
130492,Equisetum arvense,ForestWetPoor
130493,Equisetum arvense,ForestWetPoor
130494,Equisetum arvense,ForestWetPoor
130495,Equisetum arvense,ForestWetPoor
130496,Equisetum arvense,ForestWetPoor
130497,Equisetum arvense,ForestWetPoor
130498,Equisetum arvense,ForestWetPoor
130499,Equisetum arvense,ForestWetPoor
131027,Equisetum arvense,ForestWetPoor
131028,Equisetum arvense,ForestWetPoor
131029,Equisetum arvense,ForestWetPoor
131030,Equisetum arvense,ForestWetPoor
131031,Equisetum arvense,ForestWetPoor
131032,Equisetum arvense,ForestWetPoor
131033,Equisetum arvense,ForestWetPoor
131034,Equisetum arvense,ForestWetPoor
131035,Equisetum arvense,ForestWetPoor
131036,Equisetum arvense,ForestWetPoor
131037,Equisetum arvense,ForestWetPoor
131038,Equisetum arvense,ForestWetPoor
131059,Equisetum arvense,ForestWetPoor
131060,Equisetum arvense,ForestWetPoor
131061,Equisetum arvense,ForestWetPoor
131062,Equisetum arvense,ForestWetPoor
131063,Equisetum arvense,ForestWetPoor
131064,Equisetum arvense,ForestWetPoor
131065,Equisetum arvense,ForestWetPoor
131066,Equisetum arvense,ForestWetPoor
131067,Equisetum arvense,ForestWetPoor
131068,Equisetum arvense,ForestWetPoor
131069,Equisetum arvense,ForestWetPoor
131070,Equisetum arvense,ForestWetPoor
131071,Equisetum arvense,ForestWetPoor
131072,Equisetum arvense,ForestWetPoor
131073,Equisetum arvense,ForestWetPoor
131074,Equisetum arvense,ForestWetPoor
131075,Equisetum arvense,ForestWetPoor
131076,Equisetum arvense,ForestWetPoor
131077,Equisetum arvense,ForestWetPoor
131078,Equisetum arvense,ForestWetPoor
131079,Equisetum arvense,ForestWetPoor
131080,Equisetum arvense,ForestWetPoor
131081,Equisetum arvense,ForestWetPoor
131082,Equisetum arvense,ForestWetPoor
131083,Equisetum arvense,ForestWetPoor
131084,Equisetum arvense,ForestWetPoor
131085,Equisetum arvense,ForestWetPoor
131086,Equisetum arvense,ForestWetPoor
131087,Equisetum arvense,ForestWetPoor
131088,Equisetum arvense,ForestWetPoor
131089,Equisetum arvense,ForestWetPoor
131090,Equisetum arvense,ForestWetPoor
131091,Equisetum arvense,ForestWetPoor
131092,Equisetum arvense,ForestWetPoor
131093,Equisetum arvense,ForestWetPoor
131094,Equisetum arvense,ForestWetPoor
131095,Equisetum arvense,ForestWetPoor
131096,Equisetum arvense,ForestWetPoor
131097,Equisetum arvense,ForestWetPoor
131098,Equisetum arvense,ForestWetPoor
131626,Equisetum arvense,ForestWetPoor
131627,Equisetum arvense,ForestWetPoor
131628,Equisetum arvense,ForestWetPoor
131629,Equisetum arvense,ForestWetPoor
131630,Equisetum arvense,ForestWetPoor
131631,Equisetum arvense,ForestWetPoor
131632,Equisetum arvense,ForestWetPoor
131633,Equisetum arvense,ForestWetPoor
131634,Equisetum arvense,ForestWetPoor
131635,Equisetum arvense,ForestWetPoor
131636,Equisetum arvense,ForestWetPoor
131637,Equisetum arvense,ForestWetPoor
131658,Equisetum arvense,ForestWetPoor
131659,Equisetum arvense,ForestWetPoor
131660,Equisetum arvense,ForestWetPoor
131661,Equisetum arvense,ForestWetPoor
131662,Equisetum arvense,ForestWetPoor
131663,Equisetum arvense,ForestWetPoor
131664,Equisetum arvense,ForestWetPoor
131665,Equisetum arvense,ForestWetPoor
131666,EquisEquisetum arvense,ForestWetPoor
78201,Equisetum arvense,ForestWetPoor
78202,Equisetum arvense,ForestWetPoor
78203,Equisetum arvense,ForestWetPoor
78204,Equisetum arvense,ForestWetPoor
78205,Equisetum arvense,ForestWetPoor
78206,Equisetum arvense,ForestWetPoor
78747,Equisetum arvense,ForestWetPoor
78748,Equisetum arvense,ForestWetPoor
78749,Equisetum arvense,ForestWetPoor
78750,Equisetum arvense,ForestWetPoor
78751,Equisetum arvense,ForestWetPoor
78752,Equisetum arvense,ForestWetPoor
78753,Equisetum arvense,ForestWetPoor
78754,Equisetum arvense,ForestWetPoor
78755,Equisetum arvense,ForestWetPoor
78756,Equisetum arvense,ForestWetPoor
78757,Equisetum arvense,ForestWetPoor
78758,Equisetum arvense,ForestWetPoor
78759,Equisetum arvense,ForestWetPoor
78760,Equisetum arvense,ForestWetPoor
78761,Equisetum arvense,ForestWetPoor
78762,Equisetum arvense,ForestWetPoor
78763,Equisetum arvense,ForestWetPoor
78764,Equisetum arvense,ForestWetPoor
78765,Equisetum arvense,ForestWetPoor
78766,Equisetum arvense,ForestWetPoor
78767,Equisetum arvense,ForestWetPoor
78768,Equisetum arvense,ForestWetPoor
78769,Equisetum arvense,ForestWetPoor
78770,Equisetum arvense,ForestWetPoor
78771,Equisetum arvense,ForestWetPoor
78772,Equisetum arvense,ForestWetPoor
78773,Equisetum arvense,ForestWetPoor
78774,Equisetum arvense,ForestWetPoor
78775,Equisetum arvense,ForestWetPoor
78776,Equisetum arvense,ForestWetPoor
78777,Equisetum arvense,ForestWetPoor
78778,Equisetum arvense,ForestWetPoor
78779,Equisetum arvense,ForestWetPoor
78780,Equisetum arvense,ForestWetPoor
78781,Equisetum arvense,ForestWetPoor
78782,Equisetum arvense,ForestWetPoor
78783,Equisetum arvense,ForestWetPoor
78784,Equisetum arvense,ForestWetPoor
78785,Equisetum arvense,ForestWetPoor
78786,Equisetum arvense,ForestWetPoor
78787,Equisetum arvense,ForestWetPoor
78788,Equisetum arvense,ForestWetPoor
78789,Equisetum arvense,ForestWetPoor
78790,Equisetum arvense,ForestWetPoor
78791,Equisetum arvense,ForestWetPoor
78792,Equisetum arvense,ForestWetPoor
78793,Equisetum arvense,ForestWetPoor
78794,Equisetum arvense,ForestWetPoor
78795,Equisetum arvense,ForestWetPoor
78796,Equisetum arvense,ForestWetPoor
78797,Equisetum arvense,ForestWetPoor
78798,Equisetum arvense,ForestWetPoor
78799,Equisetum arvense,ForestWetPoor
78800,Equisetum arvense,ForestWetPoor
78801,Equisetum arvense,ForestWetPoor
78802,Equisetum arvense,ForestWetPoor
78803,Equisetum arvense,ForestWetPoor
78804,Equisetum arvense,ForestWetPoor
78805,Equisetum arvense,ForestWetPoor
79346,Equisetum arvense,ForestWetPoor
79347,Equisetum arvense,ForestWetPoor
79348,Equisetum arvense,ForestWetPoor
79349,Equisetum arvense,ForestWetPoor
79350,Equisetum arvense,ForestWetPoor
79351,Equisetum arvense,ForestWetPoor
79352,Equisetum arvense,ForestWetPoor
79353,Equisetum arvense,ForestWetPoor
79354,Equisetum arvense,ForestWetPoor
79355,Equisetum arvense,ForestWetPoor
79356,Equisetum arvense,ForestWetPoor
79357,Equisetum arvense,ForestWetPoor
79358,Equisetum arvense,ForestWetPoor
79359,Equisetum arvense,ForestWetPoor
79360,Equisetum arvense,ForestWetPoor
79361,Equisetum arvense,ForestWetPoor
79362,Equisetum arvense,ForestWetPoor
79363,Equisetum arvense,ForestWetPoor
79364,Equisetum arvense,ForestWetPoor
79365,Equisetum arvense,ForestWetPoor
79366,Equisetum arvense,ForestWetPoor
79367,Equisetum arvense,ForestWetPoor
79368,Equisetum arvense,ForestWetPoor
79369,Equisetum arvense,ForestWetPoor
79370,Equisetum arvense,ForestWetPoor
79371,Equisetum arvense,ForestWetPoor
79372,Equisetum arvense,ForestWetPoor
79373,Equisetum arvense,ForestWetPoor
79374,Equisetum arvense,ForestWetPoor
79375,Equisetum arvense,ForestWetPoor
79376,Equisetum arvense,ForestWetPoor
79377,Equisetum arvense,ForestWetPoor
79378,Equisetum arvense,ForestWetPoor
79379,Equisetum arvense,ForestWetPoor
79380,Equisetum arvense,ForestWetPoor
79381,Equisetum arvense,ForestWetPoor
79382,Equisetum arvense,ForestWetPoor
79383,Equisetum arvense,ForestWetPoor
79384,Equisetum arvense,ForestWetPoor
79385,Equisetum arvense,ForestWetPoor
79386,Equisetum arvense,ForestWetPoor
79387,Equisetum arvense,ForestWetPooetum arvense,ForestWetPoor
131667,Equisetum arvense,ForestWetPoor
131668,Equisetum arvense,ForestWetPoor
131669,Equisetum arvense,ForestWetPoor
131670,Equisetum arvense,ForestWetPoor
131671,Equisetum arvense,ForestWetPoor
131672,Equisetum arvense,ForestWetPoor
131673,Equisetum arvense,ForestWetPoor
131674,Equisetum arvense,ForestWetPoor
131675,Equisetum arvense,ForestWetPoor
131676,Equisetum arvense,ForestWetPoor
131677,Equisetum arvense,ForestWetPoor
131678,Equisetum arvense,ForestWetPoor
131679,Equisetum arvense,ForestWetPoor
131680,Equisetum arvense,ForestWetPoor
131681,Equisetum arvense,ForestWetPoor
131682,Equisetum arvense,ForestWetPoor
131683,Equisetum arvense,ForestWetPoor
131684,Equisetum arvense,ForestWetPoor
131685,Equisetum arvense,ForestWetPoor
131686,Equisetum arvense,ForestWetPoor
131687,Equisetum arvense,ForestWetPoor
131688,Equisetum arvense,ForestWetPoor
131689,Equisetum arvense,ForestWetPoor
131690,Equisetum arvense,ForestWetPoor
131691,Equisetum arvense,ForestWetPoor
131692,Equisetum arvense,ForestWetPoor
131693,Equisetum arvense,ForestWetPoor
131694,Equisetum arvense,ForestWetPoor
131695,Equisetum arvense,ForestWetPoor
131696,Equisetum arvense,ForestWetPoor
131697,Equisetum arvense,ForestWetPoor
132225,Equisetum arvense,ForestWetPoor
132226,Equisetum arvense,ForestWetPoor
132227,Equisetum arvense,ForestWetPoor
132228,Equisetum arvense,ForestWetPoor
132229,Equisetum arvense,ForestWetPoor
132230,Equisetum arvense,ForestWetPoor
132231,Equisetum arvense,ForestWetPoor
132232,Equisetum arvense,ForestWetPoor
132233,Equisetum arvense,ForestWetPoor
132234,Equisetum arvense,ForestWetPoor
132235,Equisetum arvense,ForestWetPoor
132236,Equisetum arvense,ForestWetPoor
132257,Equisetum arvense,ForestWetPoor
132258,Equisetum arvense,ForestWetPoor
132259,Equisetum arvense,ForestWetPoor
132260,Equisetum arvense,ForestWetPoor
132261,Equisetum arvense,ForestWetPoor
132262,Equisetum arvense,ForestWetPoor
132263,Equisetum arvense,ForestWetPoor
132264,Equisetum arvense,ForestWetPoor
132265,Equisetum arvense,ForestWetPoor
132266,Equisetum arvense,ForestWetPoor
132267,Equisetum arvense,ForestWetPoor
132268,Equisetum arvense,ForestWetPoor
132269,Equisetum arvense,ForestWetPoor
132270,Equisetum arvense,ForestWetPoor
132271,Equisetum arvense,ForestWetPoor
132272,Equisetum arvense,ForestWetPoor
132273,Equisetum arvense,ForestWetPoor
132274,Equisetum arvense,ForestWetPoor
132275,Equisetum arvense,ForestWetPoor
132276,Equisetum arvense,ForestWetPoor
132277,Equisetum arvense,ForestWetPoor
132278,Equisetum arvense,ForestWetPoor
132279,Equisetum arvense,ForestWetPoor
132280,Equisetum arvense,ForestWetPoor
132281,Equisetum arvense,ForestWetPoor
132282,Equisetum arvense,ForestWetPoor
132283,Equisetum arvense,ForestWetPoor
132284,Equisetum arvense,ForestWetPoor
132285,Equisetum arvense,ForestWetPoor
132286,Equisetum arvense,ForestWetPoor
132287,Equisetum arvense,ForestWetPoor
132288,Equisetum arvense,ForestWetPoor
132289,Equisetum arvense,ForestWetPoor
132290,Equisetum arvense,ForestWetPoor
132291,Equisetum arvense,ForestWetPoor
132292,Equisetum arvense,ForestWetPoor
132293,Equisetum arvense,ForestWetPoor
132294,Equisetum arvense,ForestWetPoor
132295,Equisetum arvense,ForestWetPoor
132296,Equisetum arvense,ForestWetPoor
132825,Equisetum arvense,ForestWetPoor
132826,Equisetum arvense,ForestWetPoor
132827,Equisetum arvense,ForestWetPoor
132828,Equisetum arvense,ForestWetPoor
132829,Equisetum arvense,ForestWetPoor
132830,Equisetum arvense,ForestWetPoor
132831,Equisetum arvense,ForestWetPoor
132832,Equisetum arvense,ForestWetPoor
132833,Equisetum arvense,ForestWetPoor
132834,Equisetum arvense,ForestWetPoor
132835,Equisetum arvense,ForestWetPoor
132856,Equisetum arvense,ForestWetPoor
132857,Equisetum arvense,ForestWetPoor
132858,Equisetum arvense,ForestWetPoor
132859,Equisetum arvense,ForestWetPoor
132860,Equisetum arvense,ForestWetPoor
132861,Equisetum arvense,ForestWetPoor
132862,Equisetum arvense,ForestWetPoor
132863,Equisetum arvense,ForestWetPoor
132864,Equisetum arvense,ForestWetPoor
132865,Equisetum arvense,ForestWetPoor
132866,Equiser
79388,Equisetum arvense,ForestWetPoor
79389,Equisetum arvense,ForestWetPoor
79390,Equisetum arvense,ForestWetPoor
79391,Equisetum arvense,ForestWetPoor
79392,Equisetum arvense,ForestWetPoor
79393,Equisetum arvense,ForestWetPoor
79394,Equisetum arvense,ForestWetPoor
79395,Equisetum arvense,ForestWetPoor
79396,Equisetum arvense,ForestWetPoor
79397,Equisetum arvense,ForestWetPoor
79398,Equisetum arvense,ForestWetPoor
79399,Equisetum arvense,ForestWetPoor
79400,Equisetum arvense,ForestWetPoor
79401,Equisetum arvense,ForestWetPoor
79402,Equisetum arvense,ForestWetPoor
79403,Equisetum arvense,ForestWetPoor
79404,Equisetum arvense,ForestWetPoor
79945,Equisetum arvense,ForestWetPoor
79946,Equisetum arvense,ForestWetPoor
79947,Equisetum arvense,ForestWetPoor
79948,Equisetum arvense,ForestWetPoor
79949,Equisetum arvense,ForestWetPoor
79950,Equisetum arvense,ForestWetPoor
79951,Equisetum arvense,ForestWetPoor
79952,Equisetum arvense,ForestWetPoor
79953,Equisetum arvense,ForestWetPoor
79954,Equisetum arvense,ForestWetPoor
79955,Equisetum arvense,ForestWetPoor
79956,Equisetum arvense,ForestWetPoor
79957,Equisetum arvense,ForestWetPoor
79958,Equisetum arvense,ForestWetPoor
79959,Equisetum arvense,ForestWetPoor
79960,Equisetum arvense,ForestWetPoor
79961,Equisetum arvense,ForestWetPoor
79962,Equisetum arvense,ForestWetPoor
79963,Equisetum arvense,ForestWetPoor
79964,Equisetum arvense,ForestWetPoor
79965,Equisetum arvense,ForestWetPoor
79966,Equisetum arvense,ForestWetPoor
79967,Equisetum arvense,ForestWetPoor
79968,Equisetum arvense,ForestWetPoor
79969,Equisetum arvense,ForestWetPoor
79970,Equisetum arvense,ForestWetPoor
79971,Equisetum arvense,ForestWetPoor
79972,Equisetum arvense,ForestWetPoor
79973,Equisetum arvense,ForestWetPoor
79974,Equisetum arvense,ForestWetPoor
79975,Equisetum arvense,ForestWetPoor
79976,Equisetum arvense,ForestWetPoor
79977,Equisetum arvense,ForestWetPoor
79978,Equisetum arvense,ForestWetPoor
79979,Equisetum arvense,ForestWetPoor
79980,Equisetum arvense,ForestWetPoor
79981,Equisetum arvense,ForestWetPoor
79982,Equisetum arvense,ForestWetPoor
79983,Equisetum arvense,ForestWetPoor
79984,Equisetum arvense,ForestWetPoor
79985,Equisetum arvense,ForestWetPoor
79986,Equisetum arvense,ForestWetPoor
79987,Equisetum arvense,ForestWetPoor
79988,Equisetum arvense,ForestWetPoor
79989,Equisetum arvense,ForestWetPoor
79990,Equisetum arvense,ForestWetPoor
79991,Equisetum arvense,ForestWetPoor
79992,Equisetum arvense,ForestWetPoor
79993,Equisetum arvense,ForestWetPoor
79994,Equisetum arvense,ForestWetPoor
79995,Equisetum arvense,ForestWetPoor
79996,Equisetum arvense,ForestWetPoor
79997,Equisetum arvense,ForestWetPoor
79998,Equisetum arvense,ForestWetPoor
79999,Equisetum arvense,ForestWetPoor
80000,Equisetum arvense,ForestWetPoor
80001,Equisetum arvense,ForestWetPoor
80002,Equisetum arvense,ForestWetPoor
80003,Equisetum arvense,ForestWetPoor
80544,Equisetum arvense,ForestWetPoor
80545,Equisetum arvense,ForestWetPoor
80546,Equisetum arvense,ForestWetPoor
80547,Equisetum arvense,ForestWetPoor
80548,Equisetum arvense,ForestWetPoor
80549,Equisetum arvense,ForestWetPoor
80550,Equisetum arvense,ForestWetPoor
80551,Equisetum arvense,ForestWetPoor
80552,Equisetum arvense,ForestWetPoor
80553,Equisetum arvense,ForestWetPoor
80554,Equisetum arvense,ForestWetPoor
80555,Equisetum arvense,ForestWetPoor
80556,Equisetum arvense,ForestWetPoor
80557,Equisetum arvense,ForestWetPoor
80558,Equisetum arvense,ForestWetPoor
80559,Equisetum arvense,ForestWetPoor
80560,Equisetum arvense,ForestWetPoor
80561,Equisetum arvense,ForestWetPoor
80562,Equisetum arvense,ForestWetPoor
80563,Equisetum arvense,ForestWetPoor
80564,Equisetum arvense,ForestWetPoor
80565,Equisetum arvense,ForestWetPoor
80566,Equisetum arvense,ForestWetPoor
80567,Equisetum arvense,ForestWetPoor
80568,Equisetum arvense,ForestWetPoor
80569,Equisetum arvense,ForestWetPoor
80570,Equisetum arvense,ForestWetPoor
80571,Equisetum arvense,ForestWetPoor
80572,Equisetum arvense,ForestWetPoor
80573,Equisetum arvense,ForestWetPoor
80574,Equisetum arvense,ForestWetPoor
80575,Equisetum arvense,Foretum arvense,ForestWetPoor
132867,Equisetum arvense,ForestWetPoor
132868,Equisetum arvense,ForestWetPoor
132869,Equisetum arvense,ForestWetPoor
132870,Equisetum arvense,ForestWetPoor
132871,Equisetum arvense,ForestWetPoor
132872,Equisetum arvense,ForestWetPoor
132873,Equisetum arvense,ForestWetPoor
132874,Equisetum arvense,ForestWetPoor
132875,Equisetum arvense,ForestWetPoor
132876,Equisetum arvense,ForestWetPoor
132877,Equisetum arvense,ForestWetPoor
132878,Equisetum arvense,ForestWetPoor
132879,Equisetum arvense,ForestWetPoor
132880,Equisetum arvense,ForestWetPoor
132881,Equisetum arvense,ForestWetPoor
132882,Equisetum arvense,ForestWetPoor
132883,Equisetum arvense,ForestWetPoor
132884,Equisetum arvense,ForestWetPoor
132885,Equisetum arvense,ForestWetPoor
132886,Equisetum arvense,ForestWetPoor
132887,Equisetum arvense,ForestWetPoor
132888,Equisetum arvense,ForestWetPoor
132889,Equisetum arvense,ForestWetPoor
132890,Equisetum arvense,ForestWetPoor
132891,Equisetum arvense,ForestWetPoor
132892,Equisetum arvense,ForestWetPoor
132893,Equisetum arvense,ForestWetPoor
132894,Equisetum arvense,ForestWetPoor
132895,Equisetum arvense,ForestWetPoor
133424,Equisetum arvense,ForestWetPoor
133425,Equisetum arvense,ForestWetPoor
133426,Equisetum arvense,ForestWetPoor
133427,Equisetum arvense,ForestWetPoor
133428,Equisetum arvense,ForestWetPoor
133429,Equisetum arvense,ForestWetPoor
133430,Equisetum arvense,ForestWetPoor
133431,Equisetum arvense,ForestWetPoor
133432,Equisetum arvense,ForestWetPoor
133433,Equisetum arvense,ForestWetPoor
133434,Equisetum arvense,ForestWetPoor
133455,Equisetum arvense,ForestWetPoor
133456,Equisetum arvense,ForestWetPoor
133457,Equisetum arvense,ForestWetPoor
133458,Equisetum arvense,ForestWetPoor
133459,Equisetum arvense,ForestWetPoor
133460,Equisetum arvense,ForestWetPoor
133461,Equisetum arvense,ForestWetPoor
133462,Equisetum arvense,ForestWetPoor
133463,Equisetum arvense,ForestWetPoor
133464,Equisetum arvense,ForestWetPoor
133465,Equisetum arvense,ForestWetPoor
133466,Equisetum arvense,ForestWetPoor
133467,Equisetum arvense,ForestWetPoor
133468,Equisetum arvense,ForestWetPoor
133469,Equisetum arvense,ForestWetPoor
133470,Equisetum arvense,ForestWetPoor
133471,Equisetum arvense,ForestWetPoor
133472,Equisetum arvense,ForestWetPoor
133473,Equisetum arvense,ForestWetPoor
133474,Equisetum arvense,ForestWetPoor
133475,Equisetum arvense,ForestWetPoor
133476,Equisetum arvense,ForestWetPoor
133477,Equisetum arvense,ForestWetPoor
133478,Equisetum arvense,ForestWetPoor
133479,Equisetum arvense,ForestWetPoor
133480,Equisetum arvense,ForestWetPoor
133481,Equisetum arvense,ForestWetPoor
133482,Equisetum arvense,ForestWetPoor
133483,Equisetum arvense,ForestWetPoor
133484,Equisetum arvense,ForestWetPoor
133485,Equisetum arvense,ForestWetPoor
133486,Equisetum arvense,ForestWetPoor
133487,Equisetum arvense,ForestWetPoor
133488,Equisetum arvense,ForestWetPoor
133489,Equisetum arvense,ForestWetPoor
133490,Equisetum arvense,ForestWetPoor
133491,Equisetum arvense,ForestWetPoor
133492,Equisetum arvense,ForestWetPoor
133493,Equisetum arvense,ForestWetPoor
133494,Equisetum arvense,ForestWetPoor
134023,Equisetum arvense,ForestWetPoor
134024,Equisetum arvense,ForestWetPoor
134025,Equisetum arvense,ForestWetPoor
134026,Equisetum arvense,ForestWetPoor
134027,Equisetum arvense,ForestWetPoor
134028,Equisetum arvense,ForestWetPoor
134029,Equisetum arvense,ForestWetPoor
134030,Equisetum arvense,ForestWetPoor
134031,Equisetum arvense,ForestWetPoor
134032,Equisetum arvense,ForestWetPoor
134033,Equisetum arvense,ForestWetPoor
134054,Equisetum arvense,ForestWetPoor
134055,Equisetum arvense,ForestWetPoor
134056,Equisetum arvense,ForestWetPoor
134057,Equisetum arvense,ForestWetPoor
134058,Equisetum arvense,ForestWetPoor
134059,Equisetum arvense,ForestWetPoor
134060,Equisetum arvense,ForestWetPoor
134061,Equisetum arvense,ForestWetPoor
134062,Equisetum arvense,ForestWetPoor
134063,Equisetum arvense,ForestWetPoor
134064,Equisetum arvense,ForestWetPoor
134065,Equisetum arvense,ForestWetPoor
134066,Equisetum arvense,ForestWetPoor
134067,EquisetstWetPoor
80576,Equisetum arvense,ForestWetPoor
80577,Equisetum arvense,ForestWetPoor
80578,Equisetum arvense,ForestWetPoor
80579,Equisetum arvense,ForestWetPoor
80580,Equisetum arvense,ForestWetPoor
80581,Equisetum arvense,ForestWetPoor
80582,Equisetum arvense,ForestWetPoor
80583,Equisetum arvense,ForestWetPoor
80584,Equisetum arvense,ForestWetPoor
80585,Equisetum arvense,ForestWetPoor
80586,Equisetum arvense,ForestWetPoor
80587,Equisetum arvense,ForestWetPoor
80588,Equisetum arvense,ForestWetPoor
80589,Equisetum arvense,ForestWetPoor
80590,Equisetum arvense,ForestWetPoor
80591,Equisetum arvense,ForestWetPoor
80592,Equisetum arvense,ForestWetPoor
80593,Equisetum arvense,ForestWetPoor
80594,Equisetum arvense,ForestWetPoor
80595,Equisetum arvense,ForestWetPoor
80596,Equisetum arvense,ForestWetPoor
80597,Equisetum arvense,ForestWetPoor
80598,Equisetum arvense,ForestWetPoor
80599,Equisetum arvense,ForestWetPoor
80600,Equisetum arvense,ForestWetPoor
80601,Equisetum arvense,ForestWetPoor
80602,Equisetum arvense,ForestWetPoor
81143,Equisetum arvense,ForestWetPoor
81144,Equisetum arvense,ForestWetPoor
81145,Equisetum arvense,ForestWetPoor
81146,Equisetum arvense,ForestWetPoor
81147,Equisetum arvense,ForestWetPoor
81148,Equisetum arvense,ForestWetPoor
81149,Equisetum arvense,ForestWetPoor
81150,Equisetum arvense,ForestWetPoor
81151,Equisetum arvense,ForestWetPoor
81152,Equisetum arvense,ForestWetPoor
81153,Equisetum arvense,ForestWetPoor
81154,Equisetum arvense,ForestWetPoor
81155,Equisetum arvense,ForestWetPoor
81156,Equisetum arvense,ForestWetPoor
81157,Equisetum arvense,ForestWetPoor
81158,Equisetum arvense,ForestWetPoor
81159,Equisetum arvense,ForestWetPoor
81160,Equisetum arvense,ForestWetPoor
81161,Equisetum arvense,ForestWetPoor
81162,Equisetum arvense,ForestWetPoor
81163,Equisetum arvense,ForestWetPoor
81164,Equisetum arvense,ForestWetPoor
81165,Equisetum arvense,ForestWetPoor
81166,Equisetum arvense,ForestWetPoor
81167,Equisetum arvense,ForestWetPoor
81168,Equisetum arvense,ForestWetPoor
81169,Equisetum arvense,ForestWetPoor
81170,Equisetum arvense,ForestWetPoor
81171,Equisetum arvense,ForestWetPoor
81172,Equisetum arvense,ForestWetPoor
81173,Equisetum arvense,ForestWetPoor
81174,Equisetum arvense,ForestWetPoor
81175,Equisetum arvense,ForestWetPoor
81176,Equisetum arvense,ForestWetPoor
81177,Equisetum arvense,ForestWetPoor
81178,Equisetum arvense,ForestWetPoor
81179,Equisetum arvense,ForestWetPoor
81180,Equisetum arvense,ForestWetPoor
81181,Equisetum arvense,ForestWetPoor
81182,Equisetum arvense,ForestWetPoor
81183,Equisetum arvense,ForestWetPoor
81184,Equisetum arvense,ForestWetPoor
81185,Equisetum arvense,ForestWetPoor
81186,Equisetum arvense,ForestWetPoor
81187,Equisetum arvense,ForestWetPoor
81188,Equisetum arvense,ForestWetPoor
81189,Equisetum arvense,ForestWetPoor
81190,Equisetum arvense,ForestWetPoor
81191,Equisetum arvense,ForestWetPoor
81192,Equisetum arvense,ForestWetPoor
81193,Equisetum arvense,ForestWetPoor
81194,Equisetum arvense,ForestWetPoor
81195,Equisetum arvense,ForestWetPoor
81196,Equisetum arvense,ForestWetPoor
81197,Equisetum arvense,ForestWetPoor
81198,Equisetum arvense,ForestWetPoor
81199,Equisetum arvense,ForestWetPoor
81200,Equisetum arvense,ForestWetPoor
81201,Equisetum arvense,ForestWetPoor
81742,Equisetum arvense,ForestWetPoor
81743,Equisetum arvense,ForestWetPoor
81744,Equisetum arvense,ForestWetPoor
81745,Equisetum arvense,ForestWetPoor
81746,Equisetum arvense,ForestWetPoor
81747,Equisetum arvense,ForestWetPoor
81748,Equisetum arvense,ForestWetPoor
81749,Equisetum arvense,ForestWetPoor
81750,Equisetum arvense,ForestWetPoor
81751,Equisetum arvense,ForestWetPoor
81752,Equisetum arvense,ForestWetPoor
81753,Equisetum arvense,ForestWetPoor
81754,Equisetum arvense,ForestWetPoor
81755,Equisetum arvense,ForestWetPoor
81756,Equisetum arvense,ForestWetPoor
81757,Equisetum arvense,ForestWetPoor
81758,Equisetum arvense,ForestWetPoor
81759,Equisetum arvense,ForestWetPoor
81760,Equisetum arvense,ForestWetPoor
81761,Equisetum arvense,ForestWetPoor
81762,Equisetum arvense,ForestWetPoor
81763,Equisetum arveum arvense,ForestWetPoor
134068,Equisetum arvense,ForestWetPoor
134069,Equisetum arvense,ForestWetPoor
134070,Equisetum arvense,ForestWetPoor
134071,Equisetum arvense,ForestWetPoor
134072,Equisetum arvense,ForestWetPoor
134073,Equisetum arvense,ForestWetPoor
134074,Equisetum arvense,ForestWetPoor
134075,Equisetum arvense,ForestWetPoor
134076,Equisetum arvense,ForestWetPoor
134077,Equisetum arvense,ForestWetPoor
134078,Equisetum arvense,ForestWetPoor
134079,Equisetum arvense,ForestWetPoor
134080,Equisetum arvense,ForestWetPoor
134081,Equisetum arvense,ForestWetPoor
134082,Equisetum arvense,ForestWetPoor
134083,Equisetum arvense,ForestWetPoor
134084,Equisetum arvense,ForestWetPoor
134085,Equisetum arvense,ForestWetPoor
134086,Equisetum arvense,ForestWetPoor
134087,Equisetum arvense,ForestWetPoor
134088,Equisetum arvense,ForestWetPoor
134089,Equisetum arvense,ForestWetPoor
134090,Equisetum arvense,ForestWetPoor
134091,Equisetum arvense,ForestWetPoor
134092,Equisetum arvense,ForestWetPoor
134093,Equisetum arvense,ForestWetPoor
146613,Equisetum arvense,ForestWetPoor
146614,Equisetum arvense,ForestWetPoor
146615,Equisetum arvense,ForestWetPoor
146616,Equisetum arvense,ForestWetPoor
146617,Equisetum arvense,ForestWetPoor
146618,Equisetum arvense,ForestWetPoor
146619,Equisetum arvense,ForestWetPoor
146620,Equisetum arvense,ForestWetPoor
146621,Equisetum arvense,ForestWetPoor
146622,Equisetum arvense,ForestWetPoor
146623,Equisetum arvense,ForestWetPoor
146624,Equisetum arvense,ForestWetPoor
146625,Equisetum arvense,ForestWetPoor
146626,Equisetum arvense,ForestWetPoor
146627,Equisetum arvense,ForestWetPoor
146628,Equisetum arvense,ForestWetPoor
146629,Equisetum arvense,ForestWetPoor
146630,Equisetum arvense,ForestWetPoor
146631,Equisetum arvense,ForestWetPoor
146632,Equisetum arvense,ForestWetPoor
147212,Equisetum arvense,ForestWetPoor
147213,Equisetum arvense,ForestWetPoor
147214,Equisetum arvense,ForestWetPoor
147215,Equisetum arvense,ForestWetPoor
147216,Equisetum arvense,ForestWetPoor
147217,Equisetum arvense,ForestWetPoor
147218,Equisetum arvense,ForestWetPoor
147219,Equisetum arvense,ForestWetPoor
147220,Equisetum arvense,ForestWetPoor
147221,Equisetum arvense,ForestWetPoor
147222,Equisetum arvense,ForestWetPoor
147223,Equisetum arvense,ForestWetPoor
147224,Equisetum arvense,ForestWetPoor
147225,Equisetum arvense,ForestWetPoor
147226,Equisetum arvense,ForestWetPoor
147227,Equisetum arvense,ForestWetPoor
147228,Equisetum arvense,ForestWetPoor
147229,Equisetum arvense,ForestWetPoor
147230,Equisetum arvense,ForestWetPoor
147231,Equisetum arvense,ForestWetPoor
147811,Equisetum arvense,ForestWetPoor
147812,Equisetum arvense,ForestWetPoor
147813,Equisetum arvense,ForestWetPoor
147814,Equisetum arvense,ForestWetPoor
147815,Equisetum arvense,ForestWetPoor
147816,Equisetum arvense,ForestWetPoor
147817,Equisetum arvense,ForestWetPoor
147818,Equisetum arvense,ForestWetPoor
147819,Equisetum arvense,ForestWetPoor
147820,Equisetum arvense,ForestWetPoor
147821,Equisetum arvense,ForestWetPoor
147822,Equisetum arvense,ForestWetPoor
147823,Equisetum arvense,ForestWetPoor
147824,Equisetum arvense,ForestWetPoor
147825,Equisetum arvense,ForestWetPoor
147826,Equisetum arvense,ForestWetPoor
147827,Equisetum arvense,ForestWetPoor
147828,Equisetum arvense,ForestWetPoor
147829,Equisetum arvense,ForestWetPoor
147830,Equisetum arvense,ForestWetPoor
148411,Equisetum arvense,ForestWetPoor
148412,Equisetum arvense,ForestWetPoor
148413,Equisetum arvense,ForestWetPoor
148414,Equisetum arvense,ForestWetPoor
148415,Equisetum arvense,ForestWetPoor
148416,Equisetum arvense,ForestWetPoor
148417,Equisetum arvense,ForestWetPoor
148418,Equisetum arvense,ForestWetPoor
148419,Equisetum arvense,ForestWetPoor
148420,Equisetum arvense,ForestWetPoor
148421,Equisetum arvense,ForestWetPoor
148422,Equisetum arvense,ForestWetPoor
148423,Equisetum arvense,ForestWetPoor
148424,Equisetum arvense,ForestWetPoor
148425,Equisetum arvense,ForestWetPoor
148426,Equisetum arvense,ForestWetPoor
148427,Equisetum arvense,ForestWetPoor
148428,Equisetum arvense,ForestWetPoor
148429,Equisetunse,ForestWetPoor
81764,Equisetum arvense,ForestWetPoor
81765,Equisetum arvense,ForestWetPoor
81766,Equisetum arvense,ForestWetPoor
81767,Equisetum arvense,ForestWetPoor
81768,Equisetum arvense,ForestWetPoor
81769,Equisetum arvense,ForestWetPoor
81770,Equisetum arvense,ForestWetPoor
81771,Equisetum arvense,ForestWetPoor
81772,Equisetum arvense,ForestWetPoor
81773,Equisetum arvense,ForestWetPoor
81774,Equisetum arvense,ForestWetPoor
81775,Equisetum arvense,ForestWetPoor
81776,Equisetum arvense,ForestWetPoor
81777,Equisetum arvense,ForestWetPoor
81778,Equisetum arvense,ForestWetPoor
81779,Equisetum arvense,ForestWetPoor
81780,Equisetum arvense,ForestWetPoor
81781,Equisetum arvense,ForestWetPoor
81782,Equisetum arvense,ForestWetPoor
81783,Equisetum arvense,ForestWetPoor
81784,Equisetum arvense,ForestWetPoor
81785,Equisetum arvense,ForestWetPoor
81786,Equisetum arvense,ForestWetPoor
81787,Equisetum arvense,ForestWetPoor
81788,Equisetum arvense,ForestWetPoor
81789,Equisetum arvense,ForestWetPoor
81790,Equisetum arvense,ForestWetPoor
81791,Equisetum arvense,ForestWetPoor
81792,Equisetum arvense,ForestWetPoor
81793,Equisetum arvense,ForestWetPoor
81794,Equisetum arvense,ForestWetPoor
81795,Equisetum arvense,ForestWetPoor
81796,Equisetum arvense,ForestWetPoor
81797,Equisetum arvense,ForestWetPoor
81798,Equisetum arvense,ForestWetPoor
81799,Equisetum arvense,ForestWetPoor
81800,Equisetum arvense,ForestWetPoor
82341,Equisetum arvense,ForestWetPoor
82342,Equisetum arvense,ForestWetPoor
82343,Equisetum arvense,ForestWetPoor
82344,Equisetum arvense,ForestWetPoor
82345,Equisetum arvense,ForestWetPoor
82346,Equisetum arvense,ForestWetPoor
82347,Equisetum arvense,ForestWetPoor
82348,Equisetum arvense,ForestWetPoor
82349,Equisetum arvense,ForestWetPoor
82350,Equisetum arvense,ForestWetPoor
82351,Equisetum arvense,ForestWetPoor
82352,Equisetum arvense,ForestWetPoor
82353,Equisetum arvense,ForestWetPoor
82354,Equisetum arvense,ForestWetPoor
82355,Equisetum arvense,ForestWetPoor
82356,Equisetum arvense,ForestWetPoor
82357,Equisetum arvense,ForestWetPoor
82358,Equisetum arvense,ForestWetPoor
82359,Equisetum arvense,ForestWetPoor
82360,Equisetum arvense,ForestWetPoor
82361,Equisetum arvense,ForestWetPoor
82362,Equisetum arvense,ForestWetPoor
82363,Equisetum arvense,ForestWetPoor
82364,Equisetum arvense,ForestWetPoor
82365,Equisetum arvense,ForestWetPoor
82366,Equisetum arvense,ForestWetPoor
82367,Equisetum arvense,ForestWetPoor
82368,Equisetum arvense,ForestWetPoor
82369,Equisetum arvense,ForestWetPoor
82370,Equisetum arvense,ForestWetPoor
82371,Equisetum arvense,ForestWetPoor
82372,Equisetum arvense,ForestWetPoor
82373,Equisetum arvense,ForestWetPoor
82374,Equisetum arvense,ForestWetPoor
82375,Equisetum arvense,ForestWetPoor
82376,Equisetum arvense,ForestWetPoor
82377,Equisetum arvense,ForestWetPoor
82378,Equisetum arvense,ForestWetPoor
82379,Equisetum arvense,ForestWetPoor
82380,Equisetum arvense,ForestWetPoor
82381,Equisetum arvense,ForestWetPoor
82382,Equisetum arvense,ForestWetPoor
82383,Equisetum arvense,ForestWetPoor
82384,Equisetum arvense,ForestWetPoor
82385,Equisetum arvense,ForestWetPoor
82386,Equisetum arvense,ForestWetPoor
82387,Equisetum arvense,ForestWetPoor
82388,Equisetum arvense,ForestWetPoor
82389,Equisetum arvense,ForestWetPoor
82390,Equisetum arvense,ForestWetPoor
82391,Equisetum arvense,ForestWetPoor
82392,Equisetum arvense,ForestWetPoor
82393,Equisetum arvense,ForestWetPoor
82394,Equisetum arvense,ForestWetPoor
82395,Equisetum arvense,ForestWetPoor
82396,Equisetum arvense,ForestWetPoor
82397,Equisetum arvense,ForestWetPoor
82398,Equisetum arvense,ForestWetPoor
82399,Equisetum arvense,ForestWetPoor
82940,Equisetum arvense,ForestWetPoor
82941,Equisetum arvense,ForestWetPoor
82942,Equisetum arvense,ForestWetPoor
82943,Equisetum arvense,ForestWetPoor
82944,Equisetum arvense,ForestWetPoor
82945,Equisetum arvense,ForestWetPoor
82946,Equisetum arvense,ForestWetPoor
82947,Equisetum arvense,ForestWetPoor
82948,Equisetum arvense,ForestWetPoor
82949,Equisetum arvense,ForestWetPoor
82950,Equisetum arvense,ForestWetPoor
82951,Equisem arvense,ForestWetPoor
149011,Equisetum arvense,ForestWetPoor
149012,Equisetum arvense,ForestWetPoor
149013,Equisetum arvense,ForestWetPoor
149014,Equisetum arvense,ForestWetPoor
149015,Equisetum arvense,ForestWetPoor
149016,Equisetum arvense,ForestWetPoor
149017,Equisetum arvense,ForestWetPoor
149018,Equisetum arvense,ForestWetPoor
149019,Equisetum arvense,ForestWetPoor
149020,Equisetum arvense,ForestWetPoor
149021,Equisetum arvense,ForestWetPoor
149022,Equisetum arvense,ForestWetPoor
149023,Equisetum arvense,ForestWetPoor
149024,Equisetum arvense,ForestWetPoor
149025,Equisetum arvense,ForestWetPoor
149026,Equisetum arvense,ForestWetPoor
149027,Equisetum arvense,ForestWetPoor
149028,Equisetum arvense,ForestWetPoor
149611,Equisetum arvense,ForestWetPoor
149612,Equisetum arvense,ForestWetPoor
149613,Equisetum arvense,ForestWetPoor
149614,Equisetum arvense,ForestWetPoor
149615,Equisetum arvense,ForestWetPoor
149616,Equisetum arvense,ForestWetPoor
149617,Equisetum arvense,ForestWetPoor
149618,Equisetum arvense,ForestWetPoor
149619,Equisetum arvense,ForestWetPoor
149620,Equisetum arvense,ForestWetPoor
149621,Equisetum arvense,ForestWetPoor
149622,Equisetum arvense,ForestWetPoor
149623,Equisetum arvense,ForestWetPoor
149624,Equisetum arvense,ForestWetPoor
149625,Equisetum arvense,ForestWetPoor
149626,Equisetum arvense,ForestWetPoor
149627,Equisetum arvense,ForestWetPoor
150211,Equisetum arvense,ForestWetPoor
150212,Equisetum arvense,ForestWetPoor
150213,Equisetum arvense,ForestWetPoor
150214,Equisetum arvense,ForestWetPoor
150215,Equisetum arvense,ForestWetPoor
150216,Equisetum arvense,ForestWetPoor
150217,Equisetum arvense,ForestWetPoor
150218,Equisetum arvense,ForestWetPoor
150219,Equisetum arvense,ForestWetPoor
150220,Equisetum arvense,ForestWetPoor
150221,Equisetum arvense,ForestWetPoor
150222,Equisetum arvense,ForestWetPoor
150223,Equisetum arvense,ForestWetPoor
150224,Equisetum arvense,ForestWetPoor
150225,Equisetum arvense,ForestWetPoor
150226,Equisetum arvense,ForestWetPoor
150811,Equisetum arvense,ForestWetPoor
150812,Equisetum arvense,ForestWetPoor
150813,Equisetum arvense,ForestWetPoor
150814,Equisetum arvense,ForestWetPoor
150815,Equisetum arvense,ForestWetPoor
150816,Equisetum arvense,ForestWetPoor
150817,Equisetum arvense,ForestWetPoor
150818,Equisetum arvense,ForestWetPoor
150819,Equisetum arvense,ForestWetPoor
150820,Equisetum arvense,ForestWetPoor
150821,Equisetum arvense,ForestWetPoor
150822,Equisetum arvense,ForestWetPoor
150823,Equisetum arvense,ForestWetPoor
150824,Equisetum arvense,ForestWetPoor
150825,Equisetum arvense,ForestWetPoor
151411,Equisetum arvense,ForestWetPoor
151412,Equisetum arvense,ForestWetPoor
151413,Equisetum arvense,ForestWetPoor
151414,Equisetum arvense,ForestWetPoor
151415,Equisetum arvense,ForestWetPoor
151416,Equisetum arvense,ForestWetPoor
151417,Equisetum arvense,ForestWetPoor
151418,Equisetum arvense,ForestWetPoor
151419,Equisetum arvense,ForestWetPoor
151420,Equisetum arvense,ForestWetPoor
151421,Equisetum arvense,ForestWetPoor
151422,Equisetum arvense,ForestWetPoor
151423,Equisetum arvense,ForestWetPoor
151424,Equisetum arvense,ForestWetPoor
152011,Equisetum arvense,ForestWetPoor
152012,Equisetum arvense,ForestWetPoor
152013,Equisetum arvense,ForestWetPoor
152014,Equisetum arvense,ForestWetPoor
152015,Equisetum arvense,ForestWetPoor
152016,Equisetum arvense,ForestWetPoor
152017,Equisetum arvense,ForestWetPoor
152018,Equisetum arvense,ForestWetPoor
152019,Equisetum arvense,ForestWetPoor
152020,Equisetum arvense,ForestWetPoor
152021,Equisetum arvense,ForestWetPoor
152022,Equisetum arvense,ForestWetPoor
152023,Equisetum arvense,ForestWetPoor
152611,Equisetum arvense,ForestWetPoor
152612,Equisetum arvense,ForestWetPoor
152613,Equisetum arvense,ForestWetPoor
152614,Equisetum arvense,ForestWetPoor
152615,Equisetum arvense,ForestWetPoor
152616,Equisetum arvense,ForestWetPoor
152617,Equisetum arvense,ForestWetPoor
152618,Equisetum arvense,ForestWetPoor
152619,Equisetum arvense,ForestWetPoor
152620,Equisetum arvense,ForestWetPoor
152621,Equisetum arvense,ForestWetPoor
152622,Equisetum arvense,ForestWetPoor
153212,Equisetum arvense,ForestWetPoor
153213,Equisetum arvense,ForestWetPoor
153214,Equisetum arvense,ForestWetPoor
153215,Equisetum arvense,ForestWetPoor
153216,Equisetum arvense,ForestWetPoor
153217,Equisetum arvense,ForestWetPoor
153218,Equisetum arvense,ForestWetPoor
153219,Equisetum arvense,ForestWetPoor
153220,Equisetum arvense,ForestWetPoor
153221,Equisetum arvense,ForestWetPoor
153813,Equisetum arvense,ForestWetPoor
153814,Equisetum arvense,ForestWetPoor
153815,Equisetum arvense,ForestWetPoor
153816,Equisetum arvense,ForestWetPoor
153817,Equisetum arvense,ForestWetPoor
153818,Equisetum arvense,ForestWetPoor
153819,Equisetum arvense,ForestWetPoor
153820,Equisetum arvense,ForestWetPoor
154413,Equisetum arvense,ForestWetPoor
154414,Equisetum arvense,ForestWetPoor
154415,Equisetum arvense,ForestWetPoor
154416,Equisetum arvense,ForestWetPoor
154417,Equisetum arvense,ForestWetPoor
154418,Equisetum arvense,ForestWetPoor
154419,Equisetum arvense,ForestWetPoor
155014,Equisetum arvense,ForestWetPoor
155015,Equisetum arvense,ForestWetPoor
155016,Equisetum arvense,ForestWetPoor
155017,Equisetum arvense,ForestWetPoor
155018,Equisetum arvense,ForestWetPoor
155615,Equisetum arvense,ForestWetPoor
155616,Equisetum arvense,ForestWetPoor
155617,Equisetum arvense,ForestWetPoor
156216,Equisetum arvense,ForestWetPoor
tum arvense,ForestWetPoor
82952,Equisetum arvense,ForestWetPoor
82953,Equisetum arvense,ForestWetPoor
82954,Equisetum arvense,ForestWetPoor
82955,Equisetum arvense,ForestWetPoor
82956,Equisetum arvense,ForestWetPoor
82957,Equisetum arvense,ForestWetPoor
82958,Equisetum arvense,ForestWetPoor
82959,Equisetum arvense,ForestWetPoor
82960,Equisetum arvense,ForestWetPoor
82961,Equisetum arvense,ForestWetPoor
82962,Equisetum arvense,ForestWetPoor
82963,Equisetum arvense,ForestWetPoor
82964,Equisetum arvense,ForestWetPoor
82965,Equisetum arvense,ForestWetPoor
82966,Equisetum arvense,ForestWetPoor
82967,Equisetum arvense,ForestWetPoor
82968,Equisetum arvense,ForestWetPoor
82969,Equisetum arvense,ForestWetPoor
82970,Equisetum arvense,ForestWetPoor
82971,Equisetum arvense,ForestWetPoor
82972,Equisetum arvense,ForestWetPoor
82973,Equisetum arvense,ForestWetPoor
82974,Equisetum arvense,ForestWetPoor
82975,Equisetum arvense,ForestWetPoor
82976,Equisetum arvense,ForestWetPoor
82977,Equisetum arvense,ForestWetPoor
82978,Equisetum arvense,ForestWetPoor
82979,Equisetum arvense,ForestWetPoor
82980,Equisetum arvense,ForestWetPoor
82981,Equisetum arvense,ForestWetPoor
82982,Equisetum arvense,ForestWetPoor
82983,Equisetum arvense,ForestWetPoor
82984,Equisetum arvense,ForestWetPoor
82985,Equisetum arvense,ForestWetPoor
82986,Equisetum arvense,ForestWetPoor
82987,Equisetum arvense,ForestWetPoor
82988,Equisetum arvense,ForestWetPoor
82989,Equisetum arvense,ForestWetPoor
82990,Equisetum arvense,ForestWetPoor
82991,Equisetum arvense,ForestWetPoor
82992,Equisetum arvense,ForestWetPoor
82993,Equisetum arvense,ForestWetPoor
82994,Equisetum arvense,ForestWetPoor
82995,Equisetum arvense,ForestWetPoor
82996,Equisetum arvense,ForestWetPoor
82997,Equisetum arvense,ForestWetPoor
82998,Equisetum arvense,ForestWetPoor
83539,Equisetum arvense,ForestWetPoor
83540,Equisetum arvense,ForestWetPoor
83541,Equisetum arvense,ForestWetPoor
83542,Equisetum arvense,ForestWetPoor
83543,Equisetum arvense,ForestWetPoor
83544,Equisetum arvense,ForestWetPoor
83545,Equisetum arvense,ForestWetPoor
83546,Equisetum arvense,ForestWetPoor
83547,Equisetum arvense,ForestWetPoor
83548,Equisetum arvense,ForestWetPoor
83549,Equisetum arvense,ForestWetPoor
83550,Equisetum arvense,ForestWetPoor
83551,Equisetum arvense,ForestWetPoor
83552,Equisetum arvense,ForestWetPoor
83553,Equisetum arvense,ForestWetPoor
83554,Equisetum arvense,ForestWetPoor
83555,Equisetum arvense,ForestWetPoor
83556,Equisetum arvense,ForestWetPoor
83557,Equisetum arvense,ForestWetPoor
83558,Equisetum arvense,ForestWetPoor
83559,Equisetum arvense,ForestWetPoor
83560,Equisetum arvense,ForestWetPoor
83561,Equisetum arvense,ForestWetPoor
83562,Equisetum arvense,ForestWetPoor
83563,Equisetum arvense,ForestWetPoor
83564,Equisetum arvense,ForestWetPoor
83565,Equisetum arvense,ForestWetPoor
83566,Equisetum arvense,ForestWetPoor
83567,Equisetum arvense,ForestWetPoor
83568,Equisetum arvense,ForestWetPoor
83569,Equisetum arvense,ForestWetPoor
83570,Equisetum arvense,ForestWetPoor
83571,Equisetum arvense,ForestWetPoor
83572,Equisetum arvense,ForestWetPoor
83573,Equisetum arvense,ForestWetPoor
83574,Equisetum arvense,ForestWetPoor
83575,Equisetum arvense,ForestWetPoor
83576,Equisetum arvense,ForestWetPoor
83577,Equisetum arvense,ForestWetPoor
83578,Equisetum arvense,ForestWetPoor
83579,Equisetum arvense,ForestWetPoor
83580,Equisetum arvense,ForestWetPoor
83581,Equisetum arvense,ForestWetPoor
83582,Equisetum arvense,ForestWetPoor
83583,Equisetum arvense,ForestWetPoor
83584,Equisetum arvense,ForestWetPoor
83585,Equisetum arvense,ForestWetPoor
83586,Equisetum arvense,ForestWetPoor
83587,Equisetum arvense,ForestWetPoor
83588,Equisetum arvense,ForestWetPoor
83589,Equisetum arvense,ForestWetPoor
83590,Equisetum arvense,ForestWetPoor
83591,Equisetum arvense,ForestWetPoor
83592,Equisetum arvense,ForestWetPoor
83593,Equisetum arvense,ForestWetPoor
83594,Equisetum arvense,ForestWetPoor
83595,Equisetum arvense,ForestWetPoor
83596,Equisetum arvense,ForestWetPoor
83597,Equisetum arvense,ForestWetPoor
84138,Equisetum arvense,ForestWetPoor
84139,Equisetum arvense,ForestWetPoor
84140,Equisetum arvense,ForestWetPoor
84141,Equisetum arvense,ForestWetPoor
84142,Equisetum arvense,ForestWetPoor
84143,Equisetum arvense,ForestWetPoor
84144,Equisetum arvense,ForestWetPoor
84145,Equisetum arvense,ForestWetPoor
84146,Equisetum arvense,ForestWetPoor
84147,Equisetum arvense,ForestWetPoor
84148,Equisetum arvense,ForestWetPoor
84149,Equisetum arvense,ForestWetPoor
84150,Equisetum arvense,ForestWetPoor
84151,Equisetum arvense,ForestWetPoor
84152,Equisetum arvense,ForestWetPoor
84153,Equisetum arvense,ForestWetPoor
84154,Equisetum arvense,ForestWetPoor
84155,Equisetum arvense,ForestWetPoor
84156,Equisetum arvense,ForestWetPoor
84157,Equisetum arvense,ForestWetPoor
84158,Equisetum arvense,ForestWetPoor
84159,Equisetum arvense,ForestWetPoor
84160,Equisetum arvense,ForestWetPoor
84161,Equisetum arvense,ForestWetPoor
84162,Equisetum arvense,ForestWetPoor
84163,Equisetum arvense,ForestWetPoor
84164,Equisetum arvense,ForestWetPoor
84165,Equisetum arvense,ForestWetPoor
84166,Equisetum arvense,ForestWetPoor
84167,Equisetum arvense,ForestWetPoor
84168,Equisetum arvense,ForestWetPoor
84169,Equisetum arvense,ForestWetPoor
84170,Equisetum arvense,ForestWetPoor
84171,Equisetum arvense,ForestWetPoor
84172,Equisetum arvense,ForestWetPoor
84173,Equisetum arvense,ForestWetPoor
84174,Equisetum arvense,ForestWetPoor
84175,Equisetum arvense,ForestWetPoor
84176,Equisetum arvense,ForestWetPoor
84177,Equisetum arvense,ForestWetPoor
84178,Equisetum arvense,ForestWetPoor
84179,Equisetum arvense,ForestWetPoor
84180,Equisetum arvense,ForestWetPoor
84181,Equisetum arvense,ForestWetPoor
84182,Equisetum arvense,ForestWetPoor
84183,Equisetum arvense,ForestWetPoor
84184,Equisetum arvense,ForestWetPoor
84185,Equisetum arvense,ForestWetPoor
84186,Equisetum arvense,ForestWetPoor
84187,Equisetum arvense,ForestWetPoor
84188,Equisetum arvense,ForestWetPoor
84189,Equisetum arvense,ForestWetPoor
84190,Equisetum arvense,ForestWetPoor
84191,Equisetum arvense,ForestWetPoor
84192,Equisetum arvense,ForestWetPoor
84193,Equisetum arvense,ForestWetPoor
84194,Equisetum arvense,ForestWetPoor
84195,Equisetum arvense,ForestWetPoor
84196,Equisetum arvense,ForestWetPoor
84737,Equisetum arvense,ForestWetPoor
84738,Equisetum arvense,ForestWetPoor
84739,Equisetum arvense,ForestWetPoor
84740,Equisetum arvense,ForestWetPoor
84741,Equisetum arvense,ForestWetPoor
84742,Equisetum arvense,ForestWetPoor
84743,Equisetum arvense,ForestWetPoor
84744,Equisetum arvense,ForestWetPoor
84745,Equisetum arvense,ForestWetPoor
84746,Equisetum arvense,ForestWetPoor
84747,Equisetum arvense,ForestWetPoor
84748,Equisetum arvense,ForestWetPoor
84749,Equisetum arvense,ForestWetPoor
84750,Equisetum arvense,ForestWetPoor
84751,Equisetum arvense,ForestWetPoor
84752,Equisetum arvense,ForestWetPoor
84753,Equisetum arvense,ForestWetPoor
84754,Equisetum arvense,ForestWetPoor
84755,Equisetum arvense,ForestWetPoor
84756,Equisetum arvense,ForestWetPoor
84757,Equisetum arvense,ForestWetPoor
84758,Equisetum arvense,ForestWetPoor
84759,Equisetum arvense,ForestWetPoor
84760,Equisetum arvense,ForestWetPoor
84761,Equisetum arvense,ForestWetPoor
84762,Equisetum arvense,ForestWetPoor
84763,Equisetum arvense,ForestWetPoor
84764,Equisetum arvense,ForestWetPoor
84765,Equisetum arvense,ForestWetPoor
84766,Equisetum arvense,ForestWetPoor
84767,Equisetum arvense,ForestWetPoor
84768,Equisetum arvense,ForestWetPoor
84769,Equisetum arvense,ForestWetPoor
84770,Equisetum arvense,ForestWetPoor
84771,Equisetum arvense,ForestWetPoor
84772,Equisetum arvense,ForestWetPoor
84773,Equisetum arvense,ForestWetPoor
84774,Equisetum arvense,ForestWetPoor
84775,Equisetum arvense,ForestWetPoor
84776,Equisetum arvense,ForestWetPoor
84777,Equisetum arvense,ForestWetPoor
84778,Equisetum arvense,ForestWetPoor
84779,Equisetum arvense,ForestWetPoor
84780,Equisetum arvense,ForestWetPoor
84781,Equisetum arvense,ForestWetPoor
84782,Equisetum arvense,ForestWetPoor
84783,Equisetum arvense,ForestWetPoor
84784,Equisetum arvense,ForestWetPoor
84785,Equisetum arvense,ForestWetPoor
84786,Equisetum arvense,ForestWetPoor
84787,Equisetum arvense,ForestWetPoor
84788,Equisetum arvense,ForestWetPoor
84789,Equisetum arvense,ForestWetPoor
84790,Equisetum arvense,ForestWetPoor
84791,Equisetum arvense,ForestWetPoor
84792,Equisetum arvense,ForestWetPoor
84793,Equisetum arvense,ForestWetPoor
84794,Equisetum arvense,ForestWetPoor
84795,Equisetum arvense,ForestWetPoor
85336,Equisetum arvense,ForestWetPoor
85337,Equisetum arvense,ForestWetPoor
85338,Equisetum arvense,ForestWetPoor
85339,Equisetum arvense,ForestWetPoor
85340,Equisetum arvense,ForestWetPoor
85341,Equisetum arvense,ForestWetPoor
85342,Equisetum arvense,ForestWetPoor
85343,Equisetum arvense,ForestWetPoor
85344,Equisetum arvense,ForestWetPoor
85345,Equisetum arvense,ForestWetPoor
85346,Equisetum arvense,ForestWetPoor
85347,Equisetum arvense,ForestWetPoor
85348,Equisetum arvense,ForestWetPoor
85349,Equisetum arvense,ForestWetPoor
85350,Equisetum arvense,ForestWetPoor
85351,Equisetum arvense,ForestWetPoor
85352,Equisetum arvense,ForestWetPoor
85353,Equisetum arvense,ForestWetPoor
85354,Equisetum arvense,ForestWetPoor
85355,Equisetum arvense,ForestWetPoor
85356,Equisetum arvense,ForestWetPoor
85357,Equisetum arvense,ForestWetPoor
85358,Equisetum arvense,ForestWetPoor
85359,Equisetum arvense,ForestWetPoor
85360,Equisetum arvense,ForestWetPoor
85361,Equisetum arvense,ForestWetPoor
85362,Equisetum arvense,ForestWetPoor
85363,Equisetum arvense,ForestWetPoor
85364,Equisetum arvense,ForestWetPoor
85365,Equisetum arvense,ForestWetPoor
85366,Equisetum arvense,ForestWetPoor
85367,Equisetum arvense,ForestWetPoor
85368,Equisetum arvense,ForestWetPoor
85369,Equisetum arvense,ForestWetPoor
85370,Equisetum arvense,ForestWetPoor
85371,Equisetum arvense,ForestWetPoor
85372,Equisetum arvense,ForestWetPoor
85373,Equisetum arvense,ForestWetPoor
85374,Equisetum arvense,ForestWetPoor
85375,Equisetum arvense,ForestWetPoor
85376,Equisetum arvense,ForestWetPoor
85377,Equisetum arvense,ForestWetPoor
85378,Equisetum arvense,ForestWetPoor
85379,Equisetum arvense,ForestWetPoor
85380,Equisetum arvense,ForestWetPoor
85381,Equisetum arvense,ForestWetPoor
85382,Equisetum arvense,ForestWetPoor
85383,Equisetum arvense,ForestWetPoor
85384,Equisetum arvense,ForestWetPoor
85385,Equisetum arvense,ForestWetPoor
85386,Equisetum arvense,ForestWetPoor
85387,Equisetum arvense,ForestWetPoor
85388,Equisetum arvense,ForestWetPoor
85389,Equisetum arvense,ForestWetPoor
85390,Equisetum arvense,ForestWetPoor
85391,Equisetum arvense,ForestWetPoor
85392,Equisetum arvense,ForestWetPoor
85393,Equisetum arvense,ForestWetPoor
85394,Equisetum arvense,ForestWetPoor
85935,Equisetum arvense,ForestWetPoor
85936,Equisetum arvense,ForestWetPoor
85937,Equisetum arvense,ForestWetPoor
85938,Equisetum arvense,ForestWetPoor
85939,Equisetum arvense,ForestWetPoor
85940,Equisetum arvense,ForestWetPoor
85941,Equisetum arvense,ForestWetPoor
85942,Equisetum arvense,ForestWetPoor
85943,Equisetum arvense,ForestWetPoor
85944,Equisetum arvense,ForestWetPoor
85945,Equisetum arvense,ForestWetPoor
85946,Equisetum arvense,ForestWetPoor
85947,Equisetum arvense,ForestWetPoor
85948,Equisetum arvense,ForestWetPoor
85949,Equisetum arvense,ForestWetPoor
85950,Equisetum arvense,ForestWetPoor
85951,Equisetum arvense,ForestWetPoor
85952,Equisetum arvense,ForestWetPoor
85953,Equisetum arvense,ForestWetPoor
85954,Equisetum arvense,ForestWetPoor
85955,Equisetum arvense,ForestWetPoor
85956,Equisetum arvense,ForestWetPoor
85957,Equisetum arvense,ForestWetPoor
85958,Equisetum arvense,ForestWetPoor
85959,Equisetum arvense,ForestWetPoor
85960,Equisetum arvense,ForestWetPoor
85961,Equisetum arvense,ForestWetPoor
85962,Equisetum arvense,ForestWetPoor
85963,Equisetum arvense,ForestWetPoor
85964,Equisetum arvense,ForestWetPoor
85965,Equisetum arvense,ForestWetPoor
85966,Equisetum arvense,ForestWetPoor
85967,Equisetum arvense,ForestWetPoor
85968,Equisetum arvense,ForestWetPoor
85969,Equisetum arvense,ForestWetPoor
85970,Equisetum arvense,ForestWetPoor
85971,Equisetum arvense,ForestWetPoor
85972,Equisetum arvense,ForestWetPoor
85973,Equisetum arvense,ForestWetPoor
85974,Equisetum arvense,Fo74566,Equisetum arvense,ForestWetPoor
74567,Equisetum arvense,ForestWetPoor
74568,Equisetum arvense,ForestWetPoor
74569,Equisetum arvense,ForestWetPoor
74570,Equisetum arvense,ForestWetPoor
74571,Equisetum arvense,ForestWetPoor
74572,Equisetum arvense,ForestWetPoor
74573,Equisetum arvense,ForestWetPoor
74574,Equisetum arvense,ForestWetPoor
74575,Equisetum arvense,ForestWetPoor
74576,Equisetum arvense,ForestWetPoor
74577,Equisetum arvense,ForestWetPoor
74578,Equisetum arvense,ForestWetPoor
74579,Equisetum arvense,ForestWetPoor
74580,Equisetum arvense,ForestWetPoor
74581,Equisetum arvense,ForestWetPoor
74582,Equisetum arvense,ForestWetPoor
74583,Equisetum arvense,ForestWetPoor
74584,Equisetum arvense,ForestWetPoor
74585,Equisetum arvense,ForestWetPoor
74586,Equisetum arvense,ForestWetPoor
74587,Equisetum arvense,ForestWetPoor
74588,Equisetum arvense,ForestWetPoor
74589,Equisetum arvense,ForestWetPoor
74590,Equisetum arvense,ForestWetPoor
74591,Equisetum arvense,ForestWetPoor
74592,Equisetum arvense,ForestWetPoor
74593,Equisetum arvense,ForestWetPoor
74594,Equisetum arvense,ForestWetPoor
74595,Equisetum arvense,ForestWetPoor
74596,Equisetum arvense,ForestWetPoor
74597,Equisetum arvense,ForestWetPoor
74598,Equisetum arvense,ForestWetPoor
74599,Equisetum arvense,ForestWetPoor
74600,Equisetum arvense,ForestWetPoor
74601,Equisetum arvense,ForestWetPoor
74602,Equisetum arvense,ForestWetPoor
74603,Equisetum arvense,ForestWetPoor
74604,Equisetum arvense,ForestWetPoor
74605,Equisetum arvense,ForestWetPoor
74606,Equisetum arvense,ForestWetPoor
74607,Equisetum arvense,ForestWetPoor
74608,Equisetum arvense,ForestWetPoor
74609,Equisetum arvense,ForestWetPoor
74610,Equisetum arvense,ForestWetPoor
74611,Equisetum arvense,ForestWetPoor
74612,Equisetum arvense,ForestWetPoor
75165,Equisetum arvense,ForestWetPoor
75166,Equisetum arvense,ForestWetPoor
75167,Equisetum arvense,ForestWetPoor
75168,Equisetum arvense,ForestWetPoor
75169,Equisetum arvense,ForestWetPoor
75170,Equisetum arvense,ForestWetPoor
75171,Equisetum arvense,ForestWetPoor
75172,Equisetum arvense,ForestWetPoor
75173,Equisetum arvense,ForestWetPoor
75174,Equisetum arvense,ForestWetPoor
75175,Equisetum arvense,ForestWetPoor
75176,Equisetum arvense,ForestWetPoor
75177,Equisetum arvense,ForestWetPoor
75178,Equisetum arvense,ForestWetPoor
75179,Equisetum arvense,ForestWetPoor
75180,Equisetum arvense,ForestWetPoor
75181,Equisetum arvense,ForestWetPoor
75182,Equisetum arvense,ForestWetPoor
75183,Equisetum arvense,ForestWetPoor
75184,Equisetum arvense,ForestWetPoor
75185,Equisetum arvense,ForestWetPoor
75186,Equisetum arvense,ForestWetPoor
75187,Equisetum arvense,ForestWetPoor
75188,Equisetum arvense,ForestWetPoor
75189,Equisetum arvense,ForestWetPoor
75190,Equisetum arvense,ForestWetPoor
75191,Equisetum arvense,ForestWetPoor
75192,Equisetum arvense,ForestWetPoor
75193,Equisetum arvense,ForestWetPoor
75194,Equisetum arvense,ForestWetPoor
75195,Equisetum arvense,ForestWetPoor
75196,Equisetum arvense,ForestWetPoor
75197,Equisetum arvense,ForestWetPoor
75198,Equisetum arvense,ForestWetPoor
75199,Equisetum arvense,ForestWetPoor
75200,Equisetum arvense,ForestWetPoor
75201,Equisetum arvense,ForestWetPoor
75202,Equisetum arvense,ForestWetPoor
75203,Equisetum arvense,ForestWetPoor
75204,Equisetum arvense,ForestWetPoor
75205,Equisetum arvense,ForestWetPoor
75206,Equisetum arvense,ForestWetPoor
75207,Equisetum arvense,ForestWetPoor
75208,Equisetum arvense,ForestWetPoor
75209,Equisetum arvense,ForestWetPoor
75210,Equisetum arvense,ForestWetPoor
75211,Equisetum arvense,ForestWetPoor
75763,Equisetum arvense,ForestWetPoor
75764,Equisetum arvense,ForestWetPoor
75765,Equisetum arvense,ForestWetPoor
75766,Equisetum arvense,ForestWetPoor
75767,Equisetum arvense,ForestWetPoor
75768,Equisetum arvense,ForestWetPoor
75769,Equisetum arvense,ForestWetPoor
75770,Equisetum arvense,ForestWetPoor
75771,Equisetum arvense,ForestWetPoor
75772,Equisetum arvense,ForestWetPoor
75773,Equisetum arvense,ForestWetPoor
75774,Equisetum arvense,ForestWetPoor
75775,Equisetum arvense,ForestWetPoor
75776,Equisetum arvense,ForestrestWetPoor
85975,Equisetum arvense,ForestWetPoor
85976,Equisetum arvense,ForestWetPoor
85977,Equisetum arvense,ForestWetPoor
85978,Equisetum arvense,ForestWetPoor
85979,Equisetum arvense,ForestWetPoor
85980,Equisetum arvense,ForestWetPoor
85981,Equisetum arvense,ForestWetPoor
85982,Equisetum arvense,ForestWetPoor
85983,Equisetum arvense,ForestWetPoor
85984,Equisetum arvense,ForestWetPoor
85985,Equisetum arvense,ForestWetPoor
85986,Equisetum arvense,ForestWetPoor
85987,Equisetum arvense,ForestWetPoor
85988,Equisetum arvense,ForestWetPoor
85989,Equisetum arvense,ForestWetPoor
85990,Equisetum arvense,ForestWetPoor
85991,Equisetum arvense,ForestWetPoor
85992,Equisetum arvense,ForestWetPoor
85993,Equisetum arvense,ForestWetPoor
86534,Equisetum arvense,ForestWetPoor
86535,Equisetum arvense,ForestWetPoor
86536,Equisetum arvense,ForestWetPoor
86537,Equisetum arvense,ForestWetPoor
86538,Equisetum arvense,ForestWetPoor
86539,Equisetum arvense,ForestWetPoor
86540,Equisetum arvense,ForestWetPoor
86541,Equisetum arvense,ForestWetPoor
86542,Equisetum arvense,ForestWetPoor
86543,Equisetum arvense,ForestWetPoor
86544,Equisetum arvense,ForestWetPoor
86545,Equisetum arvense,ForestWetPoor
86546,Equisetum arvense,ForestWetPoor
86547,Equisetum arvense,ForestWetPoor
86548,Equisetum arvense,ForestWetPoor
86549,Equisetum arvense,ForestWetPoor
86550,Equisetum arvense,ForestWetPoor
86551,Equisetum arvense,ForestWetPoor
86552,Equisetum arvense,ForestWetPoor
86553,Equisetum arvense,ForestWetPoor
86554,Equisetum arvense,ForestWetPoor
86555,Equisetum arvense,ForestWetPoor
86556,Equisetum arvense,ForestWetPoor
86557,Equisetum arvense,ForestWetPoor
86558,Equisetum arvense,ForestWetPoor
86559,Equisetum arvense,ForestWetPoor
86560,Equisetum arvense,ForestWetPoor
86561,Equisetum arvense,ForestWetPoor
86562,Equisetum arvense,ForestWetPoor
86563,Equisetum arvense,ForestWetPoor
86564,Equisetum arvense,ForestWetPoor
86565,Equisetum arvense,ForestWetPoor
86566,Equisetum arvense,ForestWetPoor
86567,Equisetum arvense,ForestWetPoor
86568,Equisetum arvense,ForestWetPoor
86569,Equisetum arvense,ForestWetPoor
86570,Equisetum arvense,ForestWetPoor
86571,Equisetum arvense,ForestWetPoor
86572,Equisetum arvense,ForestWetPoor
86573,Equisetum arvense,ForestWetPoor
86574,Equisetum arvense,ForestWetPoor
86575,Equisetum arvense,ForestWetPoor
86576,Equisetum arvense,ForestWetPoor
86577,Equisetum arvense,ForestWetPoor
86578,Equisetum arvense,ForestWetPoor
86579,Equisetum arvense,ForestWetPoor
86580,Equisetum arvense,ForestWetPoor
86581,Equisetum arvense,ForestWetPoor
86582,Equisetum arvense,ForestWetPoor
86583,Equisetum arvense,ForestWetPoor
86584,Equisetum arvense,ForestWetPoor
86585,Equisetum arvense,ForestWetPoor
86586,Equisetum arvense,ForestWetPoor
86587,Equisetum arvense,ForestWetPoor
86588,Equisetum arvense,ForestWetPoor
86589,Equisetum arvense,ForestWetPoor
86590,Equisetum arvense,ForestWetPoor
86591,Equisetum arvense,ForestWetPoor
86592,Equisetum arvense,ForestWetPoor
86593,Equisetum arvense,ForestWetPoor
86594,Equisetum arvense,ForestWetPoor
86595,Equisetum arvense,ForestWetPoor
86596,Equisetum arvense,ForestWetPoor
86597,Equisetum arvense,ForestWetPoor
86598,Equisetum arvense,ForestWetPoor
86599,Equisetum arvense,ForestWetPoor
86600,Equisetum arvense,ForestWetPoor
86601,Equisetum arvense,ForestWetPoor
86602,Equisetum arvense,ForestWetPoor
86603,Equisetum arvense,ForestWetPoor
86604,Equisetum arvense,ForestWetPoor
86605,Equisetum arvense,ForestWetPoor
86606,Equisetum arvense,ForestWetPoor
86607,Equisetum arvense,ForestWetPoor
86608,Equisetum arvense,ForestWetPoor
86609,Equisetum arvense,ForestWetPoor
86610,Equisetum arvense,ForestWetPoor
86611,Equisetum arvense,ForestWetPoor
86612,Equisetum arvense,ForestWetPoor
86613,Equisetum arvense,ForestWetPoor
86614,Equisetum arvense,ForestWetPoor
86615,Equisetum arvense,ForestWetPoor
86616,Equisetum arvense,ForestWetPoor
86617,Equisetum arvense,ForestWetPoor
86618,Equisetum arvense,ForestWetPoor
86619,Equisetum arvense,ForestWetPoor
86620,Equisetum arvense,ForestWetPoor
86621,Equisetum arvense,ForestWetPoor
86622,Equisetum arWetPoor
75777,Equisetum arvense,ForestWetPoor
75778,Equisetum arvense,ForestWetPoor
75779,Equisetum arvense,ForestWetPoor
75780,Equisetum arvense,ForestWetPoor
75781,Equisetum arvense,ForestWetPoor
75782,Equisetum arvense,ForestWetPoor
75783,Equisetum arvense,ForestWetPoor
75784,Equisetum arvense,ForestWetPoor
75785,Equisetum arvense,ForestWetPoor
75786,Equisetum arvense,ForestWetPoor
75787,Equisetum arvense,ForestWetPoor
75788,Equisetum arvense,ForestWetPoor
75789,Equisetum arvense,ForestWetPoor
75790,Equisetum arvense,ForestWetPoor
75791,Equisetum arvense,ForestWetPoor
75792,Equisetum arvense,ForestWetPoor
75793,Equisetum arvense,ForestWetPoor
75794,Equisetum arvense,ForestWetPoor
75795,Equisetum arvense,ForestWetPoor
75796,Equisetum arvense,ForestWetPoor
75797,Equisetum arvense,ForestWetPoor
75798,Equisetum arvense,ForestWetPoor
75799,Equisetum arvense,ForestWetPoor
75800,Equisetum arvense,ForestWetPoor
75801,Equisetum arvense,ForestWetPoor
75802,Equisetum arvense,ForestWetPoor
75803,Equisetum arvense,ForestWetPoor
75804,Equisetum arvense,ForestWetPoor
75805,Equisetum arvense,ForestWetPoor
75806,Equisetum arvense,ForestWetPoor
75807,Equisetum arvense,ForestWetPoor
75808,Equisetum arvense,ForestWetPoor
75809,Equisetum arvense,ForestWetPoor
75810,Equisetum arvense,ForestWetPoor
76362,Equisetum arvense,ForestWetPoor
76363,Equisetum arvense,ForestWetPoor
76364,Equisetum arvense,ForestWetPoor
76365,Equisetum arvense,ForestWetPoor
76366,Equisetum arvense,ForestWetPoor
76367,Equisetum arvense,ForestWetPoor
76368,Equisetum arvense,ForestWetPoor
76369,Equisetum arvense,ForestWetPoor
76370,Equisetum arvense,ForestWetPoor
76371,Equisetum arvense,ForestWetPoor
76372,Equisetum arvense,ForestWetPoor
76373,Equisetum arvense,ForestWetPoor
76374,Equisetum arvense,ForestWetPoor
76375,Equisetum arvense,ForestWetPoor
76376,Equisetum arvense,ForestWetPoor
76377,Equisetum arvense,ForestWetPoor
76378,Equisetum arvense,ForestWetPoor
76379,Equisetum arvense,ForestWetPoor
76380,Equisetum arvense,ForestWetPoor
76381,Equisetum arvense,ForestWetPoor
76382,Equisetum arvense,ForestWetPoor
76383,Equisetum arvense,ForestWetPoor
76384,Equisetum arvense,ForestWetPoor
76385,Equisetum arvense,ForestWetPoor
76386,Equisetum arvense,ForestWetPoor
76387,Equisetum arvense,ForestWetPoor
76388,Equisetum arvense,ForestWetPoor
76389,Equisetum arvense,ForestWetPoor
76390,Equisetum arvense,ForestWetPoor
76391,Equisetum arvense,ForestWetPoor
76392,Equisetum arvense,ForestWetPoor
76393,Equisetum arvense,ForestWetPoor
76394,Equisetum arvense,ForestWetPoor
76395,Equisetum arvense,ForestWetPoor
76396,Equisetum arvense,ForestWetPoor
76397,Equisetum arvense,ForestWetPoor
76398,Equisetum arvense,ForestWetPoor
76399,Equisetum arvense,ForestWetPoor
76400,Equisetum arvense,ForestWetPoor
76401,Equisetum arvense,ForestWetPoor
76402,Equisetum arvense,ForestWetPoor
76403,Equisetum arvense,ForestWetPoor
76404,Equisetum arvense,ForestWetPoor
76405,Equisetum arvense,ForestWetPoor
76406,Equisetum arvense,ForestWetPoor
76407,Equisetum arvense,ForestWetPoor
76408,Equisetum arvense,ForestWetPoor
76409,Equisetum arvense,ForestWetPoor
76960,Equisetum arvense,ForestWetPoor
76961,Equisetum arvense,ForestWetPoor
76962,Equisetum arvense,ForestWetPoor
76963,Equisetum arvense,ForestWetPoor
76964,Equisetum arvense,ForestWetPoor
76965,Equisetum arvense,ForestWetPoor
76966,Equisetum arvense,ForestWetPoor
76967,Equisetum arvense,ForestWetPoor
76968,Equisetum arvense,ForestWetPoor
76969,Equisetum arvense,ForestWetPoor
76970,Equisetum arvense,ForestWetPoor
76971,Equisetum arvense,ForestWetPoor
76972,Equisetum arvense,ForestWetPoor
76973,Equisetum arvense,ForestWetPoor
76974,Equisetum arvense,ForestWetPoor
76975,Equisetum arvense,ForestWetPoor
76976,Equisetum arvense,ForestWetPoor
76977,Equisetum arvense,ForestWetPoor
76978,Equisetum arvense,ForestWetPoor
76979,Equisetum arvense,ForestWetPoor
76980,Equisetum arvense,ForestWetPoor
76981,Equisetum arvense,ForestWetPoor
76982,Equisetum arvense,ForestWetPoor
76983,Equisetum arvense,ForestWetPoor
76984,Equisetum arvense,ForestWetPoor
76985,Equisetum arvensvense,ForestWetPoor
86623,Equisetum arvense,ForestWetPoor
86624,Equisetum arvense,ForestWetPoor
86625,Equisetum arvense,ForestWetPoor
86626,Equisetum arvense,ForestWetPoor
86627,Equisetum arvense,ForestWetPoor
86628,Equisetum arvense,ForestWetPoor
86629,Equisetum arvense,ForestWetPoor
86630,Equisetum arvense,ForestWetPoor
86631,Equisetum arvense,ForestWetPoor
86632,Equisetum arvense,ForestWetPoor
87134,Equisetum arvense,ForestWetPoor
87135,Equisetum arvense,ForestWetPoor
87136,Equisetum arvense,ForestWetPoor
87137,Equisetum arvense,ForestWetPoor
87138,Equisetum arvense,ForestWetPoor
87139,Equisetum arvense,ForestWetPoor
87140,Equisetum arvense,ForestWetPoor
87141,Equisetum arvense,ForestWetPoor
87142,Equisetum arvense,ForestWetPoor
87143,Equisetum arvense,ForestWetPoor
87144,Equisetum arvense,ForestWetPoor
87145,Equisetum arvense,ForestWetPoor
87146,Equisetum arvense,ForestWetPoor
87147,Equisetum arvense,ForestWetPoor
87148,Equisetum arvense,ForestWetPoor
87149,Equisetum arvense,ForestWetPoor
87150,Equisetum arvense,ForestWetPoor
87151,Equisetum arvense,ForestWetPoor
87152,Equisetum arvense,ForestWetPoor
87153,Equisetum arvense,ForestWetPoor
87154,Equisetum arvense,ForestWetPoor
87155,Equisetum arvense,ForestWetPoor
87156,Equisetum arvense,ForestWetPoor
87157,Equisetum arvense,ForestWetPoor
87158,Equisetum arvense,ForestWetPoor
87159,Equisetum arvense,ForestWetPoor
87160,Equisetum arvense,ForestWetPoor
87161,Equisetum arvense,ForestWetPoor
87162,Equisetum arvense,ForestWetPoor
87163,Equisetum arvense,ForestWetPoor
87164,Equisetum arvense,ForestWetPoor
87165,Equisetum arvense,ForestWetPoor
87166,Equisetum arvense,ForestWetPoor
87167,Equisetum arvense,ForestWetPoor
87168,Equisetum arvense,ForestWetPoor
87169,Equisetum arvense,ForestWetPoor
87170,Equisetum arvense,ForestWetPoor
87171,Equisetum arvense,ForestWetPoor
87172,Equisetum arvense,ForestWetPoor
87173,Equisetum arvense,ForestWetPoor
87174,Equisetum arvense,ForestWetPoor
87175,Equisetum arvense,ForestWetPoor
87176,Equisetum arvense,ForestWetPoor
87177,Equisetum arvense,ForestWetPoor
87178,Equisetum arvense,ForestWetPoor
87179,Equisetum arvense,ForestWetPoor
87180,Equisetum arvense,ForestWetPoor
87181,Equisetum arvense,ForestWetPoor
87182,Equisetum arvense,ForestWetPoor
87183,Equisetum arvense,ForestWetPoor
87184,Equisetum arvense,ForestWetPoor
87185,Equisetum arvense,ForestWetPoor
87186,Equisetum arvense,ForestWetPoor
87187,Equisetum arvense,ForestWetPoor
87188,Equisetum arvense,ForestWetPoor
87189,Equisetum arvense,ForestWetPoor
87190,Equisetum arvense,ForestWetPoor
87191,Equisetum arvense,ForestWetPoor
87192,Equisetum arvense,ForestWetPoor
87193,Equisetum arvense,ForestWetPoor
87194,Equisetum arvense,ForestWetPoor
87195,Equisetum arvense,ForestWetPoor
87196,Equisetum arvense,ForestWetPoor
87197,Equisetum arvense,ForestWetPoor
87198,Equisetum arvense,ForestWetPoor
87199,Equisetum arvense,ForestWetPoor
87200,Equisetum arvense,ForestWetPoor
87201,Equisetum arvense,ForestWetPoor
87202,Equisetum arvense,ForestWetPoor
87203,Equisetum arvense,ForestWetPoor
87204,Equisetum arvense,ForestWetPoor
87205,Equisetum arvense,ForestWetPoor
87206,Equisetum arvense,ForestWetPoor
87207,Equisetum arvense,ForestWetPoor
87208,Equisetum arvense,ForestWetPoor
87209,Equisetum arvense,ForestWetPoor
87210,Equisetum arvense,ForestWetPoor
87211,Equisetum arvense,ForestWetPoor
87212,Equisetum arvense,ForestWetPoor
87213,Equisetum arvense,ForestWetPoor
87214,Equisetum arvense,ForestWetPoor
87215,Equisetum arvense,ForestWetPoor
87216,Equisetum arvense,ForestWetPoor
87217,Equisetum arvense,ForestWetPoor
87218,Equisetum arvense,ForestWetPoor
87219,Equisetum arvense,ForestWetPoor
87220,Equisetum arvense,ForestWetPoor
87221,Equisetum arvense,ForestWetPoor
87222,Equisetum arvense,ForestWetPoor
87223,Equisetum arvense,ForestWetPoor
87224,Equisetum arvense,ForestWetPoor
87225,Equisetum arvense,ForestWetPoor
87226,Equisetum arvense,ForestWetPoor
87227,Equisetum arvense,ForestWetPoor
87228,Equisetum arvense,ForestWetPoor
87229,Equisetum arvense,ForestWetPoor
87230,Equisetum arvense,ForestWetPoor
87231,Equie,ForestWetPoor
76986,Equisetum arvense,ForestWetPoor
76987,Equisetum arvense,ForestWetPoor
76988,Equisetum arvense,ForestWetPoor
76989,Equisetum arvense,ForestWetPoor
76990,Equisetum arvense,ForestWetPoor
76991,Equisetum arvense,ForestWetPoor
76992,Equisetum arvense,ForestWetPoor
76993,Equisetum arvense,ForestWetPoor
76994,Equisetum arvense,ForestWetPoor
76995,Equisetum arvense,ForestWetPoor
76996,Equisetum arvense,ForestWetPoor
76997,Equisetum arvense,ForestWetPoor
76998,Equisetum arvense,ForestWetPoor
76999,Equisetum arvense,ForestWetPoor
77000,Equisetum arvense,ForestWetPoor
77001,Equisetum arvense,ForestWetPoor
77002,Equisetum arvense,ForestWetPoor
77003,Equisetum arvense,ForestWetPoor
77004,Equisetum arvense,ForestWetPoor
77005,Equisetum arvense,ForestWetPoor
77006,Equisetum arvense,ForestWetPoor
77007,Equisetum arvense,ForestWetPoor
77008,Equisetum arvense,ForestWetPoor
77559,Equisetum arvense,ForestWetPoor
77560,Equisetum arvense,ForestWetPoor
77561,Equisetum arvense,ForestWetPoor
77562,Equisetum arvense,ForestWetPoor
77563,Equisetum arvense,ForestWetPoor
77564,Equisetum arvense,ForestWetPoor
77565,Equisetum arvense,ForestWetPoor
77566,Equisetum arvense,ForestWetPoor
77567,Equisetum arvense,ForestWetPoor
77568,Equisetum arvense,ForestWetPoor
77569,Equisetum arvense,ForestWetPoor
77570,Equisetum arvense,ForestWetPoor
77571,Equisetum arvense,ForestWetPoor
77572,Equisetum arvense,ForestWetPoor
77573,Equisetum arvense,ForestWetPoor
77574,Equisetum arvense,ForestWetPoor
77575,Equisetum arvense,ForestWetPoor
77576,Equisetum arvense,ForestWetPoor
77577,Equisetum arvense,ForestWetPoor
77578,Equisetum arvense,ForestWetPoor
77579,Equisetum arvense,ForestWetPoor
77580,Equisetum arvense,ForestWetPoor
77581,Equisetum arvense,ForestWetPoor
77582,Equisetum arvense,ForestWetPoor
77583,Equisetum arvense,ForestWetPoor
77584,Equisetum arvense,ForestWetPoor
77585,Equisetum arvense,ForestWetPoor
77586,Equisetum arvense,ForestWetPoor
77587,Equisetum arvense,ForestWetPoor
77588,Equisetum arvense,ForestWetPoor
77589,Equisetum arvense,ForestWetPoor
77590,Equisetum arvense,ForestWetPoor
77591,Equisetum arvense,ForestWetPoor
77592,Equisetum arvense,ForestWetPoor
77593,Equisetum arvense,ForestWetPoor
77594,Equisetum arvense,ForestWetPoor
77595,Equisetum arvense,ForestWetPoor
77596,Equisetum arvense,ForestWetPoor
77597,Equisetum arvense,ForestWetPoor
77598,Equisetum arvense,ForestWetPoor
77599,Equisetum arvense,ForestWetPoor
77600,Equisetum arvense,ForestWetPoor
77601,Equisetum arvense,ForestWetPoor
77602,Equisetum arvense,ForestWetPoor
77603,Equisetum arvense,ForestWetPoor
77604,Equisetum arvense,ForestWetPoor
77605,Equisetum arvense,ForestWetPoor
77606,Equisetum arvense,ForestWetPoor
77607,Equisetum arvense,ForestWetPoor
78157,Equisetum arvense,ForestWetPoor
78158,Equisetum arvense,ForestWetPoor
78159,Equisetum arvense,ForestWetPoor
78160,Equisetum arvense,ForestWetPoor
78161,Equisetum arvense,ForestWetPoor
78162,Equisetum arvense,ForestWetPoor
78163,Equisetum arvense,ForestWetPoor
78164,Equisetum arvense,ForestWetPoor
78165,Equisetum arvense,ForestWetPoor
78166,Equisetum arvense,ForestWetPoor
78167,Equisetum arvense,ForestWetPoor
78168,Equisetum arvense,ForestWetPoor
78169,Equisetum arvense,ForestWetPoor
78170,Equisetum arvense,ForestWetPoor
78171,Equisetum arvense,ForestWetPoor
78172,Equisetum arvense,ForestWetPoor
78173,Equisetum arvense,ForestWetPoor
78174,Equisetum arvense,ForestWetPoor
78175,Equisetum arvense,ForestWetPoor
78176,Equisetum arvense,ForestWetPoor
78177,Equisetum arvense,ForestWetPoor
78178,Equisetum arvense,ForestWetPoor
78179,Equisetum arvense,ForestWetPoor
78180,Equisetum arvense,ForestWetPoor
78181,Equisetum arvense,ForestWetPoor
78182,Equisetum arvense,ForestWetPoor
78183,Equisetum arvense,ForestWetPoor
78184,Equisetum arvense,ForestWetPoor
78185,Equisetum arvense,ForestWetPoor
78186,Equisetum arvense,ForestWetPoor
78187,Equisetum arvense,ForestWetPoor
78188,Equisetum arvense,ForestWetPoor
78189,Equisetum arvense,ForestWetPoor
78190,Equisetum arvense,ForestWetPoor
78191,Equisetum arvense,ForestWetPoor
78192,Equisetu92703,Equisetum arvense,ForestWetPoor
93302,Equisetum arvense,ForestWetPoor
93303,Equisetum arvense,ForestWetPoor
93901,Equisetum arvense,ForestWetPoor
93902,Equisetum arvense,ForestWetPoor
93903,Equisetum arvense,ForestWetPoor
94500,Equisetum arvense,ForestWetPoor
94501,Equisetum arvense,ForestWetPoor
94502,Equisetum arvense,ForestWetPoor
94503,Equisetum arvense,ForestWetPoor
95099,Equisetum arvense,ForestWetPoor
95100,Equisetum arvense,ForestWetPoor
95101,Equisetum arvense,ForestWetPoor
95102,Equisetum arvense,ForestWetPoor
95103,Equisetum arvense,ForestWetPoor
95698,Equisetum arvense,ForestWetPoor
95699,Equisetum arvense,ForestWetPoor
95700,Equisetum arvense,ForestWetPoor
95701,Equisetum arvense,ForestWetPoor
95702,Equisetum arvense,ForestWetPoor
95703,Equisetum arvense,ForestWetPoor
96297,Equisetum arvense,ForestWetPoor
96298,Equisetum arvense,ForestWetPoor
96299,Equisetum arvense,ForestWetPoor
96300,Equisetum arvense,ForestWetPoor
96301,Equisetum arvense,ForestWetPoor
96302,Equisetum arvense,ForestWetPoor
96896,Equisetum arvense,ForestWetPoor
96897,Equisetum arvense,ForestWetPoor
96898,Equisetum arvense,ForestWetPoor
96899,Equisetum arvense,ForestWetPoor
96900,Equisetum arvense,ForestWetPoor
96901,Equisetum arvense,ForestWetPoor
96902,Equisetum arvense,ForestWetPoor
97495,Equisetum arvense,ForestWetPoor
97496,Equisetum arvense,ForestWetPoor
97497,Equisetum arvense,ForestWetPoor
97498,Equisetum arvense,ForestWetPoor
97499,Equisetum arvense,ForestWetPoor
97500,Equisetum arvense,ForestWetPoor
97501,Equisetum arvense,ForestWetPoor
97502,Equisetum arvense,ForestWetPoor
98094,Equisetum arvense,ForestWetPoor
98095,Equisetum arvense,ForestWetPoor
98096,Equisetum arvense,ForestWetPoor
98097,Equisetum arvense,ForestWetPoor
98098,Equisetum arvense,ForestWetPoor
98099,Equisetum arvense,ForestWetPoor
98100,Equisetum arvense,ForestWetPoor
98101,Equisetum arvense,ForestWetPoor
122633,Equisetum arvense,ForestWetPoor
122634,Equisetum arvense,ForestWetPoor
122635,Equisetum arvense,ForestWetPoor
122636,Equisetum arvense,ForestWetPoor
122637,Equisetum arvense,ForestWetPoor
122638,Equisetum arvense,ForestWetPoor
122639,Equisetum arvense,ForestWetPoor
122640,Equisetum arvense,ForestWetPoor
122641,Equisetum arvense,ForestWetPoor
122642,Equisetum arvense,ForestWetPoor
122643,Equisetum arvense,ForestWetPoor
122644,Equisetum arvense,ForestWetPoor
122645,Equisetum arvense,ForestWetPoor
122646,Equisetum arvense,ForestWetPoor
122647,Equisetum arvense,ForestWetPoor
122648,Equisetum arvense,ForestWetPoor
122649,Equisetum arvense,ForestWetPoor
122650,Equisetum arvense,ForestWetPoor
122651,Equisetum arvense,ForestWetPoor
122652,Equisetum arvense,ForestWetPoor
123232,Equisetum arvense,ForestWetPoor
123233,Equisetum arvense,ForestWetPoor
123234,Equisetum arvense,ForestWetPoor
123235,Equisetum arvense,ForestWetPoor
123236,Equisetum arvense,ForestWetPoor
123237,Equisetum arvense,ForestWetPoor
123238,Equisetum arvense,ForestWetPoor
123239,Equisetum arvense,ForestWetPoor
123240,Equisetum arvense,ForestWetPoor
123241,Equisetum arvense,ForestWetPoor
123242,Equisetum arvense,ForestWetPoor
123243,Equisetum arvense,ForestWetPoor
123244,Equisetum arvense,ForestWetPoor
123245,Equisetum arvense,ForestWetPoor
123246,Equisetum arvense,ForestWetPoor
123247,Equisetum arvense,ForestWetPoor
123248,Equisetum arvense,ForestWetPoor
123249,Equisetum arvense,ForestWetPoor
123250,Equisetum arvense,ForestWetPoor
123251,Equisetum arvense,ForestWetPoor
123831,Equisetum arvense,ForestWetPoor
123832,Equisetum arvense,ForestWetPoor
123833,Equisetum arvense,ForestWetPoor
123834,Equisetum arvense,ForestWetPoor
123835,Equisetum arvense,ForestWetPoor
123836,Equisetum arvense,ForestWetPoor
123837,Equisetum arvense,ForestWetPoor
123838,Equisetum arvense,ForestWetPoor
123839,Equisetum arvense,ForestWetPoor
123840,Equisetum arvense,ForestWetPoor
123841,Equisetum arvense,ForestWetPoor
123842,Equisetum arvense,ForestWetPoor
123843,Equisetum arvense,ForestWetPoor
123844,Equisetum arvense,ForestWetPoor
123845,Equisetum arvense,ForestWetPoor
123846,Equisetum arvense,ForestWetPoor
123847,Equissetum arvense,ForestWetPoor
87733,Equisetum arvense,ForestWetPoor
87734,Equisetum arvense,ForestWetPoor
87735,Equisetum arvense,ForestWetPoor
87736,Equisetum arvense,ForestWetPoor
87737,Equisetum arvense,ForestWetPoor
87738,Equisetum arvense,ForestWetPoor
87739,Equisetum arvense,ForestWetPoor
87740,Equisetum arvense,ForestWetPoor
87741,Equisetum arvense,ForestWetPoor
87742,Equisetum arvense,ForestWetPoor
87743,Equisetum arvense,ForestWetPoor
87744,Equisetum arvense,ForestWetPoor
87745,Equisetum arvense,ForestWetPoor
87746,Equisetum arvense,ForestWetPoor
87747,Equisetum arvense,ForestWetPoor
87748,Equisetum arvense,ForestWetPoor
87749,Equisetum arvense,ForestWetPoor
87750,Equisetum arvense,ForestWetPoor
87751,Equisetum arvense,ForestWetPoor
87752,Equisetum arvense,ForestWetPoor
87753,Equisetum arvense,ForestWetPoor
87754,Equisetum arvense,ForestWetPoor
87755,Equisetum arvense,ForestWetPoor
87756,Equisetum arvense,ForestWetPoor
87757,Equisetum arvense,ForestWetPoor
87758,Equisetum arvense,ForestWetPoor
87759,Equisetum arvense,ForestWetPoor
87760,Equisetum arvense,ForestWetPoor
87761,Equisetum arvense,ForestWetPoor
87762,Equisetum arvense,ForestWetPoor
87763,Equisetum arvense,ForestWetPoor
87764,Equisetum arvense,ForestWetPoor
87765,Equisetum arvense,ForestWetPoor
87766,Equisetum arvense,ForestWetPoor
87767,Equisetum arvense,ForestWetPoor
87768,Equisetum arvense,ForestWetPoor
87769,Equisetum arvense,ForestWetPoor
87770,Equisetum arvense,ForestWetPoor
87771,Equisetum arvense,ForestWetPoor
87772,Equisetum arvense,ForestWetPoor
87773,Equisetum arvense,ForestWetPoor
87774,Equisetum arvense,ForestWetPoor
87775,Equisetum arvense,ForestWetPoor
87776,Equisetum arvense,ForestWetPoor
87777,Equisetum arvense,ForestWetPoor
87778,Equisetum arvense,ForestWetPoor
87779,Equisetum arvense,ForestWetPoor
87780,Equisetum arvense,ForestWetPoor
87781,Equisetum arvense,ForestWetPoor
87782,Equisetum arvense,ForestWetPoor
87783,Equisetum arvense,ForestWetPoor
87784,Equisetum arvense,ForestWetPoor
87785,Equisetum arvense,ForestWetPoor
87786,Equisetum arvense,ForestWetPoor
87787,Equisetum arvense,ForestWetPoor
87788,Equisetum arvense,ForestWetPoor
87789,Equisetum arvense,ForestWetPoor
87790,Equisetum arvense,ForestWetPoor
87791,Equisetum arvense,ForestWetPoor
87792,Equisetum arvense,ForestWetPoor
87793,Equisetum arvense,ForestWetPoor
87794,Equisetum arvense,ForestWetPoor
87795,Equisetum arvense,ForestWetPoor
87796,Equisetum arvense,ForestWetPoor
87797,Equisetum arvense,ForestWetPoor
87798,Equisetum arvense,ForestWetPoor
87799,Equisetum arvense,ForestWetPoor
87800,Equisetum arvense,ForestWetPoor
87801,Equisetum arvense,ForestWetPoor
87802,Equisetum arvense,ForestWetPoor
87803,Equisetum arvense,ForestWetPoor
87804,Equisetum arvense,ForestWetPoor
87805,Equisetum arvense,ForestWetPoor
87806,Equisetum arvense,ForestWetPoor
87807,Equisetum arvense,ForestWetPoor
87808,Equisetum arvense,ForestWetPoor
87809,Equisetum arvense,ForestWetPoor
87810,Equisetum arvense,ForestWetPoor
87811,Equisetum arvense,ForestWetPoor
87812,Equisetum arvense,ForestWetPoor
87813,Equisetum arvense,ForestWetPoor
87814,Equisetum arvense,ForestWetPoor
87815,Equisetum arvense,ForestWetPoor
87816,Equisetum arvense,ForestWetPoor
87817,Equisetum arvense,ForestWetPoor
87818,Equisetum arvense,ForestWetPoor
87819,Equisetum arvense,ForestWetPoor
87820,Equisetum arvense,ForestWetPoor
87821,Equisetum arvense,ForestWetPoor
87822,Equisetum arvense,ForestWetPoor
87823,Equisetum arvense,ForestWetPoor
87824,Equisetum arvense,ForestWetPoor
87825,Equisetum arvense,ForestWetPoor
87826,Equisetum arvense,ForestWetPoor
87827,Equisetum arvense,ForestWetPoor
87828,Equisetum arvense,ForestWetPoor
87829,Equisetum arvense,ForestWetPoor
87830,Equisetum arvense,ForestWetPoor
88332,Equisetum arvense,ForestWetPoor
88333,Equisetum arvense,ForestWetPoor
88334,Equisetum arvense,ForestWetPoor
88335,Equisetum arvense,ForestWetPoor
88336,Equisetum arvense,ForestWetPoor
88337,Equisetum arvense,ForestWetPoor
88338,Equisetum arvense,ForestWetPoor
88339,Equisetum arvense,ForestWetPoor
88340,Equisetum arvense,ForestWetPoor
88m arvense,ForestWetPoor
78193,Equisetum arvense,ForestWetPoor
78194,Equisetum arvense,ForestWetPoor
78195,Equisetum arvense,ForestWetPoor
78196,Equisetum arvense,ForestWetPoor
78197,Equisetum arvense,ForestWetPoor
78198,Equisetum arvense,ForestWetPoor
78199,Equisetum arvense,ForestWetPoor
78200,Equisetum arvense,ForestWetPoor
78201,Equisetum arvense,ForestWetPoor
78202,Equisetum arvense,ForestWetPoor
78203,Equisetum arvense,ForestWetPoor
78204,Equisetum arvense,ForestWetPoor
78205,Equisetum arvense,ForestWetPoor
78206,Equisetum arvense,ForestWetPoor
78756,Equisetum arvense,ForestWetPoor
78757,Equisetum arvense,ForestWetPoor
78758,Equisetum arvense,ForestWetPoor
78759,Equisetum arvense,ForestWetPoor
78760,Equisetum arvense,ForestWetPoor
78761,Equisetum arvense,ForestWetPoor
78762,Equisetum arvense,ForestWetPoor
78763,Equisetum arvense,ForestWetPoor
78764,Equisetum arvense,ForestWetPoor
78765,Equisetum arvense,ForestWetPoor
78766,Equisetum arvense,ForestWetPoor
78767,Equisetum arvense,ForestWetPoor
78768,Equisetum arvense,ForestWetPoor
78769,Equisetum arvense,ForestWetPoor
78770,Equisetum arvense,ForestWetPoor
78771,Equisetum arvense,ForestWetPoor
78772,Equisetum arvense,ForestWetPoor
78773,Equisetum arvense,ForestWetPoor
78774,Equisetum arvense,ForestWetPoor
78775,Equisetum arvense,ForestWetPoor
78776,Equisetum arvense,ForestWetPoor
78777,Equisetum arvense,ForestWetPoor
78778,Equisetum arvense,ForestWetPoor
78779,Equisetum arvense,ForestWetPoor
78780,Equisetum arvense,ForestWetPoor
78781,Equisetum arvense,ForestWetPoor
78782,Equisetum arvense,ForestWetPoor
78783,Equisetum arvense,ForestWetPoor
78784,Equisetum arvense,ForestWetPoor
78785,Equisetum arvense,ForestWetPoor
78786,Equisetum arvense,ForestWetPoor
78787,Equisetum arvense,ForestWetPoor
78788,Equisetum arvense,ForestWetPoor
78789,Equisetum arvense,ForestWetPoor
78790,Equisetum arvense,ForestWetPoor
78791,Equisetum arvense,ForestWetPoor
78792,Equisetum arvense,ForestWetPoor
78793,Equisetum arvense,ForestWetPoor
78794,Equisetum arvense,ForestWetPoor
78795,Equisetum arvense,ForestWetPoor
78796,Equisetum arvense,ForestWetPoor
78797,Equisetum arvense,ForestWetPoor
78798,Equisetum arvense,ForestWetPoor
78799,Equisetum arvense,ForestWetPoor
78800,Equisetum arvense,ForestWetPoor
78801,Equisetum arvense,ForestWetPoor
78802,Equisetum arvense,ForestWetPoor
78803,Equisetum arvense,ForestWetPoor
78804,Equisetum arvense,ForestWetPoor
78805,Equisetum arvense,ForestWetPoor
79355,Equisetum arvense,ForestWetPoor
79356,Equisetum arvense,ForestWetPoor
79357,Equisetum arvense,ForestWetPoor
79358,Equisetum arvense,ForestWetPoor
79359,Equisetum arvense,ForestWetPoor
79360,Equisetum arvense,ForestWetPoor
79361,Equisetum arvense,ForestWetPoor
79362,Equisetum arvense,ForestWetPoor
79363,Equisetum arvense,ForestWetPoor
79364,Equisetum arvense,ForestWetPoor
79365,Equisetum arvense,ForestWetPoor
79366,Equisetum arvense,ForestWetPoor
79367,Equisetum arvense,ForestWetPoor
79368,Equisetum arvense,ForestWetPoor
79369,Equisetum arvense,ForestWetPoor
79370,Equisetum arvense,ForestWetPoor
79371,Equisetum arvense,ForestWetPoor
79372,Equisetum arvense,ForestWetPoor
79373,Equisetum arvense,ForestWetPoor
79374,Equisetum arvense,ForestWetPoor
79375,Equisetum arvense,ForestWetPoor
79376,Equisetum arvense,ForestWetPoor
79377,Equisetum arvense,ForestWetPoor
79378,Equisetum arvense,ForestWetPoor
79379,Equisetum arvense,ForestWetPoor
79380,Equisetum arvense,ForestWetPoor
79381,Equisetum arvense,ForestWetPoor
79382,Equisetum arvense,ForestWetPoor
79383,Equisetum arvense,ForestWetPoor
79384,Equisetum arvense,ForestWetPoor
79385,Equisetum arvense,ForestWetPoor
79386,Equisetum arvense,ForestWetPoor
79387,Equisetum arvense,ForestWetPoor
79388,Equisetum arvense,ForestWetPoor
79389,Equisetum arvense,ForestWetPoor
79390,Equisetum arvense,ForestWetPoor
79391,Equisetum arvense,ForestWetPoor
79392,Equisetum arvense,ForestWetPoor
79393,Equisetum arvense,ForestWetPoor
79394,Equisetum arvense,ForestWetPoor
79395,Equisetum arvense,ForestWetPoor
79396,Equisetum arvense,ForestWetPoor
79397,Equisetum arvense,ForestWetPoor
79398,etum arvense,ForestWetPoor
123848,Equisetum arvense,ForestWetPoor
123849,Equisetum arvense,ForestWetPoor
123850,Equisetum arvense,ForestWetPoor
124430,Equisetum arvense,ForestWetPoor
124431,Equisetum arvense,ForestWetPoor
124432,Equisetum arvense,ForestWetPoor
124433,Equisetum arvense,ForestWetPoor
124434,Equisetum arvense,ForestWetPoor
124435,Equisetum arvense,ForestWetPoor
124436,Equisetum arvense,ForestWetPoor
124437,Equisetum arvense,ForestWetPoor
124438,Equisetum arvense,ForestWetPoor
124439,Equisetum arvense,ForestWetPoor
124440,Equisetum arvense,ForestWetPoor
124441,Equisetum arvense,ForestWetPoor
124442,Equisetum arvense,ForestWetPoor
124443,Equisetum arvense,ForestWetPoor
124444,Equisetum arvense,ForestWetPoor
124445,Equisetum arvense,ForestWetPoor
124446,Equisetum arvense,ForestWetPoor
124447,Equisetum arvense,ForestWetPoor
124448,Equisetum arvense,ForestWetPoor
124449,Equisetum arvense,ForestWetPoor
125029,Equisetum arvense,ForestWetPoor
125030,Equisetum arvense,ForestWetPoor
125031,Equisetum arvense,ForestWetPoor
125032,Equisetum arvense,ForestWetPoor
125033,Equisetum arvense,ForestWetPoor
125034,Equisetum arvense,ForestWetPoor
125035,Equisetum arvense,ForestWetPoor
125036,Equisetum arvense,ForestWetPoor
125037,Equisetum arvense,ForestWetPoor
125038,Equisetum arvense,ForestWetPoor
125039,Equisetum arvense,ForestWetPoor
125040,Equisetum arvense,ForestWetPoor
125041,Equisetum arvense,ForestWetPoor
125042,Equisetum arvense,ForestWetPoor
125043,Equisetum arvense,ForestWetPoor
125044,Equisetum arvense,ForestWetPoor
125045,Equisetum arvense,ForestWetPoor
125046,Equisetum arvense,ForestWetPoor
125047,Equisetum arvense,ForestWetPoor
125048,Equisetum arvense,ForestWetPoor
125628,Equisetum arvense,ForestWetPoor
125629,Equisetum arvense,ForestWetPoor
125630,Equisetum arvense,ForestWetPoor
125631,Equisetum arvense,ForestWetPoor
125632,Equisetum arvense,ForestWetPoor
125633,Equisetum arvense,ForestWetPoor
125634,Equisetum arvense,ForestWetPoor
125635,Equisetum arvense,ForestWetPoor
125636,Equisetum arvense,ForestWetPoor
125637,Equisetum arvense,ForestWetPoor
125638,Equisetum arvense,ForestWetPoor
125639,Equisetum arvense,ForestWetPoor
125640,Equisetum arvense,ForestWetPoor
125641,Equisetum arvense,ForestWetPoor
125642,Equisetum arvense,ForestWetPoor
125643,Equisetum arvense,ForestWetPoor
125644,Equisetum arvense,ForestWetPoor
125645,Equisetum arvense,ForestWetPoor
125646,Equisetum arvense,ForestWetPoor
125647,Equisetum arvense,ForestWetPoor
126227,Equisetum arvense,ForestWetPoor
126228,Equisetum arvense,ForestWetPoor
126229,Equisetum arvense,ForestWetPoor
126230,Equisetum arvense,ForestWetPoor
126231,Equisetum arvense,ForestWetPoor
126232,Equisetum arvense,ForestWetPoor
126233,Equisetum arvense,ForestWetPoor
126234,Equisetum arvense,ForestWetPoor
126235,Equisetum arvense,ForestWetPoor
126236,Equisetum arvense,ForestWetPoor
126237,Equisetum arvense,ForestWetPoor
126238,Equisetum arvense,ForestWetPoor
126239,Equisetum arvense,ForestWetPoor
126240,Equisetum arvense,ForestWetPoor
126241,Equisetum arvense,ForestWetPoor
126242,Equisetum arvense,ForestWetPoor
126243,Equisetum arvense,ForestWetPoor
126244,Equisetum arvense,ForestWetPoor
126245,Equisetum arvense,ForestWetPoor
126246,Equisetum arvense,ForestWetPoor
126826,Equisetum arvense,ForestWetPoor
126827,Equisetum arvense,ForestWetPoor
126828,Equisetum arvense,ForestWetPoor
126829,Equisetum arvense,ForestWetPoor
126830,Equisetum arvense,ForestWetPoor
126831,Equisetum arvense,ForestWetPoor
126832,Equisetum arvense,ForestWetPoor
126833,Equisetum arvense,ForestWetPoor
126834,Equisetum arvense,ForestWetPoor
126835,Equisetum arvense,ForestWetPoor
126836,Equisetum arvense,ForestWetPoor
126837,Equisetum arvense,ForestWetPoor
126838,Equisetum arvense,ForestWetPoor
126839,Equisetum arvense,ForestWetPoor
126840,Equisetum arvense,ForestWetPoor
126841,Equisetum arvense,ForestWetPoor
126842,Equisetum arvense,ForestWetPoor
126843,Equisetum arvense,ForestWetPoor
126844,Equisetum arvense,ForestWetPoor
126845,Equisetum arvense,ForestWetPoor
127425,Equisetum arvense,ForestWetPoor
127426,Equise341,Equisetum arvense,ForestWetPoor
88342,Equisetum arvense,ForestWetPoor
88343,Equisetum arvense,ForestWetPoor
88344,Equisetum arvense,ForestWetPoor
88345,Equisetum arvense,ForestWetPoor
88346,Equisetum arvense,ForestWetPoor
88347,Equisetum arvense,ForestWetPoor
88348,Equisetum arvense,ForestWetPoor
88349,Equisetum arvense,ForestWetPoor
88350,Equisetum arvense,ForestWetPoor
88351,Equisetum arvense,ForestWetPoor
88352,Equisetum arvense,ForestWetPoor
88353,Equisetum arvense,ForestWetPoor
88354,Equisetum arvense,ForestWetPoor
88355,Equisetum arvense,ForestWetPoor
88356,Equisetum arvense,ForestWetPoor
88357,Equisetum arvense,ForestWetPoor
88358,Equisetum arvense,ForestWetPoor
88359,Equisetum arvense,ForestWetPoor
88360,Equisetum arvense,ForestWetPoor
88361,Equisetum arvense,ForestWetPoor
88362,Equisetum arvense,ForestWetPoor
88363,Equisetum arvense,ForestWetPoor
88364,Equisetum arvense,ForestWetPoor
88365,Equisetum arvense,ForestWetPoor
88366,Equisetum arvense,ForestWetPoor
88367,Equisetum arvense,ForestWetPoor
88368,Equisetum arvense,ForestWetPoor
88369,Equisetum arvense,ForestWetPoor
88370,Equisetum arvense,ForestWetPoor
88371,Equisetum arvense,ForestWetPoor
88372,Equisetum arvense,ForestWetPoor
88373,Equisetum arvense,ForestWetPoor
88374,Equisetum arvense,ForestWetPoor
88375,Equisetum arvense,ForestWetPoor
88376,Equisetum arvense,ForestWetPoor
88377,Equisetum arvense,ForestWetPoor
88378,Equisetum arvense,ForestWetPoor
88379,Equisetum arvense,ForestWetPoor
88380,Equisetum arvense,ForestWetPoor
88381,Equisetum arvense,ForestWetPoor
88382,Equisetum arvense,ForestWetPoor
88383,Equisetum arvense,ForestWetPoor
88384,Equisetum arvense,ForestWetPoor
88385,Equisetum arvense,ForestWetPoor
88386,Equisetum arvense,ForestWetPoor
88387,Equisetum arvense,ForestWetPoor
88388,Equisetum arvense,ForestWetPoor
88389,Equisetum arvense,ForestWetPoor
88390,Equisetum arvense,ForestWetPoor
88391,Equisetum arvense,ForestWetPoor
88392,Equisetum arvense,ForestWetPoor
88393,Equisetum arvense,ForestWetPoor
88394,Equisetum arvense,ForestWetPoor
88395,Equisetum arvense,ForestWetPoor
88396,Equisetum arvense,ForestWetPoor
88397,Equisetum arvense,ForestWetPoor
88398,Equisetum arvense,ForestWetPoor
88399,Equisetum arvense,ForestWetPoor
88400,Equisetum arvense,ForestWetPoor
88401,Equisetum arvense,ForestWetPoor
88402,Equisetum arvense,ForestWetPoor
88403,Equisetum arvense,ForestWetPoor
88404,Equisetum arvense,ForestWetPoor
88405,Equisetum arvense,ForestWetPoor
88406,Equisetum arvense,ForestWetPoor
88407,Equisetum arvense,ForestWetPoor
88408,Equisetum arvense,ForestWetPoor
88409,Equisetum arvense,ForestWetPoor
88410,Equisetum arvense,ForestWetPoor
88411,Equisetum arvense,ForestWetPoor
88412,Equisetum arvense,ForestWetPoor
88413,Equisetum arvense,ForestWetPoor
88414,Equisetum arvense,ForestWetPoor
88415,Equisetum arvense,ForestWetPoor
88416,Equisetum arvense,ForestWetPoor
88417,Equisetum arvense,ForestWetPoor
88418,Equisetum arvense,ForestWetPoor
88419,Equisetum arvense,ForestWetPoor
88420,Equisetum arvense,ForestWetPoor
88421,Equisetum arvense,ForestWetPoor
88422,Equisetum arvense,ForestWetPoor
88423,Equisetum arvense,ForestWetPoor
88424,Equisetum arvense,ForestWetPoor
88425,Equisetum arvense,ForestWetPoor
88426,Equisetum arvense,ForestWetPoor
88427,Equisetum arvense,ForestWetPoor
88428,Equisetum arvense,ForestWetPoor
88429,Equisetum arvense,ForestWetPoor
88931,Equisetum arvense,ForestWetPoor
88932,Equisetum arvense,ForestWetPoor
88933,Equisetum arvense,ForestWetPoor
88934,Equisetum arvense,ForestWetPoor
88935,Equisetum arvense,ForestWetPoor
88936,Equisetum arvense,ForestWetPoor
88937,Equisetum arvense,ForestWetPoor
88938,Equisetum arvense,ForestWetPoor
88939,Equisetum arvense,ForestWetPoor
88940,Equisetum arvense,ForestWetPoor
88941,Equisetum arvense,ForestWetPoor
88942,Equisetum arvense,ForestWetPoor
88943,Equisetum arvense,ForestWetPoor
88944,Equisetum arvense,ForestWetPoor
88945,Equisetum arvense,ForestWetPoor
88946,Equisetum arvense,ForestWetPoor
88947,Equisetum arvense,ForestWetPoor
88948,Equisetum arvense,ForestWetPoor
88949,Equisetum arvense,ForestWeEquisetum arvense,ForestWetPoor
79399,Equisetum arvense,ForestWetPoor
79400,Equisetum arvense,ForestWetPoor
79401,Equisetum arvense,ForestWetPoor
79402,Equisetum arvense,ForestWetPoor
79403,Equisetum arvense,ForestWetPoor
79404,Equisetum arvense,ForestWetPoor
79953,Equisetum arvense,ForestWetPoor
79954,Equisetum arvense,ForestWetPoor
79955,Equisetum arvense,ForestWetPoor
79956,Equisetum arvense,ForestWetPoor
79957,Equisetum arvense,ForestWetPoor
79958,Equisetum arvense,ForestWetPoor
79959,Equisetum arvense,ForestWetPoor
79960,Equisetum arvense,ForestWetPoor
79961,Equisetum arvense,ForestWetPoor
79962,Equisetum arvense,ForestWetPoor
79963,Equisetum arvense,ForestWetPoor
79964,Equisetum arvense,ForestWetPoor
79965,Equisetum arvense,ForestWetPoor
79966,Equisetum arvense,ForestWetPoor
79967,Equisetum arvense,ForestWetPoor
79968,Equisetum arvense,ForestWetPoor
79969,Equisetum arvense,ForestWetPoor
79970,Equisetum arvense,ForestWetPoor
79971,Equisetum arvense,ForestWetPoor
79972,Equisetum arvense,ForestWetPoor
79973,Equisetum arvense,ForestWetPoor
79974,Equisetum arvense,ForestWetPoor
79975,Equisetum arvense,ForestWetPoor
79976,Equisetum arvense,ForestWetPoor
79977,Equisetum arvense,ForestWetPoor
79978,Equisetum arvense,ForestWetPoor
79979,Equisetum arvense,ForestWetPoor
79980,Equisetum arvense,ForestWetPoor
79981,Equisetum arvense,ForestWetPoor
79982,Equisetum arvense,ForestWetPoor
79983,Equisetum arvense,ForestWetPoor
79984,Equisetum arvense,ForestWetPoor
79985,Equisetum arvense,ForestWetPoor
79986,Equisetum arvense,ForestWetPoor
79987,Equisetum arvense,ForestWetPoor
79988,Equisetum arvense,ForestWetPoor
79989,Equisetum arvense,ForestWetPoor
79990,Equisetum arvense,ForestWetPoor
79991,Equisetum arvense,ForestWetPoor
79992,Equisetum arvense,ForestWetPoor
79993,Equisetum arvense,ForestWetPoor
79994,Equisetum arvense,ForestWetPoor
79995,Equisetum arvense,ForestWetPoor
79996,Equisetum arvense,ForestWetPoor
79997,Equisetum arvense,ForestWetPoor
79998,Equisetum arvense,ForestWetPoor
79999,Equisetum arvense,ForestWetPoor
80000,Equisetum arvense,ForestWetPoor
80001,Equisetum arvense,ForestWetPoor
80002,Equisetum arvense,ForestWetPoor
80003,Equisetum arvense,ForestWetPoor
80552,Equisetum arvense,ForestWetPoor
80553,Equisetum arvense,ForestWetPoor
80554,Equisetum arvense,ForestWetPoor
80555,Equisetum arvense,ForestWetPoor
80556,Equisetum arvense,ForestWetPoor
80557,Equisetum arvense,ForestWetPoor
80558,Equisetum arvense,ForestWetPoor
80559,Equisetum arvense,ForestWetPoor
80560,Equisetum arvense,ForestWetPoor
80561,Equisetum arvense,ForestWetPoor
80562,Equisetum arvense,ForestWetPoor
80563,Equisetum arvense,ForestWetPoor
80564,Equisetum arvense,ForestWetPoor
80565,Equisetum arvense,ForestWetPoor
80566,Equisetum arvense,ForestWetPoor
80567,Equisetum arvense,ForestWetPoor
80568,Equisetum arvense,ForestWetPoor
80569,Equisetum arvense,ForestWetPoor
80570,Equisetum arvense,ForestWetPoor
80571,Equisetum arvense,ForestWetPoor
80572,Equisetum arvense,ForestWetPoor
80573,Equisetum arvense,ForestWetPoor
80574,Equisetum arvense,ForestWetPoor
80575,Equisetum arvense,ForestWetPoor
80576,Equisetum arvense,ForestWetPoor
80577,Equisetum arvense,ForestWetPoor
80578,Equisetum arvense,ForestWetPoor
80579,Equisetum arvense,ForestWetPoor
80580,Equisetum arvense,ForestWetPoor
80581,Equisetum arvense,ForestWetPoor
80582,Equisetum arvense,ForestWetPoor
80583,Equisetum arvense,ForestWetPoor
80584,Equisetum arvense,ForestWetPoor
80585,Equisetum arvense,ForestWetPoor
80586,Equisetum arvense,ForestWetPoor
80587,Equisetum arvense,ForestWetPoor
80588,Equisetum arvense,ForestWetPoor
80589,Equisetum arvense,ForestWetPoor
80590,Equisetum arvense,ForestWetPoor
80591,Equisetum arvense,ForestWetPoor
80592,Equisetum arvense,ForestWetPoor
80593,Equisetum arvense,ForestWetPoor
80594,Equisetum arvense,ForestWetPoor
80595,Equisetum arvense,ForestWetPoor
80596,Equisetum arvense,ForestWetPoor
80597,Equisetum arvense,ForestWetPoor
80598,Equisetum arvense,ForestWetPoor
80599,Equisetum arvense,ForestWetPoor
80600,Equisetum arvense,ForestWetPoor
80601,Equisetum arvense,ForestWetPootum arvense,ForestWetPoor
127427,Equisetum arvense,ForestWetPoor
127428,Equisetum arvense,ForestWetPoor
127429,Equisetum arvense,ForestWetPoor
127430,Equisetum arvense,ForestWetPoor
127431,Equisetum arvense,ForestWetPoor
127432,Equisetum arvense,ForestWetPoor
127433,Equisetum arvense,ForestWetPoor
127434,Equisetum arvense,ForestWetPoor
127435,Equisetum arvense,ForestWetPoor
127436,Equisetum arvense,ForestWetPoor
127437,Equisetum arvense,ForestWetPoor
127438,Equisetum arvense,ForestWetPoor
127439,Equisetum arvense,ForestWetPoor
127440,Equisetum arvense,ForestWetPoor
127441,Equisetum arvense,ForestWetPoor
127442,Equisetum arvense,ForestWetPoor
127443,Equisetum arvense,ForestWetPoor
127444,Equisetum arvense,ForestWetPoor
128024,Equisetum arvense,ForestWetPoor
128025,Equisetum arvense,ForestWetPoor
128026,Equisetum arvense,ForestWetPoor
128027,Equisetum arvense,ForestWetPoor
128028,Equisetum arvense,ForestWetPoor
128029,Equisetum arvense,ForestWetPoor
128030,Equisetum arvense,ForestWetPoor
128031,Equisetum arvense,ForestWetPoor
128032,Equisetum arvense,ForestWetPoor
128033,Equisetum arvense,ForestWetPoor
128034,Equisetum arvense,ForestWetPoor
128035,Equisetum arvense,ForestWetPoor
128036,Equisetum arvense,ForestWetPoor
128037,Equisetum arvense,ForestWetPoor
128038,Equisetum arvense,ForestWetPoor
128039,Equisetum arvense,ForestWetPoor
128040,Equisetum arvense,ForestWetPoor
128041,Equisetum arvense,ForestWetPoor
128042,Equisetum arvense,ForestWetPoor
128043,Equisetum arvense,ForestWetPoor
128623,Equisetum arvense,ForestWetPoor
128624,Equisetum arvense,ForestWetPoor
128625,Equisetum arvense,ForestWetPoor
128626,Equisetum arvense,ForestWetPoor
128627,Equisetum arvense,ForestWetPoor
128628,Equisetum arvense,ForestWetPoor
128629,Equisetum arvense,ForestWetPoor
128630,Equisetum arvense,ForestWetPoor
128631,Equisetum arvense,ForestWetPoor
128632,Equisetum arvense,ForestWetPoor
128633,Equisetum arvense,ForestWetPoor
128634,Equisetum arvense,ForestWetPoor
128635,Equisetum arvense,ForestWetPoor
128636,Equisetum arvense,ForestWetPoor
128637,Equisetum arvense,ForestWetPoor
128638,Equisetum arvense,ForestWetPoor
128639,Equisetum arvense,ForestWetPoor
128640,Equisetum arvense,ForestWetPoor
128641,Equisetum arvense,ForestWetPoor
128642,Equisetum arvense,ForestWetPoor
129222,Equisetum arvense,ForestWetPoor
129223,Equisetum arvense,ForestWetPoor
129224,Equisetum arvense,ForestWetPoor
129225,Equisetum arvense,ForestWetPoor
129226,Equisetum arvense,ForestWetPoor
129227,Equisetum arvense,ForestWetPoor
129228,Equisetum arvense,ForestWetPoor
129229,Equisetum arvense,ForestWetPoor
129230,Equisetum arvense,ForestWetPoor
129231,Equisetum arvense,ForestWetPoor
129232,Equisetum arvense,ForestWetPoor
129233,Equisetum arvense,ForestWetPoor
129234,Equisetum arvense,ForestWetPoor
129235,Equisetum arvense,ForestWetPoor
129236,Equisetum arvense,ForestWetPoor
129237,Equisetum arvense,ForestWetPoor
129238,Equisetum arvense,ForestWetPoor
129239,Equisetum arvense,ForestWetPoor
129240,Equisetum arvense,ForestWetPoor
129241,Equisetum arvense,ForestWetPoor
129821,Equisetum arvense,ForestWetPoor
129822,Equisetum arvense,ForestWetPoor
129823,Equisetum arvense,ForestWetPoor
129824,Equisetum arvense,ForestWetPoor
129825,Equisetum arvense,ForestWetPoor
129826,Equisetum arvense,ForestWetPoor
129827,Equisetum arvense,ForestWetPoor
129828,Equisetum arvense,ForestWetPoor
129829,Equisetum arvense,ForestWetPoor
129830,Equisetum arvense,ForestWetPoor
129831,Equisetum arvense,ForestWetPoor
129832,Equisetum arvense,ForestWetPoor
129833,Equisetum arvense,ForestWetPoor
129834,Equisetum arvense,ForestWetPoor
129835,Equisetum arvense,ForestWetPoor
129836,Equisetum arvense,ForestWetPoor
129837,Equisetum arvense,ForestWetPoor
129838,Equisetum arvense,ForestWetPoor
129839,Equisetum arvense,ForestWetPoor
129840,Equisetum arvense,ForestWetPoor
130420,Equisetum arvense,ForestWetPoor
130421,Equisetum arvense,ForestWetPoor
130422,Equisetum arvense,ForestWetPoor
130423,Equisetum arvense,ForestWetPoor
130424,Equisetum arvense,ForestWetPoor
130425,Equisetum arvense,ForestWetPoor
130426,EquisettPoor
88950,Equisetum arvense,ForestWetPoor
88951,Equisetum arvense,ForestWetPoor
88952,Equisetum arvense,ForestWetPoor
88953,Equisetum arvense,ForestWetPoor
88954,Equisetum arvense,ForestWetPoor
88955,Equisetum arvense,ForestWetPoor
88956,Equisetum arvense,ForestWetPoor
88957,Equisetum arvense,ForestWetPoor
88958,Equisetum arvense,ForestWetPoor
88959,Equisetum arvense,ForestWetPoor
88960,Equisetum arvense,ForestWetPoor
88961,Equisetum arvense,ForestWetPoor
88962,Equisetum arvense,ForestWetPoor
88963,Equisetum arvense,ForestWetPoor
88964,Equisetum arvense,ForestWetPoor
88965,Equisetum arvense,ForestWetPoor
88966,Equisetum arvense,ForestWetPoor
88967,Equisetum arvense,ForestWetPoor
88968,Equisetum arvense,ForestWetPoor
88969,Equisetum arvense,ForestWetPoor
88970,Equisetum arvense,ForestWetPoor
88971,Equisetum arvense,ForestWetPoor
88972,Equisetum arvense,ForestWetPoor
88973,Equisetum arvense,ForestWetPoor
88974,Equisetum arvense,ForestWetPoor
88975,Equisetum arvense,ForestWetPoor
88976,Equisetum arvense,ForestWetPoor
88977,Equisetum arvense,ForestWetPoor
88978,Equisetum arvense,ForestWetPoor
88979,Equisetum arvense,ForestWetPoor
88980,Equisetum arvense,ForestWetPoor
88981,Equisetum arvense,ForestWetPoor
88982,Equisetum arvense,ForestWetPoor
88983,Equisetum arvense,ForestWetPoor
88984,Equisetum arvense,ForestWetPoor
88985,Equisetum arvense,ForestWetPoor
88986,Equisetum arvense,ForestWetPoor
88987,Equisetum arvense,ForestWetPoor
88988,Equisetum arvense,ForestWetPoor
88989,Equisetum arvense,ForestWetPoor
88990,Equisetum arvense,ForestWetPoor
88991,Equisetum arvense,ForestWetPoor
88992,Equisetum arvense,ForestWetPoor
88993,Equisetum arvense,ForestWetPoor
88994,Equisetum arvense,ForestWetPoor
88995,Equisetum arvense,ForestWetPoor
88996,Equisetum arvense,ForestWetPoor
88997,Equisetum arvense,ForestWetPoor
88998,Equisetum arvense,ForestWetPoor
88999,Equisetum arvense,ForestWetPoor
89000,Equisetum arvense,ForestWetPoor
89001,Equisetum arvense,ForestWetPoor
89002,Equisetum arvense,ForestWetPoor
89003,Equisetum arvense,ForestWetPoor
89004,Equisetum arvense,ForestWetPoor
89005,Equisetum arvense,ForestWetPoor
89006,Equisetum arvense,ForestWetPoor
89007,Equisetum arvense,ForestWetPoor
89008,Equisetum arvense,ForestWetPoor
89009,Equisetum arvense,ForestWetPoor
89010,Equisetum arvense,ForestWetPoor
89011,Equisetum arvense,ForestWetPoor
89012,Equisetum arvense,ForestWetPoor
89013,Equisetum arvense,ForestWetPoor
89014,Equisetum arvense,ForestWetPoor
89015,Equisetum arvense,ForestWetPoor
89016,Equisetum arvense,ForestWetPoor
89017,Equisetum arvense,ForestWetPoor
89018,Equisetum arvense,ForestWetPoor
89019,Equisetum arvense,ForestWetPoor
89020,Equisetum arvense,ForestWetPoor
89021,Equisetum arvense,ForestWetPoor
89022,Equisetum arvense,ForestWetPoor
89023,Equisetum arvense,ForestWetPoor
89024,Equisetum arvense,ForestWetPoor
89025,Equisetum arvense,ForestWetPoor
89026,Equisetum arvense,ForestWetPoor
89027,Equisetum arvense,ForestWetPoor
89531,Equisetum arvense,ForestWetPoor
89532,Equisetum arvense,ForestWetPoor
89533,Equisetum arvense,ForestWetPoor
89534,Equisetum arvense,ForestWetPoor
89535,Equisetum arvense,ForestWetPoor
89536,Equisetum arvense,ForestWetPoor
89537,Equisetum arvense,ForestWetPoor
89538,Equisetum arvense,ForestWetPoor
89539,Equisetum arvense,ForestWetPoor
89540,Equisetum arvense,ForestWetPoor
89541,Equisetum arvense,ForestWetPoor
89542,Equisetum arvense,ForestWetPoor
89543,Equisetum arvense,ForestWetPoor
89544,Equisetum arvense,ForestWetPoor
89545,Equisetum arvense,ForestWetPoor
89546,Equisetum arvense,ForestWetPoor
89547,Equisetum arvense,ForestWetPoor
89548,Equisetum arvense,ForestWetPoor
89549,Equisetum arvense,ForestWetPoor
89550,Equisetum arvense,ForestWetPoor
89551,Equisetum arvense,ForestWetPoor
89552,Equisetum arvense,ForestWetPoor
89553,Equisetum arvense,ForestWetPoor
89554,Equisetum arvense,ForestWetPoor
89555,Equisetum arvense,ForestWetPoor
89556,Equisetum arvense,ForestWetPoor
89557,Equisetum arvense,ForestWetPoor
89558,Equisetum arvense,ForestWetPoor
89559,Equisetum arvense,ForestWetPoor
89560,Equisetum arvense,266453,Equisetum arvense,ForestWetPoor
266454,Equisetum arvense,ForestWetPoor
266455,Equisetum arvense,ForestWetPoor
266456,Equisetum arvense,ForestWetPoor
266457,Equisetum arvense,ForestWetPoor
266458,Equisetum arvense,ForestWetPoor
266459,Equisetum arvense,ForestWetPoor
266460,Equisetum arvense,ForestWetPoor
266461,Equisetum arvense,ForestWetPoor
266462,Equisetum arvense,ForestWetPoor
266463,Equisetum arvense,ForestWetPoor
266464,Equisetum arvense,ForestWetPoor
266465,Equisetum arvense,ForestWetPoor
266466,Equisetum arvense,ForestWetPoor
266467,Equisetum arvense,ForestWetPoor
266468,Equisetum arvense,ForestWetPoor
266469,Equisetum arvense,ForestWetPoor
266470,Equisetum arvense,ForestWetPoor
267052,Equisetum arvense,ForestWetPoor
267053,Equisetum arvense,ForestWetPoor
267054,Equisetum arvense,ForestWetPoor
267055,Equisetum arvense,ForestWetPoor
267056,Equisetum arvense,ForestWetPoor
267057,Equisetum arvense,ForestWetPoor
267058,Equisetum arvense,ForestWetPoor
267059,Equisetum arvense,ForestWetPoor
267060,Equisetum arvense,ForestWetPoor
267061,Equisetum arvense,ForestWetPoor
267062,Equisetum arvense,ForestWetPoor
267063,Equisetum arvense,ForestWetPoor
267064,Equisetum arvense,ForestWetPoor
267065,Equisetum arvense,ForestWetPoor
267066,Equisetum arvense,ForestWetPoor
267067,Equisetum arvense,ForestWetPoor
267068,Equisetum arvense,ForestWetPoor
267069,Equisetum arvense,ForestWetPoor
267651,Equisetum arvense,ForestWetPoor
267652,Equisetum arvense,ForestWetPoor
267653,Equisetum arvense,ForestWetPoor
267654,Equisetum arvense,ForestWetPoor
267655,Equisetum arvense,ForestWetPoor
267656,Equisetum arvense,ForestWetPoor
267657,Equisetum arvense,ForestWetPoor
267658,Equisetum arvense,ForestWetPoor
267659,Equisetum arvense,ForestWetPoor
267660,Equisetum arvense,ForestWetPoor
267661,Equisetum arvense,ForestWetPoor
267662,Equisetum arvense,ForestWetPoor
267663,Equisetum arvense,ForestWetPoor
267664,Equisetum arvense,ForestWetPoor
267665,Equisetum arvense,ForestWetPoor
267666,Equisetum arvense,ForestWetPoor
267667,Equisetum arvense,ForestWetPoor
267668,Equisetum arvense,ForestWetPoor
268250,Equisetum arvense,ForestWetPoor
268251,Equisetum arvense,ForestWetPoor
268252,Equisetum arvense,ForestWetPoor
268253,Equisetum arvense,ForestWetPoor
268254,Equisetum arvense,ForestWetPoor
268255,Equisetum arvense,ForestWetPoor
268256,Equisetum arvense,ForestWetPoor
268257,Equisetum arvense,ForestWetPoor
268258,Equisetum arvense,ForestWetPoor
268259,Equisetum arvense,ForestWetPoor
268260,Equisetum arvense,ForestWetPoor
268261,Equisetum arvense,ForestWetPoor
268262,Equisetum arvense,ForestWetPoor
268263,Equisetum arvense,ForestWetPoor
268264,Equisetum arvense,ForestWetPoor
268265,Equisetum arvense,ForestWetPoor
268266,Equisetum arvense,ForestWetPoor
268267,Equisetum arvense,ForestWetPoor
268268,Equisetum arvense,ForestWetPoor
268849,Equisetum arvense,ForestWetPoor
268850,Equisetum arvense,ForestWetPoor
268851,Equisetum arvense,ForestWetPoor
268852,Equisetum arvense,ForestWetPoor
268853,Equisetum arvense,ForestWetPoor
268854,Equisetum arvense,ForestWetPoor
268855,Equisetum arvense,ForestWetPoor
268856,Equisetum arvense,ForestWetPoor
268857,Equisetum arvense,ForestWetPoor
268858,Equisetum arvense,ForestWetPoor
268859,Equisetum arvense,ForestWetPoor
268860,Equisetum arvense,ForestWetPoor
268861,Equisetum arvense,ForestWetPoor
268862,Equisetum arvense,ForestWetPoor
268863,Equisetum arvense,ForestWetPoor
268864,Equisetum arvense,ForestWetPoor
268865,Equisetum arvense,ForestWetPoor
268866,Equisetum arvense,ForestWetPoor
268867,Equisetum arvense,ForestWetPoor
269448,Equisetum arvense,ForestWetPoor
269449,Equisetum arvense,ForestWetPoor
269450,Equisetum arvense,ForestWetPoor
269451,Equisetum arvense,ForestWetPoor
269452,Equisetum arvense,ForestWetPoor
269453,Equisetum arvense,ForestWetPoor
269454,Equisetum arvense,ForestWetPoor
269455,Equisetum arvense,ForestWetPoor
269456,Equisetum arvense,ForestWetPoor
269457,Equisetum arvense,ForestWetPoor
269458,Equisetum arvense,ForestWetPoor
269459,Equisetum arvense,ForestWetPoor
269460,Equisetum arvense,ForestWetPoor
2r
80602,Equisetum arvense,ForestWetPoor
81151,Equisetum arvense,ForestWetPoor
81152,Equisetum arvense,ForestWetPoor
81153,Equisetum arvense,ForestWetPoor
81154,Equisetum arvense,ForestWetPoor
81155,Equisetum arvense,ForestWetPoor
81156,Equisetum arvense,ForestWetPoor
81157,Equisetum arvense,ForestWetPoor
81158,Equisetum arvense,ForestWetPoor
81159,Equisetum arvense,ForestWetPoor
81160,Equisetum arvense,ForestWetPoor
81161,Equisetum arvense,ForestWetPoor
81162,Equisetum arvense,ForestWetPoor
81163,Equisetum arvense,ForestWetPoor
81164,Equisetum arvense,ForestWetPoor
81165,Equisetum arvense,ForestWetPoor
81166,Equisetum arvense,ForestWetPoor
81167,Equisetum arvense,ForestWetPoor
81168,Equisetum arvense,ForestWetPoor
81169,Equisetum arvense,ForestWetPoor
81170,Equisetum arvense,ForestWetPoor
81171,Equisetum arvense,ForestWetPoor
81172,Equisetum arvense,ForestWetPoor
81173,Equisetum arvense,ForestWetPoor
81174,Equisetum arvense,ForestWetPoor
81175,Equisetum arvense,ForestWetPoor
81176,Equisetum arvense,ForestWetPoor
81177,Equisetum arvense,ForestWetPoor
81178,Equisetum arvense,ForestWetPoor
81179,Equisetum arvense,ForestWetPoor
81180,Equisetum arvense,ForestWetPoor
81181,Equisetum arvense,ForestWetPoor
81182,Equisetum arvense,ForestWetPoor
81183,Equisetum arvense,ForestWetPoor
81184,Equisetum arvense,ForestWetPoor
81185,Equisetum arvense,ForestWetPoor
81186,Equisetum arvense,ForestWetPoor
81187,Equisetum arvense,ForestWetPoor
81188,Equisetum arvense,ForestWetPoor
81189,Equisetum arvense,ForestWetPoor
81190,Equisetum arvense,ForestWetPoor
81191,Equisetum arvense,ForestWetPoor
81192,Equisetum arvense,ForestWetPoor
81193,Equisetum arvense,ForestWetPoor
81194,Equisetum arvense,ForestWetPoor
81195,Equisetum arvense,ForestWetPoor
81196,Equisetum arvense,ForestWetPoor
81197,Equisetum arvense,ForestWetPoor
81198,Equisetum arvense,ForestWetPoor
81199,Equisetum arvense,ForestWetPoor
81200,Equisetum arvense,ForestWetPoor
81201,Equisetum arvense,ForestWetPoor
81750,Equisetum arvense,ForestWetPoor
81751,Equisetum arvense,ForestWetPoor
81752,Equisetum arvense,ForestWetPoor
81753,Equisetum arvense,ForestWetPoor
81754,Equisetum arvense,ForestWetPoor
81755,Equisetum arvense,ForestWetPoor
81756,Equisetum arvense,ForestWetPoor
81757,Equisetum arvense,ForestWetPoor
81758,Equisetum arvense,ForestWetPoor
81759,Equisetum arvense,ForestWetPoor
81760,Equisetum arvense,ForestWetPoor
81761,Equisetum arvense,ForestWetPoor
81762,Equisetum arvense,ForestWetPoor
81763,Equisetum arvense,ForestWetPoor
81764,Equisetum arvense,ForestWetPoor
81765,Equisetum arvense,ForestWetPoor
81766,Equisetum arvense,ForestWetPoor
81767,Equisetum arvense,ForestWetPoor
81768,Equisetum arvense,ForestWetPoor
81769,Equisetum arvense,ForestWetPoor
81770,Equisetum arvense,ForestWetPoor
81771,Equisetum arvense,ForestWetPoor
81772,Equisetum arvense,ForestWetPoor
81773,Equisetum arvense,ForestWetPoor
81774,Equisetum arvense,ForestWetPoor
81775,Equisetum arvense,ForestWetPoor
81776,Equisetum arvense,ForestWetPoor
81777,Equisetum arvense,ForestWetPoor
81778,Equisetum arvense,ForestWetPoor
81779,Equisetum arvense,ForestWetPoor
81780,Equisetum arvense,ForestWetPoor
81781,Equisetum arvense,ForestWetPoor
81782,Equisetum arvense,ForestWetPoor
81783,Equisetum arvense,ForestWetPoor
81784,Equisetum arvense,ForestWetPoor
81785,Equisetum arvense,ForestWetPoor
81786,Equisetum arvense,ForestWetPoor
81787,Equisetum arvense,ForestWetPoor
81788,Equisetum arvense,ForestWetPoor
81789,Equisetum arvense,ForestWetPoor
81790,Equisetum arvense,ForestWetPoor
81791,Equisetum arvense,ForestWetPoor
81792,Equisetum arvense,ForestWetPoor
81793,Equisetum arvense,ForestWetPoor
81794,Equisetum arvense,ForestWetPoor
81795,Equisetum arvense,ForestWetPoor
81796,Equisetum arvense,ForestWetPoor
81797,Equisetum arvense,ForestWetPoor
81798,Equisetum arvense,ForestWetPoor
81799,Equisetum arvense,ForestWetPoor
81800,Equisetum arvense,ForestWetPoor
82348,Equisetum arvense,ForestWetPoor
82349,Equisetum arvense,ForestWetPoor
82350,Equisetum arvense,ForestWetPoor
82351,Equisetum arvense,ForestWetPoor
82352,Equisetum arvense,Foreum arvense,ForestWetPoor
130427,Equisetum arvense,ForestWetPoor
130428,Equisetum arvense,ForestWetPoor
130429,Equisetum arvense,ForestWetPoor
130430,Equisetum arvense,ForestWetPoor
130431,Equisetum arvense,ForestWetPoor
130432,Equisetum arvense,ForestWetPoor
130433,Equisetum arvense,ForestWetPoor
130434,Equisetum arvense,ForestWetPoor
130435,Equisetum arvense,ForestWetPoor
130436,Equisetum arvense,ForestWetPoor
130437,Equisetum arvense,ForestWetPoor
130438,Equisetum arvense,ForestWetPoor
130439,Equisetum arvense,ForestWetPoor
131019,Equisetum arvense,ForestWetPoor
131020,Equisetum arvense,ForestWetPoor
131021,Equisetum arvense,ForestWetPoor
131022,Equisetum arvense,ForestWetPoor
131023,Equisetum arvense,ForestWetPoor
131024,Equisetum arvense,ForestWetPoor
131025,Equisetum arvense,ForestWetPoor
131026,Equisetum arvense,ForestWetPoor
131027,Equisetum arvense,ForestWetPoor
131028,Equisetum arvense,ForestWetPoor
131029,Equisetum arvense,ForestWetPoor
131030,Equisetum arvense,ForestWetPoor
131031,Equisetum arvense,ForestWetPoor
131032,Equisetum arvense,ForestWetPoor
131033,Equisetum arvense,ForestWetPoor
131034,Equisetum arvense,ForestWetPoor
131035,Equisetum arvense,ForestWetPoor
131036,Equisetum arvense,ForestWetPoor
131037,Equisetum arvense,ForestWetPoor
131038,Equisetum arvense,ForestWetPoor
131618,Equisetum arvense,ForestWetPoor
131619,Equisetum arvense,ForestWetPoor
131620,Equisetum arvense,ForestWetPoor
131621,Equisetum arvense,ForestWetPoor
131622,Equisetum arvense,ForestWetPoor
131623,Equisetum arvense,ForestWetPoor
131624,Equisetum arvense,ForestWetPoor
131625,Equisetum arvense,ForestWetPoor
131626,Equisetum arvense,ForestWetPoor
131627,Equisetum arvense,ForestWetPoor
131628,Equisetum arvense,ForestWetPoor
131629,Equisetum arvense,ForestWetPoor
131630,Equisetum arvense,ForestWetPoor
131631,Equisetum arvense,ForestWetPoor
131632,Equisetum arvense,ForestWetPoor
131633,Equisetum arvense,ForestWetPoor
131634,Equisetum arvense,ForestWetPoor
131635,Equisetum arvense,ForestWetPoor
131636,Equisetum arvense,ForestWetPoor
131637,Equisetum arvense,ForestWetPoor
132217,Equisetum arvense,ForestWetPoor
132218,Equisetum arvense,ForestWetPoor
132219,Equisetum arvense,ForestWetPoor
132220,Equisetum arvense,ForestWetPoor
132221,Equisetum arvense,ForestWetPoor
132222,Equisetum arvense,ForestWetPoor
132223,Equisetum arvense,ForestWetPoor
132224,Equisetum arvense,ForestWetPoor
132225,Equisetum arvense,ForestWetPoor
132226,Equisetum arvense,ForestWetPoor
132227,Equisetum arvense,ForestWetPoor
132228,Equisetum arvense,ForestWetPoor
132229,Equisetum arvense,ForestWetPoor
132230,Equisetum arvense,ForestWetPoor
132231,Equisetum arvense,ForestWetPoor
132232,Equisetum arvense,ForestWetPoor
132233,Equisetum arvense,ForestWetPoor
132234,Equisetum arvense,ForestWetPoor
132235,Equisetum arvense,ForestWetPoor
132236,Equisetum arvense,ForestWetPoor
132816,Equisetum arvense,ForestWetPoor
132817,Equisetum arvense,ForestWetPoor
132818,Equisetum arvense,ForestWetPoor
132819,Equisetum arvense,ForestWetPoor
132820,Equisetum arvense,ForestWetPoor
132821,Equisetum arvense,ForestWetPoor
132822,Equisetum arvense,ForestWetPoor
132823,Equisetum arvense,ForestWetPoor
132824,Equisetum arvense,ForestWetPoor
132825,Equisetum arvense,ForestWetPoor
132826,Equisetum arvense,ForestWetPoor
132827,Equisetum arvense,ForestWetPoor
132828,Equisetum arvense,ForestWetPoor
132829,Equisetum arvense,ForestWetPoor
132830,Equisetum arvense,ForestWetPoor
132831,Equisetum arvense,ForestWetPoor
132832,Equisetum arvense,ForestWetPoor
132833,Equisetum arvense,ForestWetPoor
132834,Equisetum arvense,ForestWetPoor
132835,Equisetum arvense,ForestWetPoor
133415,Equisetum arvense,ForestWetPoor
133416,Equisetum arvense,ForestWetPoor
133417,Equisetum arvense,ForestWetPoor
133418,Equisetum arvense,ForestWetPoor
133419,Equisetum arvense,ForestWetPoor
133420,Equisetum arvense,ForestWetPoor
133421,Equisetum arvense,ForestWetPoor
133422,Equisetum arvense,ForestWetPoor
133423,Equisetum arvense,ForestWetPoor
133424,Equisetum arvense,ForestWetPoor
133425,Equisetum arvense,ForestWetPoor
133426,Equisetu69461,Equisetum arvense,ForestWetPoor
269462,Equisetum arvense,ForestWetPoor
269463,Equisetum arvense,ForestWetPoor
269464,Equisetum arvense,ForestWetPoor
269465,Equisetum arvense,ForestWetPoor
269466,Equisetum arvense,ForestWetPoor
270047,Equisetum arvense,ForestWetPoor
270048,Equisetum arvense,ForestWetPoor
270049,Equisetum arvense,ForestWetPoor
270050,Equisetum arvense,ForestWetPoor
270051,Equisetum arvense,ForestWetPoor
270052,Equisetum arvense,ForestWetPoor
270053,Equisetum arvense,ForestWetPoor
270054,Equisetum arvense,ForestWetPoor
270055,Equisetum arvense,ForestWetPoor
270056,Equisetum arvense,ForestWetPoor
270057,Equisetum arvense,ForestWetPoor
270058,Equisetum arvense,ForestWetPoor
270059,Equisetum arvense,ForestWetPoor
270060,Equisetum arvense,ForestWetPoor
270061,Equisetum arvense,ForestWetPoor
270062,Equisetum arvense,ForestWetPoor
270063,Equisetum arvense,ForestWetPoor
270064,Equisetum arvense,ForestWetPoor
270065,Equisetum arvense,ForestWetPoor
270646,Equisetum arvense,ForestWetPoor
270647,Equisetum arvense,ForestWetPoor
270648,Equisetum arvense,ForestWetPoor
270649,Equisetum arvense,ForestWetPoor
270650,Equisetum arvense,ForestWetPoor
270651,Equisetum arvense,ForestWetPoor
270652,Equisetum arvense,ForestWetPoor
270653,Equisetum arvense,ForestWetPoor
270654,Equisetum arvense,ForestWetPoor
270655,Equisetum arvense,ForestWetPoor
270656,Equisetum arvense,ForestWetPoor
270657,Equisetum arvense,ForestWetPoor
270658,Equisetum arvense,ForestWetPoor
270659,Equisetum arvense,ForestWetPoor
270660,Equisetum arvense,ForestWetPoor
270661,Equisetum arvense,ForestWetPoor
270662,Equisetum arvense,ForestWetPoor
270663,Equisetum arvense,ForestWetPoor
270664,Equisetum arvense,ForestWetPoor
271245,Equisetum arvense,ForestWetPoor
271246,Equisetum arvense,ForestWetPoor
271247,Equisetum arvense,ForestWetPoor
271248,Equisetum arvense,ForestWetPoor
271249,Equisetum arvense,ForestWetPoor
271250,Equisetum arvense,ForestWetPoor
271251,Equisetum arvense,ForestWetPoor
271252,Equisetum arvense,ForestWetPoor
271253,Equisetum arvense,ForestWetPoor
271254,Equisetum arvense,ForestWetPoor
271255,Equisetum arvense,ForestWetPoor
271256,Equisetum arvense,ForestWetPoor
271257,Equisetum arvense,ForestWetPoor
271258,Equisetum arvense,ForestWetPoor
271259,Equisetum arvense,ForestWetPoor
271260,Equisetum arvense,ForestWetPoor
271261,Equisetum arvense,ForestWetPoor
271262,Equisetum arvense,ForestWetPoor
271263,Equisetum arvense,ForestWetPoor
271844,Equisetum arvense,ForestWetPoor
271845,Equisetum arvense,ForestWetPoor
271846,Equisetum arvense,ForestWetPoor
271847,Equisetum arvense,ForestWetPoor
271848,Equisetum arvense,ForestWetPoor
271849,Equisetum arvense,ForestWetPoor
271850,Equisetum arvense,ForestWetPoor
271851,Equisetum arvense,ForestWetPoor
271852,Equisetum arvense,ForestWetPoor
271853,Equisetum arvense,ForestWetPoor
271854,Equisetum arvense,ForestWetPoor
271855,Equisetum arvense,ForestWetPoor
271856,Equisetum arvense,ForestWetPoor
271857,Equisetum arvense,ForestWetPoor
271858,Equisetum arvense,ForestWetPoor
271859,Equisetum arvense,ForestWetPoor
271860,Equisetum arvense,ForestWetPoor
271861,Equisetum arvense,ForestWetPoor
271862,Equisetum arvense,ForestWetPoor
272443,Equisetum arvense,ForestWetPoor
272444,Equisetum arvense,ForestWetPoor
272445,Equisetum arvense,ForestWetPoor
272446,Equisetum arvense,ForestWetPoor
272447,Equisetum arvense,ForestWetPoor
272448,Equisetum arvense,ForestWetPoor
272449,Equisetum arvense,ForestWetPoor
272450,Equisetum arvense,ForestWetPoor
272451,Equisetum arvense,ForestWetPoor
272452,Equisetum arvense,ForestWetPoor
272453,Equisetum arvense,ForestWetPoor
272454,Equisetum arvense,ForestWetPoor
272455,Equisetum arvense,ForestWetPoor
272456,Equisetum arvense,ForestWetPoor
272457,Equisetum arvense,ForestWetPoor
272458,Equisetum arvense,ForestWetPoor
272459,Equisetum arvense,ForestWetPoor
272460,Equisetum arvense,ForestWetPoor
272461,Equisetum arvense,ForestWetPoor
273042,Equisetum arvense,ForestWetPoor
273043,Equisetum arvense,ForestWetPoor
273044,Equisetum arvense,ForestWetPoor
273045,Equisetum arvense,ForestWetPoor
27m arvense,ForestWetPoor
133427,Equisetum arvense,ForestWetPoor
133428,Equisetum arvense,ForestWetPoor
133429,Equisetum arvense,ForestWetPoor
133430,Equisetum arvense,ForestWetPoor
133431,Equisetum arvense,ForestWetPoor
133432,Equisetum arvense,ForestWetPoor
133433,Equisetum arvense,ForestWetPoor
133434,Equisetum arvense,ForestWetPoor
134014,Equisetum arvense,ForestWetPoor
134015,Equisetum arvense,ForestWetPoor
134016,Equisetum arvense,ForestWetPoor
134017,Equisetum arvense,ForestWetPoor
134018,Equisetum arvense,ForestWetPoor
134019,Equisetum arvense,ForestWetPoor
134020,Equisetum arvense,ForestWetPoor
134021,Equisetum arvense,ForestWetPoor
134022,Equisetum arvense,ForestWetPoor
134023,Equisetum arvense,ForestWetPoor
134024,Equisetum arvense,ForestWetPoor
134025,Equisetum arvense,ForestWetPoor
134026,Equisetum arvense,ForestWetPoor
134027,Equisetum arvense,ForestWetPoor
134028,Equisetum arvense,ForestWetPoor
134029,Equisetum arvense,ForestWetPoor
134030,Equisetum arvense,ForestWetPoor
134031,Equisetum arvense,ForestWetPoor
134032,Equisetum arvense,ForestWetPoor
134033,Equisetum arvense,ForestWetPoor
ForestWetPoor
89561,Equisetum arvense,ForestWetPoor
89562,Equisetum arvense,ForestWetPoor
89563,Equisetum arvense,ForestWetPoor
89564,Equisetum arvense,ForestWetPoor
89565,Equisetum arvense,ForestWetPoor
89566,Equisetum arvense,ForestWetPoor
89567,Equisetum arvense,ForestWetPoor
89568,Equisetum arvense,ForestWetPoor
89569,Equisetum arvense,ForestWetPoor
89570,Equisetum arvense,ForestWetPoor
89571,Equisetum arvense,ForestWetPoor
89572,Equisetum arvense,ForestWetPoor
89573,Equisetum arvense,ForestWetPoor
89574,Equisetum arvense,ForestWetPoor
89575,Equisetum arvense,ForestWetPoor
89576,Equisetum arvense,ForestWetPoor
89577,Equisetum arvense,ForestWetPoor
89578,Equisetum arvense,ForestWetPoor
89579,Equisetum arvense,ForestWetPoor
89580,Equisetum arvense,ForestWetPoor
89581,Equisetum arvense,ForestWetPoor
89582,Equisetum arvense,ForestWetPoor
89583,Equisetum arvense,ForestWetPoor
89584,Equisetum arvense,ForestWetPoor
89585,Equisetum arvense,ForestWetPoor
89586,Equisetum arvense,ForestWetPoor
89587,Equisetum arvense,ForestWetPoor
89588,Equisetum arvense,ForestWetPoor
89589,Equisetum arvense,ForestWetPoor
89590,Equisetum arvense,ForestWetPoor
89591,Equisetum arvense,ForestWetPoor
89592,Equisetum arvense,ForestWetPoor
89593,Equisetum arvense,ForestWetPoor
89594,Equisetum arvense,ForestWetPoor
89595,Equisetum arvense,ForestWetPoor
89596,Equisetum arvense,ForestWetPoor
89597,Equisetum arvense,ForestWetPoor
89598,Equisetum arvense,ForestWetPoor
89599,Equisetum arvense,ForestWetPoor
89600,Equisetum arvense,ForestWetPoor
89601,Equisetum arvense,ForestWetPoor
89602,Equisetum arvense,ForestWetPoor
89603,Equisetum arvense,ForestWetPoor
89604,Equisetum arvense,ForestWetPoor
89605,Equisetum arvense,ForestWetPoor
89606,Equisetum arvense,ForestWetPoor
89607,Equisetum arvense,ForestWetPoor
89608,Equisetum arvense,ForestWetPoor
89609,Equisetum arvense,ForestWetPoor
89610,Equisetum arvense,ForestWetPoor
89611,Equisetum arvense,ForestWetPoor
89612,Equisetum arvense,ForestWetPoor
89613,Equisetum arvense,ForestWetPoor
89614,Equisetum arvense,ForestWetPoor
89615,Equisetum arvense,ForestWetPoor
89616,Equisetum arvense,ForestWetPoor
89617,Equisetum arvense,ForestWetPoor
89618,Equisetum arvense,ForestWetPoor
89619,Equisetum arvense,ForestWetPoor
89620,Equisetum arvense,ForestWetPoor
89621,Equisetum arvense,ForestWetPoor
89622,Equisetum arvense,ForestWetPoor
89623,Equisetum arvense,ForestWetPoor
89624,Equisetum arvense,ForestWetPoor
89625,Equisetum arvense,ForestWetPoor
89626,Equisetum arvense,ForestWetPoor
90130,Equisetum arvense,ForestWetPoor
90131,Equisetum arvense,ForestWetPoor
90132,Equisetum arvense,ForestWetPoor
90133,Equisetum arvense,ForestWetPoor
90134,Equisetum arvense,ForestWetPoor
90135,Equisetum arvense,ForestWetPoor
90136,Equisetum arvense,ForestWetPoor
90137,Equisetum arvense,ForestWetPoor
90138,Equisetum arvense,ForestWetPoor
90139,Equisetum arvense,ForestWetPoor
90140,Equisetum arvense,ForestWetPoor
90141,Equisetum arvense,ForestWetPoor
90142,Equisetum arvense,ForestWetPoor
90143,Equisetum arvense,ForestWetPoor
90144,Equisetum arvense,ForestWetPoor
90145,Equisetum arvense,ForestWetPoor
90146,Equisetum arvense,ForestWetPoor
90147,Equisetum arvense,ForestWetPoor
90148,Equisetum arvense,ForestWetPoor
90149,Equisetum arvense,ForestWetPoor
90150,Equisetum arvense,ForestWetPoor
90151,Equisetum arvense,ForestWetPoor
90152,Equisetum arvense,ForestWetPoor
90153,Equisetum arvense,ForestWetPoor
90154,Equisetum arvense,ForestWetPoor
90155,Equisetum arvense,ForestWetPoor
90156,Equisetum arvense,ForestWetPoor
90157,Equisetum arvense,ForestWetPoor
90158,Equisetum arvense,ForestWetPoor
90159,Equisetum arvense,ForestWetPoor
90160,Equisetum arvense,ForestWetPoor
90161,Equisetum arvense,ForestWetPoor
90162,Equisetum arvense,ForestWetPoor
90163,Equisetum arvense,ForestWetPoor
90164,Equisetum arvense,ForestWetPoor
90165,Equisetum arvense,ForestWetPoor
90166,Equisetum arvense,ForestWetPoor
90167,Equisetum arvense,ForestWetPoor
90168,Equisetum arvense,ForestWetPoor
90169,Equisetum arvense,ForestWetPoor
90170,Equisetum arvense,ForestWetPoor
90171,Equisetum stWetPoor
82353,Equisetum arvense,ForestWetPoor
82354,Equisetum arvense,ForestWetPoor
82355,Equisetum arvense,ForestWetPoor
82356,Equisetum arvense,ForestWetPoor
82357,Equisetum arvense,ForestWetPoor
82358,Equisetum arvense,ForestWetPoor
82359,Equisetum arvense,ForestWetPoor
82360,Equisetum arvense,ForestWetPoor
82361,Equisetum arvense,ForestWetPoor
82362,Equisetum arvense,ForestWetPoor
82363,Equisetum arvense,ForestWetPoor
82364,Equisetum arvense,ForestWetPoor
82365,Equisetum arvense,ForestWetPoor
82366,Equisetum arvense,ForestWetPoor
82367,Equisetum arvense,ForestWetPoor
82368,Equisetum arvense,ForestWetPoor
82369,Equisetum arvense,ForestWetPoor
82370,Equisetum arvense,ForestWetPoor
82371,Equisetum arvense,ForestWetPoor
82372,Equisetum arvense,ForestWetPoor
82373,Equisetum arvense,ForestWetPoor
82374,Equisetum arvense,ForestWetPoor
82375,Equisetum arvense,ForestWetPoor
82376,Equisetum arvense,ForestWetPoor
82377,Equisetum arvense,ForestWetPoor
82378,Equisetum arvense,ForestWetPoor
82379,Equisetum arvense,ForestWetPoor
82380,Equisetum arvense,ForestWetPoor
82381,Equisetum arvense,ForestWetPoor
82382,Equisetum arvense,ForestWetPoor
82383,Equisetum arvense,ForestWetPoor
82384,Equisetum arvense,ForestWetPoor
82385,Equisetum arvense,ForestWetPoor
82386,Equisetum arvense,ForestWetPoor
82387,Equisetum arvense,ForestWetPoor
82388,Equisetum arvense,ForestWetPoor
82389,Equisetum arvense,ForestWetPoor
82390,Equisetum arvense,ForestWetPoor
82391,Equisetum arvense,ForestWetPoor
82392,Equisetum arvense,ForestWetPoor
82393,Equisetum arvense,ForestWetPoor
82394,Equisetum arvense,ForestWetPoor
82395,Equisetum arvense,ForestWetPoor
82396,Equisetum arvense,ForestWetPoor
82397,Equisetum arvense,ForestWetPoor
82398,Equisetum arvense,ForestWetPoor
82399,Equisetum arvense,ForestWetPoor
82947,Equisetum arvense,ForestWetPoor
82948,Equisetum arvense,ForestWetPoor
82949,Equisetum arvense,ForestWetPoor
82950,Equisetum arvense,ForestWetPoor
82951,Equisetum arvense,ForestWetPoor
82952,Equisetum arvense,ForestWetPoor
82953,Equisetum arvense,ForestWetPoor
82954,Equisetum arvense,ForestWetPoor
82955,Equisetum arvense,ForestWetPoor
82956,Equisetum arvense,ForestWetPoor
82957,Equisetum arvense,ForestWetPoor
82958,Equisetum arvense,ForestWetPoor
82959,Equisetum arvense,ForestWetPoor
82960,Equisetum arvense,ForestWetPoor
82961,Equisetum arvense,ForestWetPoor
82962,Equisetum arvense,ForestWetPoor
82963,Equisetum arvense,ForestWetPoor
82964,Equisetum arvense,ForestWetPoor
82965,Equisetum arvense,ForestWetPoor
82966,Equisetum arvense,ForestWetPoor
82967,Equisetum arvense,ForestWetPoor
82968,Equisetum arvense,ForestWetPoor
82969,Equisetum arvense,ForestWetPoor
82970,Equisetum arvense,ForestWetPoor
82971,Equisetum arvense,ForestWetPoor
82972,Equisetum arvense,ForestWetPoor
82973,Equisetum arvense,ForestWetPoor
82974,Equisetum arvense,ForestWetPoor
82975,Equisetum arvense,ForestWetPoor
82976,Equisetum arvense,ForestWetPoor
82977,Equisetum arvense,ForestWetPoor
82978,Equisetum arvense,ForestWetPoor
82979,Equisetum arvense,ForestWetPoor
82980,Equisetum arvense,ForestWetPoor
82981,Equisetum arvense,ForestWetPoor
82982,Equisetum arvense,ForestWetPoor
82983,Equisetum arvense,ForestWetPoor
82984,Equisetum arvense,ForestWetPoor
82985,Equisetum arvense,ForestWetPoor
82986,Equisetum arvense,ForestWetPoor
82987,Equisetum arvense,ForestWetPoor
82988,Equisetum arvense,ForestWetPoor
82989,Equisetum arvense,ForestWetPoor
82990,Equisetum arvense,ForestWetPoor
82991,Equisetum arvense,ForestWetPoor
82992,Equisetum arvense,ForestWetPoor
82993,Equisetum arvense,ForestWetPoor
82994,Equisetum arvense,ForestWetPoor
82995,Equisetum arvense,ForestWetPoor
82996,Equisetum arvense,ForestWetPoor
82997,Equisetum arvense,ForestWetPoor
82998,Equisetum arvense,ForestWetPoor
83546,Equisetum arvense,ForestWetPoor
83547,Equisetum arvense,ForestWetPoor
83548,Equisetum arvense,ForestWetPoor
83549,Equisetum arvense,ForestWetPoor
83550,Equisetum arvense,ForestWetPoor
83551,Equisetum arvense,ForestWetPoor
83552,Equisetum arvense,ForestWetPoor
83553,Equisetum arvense,ForestWetPoor
83554,Equisetum arve3046,Equisetum arvense,ForestWetPoor
273047,Equisetum arvense,ForestWetPoor
273048,Equisetum arvense,ForestWetPoor
273049,Equisetum arvense,ForestWetPoor
273050,Equisetum arvense,ForestWetPoor
273051,Equisetum arvense,ForestWetPoor
273052,Equisetum arvense,ForestWetPoor
273053,Equisetum arvense,ForestWetPoor
273054,Equisetum arvense,ForestWetPoor
273055,Equisetum arvense,ForestWetPoor
273056,Equisetum arvense,ForestWetPoor
273057,Equisetum arvense,ForestWetPoor
273058,Equisetum arvense,ForestWetPoor
273059,Equisetum arvense,ForestWetPoor
273060,Equisetum arvense,ForestWetPoor
273641,Equisetum arvense,ForestWetPoor
273642,Equisetum arvense,ForestWetPoor
273643,Equisetum arvense,ForestWetPoor
273644,Equisetum arvense,ForestWetPoor
273645,Equisetum arvense,ForestWetPoor
273646,Equisetum arvense,ForestWetPoor
273647,Equisetum arvense,ForestWetPoor
273648,Equisetum arvense,ForestWetPoor
273649,Equisetum arvense,ForestWetPoor
273650,Equisetum arvense,ForestWetPoor
273651,Equisetum arvense,ForestWetPoor
273652,Equisetum arvense,ForestWetPoor
273653,Equisetum arvense,ForestWetPoor
273654,Equisetum arvense,ForestWetPoor
273655,Equisetum arvense,ForestWetPoor
273656,Equisetum arvense,ForestWetPoor
273657,Equisetum arvense,ForestWetPoor
273658,Equisetum arvense,ForestWetPoor
273659,Equisetum arvense,ForestWetPoor
274240,Equisetum arvense,ForestWetPoor
274241,Equisetum arvense,ForestWetPoor
274242,Equisetum arvense,ForestWetPoor
274243,Equisetum arvense,ForestWetPoor
274244,Equisetum arvense,ForestWetPoor
274245,Equisetum arvense,ForestWetPoor
274246,Equisetum arvense,ForestWetPoor
274247,Equisetum arvense,ForestWetPoor
274248,Equisetum arvense,ForestWetPoor
274249,Equisetum arvense,ForestWetPoor
274250,Equisetum arvense,ForestWetPoor
274251,Equisetum arvense,ForestWetPoor
274252,Equisetum arvense,ForestWetPoor
274253,Equisetum arvense,ForestWetPoor
274254,Equisetum arvense,ForestWetPoor
274255,Equisetum arvense,ForestWetPoor
274256,Equisetum arvense,ForestWetPoor
274257,Equisetum arvense,ForestWetPoor
274258,Equisetum arvense,ForestWetPoor
274839,Equisetum arvense,ForestWetPoor
274840,Equisetum arvense,ForestWetPoor
274841,Equisetum arvense,ForestWetPoor
274842,Equisetum arvense,ForestWetPoor
274843,Equisetum arvense,ForestWetPoor
274844,Equisetum arvense,ForestWetPoor
274845,Equisetum arvense,ForestWetPoor
274846,Equisetum arvense,ForestWetPoor
274847,Equisetum arvense,ForestWetPoor
274848,Equisetum arvense,ForestWetPoor
274849,Equisetum arvense,ForestWetPoor
274850,Equisetum arvense,ForestWetPoor
274851,Equisetum arvense,ForestWetPoor
274852,Equisetum arvense,ForestWetPoor
274853,Equisetum arvense,ForestWetPoor
274854,Equisetum arvense,ForestWetPoor
274855,Equisetum arvense,ForestWetPoor
274856,Equisetum arvense,ForestWetPoor
274857,Equisetum arvense,ForestWetPoor
275438,Equisetum arvense,ForestWetPoor
275439,Equisetum arvense,ForestWetPoor
275440,Equisetum arvense,ForestWetPoor
275441,Equisetum arvense,ForestWetPoor
275442,Equisetum arvense,ForestWetPoor
275443,Equisetum arvense,ForestWetPoor
275444,Equisetum arvense,ForestWetPoor
275445,Equisetum arvense,ForestWetPoor
275446,Equisetum arvense,ForestWetPoor
275447,Equisetum arvense,ForestWetPoor
275448,Equisetum arvense,ForestWetPoor
275449,Equisetum arvense,ForestWetPoor
275450,Equisetum arvense,ForestWetPoor
275451,Equisetum arvense,ForestWetPoor
275452,Equisetum arvense,ForestWetPoor
275453,Equisetum arvense,ForestWetPoor
275454,Equisetum arvense,ForestWetPoor
275455,Equisetum arvense,ForestWetPoor
275456,Equisetum arvense,ForestWetPoor
276037,Equisetum arvense,ForestWetPoor
276038,Equisetum arvense,ForestWetPoor
276039,Equisetum arvense,ForestWetPoor
276040,Equisetum arvense,ForestWetPoor
276041,Equisetum arvense,ForestWetPoor
276042,Equisetum arvense,ForestWetPoor
276043,Equisetum arvense,ForestWetPoor
276044,Equisetum arvense,ForestWetPoor
276045,Equisetum arvense,ForestWetPoor
276046,Equisetum arvense,ForestWetPoor
276047,Equisetum arvense,ForestWetPoor
276048,Equisetum arvense,ForestWetPoor
276049,Equisetum arvense,ForestWetPoor
276050,Equisetum arvense,ForestWetPoor
276arvense,ForestWetPoor
90172,Equisetum arvense,ForestWetPoor
90173,Equisetum arvense,ForestWetPoor
90174,Equisetum arvense,ForestWetPoor
90175,Equisetum arvense,ForestWetPoor
90176,Equisetum arvense,ForestWetPoor
90177,Equisetum arvense,ForestWetPoor
90178,Equisetum arvense,ForestWetPoor
90179,Equisetum arvense,ForestWetPoor
90180,Equisetum arvense,ForestWetPoor
90181,Equisetum arvense,ForestWetPoor
90182,Equisetum arvense,ForestWetPoor
90183,Equisetum arvense,ForestWetPoor
90184,Equisetum arvense,ForestWetPoor
90185,Equisetum arvense,ForestWetPoor
90186,Equisetum arvense,ForestWetPoor
90187,Equisetum arvense,ForestWetPoor
90188,Equisetum arvense,ForestWetPoor
90189,Equisetum arvense,ForestWetPoor
90190,Equisetum arvense,ForestWetPoor
90191,Equisetum arvense,ForestWetPoor
90192,Equisetum arvense,ForestWetPoor
90193,Equisetum arvense,ForestWetPoor
90194,Equisetum arvense,ForestWetPoor
90195,Equisetum arvense,ForestWetPoor
90196,Equisetum arvense,ForestWetPoor
90197,Equisetum arvense,ForestWetPoor
90198,Equisetum arvense,ForestWetPoor
90199,Equisetum arvense,ForestWetPoor
90200,Equisetum arvense,ForestWetPoor
90201,Equisetum arvense,ForestWetPoor
90202,Equisetum arvense,ForestWetPoor
90203,Equisetum arvense,ForestWetPoor
90204,Equisetum arvense,ForestWetPoor
90205,Equisetum arvense,ForestWetPoor
90206,Equisetum arvense,ForestWetPoor
90207,Equisetum arvense,ForestWetPoor
90208,Equisetum arvense,ForestWetPoor
90209,Equisetum arvense,ForestWetPoor
90210,Equisetum arvense,ForestWetPoor
90211,Equisetum arvense,ForestWetPoor
90212,Equisetum arvense,ForestWetPoor
90213,Equisetum arvense,ForestWetPoor
90214,Equisetum arvense,ForestWetPoor
90215,Equisetum arvense,ForestWetPoor
90216,Equisetum arvense,ForestWetPoor
90217,Equisetum arvense,ForestWetPoor
90218,Equisetum arvense,ForestWetPoor
90219,Equisetum arvense,ForestWetPoor
90220,Equisetum arvense,ForestWetPoor
90221,Equisetum arvense,ForestWetPoor
90222,Equisetum arvense,ForestWetPoor
90223,Equisetum arvense,ForestWetPoor
90224,Equisetum arvense,ForestWetPoor
90225,Equisetum arvense,ForestWetPoor
90729,Equisetum arvense,ForestWetPoor
90730,Equisetum arvense,ForestWetPoor
90731,Equisetum arvense,ForestWetPoor
90732,Equisetum arvense,ForestWetPoor
90733,Equisetum arvense,ForestWetPoor
90734,Equisetum arvense,ForestWetPoor
90735,Equisetum arvense,ForestWetPoor
90736,Equisetum arvense,ForestWetPoor
90737,Equisetum arvense,ForestWetPoor
90738,Equisetum arvense,ForestWetPoor
90739,Equisetum arvense,ForestWetPoor
90740,Equisetum arvense,ForestWetPoor
90741,Equisetum arvense,ForestWetPoor
90742,Equisetum arvense,ForestWetPoor
90743,Equisetum arvense,ForestWetPoor
90744,Equisetum arvense,ForestWetPoor
90745,Equisetum arvense,ForestWetPoor
90746,Equisetum arvense,ForestWetPoor
90747,Equisetum arvense,ForestWetPoor
90748,Equisetum arvense,ForestWetPoor
90749,Equisetum arvense,ForestWetPoor
90750,Equisetum arvense,ForestWetPoor
90751,Equisetum arvense,ForestWetPoor
90752,Equisetum arvense,ForestWetPoor
90753,Equisetum arvense,ForestWetPoor
90754,Equisetum arvense,ForestWetPoor
90755,Equisetum arvense,ForestWetPoor
90756,Equisetum arvense,ForestWetPoor
90757,Equisetum arvense,ForestWetPoor
90758,Equisetum arvense,ForestWetPoor
90759,Equisetum arvense,ForestWetPoor
90760,Equisetum arvense,ForestWetPoor
90761,Equisetum arvense,ForestWetPoor
90762,Equisetum arvense,ForestWetPoor
90763,Equisetum arvense,ForestWetPoor
90764,Equisetum arvense,ForestWetPoor
90765,Equisetum arvense,ForestWetPoor
90766,Equisetum arvense,ForestWetPoor
90767,Equisetum arvense,ForestWetPoor
90768,Equisetum arvense,ForestWetPoor
90769,Equisetum arvense,ForestWetPoor
90770,Equisetum arvense,ForestWetPoor
90771,Equisetum arvense,ForestWetPoor
90772,Equisetum arvense,ForestWetPoor
90773,Equisetum arvense,ForestWetPoor
90774,Equisetum arvense,ForestWetPoor
90775,Equisetum arvense,ForestWetPoor
90776,Equisetum arvense,ForestWetPoor
90777,Equisetum arvense,ForestWetPoor
90778,Equisetum arvense,ForestWetPoor
90779,Equisetum arvense,ForestWetPoor
90780,Equisetum arvense,ForestWetPoor
90781,Equisetum arvense,ForestWetPoor
90782,Eq77607,Equisetum arvense,ForestWetPoor
78205,Equisetum arvense,ForestWetPoor
78206,Equisetum arvense,ForestWetPoor
78804,Equisetum arvense,ForestWetPoor
78805,Equisetum arvense,ForestWetPoor
79402,Equisetum arvense,ForestWetPoor
79403,Equisetum arvense,ForestWetPoor
79404,Equisetum arvense,ForestWetPoor
80000,Equisetum arvense,ForestWetPoor
80001,Equisetum arvense,ForestWetPoor
80002,Equisetum arvense,ForestWetPoor
80003,Equisetum arvense,ForestWetPoor
80598,Equisetum arvense,ForestWetPoor
80599,Equisetum arvense,ForestWetPoor
80600,Equisetum arvense,ForestWetPoor
80601,Equisetum arvense,ForestWetPoor
80602,Equisetum arvense,ForestWetPoor
81196,Equisetum arvense,ForestWetPoor
81197,Equisetum arvense,ForestWetPoor
81198,Equisetum arvense,ForestWetPoor
81199,Equisetum arvense,ForestWetPoor
81200,Equisetum arvense,ForestWetPoor
81201,Equisetum arvense,ForestWetPoor
81794,Equisetum arvense,ForestWetPoor
81795,Equisetum arvense,ForestWetPoor
81796,Equisetum arvense,ForestWetPoor
81797,Equisetum arvense,ForestWetPoor
81798,Equisetum arvense,ForestWetPoor
81799,Equisetum arvense,ForestWetPoor
81800,Equisetum arvense,ForestWetPoor
82393,Equisetum arvense,ForestWetPoor
82394,Equisetum arvense,ForestWetPoor
82395,Equisetum arvense,ForestWetPoor
82396,Equisetum arvense,ForestWetPoor
82397,Equisetum arvense,ForestWetPoor
82398,Equisetum arvense,ForestWetPoor
82399,Equisetum arvense,ForestWetPoor
82991,Equisetum arvense,ForestWetPoor
82992,Equisetum arvense,ForestWetPoor
82993,Equisetum arvense,ForestWetPoor
82994,Equisetum arvense,ForestWetPoor
82995,Equisetum arvense,ForestWetPoor
82996,Equisetum arvense,ForestWetPoor
82997,Equisetum arvense,ForestWetPoor
82998,Equisetum arvense,ForestWetPoor
83590,Equisetum arvense,ForestWetPoor
83591,Equisetum arvense,ForestWetPoor
83592,Equisetum arvense,ForestWetPoor
83593,Equisetum arvense,ForestWetPoor
83594,Equisetum arvense,ForestWetPoor
83595,Equisetum arvense,ForestWetPoor
83596,Equisetum arvense,ForestWetPoor
83597,Equisetum arvense,ForestWetPoor
84188,Equisetum arvense,ForestWetPoor
84189,Equisetum arvense,ForestWetPoor
84190,Equisetum arvense,ForestWetPoor
84191,Equisetum arvense,ForestWetPoor
84192,Equisetum arvense,ForestWetPoor
84193,Equisetum arvense,ForestWetPoor
84194,Equisetum arvense,ForestWetPoor
84195,Equisetum arvense,ForestWetPoor
84196,Equisetum arvense,ForestWetPoor
84786,Equisetum arvense,ForestWetPoor
84787,Equisetum arvense,ForestWetPoor
84788,Equisetum arvense,ForestWetPoor
84789,Equisetum arvense,ForestWetPoor
84790,Equisetum arvense,ForestWetPoor
84791,Equisetum arvense,ForestWetPoor
84792,Equisetum arvense,ForestWetPoor
84793,Equisetum arvense,ForestWetPoor
84794,Equisetum arvense,ForestWetPoor
84795,Equisetum arvense,ForestWetPoor
85385,Equisetum arvense,ForestWetPoor
85386,Equisetum arvense,ForestWetPoor
85387,Equisetum arvense,ForestWetPoor
85388,Equisetum arvense,ForestWetPoor
85389,Equisetum arvense,ForestWetPoor
85390,Equisetum arvense,ForestWetPoor
85391,Equisetum arvense,ForestWetPoor
85392,Equisetum arvense,ForestWetPoor
85393,Equisetum arvense,ForestWetPoor
85394,Equisetum arvense,ForestWetPoor
85983,Equisetum arvense,ForestWetPoor
85984,Equisetum arvense,ForestWetPoor
85985,Equisetum arvense,ForestWetPoor
85986,Equisetum arvense,ForestWetPoor
85987,Equisetum arvense,ForestWetPoor
85988,Equisetum arvense,ForestWetPoor
85989,Equisetum arvense,ForestWetPoor
85990,Equisetum arvense,ForestWetPoor
85991,Equisetum arvense,ForestWetPoor
85992,Equisetum arvense,ForestWetPoor
85993,Equisetum arvense,ForestWetPoor
86582,Equisetum arvense,ForestWetPoor
86583,Equisetum arvense,ForestWetPoor
86584,Equisetum arvense,ForestWetPoor
86585,Equisetum arvense,ForestWetPoor
86586,Equisetum arvense,ForestWetPoor
86587,Equisetum arvense,ForestWetPoor
86588,Equisetum arvense,ForestWetPoor
86589,Equisetum arvense,ForestWetPoor
86590,Equisetum arvense,ForestWetPoor
86591,Equisetum arvense,ForestWetPoor
86592,Equisetum arvense,ForestWetPoor
86593,Equisetum arvense,ForestWetPoor
86594,Equisetum arvense,ForestWetPoor
86595,Equisetum arvense,ForestWetPoor
86596,Equisetum arvense,Forestnse,ForestWetPoor
83555,Equisetum arvense,ForestWetPoor
83556,Equisetum arvense,ForestWetPoor
83557,Equisetum arvense,ForestWetPoor
83558,Equisetum arvense,ForestWetPoor
83559,Equisetum arvense,ForestWetPoor
83560,Equisetum arvense,ForestWetPoor
83561,Equisetum arvense,ForestWetPoor
83562,Equisetum arvense,ForestWetPoor
83563,Equisetum arvense,ForestWetPoor
83564,Equisetum arvense,ForestWetPoor
83565,Equisetum arvense,ForestWetPoor
83566,Equisetum arvense,ForestWetPoor
83567,Equisetum arvense,ForestWetPoor
83568,Equisetum arvense,ForestWetPoor
83569,Equisetum arvense,ForestWetPoor
83570,Equisetum arvense,ForestWetPoor
83571,Equisetum arvense,ForestWetPoor
83572,Equisetum arvense,ForestWetPoor
83573,Equisetum arvense,ForestWetPoor
83574,Equisetum arvense,ForestWetPoor
83575,Equisetum arvense,ForestWetPoor
83576,Equisetum arvense,ForestWetPoor
83577,Equisetum arvense,ForestWetPoor
83578,Equisetum arvense,ForestWetPoor
83579,Equisetum arvense,ForestWetPoor
83580,Equisetum arvense,ForestWetPoor
83581,Equisetum arvense,ForestWetPoor
83582,Equisetum arvense,ForestWetPoor
83583,Equisetum arvense,ForestWetPoor
83584,Equisetum arvense,ForestWetPoor
83585,Equisetum arvense,ForestWetPoor
83586,Equisetum arvense,ForestWetPoor
83587,Equisetum arvense,ForestWetPoor
83588,Equisetum arvense,ForestWetPoor
83589,Equisetum arvense,ForestWetPoor
83590,Equisetum arvense,ForestWetPoor
83591,Equisetum arvense,ForestWetPoor
83592,Equisetum arvense,ForestWetPoor
83593,Equisetum arvense,ForestWetPoor
83594,Equisetum arvense,ForestWetPoor
83595,Equisetum arvense,ForestWetPoor
83596,Equisetum arvense,ForestWetPoor
83597,Equisetum arvense,ForestWetPoor
84145,Equisetum arvense,ForestWetPoor
84146,Equisetum arvense,ForestWetPoor
84147,Equisetum arvense,ForestWetPoor
84148,Equisetum arvense,ForestWetPoor
84149,Equisetum arvense,ForestWetPoor
84150,Equisetum arvense,ForestWetPoor
84151,Equisetum arvense,ForestWetPoor
84152,Equisetum arvense,ForestWetPoor
84153,Equisetum arvense,ForestWetPoor
84154,Equisetum arvense,ForestWetPoor
84155,Equisetum arvense,ForestWetPoor
84156,Equisetum arvense,ForestWetPoor
84157,Equisetum arvense,ForestWetPoor
84158,Equisetum arvense,ForestWetPoor
84159,Equisetum arvense,ForestWetPoor
84160,Equisetum arvense,ForestWetPoor
84161,Equisetum arvense,ForestWetPoor
84162,Equisetum arvense,ForestWetPoor
84163,Equisetum arvense,ForestWetPoor
84164,Equisetum arvense,ForestWetPoor
84165,Equisetum arvense,ForestWetPoor
84166,Equisetum arvense,ForestWetPoor
84167,Equisetum arvense,ForestWetPoor
84168,Equisetum arvense,ForestWetPoor
84169,Equisetum arvense,ForestWetPoor
84170,Equisetum arvense,ForestWetPoor
84171,Equisetum arvense,ForestWetPoor
84172,Equisetum arvense,ForestWetPoor
84173,Equisetum arvense,ForestWetPoor
84174,Equisetum arvense,ForestWetPoor
84175,Equisetum arvense,ForestWetPoor
84176,Equisetum arvense,ForestWetPoor
84177,Equisetum arvense,ForestWetPoor
84178,Equisetum arvense,ForestWetPoor
84179,Equisetum arvense,ForestWetPoor
84180,Equisetum arvense,ForestWetPoor
84181,Equisetum arvense,ForestWetPoor
84182,Equisetum arvense,ForestWetPoor
84183,Equisetum arvense,ForestWetPoor
84184,Equisetum arvense,ForestWetPoor
84185,Equisetum arvense,ForestWetPoor
84186,Equisetum arvense,ForestWetPoor
84187,Equisetum arvense,ForestWetPoor
84188,Equisetum arvense,ForestWetPoor
84189,Equisetum arvense,ForestWetPoor
84190,Equisetum arvense,ForestWetPoor
84191,Equisetum arvense,ForestWetPoor
84192,Equisetum arvense,ForestWetPoor
84193,Equisetum arvense,ForestWetPoor
84194,Equisetum arvense,ForestWetPoor
84195,Equisetum arvense,ForestWetPoor
84196,Equisetum arvense,ForestWetPoor
84744,Equisetum arvense,ForestWetPoor
84745,Equisetum arvense,ForestWetPoor
84746,Equisetum arvense,ForestWetPoor
84747,Equisetum arvense,ForestWetPoor
84748,Equisetum arvense,ForestWetPoor
84749,Equisetum arvense,ForestWetPoor
84750,Equisetum arvense,ForestWetPoor
84751,Equisetum arvense,ForestWetPoor
84752,Equisetum arvense,ForestWetPoor
84753,Equisetum arvense,ForestWetPoor
84754,Equisetum arvense,ForestWetPoor
84755,Equisetum arvense,ForestWetPoor
84756,Equise051,Equisetum arvense,ForestWetPoor
276052,Equisetum arvense,ForestWetPoor
276053,Equisetum arvense,ForestWetPoor
276054,Equisetum arvense,ForestWetPoor
276636,Equisetum arvense,ForestWetPoor
276637,Equisetum arvense,ForestWetPoor
276638,Equisetum arvense,ForestWetPoor
276639,Equisetum arvense,ForestWetPoor
276640,Equisetum arvense,ForestWetPoor
276641,Equisetum arvense,ForestWetPoor
276642,Equisetum arvense,ForestWetPoor
276643,Equisetum arvense,ForestWetPoor
276644,Equisetum arvense,ForestWetPoor
276645,Equisetum arvense,ForestWetPoor
276646,Equisetum arvense,ForestWetPoor
276647,Equisetum arvense,ForestWetPoor
276648,Equisetum arvense,ForestWetPoor
276649,Equisetum arvense,ForestWetPoor
276650,Equisetum arvense,ForestWetPoor
276651,Equisetum arvense,ForestWetPoor
276652,Equisetum arvense,ForestWetPoor
276653,Equisetum arvense,ForestWetPoor
277235,Equisetum arvense,ForestWetPoor
277236,Equisetum arvense,ForestWetPoor
277237,Equisetum arvense,ForestWetPoor
277238,Equisetum arvense,ForestWetPoor
277239,Equisetum arvense,ForestWetPoor
277240,Equisetum arvense,ForestWetPoor
277241,Equisetum arvense,ForestWetPoor
277242,Equisetum arvense,ForestWetPoor
277243,Equisetum arvense,ForestWetPoor
277244,Equisetum arvense,ForestWetPoor
277245,Equisetum arvense,ForestWetPoor
277246,Equisetum arvense,ForestWetPoor
277247,Equisetum arvense,ForestWetPoor
277248,Equisetum arvense,ForestWetPoor
277249,Equisetum arvense,ForestWetPoor
277250,Equisetum arvense,ForestWetPoor
277251,Equisetum arvense,ForestWetPoor
277252,Equisetum arvense,ForestWetPoor
277834,Equisetum arvense,ForestWetPoor
277835,Equisetum arvense,ForestWetPoor
277836,Equisetum arvense,ForestWetPoor
277837,Equisetum arvense,ForestWetPoor
277838,Equisetum arvense,ForestWetPoor
277839,Equisetum arvense,ForestWetPoor
277840,Equisetum arvense,ForestWetPoor
277841,Equisetum arvense,ForestWetPoor
277842,Equisetum arvense,ForestWetPoor
277843,Equisetum arvense,ForestWetPoor
277844,Equisetum arvense,ForestWetPoor
277845,Equisetum arvense,ForestWetPoor
277846,Equisetum arvense,ForestWetPoor
277847,Equisetum arvense,ForestWetPoor
277848,Equisetum arvense,ForestWetPoor
277849,Equisetum arvense,ForestWetPoor
277850,Equisetum arvense,ForestWetPoor
277851,Equisetum arvense,ForestWetPoor
278413,Equisetum arvense,ForestWetPoor
278414,Equisetum arvense,ForestWetPoor
278415,Equisetum arvense,ForestWetPoor
278416,Equisetum arvense,ForestWetPoor
278417,Equisetum arvense,ForestWetPoor
278418,Equisetum arvense,ForestWetPoor
278419,Equisetum arvense,ForestWetPoor
278420,Equisetum arvense,ForestWetPoor
278421,Equisetum arvense,ForestWetPoor
278422,Equisetum arvense,ForestWetPoor
278423,Equisetum arvense,ForestWetPoor
278424,Equisetum arvense,ForestWetPoor
278425,Equisetum arvense,ForestWetPoor
278426,Equisetum arvense,ForestWetPoor
278427,Equisetum arvense,ForestWetPoor
278428,Equisetum arvense,ForestWetPoor
278429,Equisetum arvense,ForestWetPoor
278430,Equisetum arvense,ForestWetPoor
278431,Equisetum arvense,ForestWetPoor
278432,Equisetum arvense,ForestWetPoor
279012,Equisetum arvense,ForestWetPoor
279013,Equisetum arvense,ForestWetPoor
279014,Equisetum arvense,ForestWetPoor
279015,Equisetum arvense,ForestWetPoor
279016,Equisetum arvense,ForestWetPoor
279017,Equisetum arvense,ForestWetPoor
279018,Equisetum arvense,ForestWetPoor
279019,Equisetum arvense,ForestWetPoor
279020,Equisetum arvense,ForestWetPoor
279021,Equisetum arvense,ForestWetPoor
279022,Equisetum arvense,ForestWetPoor
279023,Equisetum arvense,ForestWetPoor
279024,Equisetum arvense,ForestWetPoor
279025,Equisetum arvense,ForestWetPoor
279026,Equisetum arvense,ForestWetPoor
279027,Equisetum arvense,ForestWetPoor
279028,Equisetum arvense,ForestWetPoor
279029,Equisetum arvense,ForestWetPoor
279030,Equisetum arvense,ForestWetPoor
279031,Equisetum arvense,ForestWetPoor
279611,Equisetum arvense,ForestWetPoor
279612,Equisetum arvense,ForestWetPoor
279613,Equisetum arvense,ForestWetPoor
279614,Equisetum arvense,ForestWetPoor
279615,Equisetum arvense,ForestWetPoor
279616,Equisetum arvense,ForestWetPoor
279617,Equisetum arvense,ForestWetPoor
2796uisetum arvense,ForestWetPoor
90783,Equisetum arvense,ForestWetPoor
90784,Equisetum arvense,ForestWetPoor
90785,Equisetum arvense,ForestWetPoor
90786,Equisetum arvense,ForestWetPoor
90787,Equisetum arvense,ForestWetPoor
90788,Equisetum arvense,ForestWetPoor
90789,Equisetum arvense,ForestWetPoor
90790,Equisetum arvense,ForestWetPoor
90791,Equisetum arvense,ForestWetPoor
90792,Equisetum arvense,ForestWetPoor
90793,Equisetum arvense,ForestWetPoor
90794,Equisetum arvense,ForestWetPoor
90795,Equisetum arvense,ForestWetPoor
90796,Equisetum arvense,ForestWetPoor
90797,Equisetum arvense,ForestWetPoor
90798,Equisetum arvense,ForestWetPoor
90799,Equisetum arvense,ForestWetPoor
90800,Equisetum arvense,ForestWetPoor
90801,Equisetum arvense,ForestWetPoor
90802,Equisetum arvense,ForestWetPoor
90803,Equisetum arvense,ForestWetPoor
90804,Equisetum arvense,ForestWetPoor
90805,Equisetum arvense,ForestWetPoor
90806,Equisetum arvense,ForestWetPoor
90807,Equisetum arvense,ForestWetPoor
90808,Equisetum arvense,ForestWetPoor
90809,Equisetum arvense,ForestWetPoor
90810,Equisetum arvense,ForestWetPoor
90811,Equisetum arvense,ForestWetPoor
90812,Equisetum arvense,ForestWetPoor
90813,Equisetum arvense,ForestWetPoor
90814,Equisetum arvense,ForestWetPoor
90815,Equisetum arvense,ForestWetPoor
90816,Equisetum arvense,ForestWetPoor
90817,Equisetum arvense,ForestWetPoor
90818,Equisetum arvense,ForestWetPoor
90819,Equisetum arvense,ForestWetPoor
90820,Equisetum arvense,ForestWetPoor
90821,Equisetum arvense,ForestWetPoor
90822,Equisetum arvense,ForestWetPoor
90823,Equisetum arvense,ForestWetPoor
90824,Equisetum arvense,ForestWetPoor
91328,Equisetum arvense,ForestWetPoor
91329,Equisetum arvense,ForestWetPoor
91330,Equisetum arvense,ForestWetPoor
91331,Equisetum arvense,ForestWetPoor
91332,Equisetum arvense,ForestWetPoor
91333,Equisetum arvense,ForestWetPoor
91334,Equisetum arvense,ForestWetPoor
91335,Equisetum arvense,ForestWetPoor
91336,Equisetum arvense,ForestWetPoor
91337,Equisetum arvense,ForestWetPoor
91338,Equisetum arvense,ForestWetPoor
91339,Equisetum arvense,ForestWetPoor
91340,Equisetum arvense,ForestWetPoor
91341,Equisetum arvense,ForestWetPoor
91342,Equisetum arvense,ForestWetPoor
91343,Equisetum arvense,ForestWetPoor
91344,Equisetum arvense,ForestWetPoor
91345,Equisetum arvense,ForestWetPoor
91346,Equisetum arvense,ForestWetPoor
91347,Equisetum arvense,ForestWetPoor
91348,Equisetum arvense,ForestWetPoor
91349,Equisetum arvense,ForestWetPoor
91350,Equisetum arvense,ForestWetPoor
91351,Equisetum arvense,ForestWetPoor
91352,Equisetum arvense,ForestWetPoor
91353,Equisetum arvense,ForestWetPoor
91354,Equisetum arvense,ForestWetPoor
91355,Equisetum arvense,ForestWetPoor
91356,Equisetum arvense,ForestWetPoor
91357,Equisetum arvense,ForestWetPoor
91358,Equisetum arvense,ForestWetPoor
91359,Equisetum arvense,ForestWetPoor
91360,Equisetum arvense,ForestWetPoor
91361,Equisetum arvense,ForestWetPoor
91362,Equisetum arvense,ForestWetPoor
91363,Equisetum arvense,ForestWetPoor
91364,Equisetum arvense,ForestWetPoor
91365,Equisetum arvense,ForestWetPoor
91366,Equisetum arvense,ForestWetPoor
91367,Equisetum arvense,ForestWetPoor
91368,Equisetum arvense,ForestWetPoor
91369,Equisetum arvense,ForestWetPoor
91370,Equisetum arvense,ForestWetPoor
91371,Equisetum arvense,ForestWetPoor
91372,Equisetum arvense,ForestWetPoor
91373,Equisetum arvense,ForestWetPoor
91374,Equisetum arvense,ForestWetPoor
91375,Equisetum arvense,ForestWetPoor
91376,Equisetum arvense,ForestWetPoor
91377,Equisetum arvense,ForestWetPoor
91378,Equisetum arvense,ForestWetPoor
91379,Equisetum arvense,ForestWetPoor
91380,Equisetum arvense,ForestWetPoor
91381,Equisetum arvense,ForestWetPoor
91382,Equisetum arvense,ForestWetPoor
91383,Equisetum arvense,ForestWetPoor
91384,Equisetum arvense,ForestWetPoor
91385,Equisetum arvense,ForestWetPoor
91386,Equisetum arvense,ForestWetPoor
91387,Equisetum arvense,ForestWetPoor
91388,Equisetum arvense,ForestWetPoor
91389,Equisetum arvense,ForestWetPoor
91390,Equisetum arvense,ForestWetPoor
91391,Equisetum arvense,ForestWetPoor
91392,Equisetum arvense,ForestWetPoor
WetPoor
86597,Equisetum arvense,ForestWetPoor
86598,Equisetum arvense,ForestWetPoor
86599,Equisetum arvense,ForestWetPoor
86600,Equisetum arvense,ForestWetPoor
86601,Equisetum arvense,ForestWetPoor
86602,Equisetum arvense,ForestWetPoor
86603,Equisetum arvense,ForestWetPoor
86604,Equisetum arvense,ForestWetPoor
86605,Equisetum arvense,ForestWetPoor
86606,Equisetum arvense,ForestWetPoor
86607,Equisetum arvense,ForestWetPoor
86608,Equisetum arvense,ForestWetPoor
86609,Equisetum arvense,ForestWetPoor
86610,Equisetum arvense,ForestWetPoor
86611,Equisetum arvense,ForestWetPoor
86612,Equisetum arvense,ForestWetPoor
86613,Equisetum arvense,ForestWetPoor
86614,Equisetum arvense,ForestWetPoor
86615,Equisetum arvense,ForestWetPoor
86616,Equisetum arvense,ForestWetPoor
86617,Equisetum arvense,ForestWetPoor
86618,Equisetum arvense,ForestWetPoor
86619,Equisetum arvense,ForestWetPoor
86620,Equisetum arvense,ForestWetPoor
86621,Equisetum arvense,ForestWetPoor
86622,Equisetum arvense,ForestWetPoor
86623,Equisetum arvense,ForestWetPoor
86624,Equisetum arvense,ForestWetPoor
86625,Equisetum arvense,ForestWetPoor
86626,Equisetum arvense,ForestWetPoor
86627,Equisetum arvense,ForestWetPoor
86628,Equisetum arvense,ForestWetPoor
86629,Equisetum arvense,ForestWetPoor
86630,Equisetum arvense,ForestWetPoor
86631,Equisetum arvense,ForestWetPoor
86632,Equisetum arvense,ForestWetPoor
87181,Equisetum arvense,ForestWetPoor
87182,Equisetum arvense,ForestWetPoor
87183,Equisetum arvense,ForestWetPoor
87184,Equisetum arvense,ForestWetPoor
87185,Equisetum arvense,ForestWetPoor
87186,Equisetum arvense,ForestWetPoor
87187,Equisetum arvense,ForestWetPoor
87188,Equisetum arvense,ForestWetPoor
87189,Equisetum arvense,ForestWetPoor
87190,Equisetum arvense,ForestWetPoor
87191,Equisetum arvense,ForestWetPoor
87192,Equisetum arvense,ForestWetPoor
87193,Equisetum arvense,ForestWetPoor
87194,Equisetum arvense,ForestWetPoor
87195,Equisetum arvense,ForestWetPoor
87196,Equisetum arvense,ForestWetPoor
87197,Equisetum arvense,ForestWetPoor
87198,Equisetum arvense,ForestWetPoor
87199,Equisetum arvense,ForestWetPoor
87200,Equisetum arvense,ForestWetPoor
87201,Equisetum arvense,ForestWetPoor
87202,Equisetum arvense,ForestWetPoor
87203,Equisetum arvense,ForestWetPoor
87204,Equisetum arvense,ForestWetPoor
87205,Equisetum arvense,ForestWetPoor
87206,Equisetum arvense,ForestWetPoor
87207,Equisetum arvense,ForestWetPoor
87208,Equisetum arvense,ForestWetPoor
87209,Equisetum arvense,ForestWetPoor
87210,Equisetum arvense,ForestWetPoor
87211,Equisetum arvense,ForestWetPoor
87212,Equisetum arvense,ForestWetPoor
87213,Equisetum arvense,ForestWetPoor
87214,Equisetum arvense,ForestWetPoor
87215,Equisetum arvense,ForestWetPoor
87216,Equisetum arvense,ForestWetPoor
87217,Equisetum arvense,ForestWetPoor
87218,Equisetum arvense,ForestWetPoor
87219,Equisetum arvense,ForestWetPoor
87220,Equisetum arvense,ForestWetPoor
87221,Equisetum arvense,ForestWetPoor
87222,Equisetum arvense,ForestWetPoor
87223,Equisetum arvense,ForestWetPoor
87224,Equisetum arvense,ForestWetPoor
87225,Equisetum arvense,ForestWetPoor
87226,Equisetum arvense,ForestWetPoor
87227,Equisetum arvense,ForestWetPoor
87228,Equisetum arvense,ForestWetPoor
87229,Equisetum arvense,ForestWetPoor
87230,Equisetum arvense,ForestWetPoor
87231,Equisetum arvense,ForestWetPoor
87779,Equisetum arvense,ForestWetPoor
87780,Equisetum arvense,ForestWetPoor
87781,Equisetum arvense,ForestWetPoor
87782,Equisetum arvense,ForestWetPoor
87783,Equisetum arvense,ForestWetPoor
87784,Equisetum arvense,ForestWetPoor
87785,Equisetum arvense,ForestWetPoor
87786,Equisetum arvense,ForestWetPoor
87787,Equisetum arvense,ForestWetPoor
87788,Equisetum arvense,ForestWetPoor
87789,Equisetum arvense,ForestWetPoor
87790,Equisetum arvense,ForestWetPoor
87791,Equisetum arvense,ForestWetPoor
87792,Equisetum arvense,ForestWetPoor
87793,Equisetum arvense,ForestWetPoor
87794,Equisetum arvense,ForestWetPoor
87795,Equisetum arvense,ForestWetPoor
87796,Equisetum arvense,ForestWetPoor
87797,Equisetum arvense,ForestWetPoor
87798,Equisetum arvense,ForestWetPoor
87799,Equisetum arvenstum arvense,ForestWetPoor
84757,Equisetum arvense,ForestWetPoor
84758,Equisetum arvense,ForestWetPoor
84759,Equisetum arvense,ForestWetPoor
84760,Equisetum arvense,ForestWetPoor
84761,Equisetum arvense,ForestWetPoor
84762,Equisetum arvense,ForestWetPoor
84763,Equisetum arvense,ForestWetPoor
84764,Equisetum arvense,ForestWetPoor
84765,Equisetum arvense,ForestWetPoor
84766,Equisetum arvense,ForestWetPoor
84767,Equisetum arvense,ForestWetPoor
84768,Equisetum arvense,ForestWetPoor
84769,Equisetum arvense,ForestWetPoor
84770,Equisetum arvense,ForestWetPoor
84771,Equisetum arvense,ForestWetPoor
84772,Equisetum arvense,ForestWetPoor
84773,Equisetum arvense,ForestWetPoor
84774,Equisetum arvense,ForestWetPoor
84775,Equisetum arvense,ForestWetPoor
84776,Equisetum arvense,ForestWetPoor
84777,Equisetum arvense,ForestWetPoor
84778,Equisetum arvense,ForestWetPoor
84779,Equisetum arvense,ForestWetPoor
84780,Equisetum arvense,ForestWetPoor
84781,Equisetum arvense,ForestWetPoor
84782,Equisetum arvense,ForestWetPoor
84783,Equisetum arvense,ForestWetPoor
84784,Equisetum arvense,ForestWetPoor
84785,Equisetum arvense,ForestWetPoor
84786,Equisetum arvense,ForestWetPoor
84787,Equisetum arvense,ForestWetPoor
84788,Equisetum arvense,ForestWetPoor
84789,Equisetum arvense,ForestWetPoor
84790,Equisetum arvense,ForestWetPoor
84791,Equisetum arvense,ForestWetPoor
84792,Equisetum arvense,ForestWetPoor
84793,Equisetum arvense,ForestWetPoor
84794,Equisetum arvense,ForestWetPoor
84795,Equisetum arvense,ForestWetPoor
85343,Equisetum arvense,ForestWetPoor
85344,Equisetum arvense,ForestWetPoor
85345,Equisetum arvense,ForestWetPoor
85346,Equisetum arvense,ForestWetPoor
85347,Equisetum arvense,ForestWetPoor
85348,Equisetum arvense,ForestWetPoor
85349,Equisetum arvense,ForestWetPoor
85350,Equisetum arvense,ForestWetPoor
85351,Equisetum arvense,ForestWetPoor
85352,Equisetum arvense,ForestWetPoor
85353,Equisetum arvense,ForestWetPoor
85354,Equisetum arvense,ForestWetPoor
85355,Equisetum arvense,ForestWetPoor
85356,Equisetum arvense,ForestWetPoor
85357,Equisetum arvense,ForestWetPoor
85358,Equisetum arvense,ForestWetPoor
85359,Equisetum arvense,ForestWetPoor
85360,Equisetum arvense,ForestWetPoor
85361,Equisetum arvense,ForestWetPoor
85362,Equisetum arvense,ForestWetPoor
85363,Equisetum arvense,ForestWetPoor
85364,Equisetum arvense,ForestWetPoor
85365,Equisetum arvense,ForestWetPoor
85366,Equisetum arvense,ForestWetPoor
85367,Equisetum arvense,ForestWetPoor
85368,Equisetum arvense,ForestWetPoor
85369,Equisetum arvense,ForestWetPoor
85370,Equisetum arvense,ForestWetPoor
85371,Equisetum arvense,ForestWetPoor
85372,Equisetum arvense,ForestWetPoor
85373,Equisetum arvense,ForestWetPoor
85374,Equisetum arvense,ForestWetPoor
85375,Equisetum arvense,ForestWetPoor
85376,Equisetum arvense,ForestWetPoor
85377,Equisetum arvense,ForestWetPoor
85378,Equisetum arvense,ForestWetPoor
85379,Equisetum arvense,ForestWetPoor
85380,Equisetum arvense,ForestWetPoor
85381,Equisetum arvense,ForestWetPoor
85382,Equisetum arvense,ForestWetPoor
85383,Equisetum arvense,ForestWetPoor
85384,Equisetum arvense,ForestWetPoor
85385,Equisetum arvense,ForestWetPoor
85386,Equisetum arvense,ForestWetPoor
85387,Equisetum arvense,ForestWetPoor
85388,Equisetum arvense,ForestWetPoor
85389,Equisetum arvense,ForestWetPoor
85390,Equisetum arvense,ForestWetPoor
85391,Equisetum arvense,ForestWetPoor
85392,Equisetum arvense,ForestWetPoor
85393,Equisetum arvense,ForestWetPoor
85394,Equisetum arvense,ForestWetPoor
85942,Equisetum arvense,ForestWetPoor
85943,Equisetum arvense,ForestWetPoor
85944,Equisetum arvense,ForestWetPoor
85945,Equisetum arvense,ForestWetPoor
85946,Equisetum arvense,ForestWetPoor
85947,Equisetum arvense,ForestWetPoor
85948,Equisetum arvense,ForestWetPoor
85949,Equisetum arvense,ForestWetPoor
85950,Equisetum arvense,ForestWetPoor
85951,Equisetum arvense,ForestWetPoor
85952,Equisetum arvense,ForestWetPoor
85953,Equisetum arvense,ForestWetPoor
85954,Equisetum arvense,ForestWetPoor
85955,Equisetum arvense,ForestWetPoor
85956,Equisetum arvense,ForestWetPoor
85957,Equisetum arvense,ForestWetPoor
859518,Equisetum arvense,ForestWetPoor
279619,Equisetum arvense,ForestWetPoor
279620,Equisetum arvense,ForestWetPoor
279621,Equisetum arvense,ForestWetPoor
279622,Equisetum arvense,ForestWetPoor
279623,Equisetum arvense,ForestWetPoor
279624,Equisetum arvense,ForestWetPoor
279625,Equisetum arvense,ForestWetPoor
279626,Equisetum arvense,ForestWetPoor
279627,Equisetum arvense,ForestWetPoor
279628,Equisetum arvense,ForestWetPoor
279629,Equisetum arvense,ForestWetPoor
279630,Equisetum arvense,ForestWetPoor
280210,Equisetum arvense,ForestWetPoor
280211,Equisetum arvense,ForestWetPoor
280212,Equisetum arvense,ForestWetPoor
280213,Equisetum arvense,ForestWetPoor
280214,Equisetum arvense,ForestWetPoor
280215,Equisetum arvense,ForestWetPoor
280216,Equisetum arvense,ForestWetPoor
280217,Equisetum arvense,ForestWetPoor
280218,Equisetum arvense,ForestWetPoor
280219,Equisetum arvense,ForestWetPoor
280220,Equisetum arvense,ForestWetPoor
280221,Equisetum arvense,ForestWetPoor
280222,Equisetum arvense,ForestWetPoor
280223,Equisetum arvense,ForestWetPoor
280224,Equisetum arvense,ForestWetPoor
280225,Equisetum arvense,ForestWetPoor
280226,Equisetum arvense,ForestWetPoor
280227,Equisetum arvense,ForestWetPoor
280228,Equisetum arvense,ForestWetPoor
280229,Equisetum arvense,ForestWetPoor
280809,Equisetum arvense,ForestWetPoor
280810,Equisetum arvense,ForestWetPoor
280811,Equisetum arvense,ForestWetPoor
280812,Equisetum arvense,ForestWetPoor
280813,Equisetum arvense,ForestWetPoor
280814,Equisetum arvense,ForestWetPoor
280815,Equisetum arvense,ForestWetPoor
280816,Equisetum arvense,ForestWetPoor
280817,Equisetum arvense,ForestWetPoor
280818,Equisetum arvense,ForestWetPoor
280819,Equisetum arvense,ForestWetPoor
280820,Equisetum arvense,ForestWetPoor
280821,Equisetum arvense,ForestWetPoor
280822,Equisetum arvense,ForestWetPoor
280823,Equisetum arvense,ForestWetPoor
280824,Equisetum arvense,ForestWetPoor
280825,Equisetum arvense,ForestWetPoor
280826,Equisetum arvense,ForestWetPoor
280827,Equisetum arvense,ForestWetPoor
280828,Equisetum arvense,ForestWetPoor
281408,Equisetum arvense,ForestWetPoor
281409,Equisetum arvense,ForestWetPoor
281410,Equisetum arvense,ForestWetPoor
281411,Equisetum arvense,ForestWetPoor
281412,Equisetum arvense,ForestWetPoor
281413,Equisetum arvense,ForestWetPoor
281414,Equisetum arvense,ForestWetPoor
281415,Equisetum arvense,ForestWetPoor
281416,Equisetum arvense,ForestWetPoor
281417,Equisetum arvense,ForestWetPoor
281418,Equisetum arvense,ForestWetPoor
281419,Equisetum arvense,ForestWetPoor
281420,Equisetum arvense,ForestWetPoor
281421,Equisetum arvense,ForestWetPoor
281422,Equisetum arvense,ForestWetPoor
281423,Equisetum arvense,ForestWetPoor
281424,Equisetum arvense,ForestWetPoor
281425,Equisetum arvense,ForestWetPoor
281426,Equisetum arvense,ForestWetPoor
281427,Equisetum arvense,ForestWetPoor
282007,Equisetum arvense,ForestWetPoor
282008,Equisetum arvense,ForestWetPoor
282009,Equisetum arvense,ForestWetPoor
282010,Equisetum arvense,ForestWetPoor
282011,Equisetum arvense,ForestWetPoor
282012,Equisetum arvense,ForestWetPoor
282013,Equisetum arvense,ForestWetPoor
282014,Equisetum arvense,ForestWetPoor
282015,Equisetum arvense,ForestWetPoor
282016,Equisetum arvense,ForestWetPoor
282017,Equisetum arvense,ForestWetPoor
282018,Equisetum arvense,ForestWetPoor
282019,Equisetum arvense,ForestWetPoor
282020,Equisetum arvense,ForestWetPoor
282021,Equisetum arvense,ForestWetPoor
282022,Equisetum arvense,ForestWetPoor
282023,Equisetum arvense,ForestWetPoor
282024,Equisetum arvense,ForestWetPoor
282025,Equisetum arvense,ForestWetPoor
282026,Equisetum arvense,ForestWetPoor
282606,Equisetum arvense,ForestWetPoor
282607,Equisetum arvense,ForestWetPoor
282608,Equisetum arvense,ForestWetPoor
282609,Equisetum arvense,ForestWetPoor
282610,Equisetum arvense,ForestWetPoor
282611,Equisetum arvense,ForestWetPoor
282612,Equisetum arvense,ForestWetPoor
282613,Equisetum arvense,ForestWetPoor
282614,Equisetum arvense,ForestWetPoor
282615,Equisetum arvense,ForestWetPoor
282616,Equisetum arvense,ForestWetPoor
282617,Equisetum arvense,ForestWetPoor
2826191393,Equisetum arvense,ForestWetPoor
91394,Equisetum arvense,ForestWetPoor
91395,Equisetum arvense,ForestWetPoor
91396,Equisetum arvense,ForestWetPoor
91397,Equisetum arvense,ForestWetPoor
91398,Equisetum arvense,ForestWetPoor
91399,Equisetum arvense,ForestWetPoor
91400,Equisetum arvense,ForestWetPoor
91401,Equisetum arvense,ForestWetPoor
91402,Equisetum arvense,ForestWetPoor
91403,Equisetum arvense,ForestWetPoor
91404,Equisetum arvense,ForestWetPoor
91405,Equisetum arvense,ForestWetPoor
91406,Equisetum arvense,ForestWetPoor
91407,Equisetum arvense,ForestWetPoor
91408,Equisetum arvense,ForestWetPoor
91409,Equisetum arvense,ForestWetPoor
91410,Equisetum arvense,ForestWetPoor
91411,Equisetum arvense,ForestWetPoor
91412,Equisetum arvense,ForestWetPoor
91413,Equisetum arvense,ForestWetPoor
91414,Equisetum arvense,ForestWetPoor
91415,Equisetum arvense,ForestWetPoor
91416,Equisetum arvense,ForestWetPoor
91417,Equisetum arvense,ForestWetPoor
91418,Equisetum arvense,ForestWetPoor
91419,Equisetum arvense,ForestWetPoor
91420,Equisetum arvense,ForestWetPoor
91421,Equisetum arvense,ForestWetPoor
91422,Equisetum arvense,ForestWetPoor
91423,Equisetum arvense,ForestWetPoor
91928,Equisetum arvense,ForestWetPoor
91929,Equisetum arvense,ForestWetPoor
91930,Equisetum arvense,ForestWetPoor
91931,Equisetum arvense,ForestWetPoor
91932,Equisetum arvense,ForestWetPoor
91933,Equisetum arvense,ForestWetPoor
91934,Equisetum arvense,ForestWetPoor
91935,Equisetum arvense,ForestWetPoor
91936,Equisetum arvense,ForestWetPoor
91937,Equisetum arvense,ForestWetPoor
91938,Equisetum arvense,ForestWetPoor
91939,Equisetum arvense,ForestWetPoor
91940,Equisetum arvense,ForestWetPoor
91941,Equisetum arvense,ForestWetPoor
91942,Equisetum arvense,ForestWetPoor
91943,Equisetum arvense,ForestWetPoor
91944,Equisetum arvense,ForestWetPoor
91945,Equisetum arvense,ForestWetPoor
91946,Equisetum arvense,ForestWetPoor
91947,Equisetum arvense,ForestWetPoor
91948,Equisetum arvense,ForestWetPoor
91949,Equisetum arvense,ForestWetPoor
91950,Equisetum arvense,ForestWetPoor
91951,Equisetum arvense,ForestWetPoor
91952,Equisetum arvense,ForestWetPoor
91953,Equisetum arvense,ForestWetPoor
91954,Equisetum arvense,ForestWetPoor
91955,Equisetum arvense,ForestWetPoor
91956,Equisetum arvense,ForestWetPoor
91957,Equisetum arvense,ForestWetPoor
91958,Equisetum arvense,ForestWetPoor
91959,Equisetum arvense,ForestWetPoor
91960,Equisetum arvense,ForestWetPoor
91961,Equisetum arvense,ForestWetPoor
91962,Equisetum arvense,ForestWetPoor
91963,Equisetum arvense,ForestWetPoor
91964,Equisetum arvense,ForestWetPoor
91965,Equisetum arvense,ForestWetPoor
91966,Equisetum arvense,ForestWetPoor
91967,Equisetum arvense,ForestWetPoor
91968,Equisetum arvense,ForestWetPoor
91969,Equisetum arvense,ForestWetPoor
91970,Equisetum arvense,ForestWetPoor
91971,Equisetum arvense,ForestWetPoor
91972,Equisetum arvense,ForestWetPoor
91973,Equisetum arvense,ForestWetPoor
91974,Equisetum arvense,ForestWetPoor
91975,Equisetum arvense,ForestWetPoor
91976,Equisetum arvense,ForestWetPoor
91977,Equisetum arvense,ForestWetPoor
91978,Equisetum arvense,ForestWetPoor
91979,Equisetum arvense,ForestWetPoor
91980,Equisetum arvense,ForestWetPoor
91981,Equisetum arvense,ForestWetPoor
91982,Equisetum arvense,ForestWetPoor
91983,Equisetum arvense,ForestWetPoor
91984,Equisetum arvense,ForestWetPoor
91985,Equisetum arvense,ForestWetPoor
91986,Equisetum arvense,ForestWetPoor
91987,Equisetum arvense,ForestWetPoor
91988,Equisetum arvense,ForestWetPoor
91989,Equisetum arvense,ForestWetPoor
91990,Equisetum arvense,ForestWetPoor
91991,Equisetum arvense,ForestWetPoor
91992,Equisetum arvense,ForestWetPoor
91993,Equisetum arvense,ForestWetPoor
91994,Equisetum arvense,ForestWetPoor
91995,Equisetum arvense,ForestWetPoor
91996,Equisetum arvense,ForestWetPoor
91997,Equisetum arvense,ForestWetPoor
91998,Equisetum arvense,ForestWetPoor
91999,Equisetum arvense,ForestWetPoor
92000,Equisetum arvense,ForestWetPoor
92001,Equisetum arvense,ForestWetPoor
92002,Equisetum arvense,ForestWetPoor
92003,Equisetum arvense,ForestWetPoor
92004,Equisetum arvense,Foreste,ForestWetPoor
87800,Equisetum arvense,ForestWetPoor
87801,Equisetum arvense,ForestWetPoor
87802,Equisetum arvense,ForestWetPoor
87803,Equisetum arvense,ForestWetPoor
87804,Equisetum arvense,ForestWetPoor
87805,Equisetum arvense,ForestWetPoor
87806,Equisetum arvense,ForestWetPoor
87807,Equisetum arvense,ForestWetPoor
87808,Equisetum arvense,ForestWetPoor
87809,Equisetum arvense,ForestWetPoor
87810,Equisetum arvense,ForestWetPoor
87811,Equisetum arvense,ForestWetPoor
87812,Equisetum arvense,ForestWetPoor
87813,Equisetum arvense,ForestWetPoor
87814,Equisetum arvense,ForestWetPoor
87815,Equisetum arvense,ForestWetPoor
87816,Equisetum arvense,ForestWetPoor
87817,Equisetum arvense,ForestWetPoor
87818,Equisetum arvense,ForestWetPoor
87819,Equisetum arvense,ForestWetPoor
87820,Equisetum arvense,ForestWetPoor
87821,Equisetum arvense,ForestWetPoor
87822,Equisetum arvense,ForestWetPoor
87823,Equisetum arvense,ForestWetPoor
87824,Equisetum arvense,ForestWetPoor
87825,Equisetum arvense,ForestWetPoor
87826,Equisetum arvense,ForestWetPoor
87827,Equisetum arvense,ForestWetPoor
87828,Equisetum arvense,ForestWetPoor
87829,Equisetum arvense,ForestWetPoor
87830,Equisetum arvense,ForestWetPoor
88378,Equisetum arvense,ForestWetPoor
88379,Equisetum arvense,ForestWetPoor
88380,Equisetum arvense,ForestWetPoor
88381,Equisetum arvense,ForestWetPoor
88382,Equisetum arvense,ForestWetPoor
88383,Equisetum arvense,ForestWetPoor
88384,Equisetum arvense,ForestWetPoor
88385,Equisetum arvense,ForestWetPoor
88386,Equisetum arvense,ForestWetPoor
88387,Equisetum arvense,ForestWetPoor
88388,Equisetum arvense,ForestWetPoor
88389,Equisetum arvense,ForestWetPoor
88390,Equisetum arvense,ForestWetPoor
88391,Equisetum arvense,ForestWetPoor
88392,Equisetum arvense,ForestWetPoor
88393,Equisetum arvense,ForestWetPoor
88394,Equisetum arvense,ForestWetPoor
88395,Equisetum arvense,ForestWetPoor
88396,Equisetum arvense,ForestWetPoor
88397,Equisetum arvense,ForestWetPoor
88398,Equisetum arvense,ForestWetPoor
88399,Equisetum arvense,ForestWetPoor
88400,Equisetum arvense,ForestWetPoor
88401,Equisetum arvense,ForestWetPoor
88402,Equisetum arvense,ForestWetPoor
88403,Equisetum arvense,ForestWetPoor
88404,Equisetum arvense,ForestWetPoor
88405,Equisetum arvense,ForestWetPoor
88406,Equisetum arvense,ForestWetPoor
88407,Equisetum arvense,ForestWetPoor
88408,Equisetum arvense,ForestWetPoor
88409,Equisetum arvense,ForestWetPoor
88410,Equisetum arvense,ForestWetPoor
88411,Equisetum arvense,ForestWetPoor
88412,Equisetum arvense,ForestWetPoor
88413,Equisetum arvense,ForestWetPoor
88414,Equisetum arvense,ForestWetPoor
88415,Equisetum arvense,ForestWetPoor
88416,Equisetum arvense,ForestWetPoor
88417,Equisetum arvense,ForestWetPoor
88418,Equisetum arvense,ForestWetPoor
88419,Equisetum arvense,ForestWetPoor
88420,Equisetum arvense,ForestWetPoor
88421,Equisetum arvense,ForestWetPoor
88422,Equisetum arvense,ForestWetPoor
88423,Equisetum arvense,ForestWetPoor
88424,Equisetum arvense,ForestWetPoor
88425,Equisetum arvense,ForestWetPoor
88426,Equisetum arvense,ForestWetPoor
88427,Equisetum arvense,ForestWetPoor
88428,Equisetum arvense,ForestWetPoor
88429,Equisetum arvense,ForestWetPoor
88976,Equisetum arvense,ForestWetPoor
88977,Equisetum arvense,ForestWetPoor
88978,Equisetum arvense,ForestWetPoor
88979,Equisetum arvense,ForestWetPoor
88980,Equisetum arvense,ForestWetPoor
88981,Equisetum arvense,ForestWetPoor
88982,Equisetum arvense,ForestWetPoor
88983,Equisetum arvense,ForestWetPoor
88984,Equisetum arvense,ForestWetPoor
88985,Equisetum arvense,ForestWetPoor
88986,Equisetum arvense,ForestWetPoor
88987,Equisetum arvense,ForestWetPoor
88988,Equisetum arvense,ForestWetPoor
88989,Equisetum arvense,ForestWetPoor
88990,Equisetum arvense,ForestWetPoor
88991,Equisetum arvense,ForestWetPoor
88992,Equisetum arvense,ForestWetPoor
88993,Equisetum arvense,ForestWetPoor
88994,Equisetum arvense,ForestWetPoor
88995,Equisetum arvense,ForestWetPoor
88996,Equisetum arvense,ForestWetPoor
88997,Equisetum arvense,ForestWetPoor
88998,Equisetum arvense,ForestWetPoor
88999,Equisetum arvense,ForestWetPoor
89000,Equisetu8,Equisetum arvense,ForestWetPoor
85959,Equisetum arvense,ForestWetPoor
85960,Equisetum arvense,ForestWetPoor
85961,Equisetum arvense,ForestWetPoor
85962,Equisetum arvense,ForestWetPoor
85963,Equisetum arvense,ForestWetPoor
85964,Equisetum arvense,ForestWetPoor
85965,Equisetum arvense,ForestWetPoor
85966,Equisetum arvense,ForestWetPoor
85967,Equisetum arvense,ForestWetPoor
85968,Equisetum arvense,ForestWetPoor
85969,Equisetum arvense,ForestWetPoor
85970,Equisetum arvense,ForestWetPoor
85971,Equisetum arvense,ForestWetPoor
85972,Equisetum arvense,ForestWetPoor
85973,Equisetum arvense,ForestWetPoor
85974,Equisetum arvense,ForestWetPoor
85975,Equisetum arvense,ForestWetPoor
85976,Equisetum arvense,ForestWetPoor
85977,Equisetum arvense,ForestWetPoor
85978,Equisetum arvense,ForestWetPoor
85979,Equisetum arvense,ForestWetPoor
85980,Equisetum arvense,ForestWetPoor
85981,Equisetum arvense,ForestWetPoor
85982,Equisetum arvense,ForestWetPoor
85983,Equisetum arvense,ForestWetPoor
85984,Equisetum arvense,ForestWetPoor
85985,Equisetum arvense,ForestWetPoor
85986,Equisetum arvense,ForestWetPoor
85987,Equisetum arvense,ForestWetPoor
85988,Equisetum arvense,ForestWetPoor
85989,Equisetum arvense,ForestWetPoor
85990,Equisetum arvense,ForestWetPoor
85991,Equisetum arvense,ForestWetPoor
85992,Equisetum arvense,ForestWetPoor
85993,Equisetum arvense,ForestWetPoor
86540,Equisetum arvense,ForestWetPoor
86541,Equisetum arvense,ForestWetPoor
86542,Equisetum arvense,ForestWetPoor
86543,Equisetum arvense,ForestWetPoor
86544,Equisetum arvense,ForestWetPoor
86545,Equisetum arvense,ForestWetPoor
86546,Equisetum arvense,ForestWetPoor
86547,Equisetum arvense,ForestWetPoor
86548,Equisetum arvense,ForestWetPoor
86549,Equisetum arvense,ForestWetPoor
86550,Equisetum arvense,ForestWetPoor
86551,Equisetum arvense,ForestWetPoor
86552,Equisetum arvense,ForestWetPoor
86553,Equisetum arvense,ForestWetPoor
86554,Equisetum arvense,ForestWetPoor
86555,Equisetum arvense,ForestWetPoor
86556,Equisetum arvense,ForestWetPoor
86557,Equisetum arvense,ForestWetPoor
86558,Equisetum arvense,ForestWetPoor
86559,Equisetum arvense,ForestWetPoor
86560,Equisetum arvense,ForestWetPoor
86561,Equisetum arvense,ForestWetPoor
86562,Equisetum arvense,ForestWetPoor
86563,Equisetum arvense,ForestWetPoor
86564,Equisetum arvense,ForestWetPoor
86565,Equisetum arvense,ForestWetPoor
86566,Equisetum arvense,ForestWetPoor
86567,Equisetum arvense,ForestWetPoor
86568,Equisetum arvense,ForestWetPoor
86569,Equisetum arvense,ForestWetPoor
86570,Equisetum arvense,ForestWetPoor
86571,Equisetum arvense,ForestWetPoor
86572,Equisetum arvense,ForestWetPoor
86573,Equisetum arvense,ForestWetPoor
86574,Equisetum arvense,ForestWetPoor
86575,Equisetum arvense,ForestWetPoor
86576,Equisetum arvense,ForestWetPoor
86577,Equisetum arvense,ForestWetPoor
86578,Equisetum arvense,ForestWetPoor
86579,Equisetum arvense,ForestWetPoor
86580,Equisetum arvense,ForestWetPoor
86581,Equisetum arvense,ForestWetPoor
86582,Equisetum arvense,ForestWetPoor
86583,Equisetum arvense,ForestWetPoor
86584,Equisetum arvense,ForestWetPoor
86585,Equisetum arvense,ForestWetPoor
86586,Equisetum arvense,ForestWetPoor
86587,Equisetum arvense,ForestWetPoor
86588,Equisetum arvense,ForestWetPoor
86589,Equisetum arvense,ForestWetPoor
86590,Equisetum arvense,ForestWetPoor
86591,Equisetum arvense,ForestWetPoor
86592,Equisetum arvense,ForestWetPoor
86593,Equisetum arvense,ForestWetPoor
86594,Equisetum arvense,ForestWetPoor
86595,Equisetum arvense,ForestWetPoor
86596,Equisetum arvense,ForestWetPoor
86597,Equisetum arvense,ForestWetPoor
86598,Equisetum arvense,ForestWetPoor
86599,Equisetum arvense,ForestWetPoor
86600,Equisetum arvense,ForestWetPoor
86601,Equisetum arvense,ForestWetPoor
86602,Equisetum arvense,ForestWetPoor
86603,Equisetum arvense,ForestWetPoor
86604,Equisetum arvense,ForestWetPoor
86605,Equisetum arvense,ForestWetPoor
86606,Equisetum arvense,ForestWetPoor
86607,Equisetum arvense,ForestWetPoor
86608,Equisetum arvense,ForestWetPoor
86609,Equisetum arvense,ForestWetPoor
86610,Equisetum arvense,ForestWetPoor
86611,Equisetum arvense,ForestWetP8,Equisetum arvense,ForestWetPoor
282619,Equisetum arvense,ForestWetPoor
282620,Equisetum arvense,ForestWetPoor
282621,Equisetum arvense,ForestWetPoor
282622,Equisetum arvense,ForestWetPoor
282623,Equisetum arvense,ForestWetPoor
282624,Equisetum arvense,ForestWetPoor
282625,Equisetum arvense,ForestWetPoor
283205,Equisetum arvense,ForestWetPoor
283206,Equisetum arvense,ForestWetPoor
283207,Equisetum arvense,ForestWetPoor
283208,Equisetum arvense,ForestWetPoor
283209,Equisetum arvense,ForestWetPoor
283210,Equisetum arvense,ForestWetPoor
283211,Equisetum arvense,ForestWetPoor
283212,Equisetum arvense,ForestWetPoor
283213,Equisetum arvense,ForestWetPoor
283214,Equisetum arvense,ForestWetPoor
283215,Equisetum arvense,ForestWetPoor
283216,Equisetum arvense,ForestWetPoor
283217,Equisetum arvense,ForestWetPoor
283218,Equisetum arvense,ForestWetPoor
283219,Equisetum arvense,ForestWetPoor
283220,Equisetum arvense,ForestWetPoor
283221,Equisetum arvense,ForestWetPoor
283222,Equisetum arvense,ForestWetPoor
283223,Equisetum arvense,ForestWetPoor
283224,Equisetum arvense,ForestWetPoor
283804,Equisetum arvense,ForestWetPoor
283805,Equisetum arvense,ForestWetPoor
283806,Equisetum arvense,ForestWetPoor
283807,Equisetum arvense,ForestWetPoor
283808,Equisetum arvense,ForestWetPoor
283809,Equisetum arvense,ForestWetPoor
283810,Equisetum arvense,ForestWetPoor
283811,Equisetum arvense,ForestWetPoor
283812,Equisetum arvense,ForestWetPoor
283813,Equisetum arvense,ForestWetPoor
283814,Equisetum arvense,ForestWetPoor
283815,Equisetum arvense,ForestWetPoor
283816,Equisetum arvense,ForestWetPoor
283817,Equisetum arvense,ForestWetPoor
283818,Equisetum arvense,ForestWetPoor
283819,Equisetum arvense,ForestWetPoor
283820,Equisetum arvense,ForestWetPoor
283821,Equisetum arvense,ForestWetPoor
283822,Equisetum arvense,ForestWetPoor
283823,Equisetum arvense,ForestWetPoor
284403,Equisetum arvense,ForestWetPoor
284404,Equisetum arvense,ForestWetPoor
284405,Equisetum arvense,ForestWetPoor
284406,Equisetum arvense,ForestWetPoor
284407,Equisetum arvense,ForestWetPoor
284408,Equisetum arvense,ForestWetPoor
284409,Equisetum arvense,ForestWetPoor
284410,Equisetum arvense,ForestWetPoor
284411,Equisetum arvense,ForestWetPoor
284412,Equisetum arvense,ForestWetPoor
284413,Equisetum arvense,ForestWetPoor
284414,Equisetum arvense,ForestWetPoor
284415,Equisetum arvense,ForestWetPoor
284416,Equisetum arvense,ForestWetPoor
284417,Equisetum arvense,ForestWetPoor
284418,Equisetum arvense,ForestWetPoor
284419,Equisetum arvense,ForestWetPoor
284420,Equisetum arvense,ForestWetPoor
284421,Equisetum arvense,ForestWetPoor
284422,Equisetum arvense,ForestWetPoor
285002,Equisetum arvense,ForestWetPoor
285003,Equisetum arvense,ForestWetPoor
285004,Equisetum arvense,ForestWetPoor
285005,Equisetum arvense,ForestWetPoor
285006,Equisetum arvense,ForestWetPoor
285007,Equisetum arvense,ForestWetPoor
285008,Equisetum arvense,ForestWetPoor
285009,Equisetum arvense,ForestWetPoor
285010,Equisetum arvense,ForestWetPoor
285011,Equisetum arvense,ForestWetPoor
285012,Equisetum arvense,ForestWetPoor
285013,Equisetum arvense,ForestWetPoor
285014,Equisetum arvense,ForestWetPoor
285015,Equisetum arvense,ForestWetPoor
285016,Equisetum arvense,ForestWetPoor
285017,Equisetum arvense,ForestWetPoor
285018,Equisetum arvense,ForestWetPoor
285019,Equisetum arvense,ForestWetPoor
285020,Equisetum arvense,ForestWetPoor
285021,Equisetum arvense,ForestWetPoor
285601,Equisetum arvense,ForestWetPoor
285602,Equisetum arvense,ForestWetPoor
285603,Equisetum arvense,ForestWetPoor
285604,Equisetum arvense,ForestWetPoor
285605,Equisetum arvense,ForestWetPoor
285606,Equisetum arvense,ForestWetPoor
285607,Equisetum arvense,ForestWetPoor
285608,Equisetum arvense,ForestWetPoor
285609,Equisetum arvense,ForestWetPoor
285610,Equisetum arvense,ForestWetPoor
285611,Equisetum arvense,ForestWetPoor
285612,Equisetum arvense,ForestWetPoor
285613,Equisetum arvense,ForestWetPoor
285614,Equisetum arvense,ForestWetPoor
285615,Equisetum arvense,ForestWetPoor
285616,Equisetum arvense,ForestWetPoor
285617,Equisetum arvense,ForestWetPoor
285618WetPoor
92005,Equisetum arvense,ForestWetPoor
92006,Equisetum arvense,ForestWetPoor
92007,Equisetum arvense,ForestWetPoor
92008,Equisetum arvense,ForestWetPoor
92009,Equisetum arvense,ForestWetPoor
92010,Equisetum arvense,ForestWetPoor
92011,Equisetum arvense,ForestWetPoor
92012,Equisetum arvense,ForestWetPoor
92013,Equisetum arvense,ForestWetPoor
92014,Equisetum arvense,ForestWetPoor
92015,Equisetum arvense,ForestWetPoor
92016,Equisetum arvense,ForestWetPoor
92017,Equisetum arvense,ForestWetPoor
92018,Equisetum arvense,ForestWetPoor
92019,Equisetum arvense,ForestWetPoor
92020,Equisetum arvense,ForestWetPoor
92021,Equisetum arvense,ForestWetPoor
92527,Equisetum arvense,ForestWetPoor
92528,Equisetum arvense,ForestWetPoor
92529,Equisetum arvense,ForestWetPoor
92530,Equisetum arvense,ForestWetPoor
92531,Equisetum arvense,ForestWetPoor
92532,Equisetum arvense,ForestWetPoor
92533,Equisetum arvense,ForestWetPoor
92534,Equisetum arvense,ForestWetPoor
92535,Equisetum arvense,ForestWetPoor
92536,Equisetum arvense,ForestWetPoor
92537,Equisetum arvense,ForestWetPoor
92538,Equisetum arvense,ForestWetPoor
92539,Equisetum arvense,ForestWetPoor
92540,Equisetum arvense,ForestWetPoor
92541,Equisetum arvense,ForestWetPoor
92542,Equisetum arvense,ForestWetPoor
92543,Equisetum arvense,ForestWetPoor
92544,Equisetum arvense,ForestWetPoor
92545,Equisetum arvense,ForestWetPoor
92546,Equisetum arvense,ForestWetPoor
92547,Equisetum arvense,ForestWetPoor
92548,Equisetum arvense,ForestWetPoor
92549,Equisetum arvense,ForestWetPoor
92550,Equisetum arvense,ForestWetPoor
92551,Equisetum arvense,ForestWetPoor
92552,Equisetum arvense,ForestWetPoor
92553,Equisetum arvense,ForestWetPoor
92554,Equisetum arvense,ForestWetPoor
92555,Equisetum arvense,ForestWetPoor
92556,Equisetum arvense,ForestWetPoor
92557,Equisetum arvense,ForestWetPoor
92558,Equisetum arvense,ForestWetPoor
92559,Equisetum arvense,ForestWetPoor
92560,Equisetum arvense,ForestWetPoor
92561,Equisetum arvense,ForestWetPoor
92562,Equisetum arvense,ForestWetPoor
92563,Equisetum arvense,ForestWetPoor
92564,Equisetum arvense,ForestWetPoor
92565,Equisetum arvense,ForestWetPoor
92566,Equisetum arvense,ForestWetPoor
92567,Equisetum arvense,ForestWetPoor
92568,Equisetum arvense,ForestWetPoor
92569,Equisetum arvense,ForestWetPoor
92570,Equisetum arvense,ForestWetPoor
92571,Equisetum arvense,ForestWetPoor
92572,Equisetum arvense,ForestWetPoor
92573,Equisetum arvense,ForestWetPoor
92574,Equisetum arvense,ForestWetPoor
92575,Equisetum arvense,ForestWetPoor
92576,Equisetum arvense,ForestWetPoor
92577,Equisetum arvense,ForestWetPoor
92578,Equisetum arvense,ForestWetPoor
92579,Equisetum arvense,ForestWetPoor
92580,Equisetum arvense,ForestWetPoor
92581,Equisetum arvense,ForestWetPoor
92582,Equisetum arvense,ForestWetPoor
92583,Equisetum arvense,ForestWetPoor
92584,Equisetum arvense,ForestWetPoor
92585,Equisetum arvense,ForestWetPoor
92586,Equisetum arvense,ForestWetPoor
92587,Equisetum arvense,ForestWetPoor
92588,Equisetum arvense,ForestWetPoor
92589,Equisetum arvense,ForestWetPoor
92590,Equisetum arvense,ForestWetPoor
92591,Equisetum arvense,ForestWetPoor
92592,Equisetum arvense,ForestWetPoor
92593,Equisetum arvense,ForestWetPoor
92594,Equisetum arvense,ForestWetPoor
92595,Equisetum arvense,ForestWetPoor
92596,Equisetum arvense,ForestWetPoor
92597,Equisetum arvense,ForestWetPoor
92598,Equisetum arvense,ForestWetPoor
92599,Equisetum arvense,ForestWetPoor
92600,Equisetum arvense,ForestWetPoor
92601,Equisetum arvense,ForestWetPoor
92602,Equisetum arvense,ForestWetPoor
92603,Equisetum arvense,ForestWetPoor
92604,Equisetum arvense,ForestWetPoor
92605,Equisetum arvense,ForestWetPoor
92606,Equisetum arvense,ForestWetPoor
92607,Equisetum arvense,ForestWetPoor
92608,Equisetum arvense,ForestWetPoor
92609,Equisetum arvense,ForestWetPoor
92610,Equisetum arvense,ForestWetPoor
92611,Equisetum arvense,ForestWetPoor
92612,Equisetum arvense,ForestWetPoor
92613,Equisetum arvense,ForestWetPoor
92614,Equisetum arvense,ForestWetPoor
92615,Equisetum arvense,ForestWetPoor
92616,Equisetum arvense,ForestWetPoor
92617,Equisetum arvensm arvense,ForestWetPoor
89001,Equisetum arvense,ForestWetPoor
89002,Equisetum arvense,ForestWetPoor
89003,Equisetum arvense,ForestWetPoor
89004,Equisetum arvense,ForestWetPoor
89005,Equisetum arvense,ForestWetPoor
89006,Equisetum arvense,ForestWetPoor
89007,Equisetum arvense,ForestWetPoor
89008,Equisetum arvense,ForestWetPoor
89009,Equisetum arvense,ForestWetPoor
89010,Equisetum arvense,ForestWetPoor
89011,Equisetum arvense,ForestWetPoor
89012,Equisetum arvense,ForestWetPoor
89013,Equisetum arvense,ForestWetPoor
89014,Equisetum arvense,ForestWetPoor
89015,Equisetum arvense,ForestWetPoor
89016,Equisetum arvense,ForestWetPoor
89017,Equisetum arvense,ForestWetPoor
89018,Equisetum arvense,ForestWetPoor
89019,Equisetum arvense,ForestWetPoor
89020,Equisetum arvense,ForestWetPoor
89021,Equisetum arvense,ForestWetPoor
89022,Equisetum arvense,ForestWetPoor
89023,Equisetum arvense,ForestWetPoor
89024,Equisetum arvense,ForestWetPoor
89025,Equisetum arvense,ForestWetPoor
89026,Equisetum arvense,ForestWetPoor
89027,Equisetum arvense,ForestWetPoor
89028,Equisetum arvense,ForestWetPoor
89575,Equisetum arvense,ForestWetPoor
89576,Equisetum arvense,ForestWetPoor
89577,Equisetum arvense,ForestWetPoor
89578,Equisetum arvense,ForestWetPoor
89579,Equisetum arvense,ForestWetPoor
89580,Equisetum arvense,ForestWetPoor
89581,Equisetum arvense,ForestWetPoor
89582,Equisetum arvense,ForestWetPoor
89583,Equisetum arvense,ForestWetPoor
89584,Equisetum arvense,ForestWetPoor
89585,Equisetum arvense,ForestWetPoor
89586,Equisetum arvense,ForestWetPoor
89587,Equisetum arvense,ForestWetPoor
89588,Equisetum arvense,ForestWetPoor
89589,Equisetum arvense,ForestWetPoor
89590,Equisetum arvense,ForestWetPoor
89591,Equisetum arvense,ForestWetPoor
89592,Equisetum arvense,ForestWetPoor
89593,Equisetum arvense,ForestWetPoor
89594,Equisetum arvense,ForestWetPoor
89595,Equisetum arvense,ForestWetPoor
89596,Equisetum arvense,ForestWetPoor
89597,Equisetum arvense,ForestWetPoor
89598,Equisetum arvense,ForestWetPoor
89599,Equisetum arvense,ForestWetPoor
89600,Equisetum arvense,ForestWetPoor
89601,Equisetum arvense,ForestWetPoor
89602,Equisetum arvense,ForestWetPoor
89603,Equisetum arvense,ForestWetPoor
89604,Equisetum arvense,ForestWetPoor
89605,Equisetum arvense,ForestWetPoor
89606,Equisetum arvense,ForestWetPoor
89607,Equisetum arvense,ForestWetPoor
89608,Equisetum arvense,ForestWetPoor
89609,Equisetum arvense,ForestWetPoor
89610,Equisetum arvense,ForestWetPoor
89611,Equisetum arvense,ForestWetPoor
89612,Equisetum arvense,ForestWetPoor
89613,Equisetum arvense,ForestWetPoor
89614,Equisetum arvense,ForestWetPoor
89615,Equisetum arvense,ForestWetPoor
89616,Equisetum arvense,ForestWetPoor
89617,Equisetum arvense,ForestWetPoor
89618,Equisetum arvense,ForestWetPoor
89619,Equisetum arvense,ForestWetPoor
89620,Equisetum arvense,ForestWetPoor
89621,Equisetum arvense,ForestWetPoor
89622,Equisetum arvense,ForestWetPoor
89623,Equisetum arvense,ForestWetPoor
89624,Equisetum arvense,ForestWetPoor
89625,Equisetum arvense,ForestWetPoor
89626,Equisetum arvense,ForestWetPoor
89627,Equisetum arvense,ForestWetPoor
90174,Equisetum arvense,ForestWetPoor
90175,Equisetum arvense,ForestWetPoor
90176,Equisetum arvense,ForestWetPoor
90177,Equisetum arvense,ForestWetPoor
90178,Equisetum arvense,ForestWetPoor
90179,Equisetum arvense,ForestWetPoor
90180,Equisetum arvense,ForestWetPoor
90181,Equisetum arvense,ForestWetPoor
90182,Equisetum arvense,ForestWetPoor
90183,Equisetum arvense,ForestWetPoor
90184,Equisetum arvense,ForestWetPoor
90185,Equisetum arvense,ForestWetPoor
90186,Equisetum arvense,ForestWetPoor
90187,Equisetum arvense,ForestWetPoor
90188,Equisetum arvense,ForestWetPoor
90189,Equisetum arvense,ForestWetPoor
90190,Equisetum arvense,ForestWetPoor
90191,Equisetum arvense,ForestWetPoor
90192,Equisetum arvense,ForestWetPoor
90193,Equisetum arvense,ForestWetPoor
90194,Equisetum arvense,ForestWetPoor
90195,Equisetum arvense,ForestWetPoor
90196,Equisetum arvense,ForestWetPoor
90197,Equisetum arvense,ForestWetPoor
90198,Equisetum arvense,ForestWetPoor
90199,Equisetum arvense,ForestWetPoor
90200,oor
86612,Equisetum arvense,ForestWetPoor
86613,Equisetum arvense,ForestWetPoor
86614,Equisetum arvense,ForestWetPoor
86615,Equisetum arvense,ForestWetPoor
86616,Equisetum arvense,ForestWetPoor
86617,Equisetum arvense,ForestWetPoor
86618,Equisetum arvense,ForestWetPoor
86619,Equisetum arvense,ForestWetPoor
86620,Equisetum arvense,ForestWetPoor
86621,Equisetum arvense,ForestWetPoor
86622,Equisetum arvense,ForestWetPoor
86623,Equisetum arvense,ForestWetPoor
86624,Equisetum arvense,ForestWetPoor
86625,Equisetum arvense,ForestWetPoor
86626,Equisetum arvense,ForestWetPoor
86627,Equisetum arvense,ForestWetPoor
86628,Equisetum arvense,ForestWetPoor
86629,Equisetum arvense,ForestWetPoor
86630,Equisetum arvense,ForestWetPoor
86631,Equisetum arvense,ForestWetPoor
86632,Equisetum arvense,ForestWetPoor
87139,Equisetum arvense,ForestWetPoor
87140,Equisetum arvense,ForestWetPoor
87141,Equisetum arvense,ForestWetPoor
87142,Equisetum arvense,ForestWetPoor
87143,Equisetum arvense,ForestWetPoor
87144,Equisetum arvense,ForestWetPoor
87145,Equisetum arvense,ForestWetPoor
87146,Equisetum arvense,ForestWetPoor
87147,Equisetum arvense,ForestWetPoor
87148,Equisetum arvense,ForestWetPoor
87149,Equisetum arvense,ForestWetPoor
87150,Equisetum arvense,ForestWetPoor
87151,Equisetum arvense,ForestWetPoor
87152,Equisetum arvense,ForestWetPoor
87153,Equisetum arvense,ForestWetPoor
87154,Equisetum arvense,ForestWetPoor
87155,Equisetum arvense,ForestWetPoor
87156,Equisetum arvense,ForestWetPoor
87157,Equisetum arvense,ForestWetPoor
87158,Equisetum arvense,ForestWetPoor
87159,Equisetum arvense,ForestWetPoor
87160,Equisetum arvense,ForestWetPoor
87161,Equisetum arvense,ForestWetPoor
87162,Equisetum arvense,ForestWetPoor
87163,Equisetum arvense,ForestWetPoor
87164,Equisetum arvense,ForestWetPoor
87165,Equisetum arvense,ForestWetPoor
87166,Equisetum arvense,ForestWetPoor
87167,Equisetum arvense,ForestWetPoor
87168,Equisetum arvense,ForestWetPoor
87169,Equisetum arvense,ForestWetPoor
87170,Equisetum arvense,ForestWetPoor
87171,Equisetum arvense,ForestWetPoor
87172,Equisetum arvense,ForestWetPoor
87173,Equisetum arvense,ForestWetPoor
87174,Equisetum arvense,ForestWetPoor
87175,Equisetum arvense,ForestWetPoor
87176,Equisetum arvense,ForestWetPoor
87177,Equisetum arvense,ForestWetPoor
87178,Equisetum arvense,ForestWetPoor
87179,Equisetum arvense,ForestWetPoor
87180,Equisetum arvense,ForestWetPoor
87181,Equisetum arvense,ForestWetPoor
87182,Equisetum arvense,ForestWetPoor
87183,Equisetum arvense,ForestWetPoor
87184,Equisetum arvense,ForestWetPoor
87185,Equisetum arvense,ForestWetPoor
87186,Equisetum arvense,ForestWetPoor
87187,Equisetum arvense,ForestWetPoor
87188,Equisetum arvense,ForestWetPoor
87189,Equisetum arvense,ForestWetPoor
87190,Equisetum arvense,ForestWetPoor
87191,Equisetum arvense,ForestWetPoor
87192,Equisetum arvense,ForestWetPoor
87193,Equisetum arvense,ForestWetPoor
87194,Equisetum arvense,ForestWetPoor
87195,Equisetum arvense,ForestWetPoor
87196,Equisetum arvense,ForestWetPoor
87197,Equisetum arvense,ForestWetPoor
87198,Equisetum arvense,ForestWetPoor
87199,Equisetum arvense,ForestWetPoor
87200,Equisetum arvense,ForestWetPoor
87201,Equisetum arvense,ForestWetPoor
87202,Equisetum arvense,ForestWetPoor
87203,Equisetum arvense,ForestWetPoor
87204,Equisetum arvense,ForestWetPoor
87205,Equisetum arvense,ForestWetPoor
87206,Equisetum arvense,ForestWetPoor
87207,Equisetum arvense,ForestWetPoor
87208,Equisetum arvense,ForestWetPoor
87209,Equisetum arvense,ForestWetPoor
87210,Equisetum arvense,ForestWetPoor
87211,Equisetum arvense,ForestWetPoor
87212,Equisetum arvense,ForestWetPoor
87213,Equisetum arvense,ForestWetPoor
87214,Equisetum arvense,ForestWetPoor
87215,Equisetum arvense,ForestWetPoor
87216,Equisetum arvense,ForestWetPoor
87217,Equisetum arvense,ForestWetPoor
87218,Equisetum arvense,ForestWetPoor
87219,Equisetum arvense,ForestWetPoor
87220,Equisetum arvense,ForestWetPoor
87221,Equisetum arvense,ForestWetPoor
87222,Equisetum arvense,ForestWetPoor
87223,Equisetum arvense,ForestWetPoor
87224,Equisetum arvense,ForestWetPoor
87225,Equisetum arvense,Fo,Equisetum arvense,ForestWetPoor
285619,Equisetum arvense,ForestWetPoor
285620,Equisetum arvense,ForestWetPoor
286200,Equisetum arvense,ForestWetPoor
286201,Equisetum arvense,ForestWetPoor
286202,Equisetum arvense,ForestWetPoor
286203,Equisetum arvense,ForestWetPoor
286204,Equisetum arvense,ForestWetPoor
286205,Equisetum arvense,ForestWetPoor
286206,Equisetum arvense,ForestWetPoor
286207,Equisetum arvense,ForestWetPoor
286208,Equisetum arvense,ForestWetPoor
286209,Equisetum arvense,ForestWetPoor
286210,Equisetum arvense,ForestWetPoor
286211,Equisetum arvense,ForestWetPoor
286212,Equisetum arvense,ForestWetPoor
286213,Equisetum arvense,ForestWetPoor
286214,Equisetum arvense,ForestWetPoor
286215,Equisetum arvense,ForestWetPoor
286216,Equisetum arvense,ForestWetPoor
286217,Equisetum arvense,ForestWetPoor
286218,Equisetum arvense,ForestWetPoor
286219,Equisetum arvense,ForestWetPoor
286799,Equisetum arvense,ForestWetPoor
286800,Equisetum arvense,ForestWetPoor
286801,Equisetum arvense,ForestWetPoor
286802,Equisetum arvense,ForestWetPoor
286803,Equisetum arvense,ForestWetPoor
286804,Equisetum arvense,ForestWetPoor
286805,Equisetum arvense,ForestWetPoor
286806,Equisetum arvense,ForestWetPoor
286807,Equisetum arvense,ForestWetPoor
286808,Equisetum arvense,ForestWetPoor
286809,Equisetum arvense,ForestWetPoor
286810,Equisetum arvense,ForestWetPoor
286811,Equisetum arvense,ForestWetPoor
286812,Equisetum arvense,ForestWetPoor
286813,Equisetum arvense,ForestWetPoor
286814,Equisetum arvense,ForestWetPoor
286815,Equisetum arvense,ForestWetPoor
286816,Equisetum arvense,ForestWetPoor
286817,Equisetum arvense,ForestWetPoor
286818,Equisetum arvense,ForestWetPoor
287398,Equisetum arvense,ForestWetPoor
287399,Equisetum arvense,ForestWetPoor
287400,Equisetum arvense,ForestWetPoor
287401,Equisetum arvense,ForestWetPoor
287402,Equisetum arvense,ForestWetPoor
287403,Equisetum arvense,ForestWetPoor
287404,Equisetum arvense,ForestWetPoor
287405,Equisetum arvense,ForestWetPoor
287406,Equisetum arvense,ForestWetPoor
287407,Equisetum arvense,ForestWetPoor
287408,Equisetum arvense,ForestWetPoor
287409,Equisetum arvense,ForestWetPoor
287410,Equisetum arvense,ForestWetPoor
287411,Equisetum arvense,ForestWetPoor
287412,Equisetum arvense,ForestWetPoor
287413,Equisetum arvense,ForestWetPoor
287414,Equisetum arvense,ForestWetPoor
287415,Equisetum arvense,ForestWetPoor
287416,Equisetum arvense,ForestWetPoor
287417,Equisetum arvense,ForestWetPoor
287997,Equisetum arvense,ForestWetPoor
287998,Equisetum arvense,ForestWetPoor
287999,Equisetum arvense,ForestWetPoor
288000,Equisetum arvense,ForestWetPoor
288001,Equisetum arvense,ForestWetPoor
288002,Equisetum arvense,ForestWetPoor
288003,Equisetum arvense,ForestWetPoor
288004,Equisetum arvense,ForestWetPoor
288005,Equisetum arvense,ForestWetPoor
288006,Equisetum arvense,ForestWetPoor
288007,Equisetum arvense,ForestWetPoor
288008,Equisetum arvense,ForestWetPoor
288009,Equisetum arvense,ForestWetPoor
288010,Equisetum arvense,ForestWetPoor
288011,Equisetum arvense,ForestWetPoor
288012,Equisetum arvense,ForestWetPoor
288013,Equisetum arvense,ForestWetPoor
288014,Equisetum arvense,ForestWetPoor
288015,Equisetum arvense,ForestWetPoor
288016,Equisetum arvense,ForestWetPoor
288596,Equisetum arvense,ForestWetPoor
288597,Equisetum arvense,ForestWetPoor
288598,Equisetum arvense,ForestWetPoor
288599,Equisetum arvense,ForestWetPoor
288600,Equisetum arvense,ForestWetPoor
288601,Equisetum arvense,ForestWetPoor
288602,Equisetum arvense,ForestWetPoor
288603,Equisetum arvense,ForestWetPoor
288604,Equisetum arvense,ForestWetPoor
288605,Equisetum arvense,ForestWetPoor
288606,Equisetum arvense,ForestWetPoor
288607,Equisetum arvense,ForestWetPoor
288608,Equisetum arvense,ForestWetPoor
288609,Equisetum arvense,ForestWetPoor
288610,Equisetum arvense,ForestWetPoor
288611,Equisetum arvense,ForestWetPoor
288612,Equisetum arvense,ForestWetPoor
288613,Equisetum arvense,ForestWetPoor
288614,Equisetum arvense,ForestWetPoor
288615,Equisetum arvense,ForestWetPoor
289195,Equisetum arvense,ForestWetPoor
289196,Equisetum arvense,ForestWetPoor
289197,e,ForestWetPoor
92618,Equisetum arvense,ForestWetPoor
92619,Equisetum arvense,ForestWetPoor
92620,Equisetum arvense,ForestWetPoor
93126,Equisetum arvense,ForestWetPoor
93127,Equisetum arvense,ForestWetPoor
93128,Equisetum arvense,ForestWetPoor
93129,Equisetum arvense,ForestWetPoor
93130,Equisetum arvense,ForestWetPoor
93131,Equisetum arvense,ForestWetPoor
93132,Equisetum arvense,ForestWetPoor
93133,Equisetum arvense,ForestWetPoor
93134,Equisetum arvense,ForestWetPoor
93135,Equisetum arvense,ForestWetPoor
93136,Equisetum arvense,ForestWetPoor
93137,Equisetum arvense,ForestWetPoor
93138,Equisetum arvense,ForestWetPoor
93139,Equisetum arvense,ForestWetPoor
93140,Equisetum arvense,ForestWetPoor
93141,Equisetum arvense,ForestWetPoor
93142,Equisetum arvense,ForestWetPoor
93143,Equisetum arvense,ForestWetPoor
93144,Equisetum arvense,ForestWetPoor
93145,Equisetum arvense,ForestWetPoor
93146,Equisetum arvense,ForestWetPoor
93147,Equisetum arvense,ForestWetPoor
93148,Equisetum arvense,ForestWetPoor
93149,Equisetum arvense,ForestWetPoor
93150,Equisetum arvense,ForestWetPoor
93151,Equisetum arvense,ForestWetPoor
93152,Equisetum arvense,ForestWetPoor
93153,Equisetum arvense,ForestWetPoor
93154,Equisetum arvense,ForestWetPoor
93155,Equisetum arvense,ForestWetPoor
93156,Equisetum arvense,ForestWetPoor
93157,Equisetum arvense,ForestWetPoor
93158,Equisetum arvense,ForestWetPoor
93159,Equisetum arvense,ForestWetPoor
93160,Equisetum arvense,ForestWetPoor
93161,Equisetum arvense,ForestWetPoor
93162,Equisetum arvense,ForestWetPoor
93163,Equisetum arvense,ForestWetPoor
93164,Equisetum arvense,ForestWetPoor
93165,Equisetum arvense,ForestWetPoor
93166,Equisetum arvense,ForestWetPoor
93167,Equisetum arvense,ForestWetPoor
93168,Equisetum arvense,ForestWetPoor
93169,Equisetum arvense,ForestWetPoor
93170,Equisetum arvense,ForestWetPoor
93171,Equisetum arvense,ForestWetPoor
93172,Equisetum arvense,ForestWetPoor
93173,Equisetum arvense,ForestWetPoor
93174,Equisetum arvense,ForestWetPoor
93175,Equisetum arvense,ForestWetPoor
93176,Equisetum arvense,ForestWetPoor
93177,Equisetum arvense,ForestWetPoor
93178,Equisetum arvense,ForestWetPoor
93179,Equisetum arvense,ForestWetPoor
93180,Equisetum arvense,ForestWetPoor
93181,Equisetum arvense,ForestWetPoor
93182,Equisetum arvense,ForestWetPoor
93183,Equisetum arvense,ForestWetPoor
93184,Equisetum arvense,ForestWetPoor
93185,Equisetum arvense,ForestWetPoor
93186,Equisetum arvense,ForestWetPoor
93187,Equisetum arvense,ForestWetPoor
93188,Equisetum arvense,ForestWetPoor
93189,Equisetum arvense,ForestWetPoor
93190,Equisetum arvense,ForestWetPoor
93191,Equisetum arvense,ForestWetPoor
93192,Equisetum arvense,ForestWetPoor
93193,Equisetum arvense,ForestWetPoor
93194,Equisetum arvense,ForestWetPoor
93195,Equisetum arvense,ForestWetPoor
93196,Equisetum arvense,ForestWetPoor
93197,Equisetum arvense,ForestWetPoor
93198,Equisetum arvense,ForestWetPoor
93199,Equisetum arvense,ForestWetPoor
93200,Equisetum arvense,ForestWetPoor
93201,Equisetum arvense,ForestWetPoor
93202,Equisetum arvense,ForestWetPoor
93203,Equisetum arvense,ForestWetPoor
93204,Equisetum arvense,ForestWetPoor
93205,Equisetum arvense,ForestWetPoor
93206,Equisetum arvense,ForestWetPoor
93207,Equisetum arvense,ForestWetPoor
93208,Equisetum arvense,ForestWetPoor
93209,Equisetum arvense,ForestWetPoor
93210,Equisetum arvense,ForestWetPoor
93211,Equisetum arvense,ForestWetPoor
93212,Equisetum arvense,ForestWetPoor
93213,Equisetum arvense,ForestWetPoor
93214,Equisetum arvense,ForestWetPoor
93215,Equisetum arvense,ForestWetPoor
93216,Equisetum arvense,ForestWetPoor
93217,Equisetum arvense,ForestWetPoor
93218,Equisetum arvense,ForestWetPoor
93726,Equisetum arvense,ForestWetPoor
93727,Equisetum arvense,ForestWetPoor
93728,Equisetum arvense,ForestWetPoor
93729,Equisetum arvense,ForestWetPoor
93730,Equisetum arvense,ForestWetPoor
93731,Equisetum arvense,ForestWetPoor
93732,Equisetum arvense,ForestWetPoor
93733,Equisetum arvense,ForestWetPoor
93734,Equisetum arvense,ForestWetPoor
93735,Equisetum arvense,ForestWetPoor
93736,Equisetum arvense,ForestWetPoor
93737,EquisetuEquisetum arvense,ForestWetPoor
90201,Equisetum arvense,ForestWetPoor
90202,Equisetum arvense,ForestWetPoor
90203,Equisetum arvense,ForestWetPoor
90204,Equisetum arvense,ForestWetPoor
90205,Equisetum arvense,ForestWetPoor
90206,Equisetum arvense,ForestWetPoor
90207,Equisetum arvense,ForestWetPoor
90208,Equisetum arvense,ForestWetPoor
90209,Equisetum arvense,ForestWetPoor
90210,Equisetum arvense,ForestWetPoor
90211,Equisetum arvense,ForestWetPoor
90212,Equisetum arvense,ForestWetPoor
90213,Equisetum arvense,ForestWetPoor
90214,Equisetum arvense,ForestWetPoor
90215,Equisetum arvense,ForestWetPoor
90216,Equisetum arvense,ForestWetPoor
90217,Equisetum arvense,ForestWetPoor
90218,Equisetum arvense,ForestWetPoor
90219,Equisetum arvense,ForestWetPoor
90220,Equisetum arvense,ForestWetPoor
90221,Equisetum arvense,ForestWetPoor
90222,Equisetum arvense,ForestWetPoor
90223,Equisetum arvense,ForestWetPoor
90224,Equisetum arvense,ForestWetPoor
90225,Equisetum arvense,ForestWetPoor
90226,Equisetum arvense,ForestWetPoor
90772,Equisetum arvense,ForestWetPoor
90773,Equisetum arvense,ForestWetPoor
90774,Equisetum arvense,ForestWetPoor
90775,Equisetum arvense,ForestWetPoor
90776,Equisetum arvense,ForestWetPoor
90777,Equisetum arvense,ForestWetPoor
90778,Equisetum arvense,ForestWetPoor
90779,Equisetum arvense,ForestWetPoor
90780,Equisetum arvense,ForestWetPoor
90781,Equisetum arvense,ForestWetPoor
90782,Equisetum arvense,ForestWetPoor
90783,Equisetum arvense,ForestWetPoor
90784,Equisetum arvense,ForestWetPoor
90785,Equisetum arvense,ForestWetPoor
90786,Equisetum arvense,ForestWetPoor
90787,Equisetum arvense,ForestWetPoor
90788,Equisetum arvense,ForestWetPoor
90789,Equisetum arvense,ForestWetPoor
90790,Equisetum arvense,ForestWetPoor
90791,Equisetum arvense,ForestWetPoor
90792,Equisetum arvense,ForestWetPoor
90793,Equisetum arvense,ForestWetPoor
90794,Equisetum arvense,ForestWetPoor
90795,Equisetum arvense,ForestWetPoor
90796,Equisetum arvense,ForestWetPoor
90797,Equisetum arvense,ForestWetPoor
90798,Equisetum arvense,ForestWetPoor
90799,Equisetum arvense,ForestWetPoor
90800,Equisetum arvense,ForestWetPoor
90801,Equisetum arvense,ForestWetPoor
90802,Equisetum arvense,ForestWetPoor
90803,Equisetum arvense,ForestWetPoor
90804,Equisetum arvense,ForestWetPoor
90805,Equisetum arvense,ForestWetPoor
90806,Equisetum arvense,ForestWetPoor
90807,Equisetum arvense,ForestWetPoor
90808,Equisetum arvense,ForestWetPoor
90809,Equisetum arvense,ForestWetPoor
90810,Equisetum arvense,ForestWetPoor
90811,Equisetum arvense,ForestWetPoor
90812,Equisetum arvense,ForestWetPoor
90813,Equisetum arvense,ForestWetPoor
90814,Equisetum arvense,ForestWetPoor
90815,Equisetum arvense,ForestWetPoor
90816,Equisetum arvense,ForestWetPoor
90817,Equisetum arvense,ForestWetPoor
90818,Equisetum arvense,ForestWetPoor
90819,Equisetum arvense,ForestWetPoor
90820,Equisetum arvense,ForestWetPoor
90821,Equisetum arvense,ForestWetPoor
90822,Equisetum arvense,ForestWetPoor
90823,Equisetum arvense,ForestWetPoor
90824,Equisetum arvense,ForestWetPoor
90825,Equisetum arvense,ForestWetPoor
91371,Equisetum arvense,ForestWetPoor
91372,Equisetum arvense,ForestWetPoor
91373,Equisetum arvense,ForestWetPoor
91374,Equisetum arvense,ForestWetPoor
91375,Equisetum arvense,ForestWetPoor
91376,Equisetum arvense,ForestWetPoor
91377,Equisetum arvense,ForestWetPoor
91378,Equisetum arvense,ForestWetPoor
91379,Equisetum arvense,ForestWetPoor
91380,Equisetum arvense,ForestWetPoor
91381,Equisetum arvense,ForestWetPoor
91382,Equisetum arvense,ForestWetPoor
91383,Equisetum arvense,ForestWetPoor
91384,Equisetum arvense,ForestWetPoor
91385,Equisetum arvense,ForestWetPoor
91386,Equisetum arvense,ForestWetPoor
91387,Equisetum arvense,ForestWetPoor
91388,Equisetum arvense,ForestWetPoor
91389,Equisetum arvense,ForestWetPoor
91390,Equisetum arvense,ForestWetPoor
91391,Equisetum arvense,ForestWetPoor
91392,Equisetum arvense,ForestWetPoor
91393,Equisetum arvense,ForestWetPoor
91394,Equisetum arvense,ForestWetPoor
91395,Equisetum arvense,ForestWetPoor
91396,Equisetum arvense,ForestWetPoor
91397,Equisetum arvense,ForestWetPooEquisetum arvense,ForestWetPoor
289198,Equisetum arvense,ForestWetPoor
289199,Equisetum arvense,ForestWetPoor
289200,Equisetum arvense,ForestWetPoor
289201,Equisetum arvense,ForestWetPoor
289202,Equisetum arvense,ForestWetPoor
289203,Equisetum arvense,ForestWetPoor
289204,Equisetum arvense,ForestWetPoor
289205,Equisetum arvense,ForestWetPoor
289206,Equisetum arvense,ForestWetPoor
289207,Equisetum arvense,ForestWetPoor
289208,Equisetum arvense,ForestWetPoor
289209,Equisetum arvense,ForestWetPoor
289210,Equisetum arvense,ForestWetPoor
289211,Equisetum arvense,ForestWetPoor
289212,Equisetum arvense,ForestWetPoor
289213,Equisetum arvense,ForestWetPoor
289214,Equisetum arvense,ForestWetPoor
289794,Equisetum arvense,ForestWetPoor
289795,Equisetum arvense,ForestWetPoor
289796,Equisetum arvense,ForestWetPoor
289797,Equisetum arvense,ForestWetPoor
289798,Equisetum arvense,ForestWetPoor
289799,Equisetum arvense,ForestWetPoor
289800,Equisetum arvense,ForestWetPoor
289801,Equisetum arvense,ForestWetPoor
289802,Equisetum arvense,ForestWetPoor
289803,Equisetum arvense,ForestWetPoor
289804,Equisetum arvense,ForestWetPoor
289805,Equisetum arvense,ForestWetPoor
289806,Equisetum arvense,ForestWetPoor
289807,Equisetum arvense,ForestWetPoor
289808,Equisetum arvense,ForestWetPoor
289809,Equisetum arvense,ForestWetPoor
289810,Equisetum arvense,ForestWetPoor
289811,Equisetum arvense,ForestWetPoor
289812,Equisetum arvense,ForestWetPoor
289813,Equisetum arvense,ForestWetPoor
restWetPoor
87226,Equisetum arvense,ForestWetPoor
87227,Equisetum arvense,ForestWetPoor
87228,Equisetum arvense,ForestWetPoor
87229,Equisetum arvense,ForestWetPoor
87230,Equisetum arvense,ForestWetPoor
87231,Equisetum arvense,ForestWetPoor
87738,Equisetum arvense,ForestWetPoor
87739,Equisetum arvense,ForestWetPoor
87740,Equisetum arvense,ForestWetPoor
87741,Equisetum arvense,ForestWetPoor
87742,Equisetum arvense,ForestWetPoor
87743,Equisetum arvense,ForestWetPoor
87744,Equisetum arvense,ForestWetPoor
87745,Equisetum arvense,ForestWetPoor
87746,Equisetum arvense,ForestWetPoor
87747,Equisetum arvense,ForestWetPoor
87748,Equisetum arvense,ForestWetPoor
87749,Equisetum arvense,ForestWetPoor
87750,Equisetum arvense,ForestWetPoor
87751,Equisetum arvense,ForestWetPoor
87752,Equisetum arvense,ForestWetPoor
87753,Equisetum arvense,ForestWetPoor
87754,Equisetum arvense,ForestWetPoor
87755,Equisetum arvense,ForestWetPoor
87756,Equisetum arvense,ForestWetPoor
87757,Equisetum arvense,ForestWetPoor
87758,Equisetum arvense,ForestWetPoor
87759,Equisetum arvense,ForestWetPoor
87760,Equisetum arvense,ForestWetPoor
87761,Equisetum arvense,ForestWetPoor
87762,Equisetum arvense,ForestWetPoor
87763,Equisetum arvense,ForestWetPoor
87764,Equisetum arvense,ForestWetPoor
87765,Equisetum arvense,ForestWetPoor
87766,Equisetum arvense,ForestWetPoor
87767,Equisetum arvense,ForestWetPoor
87768,Equisetum arvense,ForestWetPoor
87769,Equisetum arvense,ForestWetPoor
87770,Equisetum arvense,ForestWetPoor
87771,Equisetum arvense,ForestWetPoor
87772,Equisetum arvense,ForestWetPoor
87773,Equisetum arvense,ForestWetPoor
87774,Equisetum arvense,ForestWetPoor
87775,Equisetum arvense,ForestWetPoor
87776,Equisetum arvense,ForestWetPoor
87777,Equisetum arvense,ForestWetPoor
87778,Equisetum arvense,ForestWetPoor
87779,Equisetum arvense,ForestWetPoor
87780,Equisetum arvense,ForestWetPoor
87781,Equisetum arvense,ForestWetPoor
87782,Equisetum arvense,ForestWetPoor
87783,Equisetum arvense,ForestWetPoor
87784,Equisetum arvense,ForestWetPoor
87785,Equisetum arvense,ForestWetPoor
87786,Equisetum arvense,ForestWetPoor
87787,Equisetum arvense,ForestWetPoor
87788,Equisetum arvense,ForestWetPoor
87789,Equisetum arvense,ForestWetPoor
87790,Equisetum arvense,ForestWetPoor
87791,Equisetum arvense,ForestWetPoor
87792,Equisetum arvense,ForestWetPoor
87793,Equisetum arvense,ForestWetPoor
87794,Equisetum arvense,ForestWetPoor
87795,Equisetum arvense,ForestWetPoor
87796,Equisetum arvense,ForestWetPoor
87797,Equisetum arvense,ForestWetPoor
87798,Equisetum arvense,ForestWetPoor
87799,Equisetum arvense,ForestWetPoor
87800,Equisetum arvense,ForestWetPoor
87801,Equisetum arvense,ForestWetPoor
87802,Equisetum arvense,ForestWetPoor
87803,Equisetum arvense,ForestWetPoor
87804,Equisetum arvense,ForestWetPoor
87805,Equisetum arvense,ForestWetPoor
87806,Equisetum arvense,ForestWetPoor
87807,Equisetum arvense,ForestWetPoor
87808,Equisetum arvense,ForestWetPoor
87809,Equisetum arvense,ForestWetPoor
87810,Equisetum arvense,ForestWetPoor
87811,Equisetum arvense,ForestWetPoor
87812,Equisetum arvense,ForestWetPoor
87813,Equisetum arvense,ForestWetPoor
87814,Equisetum arvense,ForestWetPoor
87815,Equisetum arvense,ForestWetPoor
87816,Equisetum arvense,ForestWetPoor
87817,Equisetum arvense,ForestWetPoor
87818,Equisetum arvense,ForestWetPoor
87819,Equisetum arvense,ForestWetPoor
87820,Equisetum arvense,ForestWetPoor
87821,Equisetum arvense,ForestWetPoor
87822,Equisetum arvense,ForestWetPoor
87823,Equisetum arvense,ForestWetPoor
87824,Equisetum arvense,ForestWetPoor
87825,Equisetum arvense,ForestWetPoor
87826,Equisetum arvense,ForestWetPoor
87827,Equisetum arvense,ForestWetPoor
87828,Equisetum arvense,ForestWetPoor
87829,Equisetum arvense,ForestWetPoor
87830,Equisetum arvense,ForestWetPoor
88337,Equisetum arvense,ForestWetPoor
88338,Equisetum arvense,ForestWetPoor
88339,Equisetum arvense,ForestWetPoor
88340,Equisetum arvense,ForestWetPoor
88341,Equisetum arvense,ForestWetPoor
88342,Equisetum arvense,ForestWetPoor
88343,Equisetum arvense,ForestWetPoor
88344,Equisetum arvense,ForestWetPoor
88345,Equisetum arm arvense,ForestWetPoor
93738,Equisetum arvense,ForestWetPoor
93739,Equisetum arvense,ForestWetPoor
93740,Equisetum arvense,ForestWetPoor
93741,Equisetum arvense,ForestWetPoor
93742,Equisetum arvense,ForestWetPoor
93743,Equisetum arvense,ForestWetPoor
93744,Equisetum arvense,ForestWetPoor
93745,Equisetum arvense,ForestWetPoor
93746,Equisetum arvense,ForestWetPoor
93747,Equisetum arvense,ForestWetPoor
93748,Equisetum arvense,ForestWetPoor
93749,Equisetum arvense,ForestWetPoor
93750,Equisetum arvense,ForestWetPoor
93751,Equisetum arvense,ForestWetPoor
93752,Equisetum arvense,ForestWetPoor
93753,Equisetum arvense,ForestWetPoor
93754,Equisetum arvense,ForestWetPoor
93755,Equisetum arvense,ForestWetPoor
93756,Equisetum arvense,ForestWetPoor
93757,Equisetum arvense,ForestWetPoor
93758,Equisetum arvense,ForestWetPoor
93759,Equisetum arvense,ForestWetPoor
93760,Equisetum arvense,ForestWetPoor
93761,Equisetum arvense,ForestWetPoor
93762,Equisetum arvense,ForestWetPoor
93763,Equisetum arvense,ForestWetPoor
93764,Equisetum arvense,ForestWetPoor
93765,Equisetum arvense,ForestWetPoor
93766,Equisetum arvense,ForestWetPoor
93767,Equisetum arvense,ForestWetPoor
93768,Equisetum arvense,ForestWetPoor
93769,Equisetum arvense,ForestWetPoor
93770,Equisetum arvense,ForestWetPoor
93771,Equisetum arvense,ForestWetPoor
93772,Equisetum arvense,ForestWetPoor
93773,Equisetum arvense,ForestWetPoor
93774,Equisetum arvense,ForestWetPoor
93775,Equisetum arvense,ForestWetPoor
93776,Equisetum arvense,ForestWetPoor
93777,Equisetum arvense,ForestWetPoor
93778,Equisetum arvense,ForestWetPoor
93779,Equisetum arvense,ForestWetPoor
93780,Equisetum arvense,ForestWetPoor
93781,Equisetum arvense,ForestWetPoor
93782,Equisetum arvense,ForestWetPoor
93783,Equisetum arvense,ForestWetPoor
93784,Equisetum arvense,ForestWetPoor
93785,Equisetum arvense,ForestWetPoor
93786,Equisetum arvense,ForestWetPoor
93787,Equisetum arvense,ForestWetPoor
93788,Equisetum arvense,ForestWetPoor
93789,Equisetum arvense,ForestWetPoor
93790,Equisetum arvense,ForestWetPoor
93791,Equisetum arvense,ForestWetPoor
93792,Equisetum arvense,ForestWetPoor
93793,Equisetum arvense,ForestWetPoor
93794,Equisetum arvense,ForestWetPoor
93795,Equisetum arvense,ForestWetPoor
93796,Equisetum arvense,ForestWetPoor
93797,Equisetum arvense,ForestWetPoor
93798,Equisetum arvense,ForestWetPoor
93799,Equisetum arvense,ForestWetPoor
93800,Equisetum arvense,ForestWetPoor
93801,Equisetum arvense,ForestWetPoor
93802,Equisetum arvense,ForestWetPoor
93803,Equisetum arvense,ForestWetPoor
93804,Equisetum arvense,ForestWetPoor
93805,Equisetum arvense,ForestWetPoor
93806,Equisetum arvense,ForestWetPoor
93807,Equisetum arvense,ForestWetPoor
93808,Equisetum arvense,ForestWetPoor
93809,Equisetum arvense,ForestWetPoor
93810,Equisetum arvense,ForestWetPoor
93811,Equisetum arvense,ForestWetPoor
93812,Equisetum arvense,ForestWetPoor
93813,Equisetum arvense,ForestWetPoor
93814,Equisetum arvense,ForestWetPoor
93815,Equisetum arvense,ForestWetPoor
93816,Equisetum arvense,ForestWetPoor
93817,Equisetum arvense,ForestWetPoor
94325,Equisetum arvense,ForestWetPoor
94326,Equisetum arvense,ForestWetPoor
94327,Equisetum arvense,ForestWetPoor
94328,Equisetum arvense,ForestWetPoor
94329,Equisetum arvense,ForestWetPoor
94330,Equisetum arvense,ForestWetPoor
94331,Equisetum arvense,ForestWetPoor
94332,Equisetum arvense,ForestWetPoor
94333,Equisetum arvense,ForestWetPoor
94334,Equisetum arvense,ForestWetPoor
94335,Equisetum arvense,ForestWetPoor
94336,Equisetum arvense,ForestWetPoor
94337,Equisetum arvense,ForestWetPoor
94338,Equisetum arvense,ForestWetPoor
94339,Equisetum arvense,ForestWetPoor
94340,Equisetum arvense,ForestWetPoor
94341,Equisetum arvense,ForestWetPoor
94342,Equisetum arvense,ForestWetPoor
94343,Equisetum arvense,ForestWetPoor
94344,Equisetum arvense,ForestWetPoor
94345,Equisetum arvense,ForestWetPoor
94346,Equisetum arvense,ForestWetPoor
94347,Equisetum arvense,ForestWetPoor
94348,Equisetum arvense,ForestWetPoor
94349,Equisetum arvense,ForestWetPoor
94350,Equisetum arvense,ForestWetPoor
94351,Equisetum arvense,ForestWetPoor
94352,r
91398,Equisetum arvense,ForestWetPoor
91399,Equisetum arvense,ForestWetPoor
91400,Equisetum arvense,ForestWetPoor
91401,Equisetum arvense,ForestWetPoor
91402,Equisetum arvense,ForestWetPoor
91403,Equisetum arvense,ForestWetPoor
91404,Equisetum arvense,ForestWetPoor
91405,Equisetum arvense,ForestWetPoor
91406,Equisetum arvense,ForestWetPoor
91407,Equisetum arvense,ForestWetPoor
91408,Equisetum arvense,ForestWetPoor
91409,Equisetum arvense,ForestWetPoor
91410,Equisetum arvense,ForestWetPoor
91411,Equisetum arvense,ForestWetPoor
91412,Equisetum arvense,ForestWetPoor
91413,Equisetum arvense,ForestWetPoor
91414,Equisetum arvense,ForestWetPoor
91415,Equisetum arvense,ForestWetPoor
91416,Equisetum arvense,ForestWetPoor
91417,Equisetum arvense,ForestWetPoor
91418,Equisetum arvense,ForestWetPoor
91419,Equisetum arvense,ForestWetPoor
91420,Equisetum arvense,ForestWetPoor
91421,Equisetum arvense,ForestWetPoor
91422,Equisetum arvense,ForestWetPoor
91423,Equisetum arvense,ForestWetPoor
91424,Equisetum arvense,ForestWetPoor
91970,Equisetum arvense,ForestWetPoor
91971,Equisetum arvense,ForestWetPoor
91972,Equisetum arvense,ForestWetPoor
91973,Equisetum arvense,ForestWetPoor
91974,Equisetum arvense,ForestWetPoor
91975,Equisetum arvense,ForestWetPoor
91976,Equisetum arvense,ForestWetPoor
91977,Equisetum arvense,ForestWetPoor
91978,Equisetum arvense,ForestWetPoor
91979,Equisetum arvense,ForestWetPoor
91980,Equisetum arvense,ForestWetPoor
91981,Equisetum arvense,ForestWetPoor
91982,Equisetum arvense,ForestWetPoor
91983,Equisetum arvense,ForestWetPoor
91984,Equisetum arvense,ForestWetPoor
91985,Equisetum arvense,ForestWetPoor
91986,Equisetum arvense,ForestWetPoor
91987,Equisetum arvense,ForestWetPoor
91988,Equisetum arvense,ForestWetPoor
91989,Equisetum arvense,ForestWetPoor
91990,Equisetum arvense,ForestWetPoor
91991,Equisetum arvense,ForestWetPoor
91992,Equisetum arvense,ForestWetPoor
91993,Equisetum arvense,ForestWetPoor
91994,Equisetum arvense,ForestWetPoor
91995,Equisetum arvense,ForestWetPoor
91996,Equisetum arvense,ForestWetPoor
91997,Equisetum arvense,ForestWetPoor
91998,Equisetum arvense,ForestWetPoor
91999,Equisetum arvense,ForestWetPoor
92000,Equisetum arvense,ForestWetPoor
92001,Equisetum arvense,ForestWetPoor
92002,Equisetum arvense,ForestWetPoor
92003,Equisetum arvense,ForestWetPoor
92004,Equisetum arvense,ForestWetPoor
92005,Equisetum arvense,ForestWetPoor
92006,Equisetum arvense,ForestWetPoor
92007,Equisetum arvense,ForestWetPoor
92008,Equisetum arvense,ForestWetPoor
92009,Equisetum arvense,ForestWetPoor
92010,Equisetum arvense,ForestWetPoor
92011,Equisetum arvense,ForestWetPoor
92012,Equisetum arvense,ForestWetPoor
92013,Equisetum arvense,ForestWetPoor
92014,Equisetum arvense,ForestWetPoor
92015,Equisetum arvense,ForestWetPoor
92016,Equisetum arvense,ForestWetPoor
92017,Equisetum arvense,ForestWetPoor
92018,Equisetum arvense,ForestWetPoor
92019,Equisetum arvense,ForestWetPoor
92020,Equisetum arvense,ForestWetPoor
92021,Equisetum arvense,ForestWetPoor
92022,Equisetum arvense,ForestWetPoor
92023,Equisetum arvense,ForestWetPoor
92569,Equisetum arvense,ForestWetPoor
92570,Equisetum arvense,ForestWetPoor
92571,Equisetum arvense,ForestWetPoor
92572,Equisetum arvense,ForestWetPoor
92573,Equisetum arvense,ForestWetPoor
92574,Equisetum arvense,ForestWetPoor
92575,Equisetum arvense,ForestWetPoor
92576,Equisetum arvense,ForestWetPoor
92577,Equisetum arvense,ForestWetPoor
92578,Equisetum arvense,ForestWetPoor
92579,Equisetum arvense,ForestWetPoor
92580,Equisetum arvense,ForestWetPoor
92581,Equisetum arvense,ForestWetPoor
92582,Equisetum arvense,ForestWetPoor
92583,Equisetum arvense,ForestWetPoor
92584,Equisetum arvense,ForestWetPoor
92585,Equisetum arvense,ForestWetPoor
92586,Equisetum arvense,ForestWetPoor
92587,Equisetum arvense,ForestWetPoor
92588,Equisetum arvense,ForestWetPoor
92589,Equisetum arvense,ForestWetPoor
92590,Equisetum arvense,ForestWetPoor
92591,Equisetum arvense,ForestWetPoor
92592,Equisetum arvense,ForestWetPoor
92593,Equisetum arvense,ForestWetPoor
92594,Equisetum arvense,ForestWetPoor
92595,Equisetum arvense,Forevense,ForestWetPoor
88346,Equisetum arvense,ForestWetPoor
88347,Equisetum arvense,ForestWetPoor
88348,Equisetum arvense,ForestWetPoor
88349,Equisetum arvense,ForestWetPoor
88350,Equisetum arvense,ForestWetPoor
88351,Equisetum arvense,ForestWetPoor
88352,Equisetum arvense,ForestWetPoor
88353,Equisetum arvense,ForestWetPoor
88354,Equisetum arvense,ForestWetPoor
88355,Equisetum arvense,ForestWetPoor
88356,Equisetum arvense,ForestWetPoor
88357,Equisetum arvense,ForestWetPoor
88358,Equisetum arvense,ForestWetPoor
88359,Equisetum arvense,ForestWetPoor
88360,Equisetum arvense,ForestWetPoor
88361,Equisetum arvense,ForestWetPoor
88362,Equisetum arvense,ForestWetPoor
88363,Equisetum arvense,ForestWetPoor
88364,Equisetum arvense,ForestWetPoor
88365,Equisetum arvense,ForestWetPoor
88366,Equisetum arvense,ForestWetPoor
88367,Equisetum arvense,ForestWetPoor
88368,Equisetum arvense,ForestWetPoor
88369,Equisetum arvense,ForestWetPoor
88370,Equisetum arvense,ForestWetPoor
88371,Equisetum arvense,ForestWetPoor
88372,Equisetum arvense,ForestWetPoor
88373,Equisetum arvense,ForestWetPoor
88374,Equisetum arvense,ForestWetPoor
88375,Equisetum arvense,ForestWetPoor
88376,Equisetum arvense,ForestWetPoor
88377,Equisetum arvense,ForestWetPoor
88378,Equisetum arvense,ForestWetPoor
88379,Equisetum arvense,ForestWetPoor
88380,Equisetum arvense,ForestWetPoor
88381,Equisetum arvense,ForestWetPoor
88382,Equisetum arvense,ForestWetPoor
88383,Equisetum arvense,ForestWetPoor
88384,Equisetum arvense,ForestWetPoor
88385,Equisetum arvense,ForestWetPoor
88386,Equisetum arvense,ForestWetPoor
88387,Equisetum arvense,ForestWetPoor
88388,Equisetum arvense,ForestWetPoor
88389,Equisetum arvense,ForestWetPoor
88390,Equisetum arvense,ForestWetPoor
88391,Equisetum arvense,ForestWetPoor
88392,Equisetum arvense,ForestWetPoor
88393,Equisetum arvense,ForestWetPoor
88394,Equisetum arvense,ForestWetPoor
88395,Equisetum arvense,ForestWetPoor
88396,Equisetum arvense,ForestWetPoor
88397,Equisetum arvense,ForestWetPoor
88398,Equisetum arvense,ForestWetPoor
88399,Equisetum arvense,ForestWetPoor
88400,Equisetum arvense,ForestWetPoor
88401,Equisetum arvense,ForestWetPoor
88402,Equisetum arvense,ForestWetPoor
88403,Equisetum arvense,ForestWetPoor
88404,Equisetum arvense,ForestWetPoor
88405,Equisetum arvense,ForestWetPoor
88406,Equisetum arvense,ForestWetPoor
88407,Equisetum arvense,ForestWetPoor
88408,Equisetum arvense,ForestWetPoor
88409,Equisetum arvense,ForestWetPoor
88410,Equisetum arvense,ForestWetPoor
88411,Equisetum arvense,ForestWetPoor
88412,Equisetum arvense,ForestWetPoor
88413,Equisetum arvense,ForestWetPoor
88414,Equisetum arvense,ForestWetPoor
88415,Equisetum arvense,ForestWetPoor
88416,Equisetum arvense,ForestWetPoor
88417,Equisetum arvense,ForestWetPoor
88418,Equisetum arvense,ForestWetPoor
88419,Equisetum arvense,ForestWetPoor
88420,Equisetum arvense,ForestWetPoor
88421,Equisetum arvense,ForestWetPoor
88422,Equisetum arvense,ForestWetPoor
88423,Equisetum arvense,ForestWetPoor
88424,Equisetum arvense,ForestWetPoor
88425,Equisetum arvense,ForestWetPoor
88426,Equisetum arvense,ForestWetPoor
88427,Equisetum arvense,ForestWetPoor
88428,Equisetum arvense,ForestWetPoor
88429,Equisetum arvense,ForestWetPoor
88936,Equisetum arvense,ForestWetPoor
88937,Equisetum arvense,ForestWetPoor
88938,Equisetum arvense,ForestWetPoor
88939,Equisetum arvense,ForestWetPoor
88940,Equisetum arvense,ForestWetPoor
88941,Equisetum arvense,ForestWetPoor
88942,Equisetum arvense,ForestWetPoor
88943,Equisetum arvense,ForestWetPoor
88944,Equisetum arvense,ForestWetPoor
88945,Equisetum arvense,ForestWetPoor
88946,Equisetum arvense,ForestWetPoor
88947,Equisetum arvense,ForestWetPoor
88948,Equisetum arvense,ForestWetPoor
88949,Equisetum arvense,ForestWetPoor
88950,Equisetum arvense,ForestWetPoor
88951,Equisetum arvense,ForestWetPoor
88952,Equisetum arvense,ForestWetPoor
88953,Equisetum arvense,ForestWetPoor
88954,Equisetum arvense,ForestWetPoor
88955,Equisetum arvense,ForestWetPoor
88956,Equisetum arvense,ForestWetPoor
88957,Equisetum arvense,ForestWetPoor
88958,Equisetum arvense,ForestWetPoor
88959,EquiEquisetum arvense,ForestWetPoor
94353,Equisetum arvense,ForestWetPoor
94354,Equisetum arvense,ForestWetPoor
94355,Equisetum arvense,ForestWetPoor
94356,Equisetum arvense,ForestWetPoor
94357,Equisetum arvense,ForestWetPoor
94358,Equisetum arvense,ForestWetPoor
94359,Equisetum arvense,ForestWetPoor
94360,Equisetum arvense,ForestWetPoor
94361,Equisetum arvense,ForestWetPoor
94362,Equisetum arvense,ForestWetPoor
94363,Equisetum arvense,ForestWetPoor
94364,Equisetum arvense,ForestWetPoor
94365,Equisetum arvense,ForestWetPoor
94366,Equisetum arvense,ForestWetPoor
94367,Equisetum arvense,ForestWetPoor
94368,Equisetum arvense,ForestWetPoor
94369,Equisetum arvense,ForestWetPoor
94370,Equisetum arvense,ForestWetPoor
94371,Equisetum arvense,ForestWetPoor
94372,Equisetum arvense,ForestWetPoor
94373,Equisetum arvense,ForestWetPoor
94374,Equisetum arvense,ForestWetPoor
94375,Equisetum arvense,ForestWetPoor
94376,Equisetum arvense,ForestWetPoor
94377,Equisetum arvense,ForestWetPoor
94378,Equisetum arvense,ForestWetPoor
94379,Equisetum arvense,ForestWetPoor
94380,Equisetum arvense,ForestWetPoor
94381,Equisetum arvense,ForestWetPoor
94382,Equisetum arvense,ForestWetPoor
94383,Equisetum arvense,ForestWetPoor
94384,Equisetum arvense,ForestWetPoor
94385,Equisetum arvense,ForestWetPoor
94386,Equisetum arvense,ForestWetPoor
94387,Equisetum arvense,ForestWetPoor
94388,Equisetum arvense,ForestWetPoor
94389,Equisetum arvense,ForestWetPoor
94390,Equisetum arvense,ForestWetPoor
94391,Equisetum arvense,ForestWetPoor
94392,Equisetum arvense,ForestWetPoor
94393,Equisetum arvense,ForestWetPoor
94394,Equisetum arvense,ForestWetPoor
94395,Equisetum arvense,ForestWetPoor
94396,Equisetum arvense,ForestWetPoor
94397,Equisetum arvense,ForestWetPoor
94398,Equisetum arvense,ForestWetPoor
94399,Equisetum arvense,ForestWetPoor
94400,Equisetum arvense,ForestWetPoor
94401,Equisetum arvense,ForestWetPoor
94402,Equisetum arvense,ForestWetPoor
94403,Equisetum arvense,ForestWetPoor
94404,Equisetum arvense,ForestWetPoor
94405,Equisetum arvense,ForestWetPoor
94406,Equisetum arvense,ForestWetPoor
94407,Equisetum arvense,ForestWetPoor
94408,Equisetum arvense,ForestWetPoor
94409,Equisetum arvense,ForestWetPoor
94410,Equisetum arvense,ForestWetPoor
94411,Equisetum arvense,ForestWetPoor
94412,Equisetum arvense,ForestWetPoor
94413,Equisetum arvense,ForestWetPoor
94414,Equisetum arvense,ForestWetPoor
94415,Equisetum arvense,ForestWetPoor
94925,Equisetum arvense,ForestWetPoor
94926,Equisetum arvense,ForestWetPoor
94927,Equisetum arvense,ForestWetPoor
94928,Equisetum arvense,ForestWetPoor
94929,Equisetum arvense,ForestWetPoor
94930,Equisetum arvense,ForestWetPoor
94931,Equisetum arvense,ForestWetPoor
94932,Equisetum arvense,ForestWetPoor
94933,Equisetum arvense,ForestWetPoor
94934,Equisetum arvense,ForestWetPoor
94935,Equisetum arvense,ForestWetPoor
94936,Equisetum arvense,ForestWetPoor
94937,Equisetum arvense,ForestWetPoor
94938,Equisetum arvense,ForestWetPoor
94939,Equisetum arvense,ForestWetPoor
94940,Equisetum arvense,ForestWetPoor
94941,Equisetum arvense,ForestWetPoor
94942,Equisetum arvense,ForestWetPoor
94943,Equisetum arvense,ForestWetPoor
94944,Equisetum arvense,ForestWetPoor
94945,Equisetum arvense,ForestWetPoor
94946,Equisetum arvense,ForestWetPoor
94947,Equisetum arvense,ForestWetPoor
94948,Equisetum arvense,ForestWetPoor
94949,Equisetum arvense,ForestWetPoor
94950,Equisetum arvense,ForestWetPoor
94951,Equisetum arvense,ForestWetPoor
94952,Equisetum arvense,ForestWetPoor
94953,Equisetum arvense,ForestWetPoor
94954,Equisetum arvense,ForestWetPoor
94955,Equisetum arvense,ForestWetPoor
94956,Equisetum arvense,ForestWetPoor
94957,Equisetum arvense,ForestWetPoor
94958,Equisetum arvense,ForestWetPoor
94959,Equisetum arvense,ForestWetPoor
94960,Equisetum arvense,ForestWetPoor
94961,Equisetum arvense,ForestWetPoor
94962,Equisetum arvense,ForestWetPoor
94963,Equisetum arvense,ForestWetPoor
94964,Equisetum arvense,ForestWetPoor
94965,Equisetum arvense,ForestWetPoor
94966,Equisetum arvense,ForestWetPoor
94967,Equisetum arvense,ForestWetPoor
94968,Equisetum arvense,ForestWetPoostWetPoor
92596,Equisetum arvense,ForestWetPoor
92597,Equisetum arvense,ForestWetPoor
92598,Equisetum arvense,ForestWetPoor
92599,Equisetum arvense,ForestWetPoor
92600,Equisetum arvense,ForestWetPoor
92601,Equisetum arvense,ForestWetPoor
92602,Equisetum arvense,ForestWetPoor
92603,Equisetum arvense,ForestWetPoor
92604,Equisetum arvense,ForestWetPoor
92605,Equisetum arvense,ForestWetPoor
92606,Equisetum arvense,ForestWetPoor
92607,Equisetum arvense,ForestWetPoor
92608,Equisetum arvense,ForestWetPoor
92609,Equisetum arvense,ForestWetPoor
92610,Equisetum arvense,ForestWetPoor
92611,Equisetum arvense,ForestWetPoor
92612,Equisetum arvense,ForestWetPoor
92613,Equisetum arvense,ForestWetPoor
92614,Equisetum arvense,ForestWetPoor
92615,Equisetum arvense,ForestWetPoor
92616,Equisetum arvense,ForestWetPoor
92617,Equisetum arvense,ForestWetPoor
92618,Equisetum arvense,ForestWetPoor
92619,Equisetum arvense,ForestWetPoor
92620,Equisetum arvense,ForestWetPoor
92621,Equisetum arvense,ForestWetPoor
92622,Equisetum arvense,ForestWetPoor
93167,Equisetum arvense,ForestWetPoor
93168,Equisetum arvense,ForestWetPoor
93169,Equisetum arvense,ForestWetPoor
93170,Equisetum arvense,ForestWetPoor
93171,Equisetum arvense,ForestWetPoor
93172,Equisetum arvense,ForestWetPoor
93173,Equisetum arvense,ForestWetPoor
93174,Equisetum arvense,ForestWetPoor
93175,Equisetum arvense,ForestWetPoor
93176,Equisetum arvense,ForestWetPoor
93177,Equisetum arvense,ForestWetPoor
93178,Equisetum arvense,ForestWetPoor
93179,Equisetum arvense,ForestWetPoor
93180,Equisetum arvense,ForestWetPoor
93181,Equisetum arvense,ForestWetPoor
93182,Equisetum arvense,ForestWetPoor
93183,Equisetum arvense,ForestWetPoor
93184,Equisetum arvense,ForestWetPoor
93185,Equisetum arvense,ForestWetPoor
93186,Equisetum arvense,ForestWetPoor
93187,Equisetum arvense,ForestWetPoor
93188,Equisetum arvense,ForestWetPoor
93189,Equisetum arvense,ForestWetPoor
93190,Equisetum arvense,ForestWetPoor
93191,Equisetum arvense,ForestWetPoor
93192,Equisetum arvense,ForestWetPoor
93193,Equisetum arvense,ForestWetPoor
93194,Equisetum arvense,ForestWetPoor
93195,Equisetum arvense,ForestWetPoor
93196,Equisetum arvense,ForestWetPoor
93197,Equisetum arvense,ForestWetPoor
93198,Equisetum arvense,ForestWetPoor
93199,Equisetum arvense,ForestWetPoor
93200,Equisetum arvense,ForestWetPoor
93201,Equisetum arvense,ForestWetPoor
93202,Equisetum arvense,ForestWetPoor
93203,Equisetum arvense,ForestWetPoor
93204,Equisetum arvense,ForestWetPoor
93205,Equisetum arvense,ForestWetPoor
93206,Equisetum arvense,ForestWetPoor
93207,Equisetum arvense,ForestWetPoor
93208,Equisetum arvense,ForestWetPoor
93209,Equisetum arvense,ForestWetPoor
93210,Equisetum arvense,ForestWetPoor
93211,Equisetum arvense,ForestWetPoor
93212,Equisetum arvense,ForestWetPoor
93213,Equisetum arvense,ForestWetPoor
93214,Equisetum arvense,ForestWetPoor
93215,Equisetum arvense,ForestWetPoor
93216,Equisetum arvense,ForestWetPoor
93217,Equisetum arvense,ForestWetPoor
93218,Equisetum arvense,ForestWetPoor
93219,Equisetum arvense,ForestWetPoor
93220,Equisetum arvense,ForestWetPoor
93221,Equisetum arvense,ForestWetPoor
93766,Equisetum arvense,ForestWetPoor
93767,Equisetum arvense,ForestWetPoor
93768,Equisetum arvense,ForestWetPoor
93769,Equisetum arvense,ForestWetPoor
93770,Equisetum arvense,ForestWetPoor
93771,Equisetum arvense,ForestWetPoor
93772,Equisetum arvense,ForestWetPoor
93773,Equisetum arvense,ForestWetPoor
93774,Equisetum arvense,ForestWetPoor
93775,Equisetum arvense,ForestWetPoor
93776,Equisetum arvense,ForestWetPoor
93777,Equisetum arvense,ForestWetPoor
93778,Equisetum arvense,ForestWetPoor
93779,Equisetum arvense,ForestWetPoor
93780,Equisetum arvense,ForestWetPoor
93781,Equisetum arvense,ForestWetPoor
93782,Equisetum arvense,ForestWetPoor
93783,Equisetum arvense,ForestWetPoor
93784,Equisetum arvense,ForestWetPoor
93785,Equisetum arvense,ForestWetPoor
93786,Equisetum arvense,ForestWetPoor
93787,Equisetum arvense,ForestWetPoor
93788,Equisetum arvense,ForestWetPoor
93789,Equisetum arvense,ForestWetPoor
93790,Equisetum arvense,ForestWetPoor
93791,Equisetum arvesetum arvense,ForestWetPoor
88960,Equisetum arvense,ForestWetPoor
88961,Equisetum arvense,ForestWetPoor
88962,Equisetum arvense,ForestWetPoor
88963,Equisetum arvense,ForestWetPoor
88964,Equisetum arvense,ForestWetPoor
88965,Equisetum arvense,ForestWetPoor
88966,Equisetum arvense,ForestWetPoor
88967,Equisetum arvense,ForestWetPoor
88968,Equisetum arvense,ForestWetPoor
88969,Equisetum arvense,ForestWetPoor
88970,Equisetum arvense,ForestWetPoor
88971,Equisetum arvense,ForestWetPoor
88972,Equisetum arvense,ForestWetPoor
88973,Equisetum arvense,ForestWetPoor
88974,Equisetum arvense,ForestWetPoor
88975,Equisetum arvense,ForestWetPoor
88976,Equisetum arvense,ForestWetPoor
88977,Equisetum arvense,ForestWetPoor
88978,Equisetum arvense,ForestWetPoor
88979,Equisetum arvense,ForestWetPoor
88980,Equisetum arvense,ForestWetPoor
88981,Equisetum arvense,ForestWetPoor
88982,Equisetum arvense,ForestWetPoor
88983,Equisetum arvense,ForestWetPoor
88984,Equisetum arvense,ForestWetPoor
88985,Equisetum arvense,ForestWetPoor
88986,Equisetum arvense,ForestWetPoor
88987,Equisetum arvense,ForestWetPoor
88988,Equisetum arvense,ForestWetPoor
88989,Equisetum arvense,ForestWetPoor
88990,Equisetum arvense,ForestWetPoor
88991,Equisetum arvense,ForestWetPoor
88992,Equisetum arvense,ForestWetPoor
88993,Equisetum arvense,ForestWetPoor
88994,Equisetum arvense,ForestWetPoor
88995,Equisetum arvense,ForestWetPoor
88996,Equisetum arvense,ForestWetPoor
88997,Equisetum arvense,ForestWetPoor
88998,Equisetum arvense,ForestWetPoor
88999,Equisetum arvense,ForestWetPoor
89000,Equisetum arvense,ForestWetPoor
89001,Equisetum arvense,ForestWetPoor
89002,Equisetum arvense,ForestWetPoor
89003,Equisetum arvense,ForestWetPoor
89004,Equisetum arvense,ForestWetPoor
89005,Equisetum arvense,ForestWetPoor
89006,Equisetum arvense,ForestWetPoor
89007,Equisetum arvense,ForestWetPoor
89008,Equisetum arvense,ForestWetPoor
89009,Equisetum arvense,ForestWetPoor
89010,Equisetum arvense,ForestWetPoor
89011,Equisetum arvense,ForestWetPoor
89012,Equisetum arvense,ForestWetPoor
89013,Equisetum arvense,ForestWetPoor
89014,Equisetum arvense,ForestWetPoor
89015,Equisetum arvense,ForestWetPoor
89016,Equisetum arvense,ForestWetPoor
89017,Equisetum arvense,ForestWetPoor
89018,Equisetum arvense,ForestWetPoor
89019,Equisetum arvense,ForestWetPoor
89020,Equisetum arvense,ForestWetPoor
89021,Equisetum arvense,ForestWetPoor
89022,Equisetum arvense,ForestWetPoor
89023,Equisetum arvense,ForestWetPoor
89024,Equisetum arvense,ForestWetPoor
89025,Equisetum arvense,ForestWetPoor
89026,Equisetum arvense,ForestWetPoor
89027,Equisetum arvense,ForestWetPoor
89028,Equisetum arvense,ForestWetPoor
89535,Equisetum arvense,ForestWetPoor
89536,Equisetum arvense,ForestWetPoor
89537,Equisetum arvense,ForestWetPoor
89538,Equisetum arvense,ForestWetPoor
89539,Equisetum arvense,ForestWetPoor
89540,Equisetum arvense,ForestWetPoor
89541,Equisetum arvense,ForestWetPoor
89542,Equisetum arvense,ForestWetPoor
89543,Equisetum arvense,ForestWetPoor
89544,Equisetum arvense,ForestWetPoor
89545,Equisetum arvense,ForestWetPoor
89546,Equisetum arvense,ForestWetPoor
89547,Equisetum arvense,ForestWetPoor
89548,Equisetum arvense,ForestWetPoor
89549,Equisetum arvense,ForestWetPoor
89550,Equisetum arvense,ForestWetPoor
89551,Equisetum arvense,ForestWetPoor
89552,Equisetum arvense,ForestWetPoor
89553,Equisetum arvense,ForestWetPoor
89554,Equisetum arvense,ForestWetPoor
89555,Equisetum arvense,ForestWetPoor
89556,Equisetum arvense,ForestWetPoor
89557,Equisetum arvense,ForestWetPoor
89558,Equisetum arvense,ForestWetPoor
89559,Equisetum arvense,ForestWetPoor
89560,Equisetum arvense,ForestWetPoor
89561,Equisetum arvense,ForestWetPoor
89562,Equisetum arvense,ForestWetPoor
89563,Equisetum arvense,ForestWetPoor
89564,Equisetum arvense,ForestWetPoor
89565,Equisetum arvense,ForestWetPoor
89566,Equisetum arvense,ForestWetPoor
89567,Equisetum arvense,ForestWetPoor
89568,Equisetum arvense,ForestWetPoor
89569,Equisetum arvense,ForestWetPoor
89570,Equisetum arvense,ForestWetPoor
89571,Equisetum arvense,ForestWetPoor
89572,Equisetum arvense,ForestWetPoor
89r
94969,Equisetum arvense,ForestWetPoor
94970,Equisetum arvense,ForestWetPoor
94971,Equisetum arvense,ForestWetPoor
94972,Equisetum arvense,ForestWetPoor
94973,Equisetum arvense,ForestWetPoor
94974,Equisetum arvense,ForestWetPoor
94975,Equisetum arvense,ForestWetPoor
94976,Equisetum arvense,ForestWetPoor
94977,Equisetum arvense,ForestWetPoor
94978,Equisetum arvense,ForestWetPoor
94979,Equisetum arvense,ForestWetPoor
94980,Equisetum arvense,ForestWetPoor
94981,Equisetum arvense,ForestWetPoor
94982,Equisetum arvense,ForestWetPoor
94983,Equisetum arvense,ForestWetPoor
94984,Equisetum arvense,ForestWetPoor
94985,Equisetum arvense,ForestWetPoor
94986,Equisetum arvense,ForestWetPoor
94987,Equisetum arvense,ForestWetPoor
94988,Equisetum arvense,ForestWetPoor
94989,Equisetum arvense,ForestWetPoor
94990,Equisetum arvense,ForestWetPoor
94991,Equisetum arvense,ForestWetPoor
94992,Equisetum arvense,ForestWetPoor
94993,Equisetum arvense,ForestWetPoor
94994,Equisetum arvense,ForestWetPoor
94995,Equisetum arvense,ForestWetPoor
94996,Equisetum arvense,ForestWetPoor
94997,Equisetum arvense,ForestWetPoor
94998,Equisetum arvense,ForestWetPoor
94999,Equisetum arvense,ForestWetPoor
95000,Equisetum arvense,ForestWetPoor
95001,Equisetum arvense,ForestWetPoor
95002,Equisetum arvense,ForestWetPoor
95003,Equisetum arvense,ForestWetPoor
95004,Equisetum arvense,ForestWetPoor
95005,Equisetum arvense,ForestWetPoor
95006,Equisetum arvense,ForestWetPoor
95007,Equisetum arvense,ForestWetPoor
95008,Equisetum arvense,ForestWetPoor
95009,Equisetum arvense,ForestWetPoor
95010,Equisetum arvense,ForestWetPoor
95011,Equisetum arvense,ForestWetPoor
95012,Equisetum arvense,ForestWetPoor
95013,Equisetum arvense,ForestWetPoor
95014,Equisetum arvense,ForestWetPoor
95524,Equisetum arvense,ForestWetPoor
95525,Equisetum arvense,ForestWetPoor
95526,Equisetum arvense,ForestWetPoor
95527,Equisetum arvense,ForestWetPoor
95528,Equisetum arvense,ForestWetPoor
95529,Equisetum arvense,ForestWetPoor
95530,Equisetum arvense,ForestWetPoor
95531,Equisetum arvense,ForestWetPoor
95532,Equisetum arvense,ForestWetPoor
95533,Equisetum arvense,ForestWetPoor
95534,Equisetum arvense,ForestWetPoor
95535,Equisetum arvense,ForestWetPoor
95536,Equisetum arvense,ForestWetPoor
95537,Equisetum arvense,ForestWetPoor
95538,Equisetum arvense,ForestWetPoor
95539,Equisetum arvense,ForestWetPoor
95540,Equisetum arvense,ForestWetPoor
95541,Equisetum arvense,ForestWetPoor
95542,Equisetum arvense,ForestWetPoor
95543,Equisetum arvense,ForestWetPoor
95544,Equisetum arvense,ForestWetPoor
95545,Equisetum arvense,ForestWetPoor
95546,Equisetum arvense,ForestWetPoor
95547,Equisetum arvense,ForestWetPoor
95548,Equisetum arvense,ForestWetPoor
95549,Equisetum arvense,ForestWetPoor
95550,Equisetum arvense,ForestWetPoor
95551,Equisetum arvense,ForestWetPoor
95552,Equisetum arvense,ForestWetPoor
95553,Equisetum arvense,ForestWetPoor
95554,Equisetum arvense,ForestWetPoor
95555,Equisetum arvense,ForestWetPoor
95556,Equisetum arvense,ForestWetPoor
95557,Equisetum arvense,ForestWetPoor
95558,Equisetum arvense,ForestWetPoor
95559,Equisetum arvense,ForestWetPoor
95560,Equisetum arvense,ForestWetPoor
95561,Equisetum arvense,ForestWetPoor
95562,Equisetum arvense,ForestWetPoor
95563,Equisetum arvense,ForestWetPoor
95564,Equisetum arvense,ForestWetPoor
95565,Equisetum arvense,ForestWetPoor
95566,Equisetum arvense,ForestWetPoor
95567,Equisetum arvense,ForestWetPoor
95568,Equisetum arvense,ForestWetPoor
95569,Equisetum arvense,ForestWetPoor
95570,Equisetum arvense,ForestWetPoor
95571,Equisetum arvense,ForestWetPoor
95572,Equisetum arvense,ForestWetPoor
95573,Equisetum arvense,ForestWetPoor
95574,Equisetum arvense,ForestWetPoor
95575,Equisetum arvense,ForestWetPoor
95576,Equisetum arvense,ForestWetPoor
95577,Equisetum arvense,ForestWetPoor
95578,Equisetum arvense,ForestWetPoor
95579,Equisetum arvense,ForestWetPoor
95580,Equisetum arvense,ForestWetPoor
95581,Equisetum arvense,ForestWetPoor
95582,Equisetum arvense,ForestWetPoor
95583,Equisetum arvense,ForestWetPoor
95584,Equisetum arvense,ForestWetPoor
95585,Equisetum arvense,Forense,ForestWetPoor
93792,Equisetum arvense,ForestWetPoor
93793,Equisetum arvense,ForestWetPoor
93794,Equisetum arvense,ForestWetPoor
93795,Equisetum arvense,ForestWetPoor
93796,Equisetum arvense,ForestWetPoor
93797,Equisetum arvense,ForestWetPoor
93798,Equisetum arvense,ForestWetPoor
93799,Equisetum arvense,ForestWetPoor
93800,Equisetum arvense,ForestWetPoor
93801,Equisetum arvense,ForestWetPoor
93802,Equisetum arvense,ForestWetPoor
93803,Equisetum arvense,ForestWetPoor
93804,Equisetum arvense,ForestWetPoor
93805,Equisetum arvense,ForestWetPoor
93806,Equisetum arvense,ForestWetPoor
93807,Equisetum arvense,ForestWetPoor
93808,Equisetum arvense,ForestWetPoor
93809,Equisetum arvense,ForestWetPoor
93810,Equisetum arvense,ForestWetPoor
93811,Equisetum arvense,ForestWetPoor
93812,Equisetum arvense,ForestWetPoor
93813,Equisetum arvense,ForestWetPoor
93814,Equisetum arvense,ForestWetPoor
93815,Equisetum arvense,ForestWetPoor
93816,Equisetum arvense,ForestWetPoor
93817,Equisetum arvense,ForestWetPoor
93818,Equisetum arvense,ForestWetPoor
93819,Equisetum arvense,ForestWetPoor
93820,Equisetum arvense,ForestWetPoor
94365,Equisetum arvense,ForestWetPoor
94366,Equisetum arvense,ForestWetPoor
94367,Equisetum arvense,ForestWetPoor
94368,Equisetum arvense,ForestWetPoor
94369,Equisetum arvense,ForestWetPoor
94370,Equisetum arvense,ForestWetPoor
94371,Equisetum arvense,ForestWetPoor
94372,Equisetum arvense,ForestWetPoor
94373,Equisetum arvense,ForestWetPoor
94374,Equisetum arvense,ForestWetPoor
94375,Equisetum arvense,ForestWetPoor
94376,Equisetum arvense,ForestWetPoor
94377,Equisetum arvense,ForestWetPoor
94378,Equisetum arvense,ForestWetPoor
94379,Equisetum arvense,ForestWetPoor
94380,Equisetum arvense,ForestWetPoor
94381,Equisetum arvense,ForestWetPoor
94382,Equisetum arvense,ForestWetPoor
94383,Equisetum arvense,ForestWetPoor
94384,Equisetum arvense,ForestWetPoor
94385,Equisetum arvense,ForestWetPoor
94386,Equisetum arvense,ForestWetPoor
94387,Equisetum arvense,ForestWetPoor
94388,Equisetum arvense,ForestWetPoor
94389,Equisetum arvense,ForestWetPoor
94390,Equisetum arvense,ForestWetPoor
94391,Equisetum arvense,ForestWetPoor
94392,Equisetum arvense,ForestWetPoor
94393,Equisetum arvense,ForestWetPoor
94394,Equisetum arvense,ForestWetPoor
94395,Equisetum arvense,ForestWetPoor
94396,Equisetum arvense,ForestWetPoor
94397,Equisetum arvense,ForestWetPoor
94398,Equisetum arvense,ForestWetPoor
94399,Equisetum arvense,ForestWetPoor
94400,Equisetum arvense,ForestWetPoor
94401,Equisetum arvense,ForestWetPoor
94402,Equisetum arvense,ForestWetPoor
94403,Equisetum arvense,ForestWetPoor
94404,Equisetum arvense,ForestWetPoor
94405,Equisetum arvense,ForestWetPoor
94406,Equisetum arvense,ForestWetPoor
94407,Equisetum arvense,ForestWetPoor
94408,Equisetum arvense,ForestWetPoor
94409,Equisetum arvense,ForestWetPoor
94410,Equisetum arvense,ForestWetPoor
94411,Equisetum arvense,ForestWetPoor
94412,Equisetum arvense,ForestWetPoor
94413,Equisetum arvense,ForestWetPoor
94414,Equisetum arvense,ForestWetPoor
94415,Equisetum arvense,ForestWetPoor
94416,Equisetum arvense,ForestWetPoor
94417,Equisetum arvense,ForestWetPoor
94418,Equisetum arvense,ForestWetPoor
94419,Equisetum arvense,ForestWetPoor
94964,Equisetum arvense,ForestWetPoor
94965,Equisetum arvense,ForestWetPoor
94966,Equisetum arvense,ForestWetPoor
94967,Equisetum arvense,ForestWetPoor
94968,Equisetum arvense,ForestWetPoor
94969,Equisetum arvense,ForestWetPoor
94970,Equisetum arvense,ForestWetPoor
94971,Equisetum arvense,ForestWetPoor
94972,Equisetum arvense,ForestWetPoor
94973,Equisetum arvense,ForestWetPoor
94974,Equisetum arvense,ForestWetPoor
94975,Equisetum arvense,ForestWetPoor
94976,Equisetum arvense,ForestWetPoor
94977,Equisetum arvense,ForestWetPoor
94978,Equisetum arvense,ForestWetPoor
94979,Equisetum arvense,ForestWetPoor
94980,Equisetum arvense,ForestWetPoor
94981,Equisetum arvense,ForestWetPoor
94982,Equisetum arvense,ForestWetPoor
94983,Equisetum arvense,ForestWetPoor
94984,Equisetum arvense,ForestWetPoor
94985,Equisetum arvense,ForestWetPoor
94986,Equisetum arvense,ForestWetPoor
94987,Equise573,Equisetum arvense,ForestWetPoor
89574,Equisetum arvense,ForestWetPoor
89575,Equisetum arvense,ForestWetPoor
89576,Equisetum arvense,ForestWetPoor
89577,Equisetum arvense,ForestWetPoor
89578,Equisetum arvense,ForestWetPoor
89579,Equisetum arvense,ForestWetPoor
89580,Equisetum arvense,ForestWetPoor
89581,Equisetum arvense,ForestWetPoor
89582,Equisetum arvense,ForestWetPoor
89583,Equisetum arvense,ForestWetPoor
89584,Equisetum arvense,ForestWetPoor
89585,Equisetum arvense,ForestWetPoor
89586,Equisetum arvense,ForestWetPoor
89587,Equisetum arvense,ForestWetPoor
89588,Equisetum arvense,ForestWetPoor
89589,Equisetum arvense,ForestWetPoor
89590,Equisetum arvense,ForestWetPoor
89591,Equisetum arvense,ForestWetPoor
89592,Equisetum arvense,ForestWetPoor
89593,Equisetum arvense,ForestWetPoor
89594,Equisetum arvense,ForestWetPoor
89595,Equisetum arvense,ForestWetPoor
89596,Equisetum arvense,ForestWetPoor
89597,Equisetum arvense,ForestWetPoor
89598,Equisetum arvense,ForestWetPoor
89599,Equisetum arvense,ForestWetPoor
89600,Equisetum arvense,ForestWetPoor
89601,Equisetum arvense,ForestWetPoor
89602,Equisetum arvense,ForestWetPoor
89603,Equisetum arvense,ForestWetPoor
89604,Equisetum arvense,ForestWetPoor
89605,Equisetum arvense,ForestWetPoor
89606,Equisetum arvense,ForestWetPoor
89607,Equisetum arvense,ForestWetPoor
89608,Equisetum arvense,ForestWetPoor
89609,Equisetum arvense,ForestWetPoor
89610,Equisetum arvense,ForestWetPoor
89611,Equisetum arvense,ForestWetPoor
89612,Equisetum arvense,ForestWetPoor
89613,Equisetum arvense,ForestWetPoor
89614,Equisetum arvense,ForestWetPoor
89615,Equisetum arvense,ForestWetPoor
89616,Equisetum arvense,ForestWetPoor
89617,Equisetum arvense,ForestWetPoor
89618,Equisetum arvense,ForestWetPoor
89619,Equisetum arvense,ForestWetPoor
89620,Equisetum arvense,ForestWetPoor
89621,Equisetum arvense,ForestWetPoor
89622,Equisetum arvense,ForestWetPoor
89623,Equisetum arvense,ForestWetPoor
89624,Equisetum arvense,ForestWetPoor
89625,Equisetum arvense,ForestWetPoor
89626,Equisetum arvense,ForestWetPoor
89627,Equisetum arvense,ForestWetPoor
90134,Equisetum arvense,ForestWetPoor
90135,Equisetum arvense,ForestWetPoor
90136,Equisetum arvense,ForestWetPoor
90137,Equisetum arvense,ForestWetPoor
90138,Equisetum arvense,ForestWetPoor
90139,Equisetum arvense,ForestWetPoor
90140,Equisetum arvense,ForestWetPoor
90141,Equisetum arvense,ForestWetPoor
90142,Equisetum arvense,ForestWetPoor
90143,Equisetum arvense,ForestWetPoor
90144,Equisetum arvense,ForestWetPoor
90145,Equisetum arvense,ForestWetPoor
90146,Equisetum arvense,ForestWetPoor
90147,Equisetum arvense,ForestWetPoor
90148,Equisetum arvense,ForestWetPoor
90149,Equisetum arvense,ForestWetPoor
90150,Equisetum arvense,ForestWetPoor
90151,Equisetum arvense,ForestWetPoor
90152,Equisetum arvense,ForestWetPoor
90153,Equisetum arvense,ForestWetPoor
90154,Equisetum arvense,ForestWetPoor
90155,Equisetum arvense,ForestWetPoor
90156,Equisetum arvense,ForestWetPoor
90157,Equisetum arvense,ForestWetPoor
90158,Equisetum arvense,ForestWetPoor
90159,Equisetum arvense,ForestWetPoor
90160,Equisetum arvense,ForestWetPoor
90161,Equisetum arvense,ForestWetPoor
90162,Equisetum arvense,ForestWetPoor
90163,Equisetum arvense,ForestWetPoor
90164,Equisetum arvense,ForestWetPoor
90165,Equisetum arvense,ForestWetPoor
90166,Equisetum arvense,ForestWetPoor
90167,Equisetum arvense,ForestWetPoor
90168,Equisetum arvense,ForestWetPoor
90169,Equisetum arvense,ForestWetPoor
90170,Equisetum arvense,ForestWetPoor
90171,Equisetum arvense,ForestWetPoor
90172,Equisetum arvense,ForestWetPoor
90173,Equisetum arvense,ForestWetPoor
90174,Equisetum arvense,ForestWetPoor
90175,Equisetum arvense,ForestWetPoor
90176,Equisetum arvense,ForestWetPoor
90177,Equisetum arvense,ForestWetPoor
90178,Equisetum arvense,ForestWetPoor
90179,Equisetum arvense,ForestWetPoor
90180,Equisetum arvense,ForestWetPoor
90181,Equisetum arvense,ForestWetPoor
90182,Equisetum arvense,ForestWetPoor
90183,Equisetum arvense,ForestWetPoor
90184,Equisetum arvense,ForestWetPoor
90185,Equisetum arvense,ForestWetPoor
90186,Equisetum arvense,ForestWestWetPoor
95586,Equisetum arvense,ForestWetPoor
95587,Equisetum arvense,ForestWetPoor
95588,Equisetum arvense,ForestWetPoor
95589,Equisetum arvense,ForestWetPoor
95590,Equisetum arvense,ForestWetPoor
95591,Equisetum arvense,ForestWetPoor
95592,Equisetum arvense,ForestWetPoor
95593,Equisetum arvense,ForestWetPoor
95594,Equisetum arvense,ForestWetPoor
95595,Equisetum arvense,ForestWetPoor
95596,Equisetum arvense,ForestWetPoor
95597,Equisetum arvense,ForestWetPoor
95598,Equisetum arvense,ForestWetPoor
95599,Equisetum arvense,ForestWetPoor
95600,Equisetum arvense,ForestWetPoor
95601,Equisetum arvense,ForestWetPoor
95602,Equisetum arvense,ForestWetPoor
95603,Equisetum arvense,ForestWetPoor
95604,Equisetum arvense,ForestWetPoor
95605,Equisetum arvense,ForestWetPoor
95606,Equisetum arvense,ForestWetPoor
95607,Equisetum arvense,ForestWetPoor
95608,Equisetum arvense,ForestWetPoor
95609,Equisetum arvense,ForestWetPoor
95610,Equisetum arvense,ForestWetPoor
95611,Equisetum arvense,ForestWetPoor
95612,Equisetum arvense,ForestWetPoor
95613,Equisetum arvense,ForestWetPoor
96124,Equisetum arvense,ForestWetPoor
96125,Equisetum arvense,ForestWetPoor
96126,Equisetum arvense,ForestWetPoor
96127,Equisetum arvense,ForestWetPoor
96128,Equisetum arvense,ForestWetPoor
96129,Equisetum arvense,ForestWetPoor
96130,Equisetum arvense,ForestWetPoor
96131,Equisetum arvense,ForestWetPoor
96132,Equisetum arvense,ForestWetPoor
96133,Equisetum arvense,ForestWetPoor
96134,Equisetum arvense,ForestWetPoor
96135,Equisetum arvense,ForestWetPoor
96136,Equisetum arvense,ForestWetPoor
96137,Equisetum arvense,ForestWetPoor
96138,Equisetum arvense,ForestWetPoor
96139,Equisetum arvense,ForestWetPoor
96140,Equisetum arvense,ForestWetPoor
96141,Equisetum arvense,ForestWetPoor
96142,Equisetum arvense,ForestWetPoor
96143,Equisetum arvense,ForestWetPoor
96144,Equisetum arvense,ForestWetPoor
96145,Equisetum arvense,ForestWetPoor
96146,Equisetum arvense,ForestWetPoor
96147,Equisetum arvense,ForestWetPoor
96148,Equisetum arvense,ForestWetPoor
96149,Equisetum arvense,ForestWetPoor
96150,Equisetum arvense,ForestWetPoor
96151,Equisetum arvense,ForestWetPoor
96152,Equisetum arvense,ForestWetPoor
96153,Equisetum arvense,ForestWetPoor
96154,Equisetum arvense,ForestWetPoor
96155,Equisetum arvense,ForestWetPoor
96156,Equisetum arvense,ForestWetPoor
96157,Equisetum arvense,ForestWetPoor
96158,Equisetum arvense,ForestWetPoor
96159,Equisetum arvense,ForestWetPoor
96160,Equisetum arvense,ForestWetPoor
96161,Equisetum arvense,ForestWetPoor
96162,Equisetum arvense,ForestWetPoor
96163,Equisetum arvense,ForestWetPoor
96164,Equisetum arvense,ForestWetPoor
96165,Equisetum arvense,ForestWetPoor
96166,Equisetum arvense,ForestWetPoor
96167,Equisetum arvense,ForestWetPoor
96168,Equisetum arvense,ForestWetPoor
96169,Equisetum arvense,ForestWetPoor
96170,Equisetum arvense,ForestWetPoor
96171,Equisetum arvense,ForestWetPoor
96172,Equisetum arvense,ForestWetPoor
96173,Equisetum arvense,ForestWetPoor
96174,Equisetum arvense,ForestWetPoor
96175,Equisetum arvense,ForestWetPoor
96176,Equisetum arvense,ForestWetPoor
96177,Equisetum arvense,ForestWetPoor
96178,Equisetum arvense,ForestWetPoor
96179,Equisetum arvense,ForestWetPoor
96180,Equisetum arvense,ForestWetPoor
96181,Equisetum arvense,ForestWetPoor
96182,Equisetum arvense,ForestWetPoor
96183,Equisetum arvense,ForestWetPoor
96184,Equisetum arvense,ForestWetPoor
96185,Equisetum arvense,ForestWetPoor
96186,Equisetum arvense,ForestWetPoor
96187,Equisetum arvense,ForestWetPoor
96188,Equisetum arvense,ForestWetPoor
96189,Equisetum arvense,ForestWetPoor
96190,Equisetum arvense,ForestWetPoor
96191,Equisetum arvense,ForestWetPoor
96192,Equisetum arvense,ForestWetPoor
96193,Equisetum arvense,ForestWetPoor
96194,Equisetum arvense,ForestWetPoor
96195,Equisetum arvense,ForestWetPoor
96196,Equisetum arvense,ForestWetPoor
96197,Equisetum arvense,ForestWetPoor
96198,Equisetum arvense,ForestWetPoor
96199,Equisetum arvense,ForestWetPoor
96200,Equisetum arvense,ForestWetPoor
96201,Equisetum arvense,ForestWetPoor
96202,Equisetum arvense,ForestWetPoor
96203,Equisetum arvetum arvense,ForestWetPoor
94988,Equisetum arvense,ForestWetPoor
94989,Equisetum arvense,ForestWetPoor
94990,Equisetum arvense,ForestWetPoor
94991,Equisetum arvense,ForestWetPoor
94992,Equisetum arvense,ForestWetPoor
94993,Equisetum arvense,ForestWetPoor
94994,Equisetum arvense,ForestWetPoor
94995,Equisetum arvense,ForestWetPoor
94996,Equisetum arvense,ForestWetPoor
94997,Equisetum arvense,ForestWetPoor
94998,Equisetum arvense,ForestWetPoor
94999,Equisetum arvense,ForestWetPoor
95000,Equisetum arvense,ForestWetPoor
95001,Equisetum arvense,ForestWetPoor
95002,Equisetum arvense,ForestWetPoor
95003,Equisetum arvense,ForestWetPoor
95004,Equisetum arvense,ForestWetPoor
95005,Equisetum arvense,ForestWetPoor
95006,Equisetum arvense,ForestWetPoor
95007,Equisetum arvense,ForestWetPoor
95008,Equisetum arvense,ForestWetPoor
95009,Equisetum arvense,ForestWetPoor
95010,Equisetum arvense,ForestWetPoor
95011,Equisetum arvense,ForestWetPoor
95012,Equisetum arvense,ForestWetPoor
95013,Equisetum arvense,ForestWetPoor
95014,Equisetum arvense,ForestWetPoor
95015,Equisetum arvense,ForestWetPoor
95016,Equisetum arvense,ForestWetPoor
95017,Equisetum arvense,ForestWetPoor
95018,Equisetum arvense,ForestWetPoor
95563,Equisetum arvense,ForestWetPoor
95564,Equisetum arvense,ForestWetPoor
95565,Equisetum arvense,ForestWetPoor
95566,Equisetum arvense,ForestWetPoor
95567,Equisetum arvense,ForestWetPoor
95568,Equisetum arvense,ForestWetPoor
95569,Equisetum arvense,ForestWetPoor
95570,Equisetum arvense,ForestWetPoor
95571,Equisetum arvense,ForestWetPoor
95572,Equisetum arvense,ForestWetPoor
95573,Equisetum arvense,ForestWetPoor
95574,Equisetum arvense,ForestWetPoor
95575,Equisetum arvense,ForestWetPoor
95576,Equisetum arvense,ForestWetPoor
95577,Equisetum arvense,ForestWetPoor
95578,Equisetum arvense,ForestWetPoor
95579,Equisetum arvense,ForestWetPoor
95580,Equisetum arvense,ForestWetPoor
95581,Equisetum arvense,ForestWetPoor
95582,Equisetum arvense,ForestWetPoor
95583,Equisetum arvense,ForestWetPoor
95584,Equisetum arvense,ForestWetPoor
95585,Equisetum arvense,ForestWetPoor
95586,Equisetum arvense,ForestWetPoor
95587,Equisetum arvense,ForestWetPoor
95588,Equisetum arvense,ForestWetPoor
95589,Equisetum arvense,ForestWetPoor
95590,Equisetum arvense,ForestWetPoor
95591,Equisetum arvense,ForestWetPoor
95592,Equisetum arvense,ForestWetPoor
95593,Equisetum arvense,ForestWetPoor
95594,Equisetum arvense,ForestWetPoor
95595,Equisetum arvense,ForestWetPoor
95596,Equisetum arvense,ForestWetPoor
95597,Equisetum arvense,ForestWetPoor
95598,Equisetum arvense,ForestWetPoor
95599,Equisetum arvense,ForestWetPoor
95600,Equisetum arvense,ForestWetPoor
95601,Equisetum arvense,ForestWetPoor
95602,Equisetum arvense,ForestWetPoor
95603,Equisetum arvense,ForestWetPoor
95604,Equisetum arvense,ForestWetPoor
95605,Equisetum arvense,ForestWetPoor
95606,Equisetum arvense,ForestWetPoor
95607,Equisetum arvense,ForestWetPoor
95608,Equisetum arvense,ForestWetPoor
95609,Equisetum arvense,ForestWetPoor
95610,Equisetum arvense,ForestWetPoor
95611,Equisetum arvense,ForestWetPoor
95612,Equisetum arvense,ForestWetPoor
95613,Equisetum arvense,ForestWetPoor
95614,Equisetum arvense,ForestWetPoor
95615,Equisetum arvense,ForestWetPoor
95616,Equisetum arvense,ForestWetPoor
95617,Equisetum arvense,ForestWetPoor
96162,Equisetum arvense,ForestWetPoor
96163,Equisetum arvense,ForestWetPoor
96164,Equisetum arvense,ForestWetPoor
96165,Equisetum arvense,ForestWetPoor
96166,Equisetum arvense,ForestWetPoor
96167,Equisetum arvense,ForestWetPoor
96168,Equisetum arvense,ForestWetPoor
96169,Equisetum arvense,ForestWetPoor
96170,Equisetum arvense,ForestWetPoor
96171,Equisetum arvense,ForestWetPoor
96172,Equisetum arvense,ForestWetPoor
96173,Equisetum arvense,ForestWetPoor
96174,Equisetum arvense,ForestWetPoor
96175,Equisetum arvense,ForestWetPoor
96176,Equisetum arvense,ForestWetPoor
96177,Equisetum arvense,ForestWetPoor
96178,Equisetum arvense,ForestWetPoor
96179,Equisetum arvense,ForestWetPoor
96180,Equisetum arvense,ForestWetPoor
96181,Equisetum arvense,ForestWetPoor
96182,Equisetum arvense,ForestWetPoor
9618tPoor
90187,Equisetum arvense,ForestWetPoor
90188,Equisetum arvense,ForestWetPoor
90189,Equisetum arvense,ForestWetPoor
90190,Equisetum arvense,ForestWetPoor
90191,Equisetum arvense,ForestWetPoor
90192,Equisetum arvense,ForestWetPoor
90193,Equisetum arvense,ForestWetPoor
90194,Equisetum arvense,ForestWetPoor
90195,Equisetum arvense,ForestWetPoor
90196,Equisetum arvense,ForestWetPoor
90197,Equisetum arvense,ForestWetPoor
90198,Equisetum arvense,ForestWetPoor
90199,Equisetum arvense,ForestWetPoor
90200,Equisetum arvense,ForestWetPoor
90201,Equisetum arvense,ForestWetPoor
90202,Equisetum arvense,ForestWetPoor
90203,Equisetum arvense,ForestWetPoor
90204,Equisetum arvense,ForestWetPoor
90205,Equisetum arvense,ForestWetPoor
90206,Equisetum arvense,ForestWetPoor
90207,Equisetum arvense,ForestWetPoor
90208,Equisetum arvense,ForestWetPoor
90209,Equisetum arvense,ForestWetPoor
90210,Equisetum arvense,ForestWetPoor
90211,Equisetum arvense,ForestWetPoor
90212,Equisetum arvense,ForestWetPoor
90213,Equisetum arvense,ForestWetPoor
90214,Equisetum arvense,ForestWetPoor
90215,Equisetum arvense,ForestWetPoor
90216,Equisetum arvense,ForestWetPoor
90217,Equisetum arvense,ForestWetPoor
90218,Equisetum arvense,ForestWetPoor
90219,Equisetum arvense,ForestWetPoor
90220,Equisetum arvense,ForestWetPoor
90221,Equisetum arvense,ForestWetPoor
90222,Equisetum arvense,ForestWetPoor
90223,Equisetum arvense,ForestWetPoor
90224,Equisetum arvense,ForestWetPoor
90225,Equisetum arvense,ForestWetPoor
90226,Equisetum arvense,ForestWetPoor
90734,Equisetum arvense,ForestWetPoor
90735,Equisetum arvense,ForestWetPoor
90736,Equisetum arvense,ForestWetPoor
90737,Equisetum arvense,ForestWetPoor
90738,Equisetum arvense,ForestWetPoor
90739,Equisetum arvense,ForestWetPoor
90740,Equisetum arvense,ForestWetPoor
90741,Equisetum arvense,ForestWetPoor
90742,Equisetum arvense,ForestWetPoor
90743,Equisetum arvense,ForestWetPoor
90744,Equisetum arvense,ForestWetPoor
90745,Equisetum arvense,ForestWetPoor
90746,Equisetum arvense,ForestWetPoor
90747,Equisetum arvense,ForestWetPoor
90748,Equisetum arvense,ForestWetPoor
90749,Equisetum arvense,ForestWetPoor
90750,Equisetum arvense,ForestWetPoor
90751,Equisetum arvense,ForestWetPoor
90752,Equisetum arvense,ForestWetPoor
90753,Equisetum arvense,ForestWetPoor
90754,Equisetum arvense,ForestWetPoor
90755,Equisetum arvense,ForestWetPoor
90756,Equisetum arvense,ForestWetPoor
90757,Equisetum arvense,ForestWetPoor
90758,Equisetum arvense,ForestWetPoor
90759,Equisetum arvense,ForestWetPoor
90760,Equisetum arvense,ForestWetPoor
90761,Equisetum arvense,ForestWetPoor
90762,Equisetum arvense,ForestWetPoor
90763,Equisetum arvense,ForestWetPoor
90764,Equisetum arvense,ForestWetPoor
90765,Equisetum arvense,ForestWetPoor
90766,Equisetum arvense,ForestWetPoor
90767,Equisetum arvense,ForestWetPoor
90768,Equisetum arvense,ForestWetPoor
90769,Equisetum arvense,ForestWetPoor
90770,Equisetum arvense,ForestWetPoor
90771,Equisetum arvense,ForestWetPoor
90772,Equisetum arvense,ForestWetPoor
90773,Equisetum arvense,ForestWetPoor
90774,Equisetum arvense,ForestWetPoor
90775,Equisetum arvense,ForestWetPoor
90776,Equisetum arvense,ForestWetPoor
90777,Equisetum arvense,ForestWetPoor
90778,Equisetum arvense,ForestWetPoor
90779,Equisetum arvense,ForestWetPoor
90780,Equisetum arvense,ForestWetPoor
90781,Equisetum arvense,ForestWetPoor
90782,Equisetum arvense,ForestWetPoor
90783,Equisetum arvense,ForestWetPoor
90784,Equisetum arvense,ForestWetPoor
90785,Equisetum arvense,ForestWetPoor
90786,Equisetum arvense,ForestWetPoor
90787,Equisetum arvense,ForestWetPoor
90788,Equisetum arvense,ForestWetPoor
90789,Equisetum arvense,ForestWetPoor
90790,Equisetum arvense,ForestWetPoor
90791,Equisetum arvense,ForestWetPoor
90792,Equisetum arvense,ForestWetPoor
90793,Equisetum arvense,ForestWetPoor
90794,Equisetum arvense,ForestWetPoor
90795,Equisetum arvense,ForestWetPoor
90796,Equisetum arvense,ForestWetPoor
90797,Equisetum arvense,ForestWetPoor
90798,Equisetum arvense,ForestWetPoor
90799,Equisetum arvense,ForestWetPoor
90800,Equisetum arvense,ForestWetPoor
90801,Equisetum arvense,nse,ForestWetPoor
96204,Equisetum arvense,ForestWetPoor
96205,Equisetum arvense,ForestWetPoor
96206,Equisetum arvense,ForestWetPoor
96207,Equisetum arvense,ForestWetPoor
96208,Equisetum arvense,ForestWetPoor
96209,Equisetum arvense,ForestWetPoor
96210,Equisetum arvense,ForestWetPoor
96211,Equisetum arvense,ForestWetPoor
96723,Equisetum arvense,ForestWetPoor
96724,Equisetum arvense,ForestWetPoor
96725,Equisetum arvense,ForestWetPoor
96726,Equisetum arvense,ForestWetPoor
96727,Equisetum arvense,ForestWetPoor
96728,Equisetum arvense,ForestWetPoor
96729,Equisetum arvense,ForestWetPoor
96730,Equisetum arvense,ForestWetPoor
96731,Equisetum arvense,ForestWetPoor
96732,Equisetum arvense,ForestWetPoor
96733,Equisetum arvense,ForestWetPoor
96734,Equisetum arvense,ForestWetPoor
96735,Equisetum arvense,ForestWetPoor
96736,Equisetum arvense,ForestWetPoor
96737,Equisetum arvense,ForestWetPoor
96738,Equisetum arvense,ForestWetPoor
96739,Equisetum arvense,ForestWetPoor
96740,Equisetum arvense,ForestWetPoor
96741,Equisetum arvense,ForestWetPoor
96742,Equisetum arvense,ForestWetPoor
96743,Equisetum arvense,ForestWetPoor
96744,Equisetum arvense,ForestWetPoor
96745,Equisetum arvense,ForestWetPoor
96746,Equisetum arvense,ForestWetPoor
96747,Equisetum arvense,ForestWetPoor
96748,Equisetum arvense,ForestWetPoor
96749,Equisetum arvense,ForestWetPoor
96750,Equisetum arvense,ForestWetPoor
96751,Equisetum arvense,ForestWetPoor
96752,Equisetum arvense,ForestWetPoor
96753,Equisetum arvense,ForestWetPoor
96754,Equisetum arvense,ForestWetPoor
96755,Equisetum arvense,ForestWetPoor
96756,Equisetum arvense,ForestWetPoor
96757,Equisetum arvense,ForestWetPoor
96758,Equisetum arvense,ForestWetPoor
96759,Equisetum arvense,ForestWetPoor
96760,Equisetum arvense,ForestWetPoor
96761,Equisetum arvense,ForestWetPoor
96762,Equisetum arvense,ForestWetPoor
96763,Equisetum arvense,ForestWetPoor
96764,Equisetum arvense,ForestWetPoor
96765,Equisetum arvense,ForestWetPoor
96766,Equisetum arvense,ForestWetPoor
96767,Equisetum arvense,ForestWetPoor
96768,Equisetum arvense,ForestWetPoor
96769,Equisetum arvense,ForestWetPoor
96770,Equisetum arvense,ForestWetPoor
96771,Equisetum arvense,ForestWetPoor
96772,Equisetum arvense,ForestWetPoor
96773,Equisetum arvense,ForestWetPoor
96774,Equisetum arvense,ForestWetPoor
96775,Equisetum arvense,ForestWetPoor
96776,Equisetum arvense,ForestWetPoor
96777,Equisetum arvense,ForestWetPoor
96778,Equisetum arvense,ForestWetPoor
96779,Equisetum arvense,ForestWetPoor
96780,Equisetum arvense,ForestWetPoor
96781,Equisetum arvense,ForestWetPoor
96782,Equisetum arvense,ForestWetPoor
96783,Equisetum arvense,ForestWetPoor
96784,Equisetum arvense,ForestWetPoor
96785,Equisetum arvense,ForestWetPoor
96786,Equisetum arvense,ForestWetPoor
96787,Equisetum arvense,ForestWetPoor
96788,Equisetum arvense,ForestWetPoor
96789,Equisetum arvense,ForestWetPoor
96790,Equisetum arvense,ForestWetPoor
96791,Equisetum arvense,ForestWetPoor
96792,Equisetum arvense,ForestWetPoor
96793,Equisetum arvense,ForestWetPoor
96794,Equisetum arvense,ForestWetPoor
96795,Equisetum arvense,ForestWetPoor
96796,Equisetum arvense,ForestWetPoor
96797,Equisetum arvense,ForestWetPoor
96798,Equisetum arvense,ForestWetPoor
96799,Equisetum arvense,ForestWetPoor
96800,Equisetum arvense,ForestWetPoor
96801,Equisetum arvense,ForestWetPoor
96802,Equisetum arvense,ForestWetPoor
96803,Equisetum arvense,ForestWetPoor
96804,Equisetum arvense,ForestWetPoor
96805,Equisetum arvense,ForestWetPoor
96806,Equisetum arvense,ForestWetPoor
96807,Equisetum arvense,ForestWetPoor
96808,Equisetum arvense,ForestWetPoor
96809,Equisetum arvense,ForestWetPoor
96810,Equisetum arvense,ForestWetPoor
97323,Equisetum arvense,ForestWetPoor
97324,Equisetum arvense,ForestWetPoor
97325,Equisetum arvense,ForestWetPoor
97326,Equisetum arvense,ForestWetPoor
97327,Equisetum arvense,ForestWetPoor
97328,Equisetum arvense,ForestWetPoor
97329,Equisetum arvense,ForestWetPoor
97330,Equisetum arvense,ForestWetPoor
97331,Equisetum arvense,ForestWetPoor
97332,Equisetum arvense,ForestWetPoor
97333,Equisetum arvense,ForestWetPoor
97334,Equise3,Equisetum arvense,ForestWetPoor
96184,Equisetum arvense,ForestWetPoor
96185,Equisetum arvense,ForestWetPoor
96186,Equisetum arvense,ForestWetPoor
96187,Equisetum arvense,ForestWetPoor
96188,Equisetum arvense,ForestWetPoor
96189,Equisetum arvense,ForestWetPoor
96190,Equisetum arvense,ForestWetPoor
96191,Equisetum arvense,ForestWetPoor
96192,Equisetum arvense,ForestWetPoor
96193,Equisetum arvense,ForestWetPoor
96194,Equisetum arvense,ForestWetPoor
96195,Equisetum arvense,ForestWetPoor
96196,Equisetum arvense,ForestWetPoor
96197,Equisetum arvense,ForestWetPoor
96198,Equisetum arvense,ForestWetPoor
96199,Equisetum arvense,ForestWetPoor
96200,Equisetum arvense,ForestWetPoor
96201,Equisetum arvense,ForestWetPoor
96202,Equisetum arvense,ForestWetPoor
96203,Equisetum arvense,ForestWetPoor
96204,Equisetum arvense,ForestWetPoor
96205,Equisetum arvense,ForestWetPoor
96206,Equisetum arvense,ForestWetPoor
96207,Equisetum arvense,ForestWetPoor
96208,Equisetum arvense,ForestWetPoor
96209,Equisetum arvense,ForestWetPoor
96210,Equisetum arvense,ForestWetPoor
96211,Equisetum arvense,ForestWetPoor
96212,Equisetum arvense,ForestWetPoor
96213,Equisetum arvense,ForestWetPoor
96214,Equisetum arvense,ForestWetPoor
96215,Equisetum arvense,ForestWetPoor
96216,Equisetum arvense,ForestWetPoor
96761,Equisetum arvense,ForestWetPoor
96762,Equisetum arvense,ForestWetPoor
96763,Equisetum arvense,ForestWetPoor
96764,Equisetum arvense,ForestWetPoor
96765,Equisetum arvense,ForestWetPoor
96766,Equisetum arvense,ForestWetPoor
96767,Equisetum arvense,ForestWetPoor
96768,Equisetum arvense,ForestWetPoor
96769,Equisetum arvense,ForestWetPoor
96770,Equisetum arvense,ForestWetPoor
96771,Equisetum arvense,ForestWetPoor
96772,Equisetum arvense,ForestWetPoor
96773,Equisetum arvense,ForestWetPoor
96774,Equisetum arvense,ForestWetPoor
96775,Equisetum arvense,ForestWetPoor
96776,Equisetum arvense,ForestWetPoor
96777,Equisetum arvense,ForestWetPoor
96778,Equisetum arvense,ForestWetPoor
96779,Equisetum arvense,ForestWetPoor
96780,Equisetum arvense,ForestWetPoor
96781,Equisetum arvense,ForestWetPoor
96782,Equisetum arvense,ForestWetPoor
96783,Equisetum arvense,ForestWetPoor
96784,Equisetum arvense,ForestWetPoor
96785,Equisetum arvense,ForestWetPoor
96786,Equisetum arvense,ForestWetPoor
96787,Equisetum arvense,ForestWetPoor
96788,Equisetum arvense,ForestWetPoor
96789,Equisetum arvense,ForestWetPoor
96790,Equisetum arvense,ForestWetPoor
96791,Equisetum arvense,ForestWetPoor
96792,Equisetum arvense,ForestWetPoor
96793,Equisetum arvense,ForestWetPoor
96794,Equisetum arvense,ForestWetPoor
96795,Equisetum arvense,ForestWetPoor
96796,Equisetum arvense,ForestWetPoor
96797,Equisetum arvense,ForestWetPoor
96798,Equisetum arvense,ForestWetPoor
96799,Equisetum arvense,ForestWetPoor
96800,Equisetum arvense,ForestWetPoor
96801,Equisetum arvense,ForestWetPoor
96802,Equisetum arvense,ForestWetPoor
96803,Equisetum arvense,ForestWetPoor
96804,Equisetum arvense,ForestWetPoor
96805,Equisetum arvense,ForestWetPoor
96806,Equisetum arvense,ForestWetPoor
96807,Equisetum arvense,ForestWetPoor
96808,Equisetum arvense,ForestWetPoor
96809,Equisetum arvense,ForestWetPoor
96810,Equisetum arvense,ForestWetPoor
96811,Equisetum arvense,ForestWetPoor
96812,Equisetum arvense,ForestWetPoor
96813,Equisetum arvense,ForestWetPoor
96814,Equisetum arvense,ForestWetPoor
96815,Equisetum arvense,ForestWetPoor
97360,Equisetum arvense,ForestWetPoor
97361,Equisetum arvense,ForestWetPoor
97362,Equisetum arvense,ForestWetPoor
97363,Equisetum arvense,ForestWetPoor
97364,Equisetum arvense,ForestWetPoor
97365,Equisetum arvense,ForestWetPoor
97366,Equisetum arvense,ForestWetPoor
97367,Equisetum arvense,ForestWetPoor
97368,Equisetum arvense,ForestWetPoor
97369,Equisetum arvense,ForestWetPoor
97370,Equisetum arvense,ForestWetPoor
97371,Equisetum arvense,ForestWetPoor
97372,Equisetum arvense,ForestWetPoor
97373,Equisetum arvense,ForestWetPoor
97374,Equisetum arvense,ForestWetPoor
97375,Equisetum arvense,ForestWetPoor
97376,Equisetum arvense,ForestWetPoor
97377,Equisetum arvense,ForestWetPoor
97378,Equisetum arvense,ForestWetPForestWetPoor
90802,Equisetum arvense,ForestWetPoor
90803,Equisetum arvense,ForestWetPoor
90804,Equisetum arvense,ForestWetPoor
90805,Equisetum arvense,ForestWetPoor
90806,Equisetum arvense,ForestWetPoor
90807,Equisetum arvense,ForestWetPoor
90808,Equisetum arvense,ForestWetPoor
90809,Equisetum arvense,ForestWetPoor
90810,Equisetum arvense,ForestWetPoor
90811,Equisetum arvense,ForestWetPoor
90812,Equisetum arvense,ForestWetPoor
90813,Equisetum arvense,ForestWetPoor
90814,Equisetum arvense,ForestWetPoor
90815,Equisetum arvense,ForestWetPoor
90816,Equisetum arvense,ForestWetPoor
90817,Equisetum arvense,ForestWetPoor
90818,Equisetum arvense,ForestWetPoor
90819,Equisetum arvense,ForestWetPoor
90820,Equisetum arvense,ForestWetPoor
90821,Equisetum arvense,ForestWetPoor
90822,Equisetum arvense,ForestWetPoor
90823,Equisetum arvense,ForestWetPoor
90824,Equisetum arvense,ForestWetPoor
90825,Equisetum arvense,ForestWetPoor
91333,Equisetum arvense,ForestWetPoor
91334,Equisetum arvense,ForestWetPoor
91335,Equisetum arvense,ForestWetPoor
91336,Equisetum arvense,ForestWetPoor
91337,Equisetum arvense,ForestWetPoor
91338,Equisetum arvense,ForestWetPoor
91339,Equisetum arvense,ForestWetPoor
91340,Equisetum arvense,ForestWetPoor
91341,Equisetum arvense,ForestWetPoor
91342,Equisetum arvense,ForestWetPoor
91343,Equisetum arvense,ForestWetPoor
91344,Equisetum arvense,ForestWetPoor
91345,Equisetum arvense,ForestWetPoor
91346,Equisetum arvense,ForestWetPoor
91347,Equisetum arvense,ForestWetPoor
91348,Equisetum arvense,ForestWetPoor
91349,Equisetum arvense,ForestWetPoor
91350,Equisetum arvense,ForestWetPoor
91351,Equisetum arvense,ForestWetPoor
91352,Equisetum arvense,ForestWetPoor
91353,Equisetum arvense,ForestWetPoor
91354,Equisetum arvense,ForestWetPoor
91355,Equisetum arvense,ForestWetPoor
91356,Equisetum arvense,ForestWetPoor
91357,Equisetum arvense,ForestWetPoor
91358,Equisetum arvense,ForestWetPoor
91359,Equisetum arvense,ForestWetPoor
91360,Equisetum arvense,ForestWetPoor
91361,Equisetum arvense,ForestWetPoor
91362,Equisetum arvense,ForestWetPoor
91363,Equisetum arvense,ForestWetPoor
91364,Equisetum arvense,ForestWetPoor
91365,Equisetum arvense,ForestWetPoor
91366,Equisetum arvense,ForestWetPoor
91367,Equisetum arvense,ForestWetPoor
91368,Equisetum arvense,ForestWetPoor
91369,Equisetum arvense,ForestWetPoor
91370,Equisetum arvense,ForestWetPoor
91371,Equisetum arvense,ForestWetPoor
91372,Equisetum arvense,ForestWetPoor
91373,Equisetum arvense,ForestWetPoor
91374,Equisetum arvense,ForestWetPoor
91375,Equisetum arvense,ForestWetPoor
91376,Equisetum arvense,ForestWetPoor
91377,Equisetum arvense,ForestWetPoor
91378,Equisetum arvense,ForestWetPoor
91379,Equisetum arvense,ForestWetPoor
91380,Equisetum arvense,ForestWetPoor
91381,Equisetum arvense,ForestWetPoor
91382,Equisetum arvense,ForestWetPoor
91383,Equisetum arvense,ForestWetPoor
91384,Equisetum arvense,ForestWetPoor
91385,Equisetum arvense,ForestWetPoor
91386,Equisetum arvense,ForestWetPoor
91387,Equisetum arvense,ForestWetPoor
91388,Equisetum arvense,ForestWetPoor
91389,Equisetum arvense,ForestWetPoor
91390,Equisetum arvense,ForestWetPoor
91391,Equisetum arvense,ForestWetPoor
91392,Equisetum arvense,ForestWetPoor
91393,Equisetum arvense,ForestWetPoor
91394,Equisetum arvense,ForestWetPoor
91395,Equisetum arvense,ForestWetPoor
91396,Equisetum arvense,ForestWetPoor
91397,Equisetum arvense,ForestWetPoor
91398,Equisetum arvense,ForestWetPoor
91399,Equisetum arvense,ForestWetPoor
91400,Equisetum arvense,ForestWetPoor
91401,Equisetum arvense,ForestWetPoor
91402,Equisetum arvense,ForestWetPoor
91403,Equisetum arvense,ForestWetPoor
91404,Equisetum arvense,ForestWetPoor
91405,Equisetum arvense,ForestWetPoor
91406,Equisetum arvense,ForestWetPoor
91407,Equisetum arvense,ForestWetPoor
91408,Equisetum arvense,ForestWetPoor
91409,Equisetum arvense,ForestWetPoor
91410,Equisetum arvense,ForestWetPoor
91411,Equisetum arvense,ForestWetPoor
91412,Equisetum arvense,ForestWetPoor
91413,Equisetum arvense,ForestWetPoor
91414,Equisetum arvense,ForestWetPoor
91415,Equisetum arvense,ForestWetPoor
91416,Equisetum oor
97379,Equisetum arvense,ForestWetPoor
97380,Equisetum arvense,ForestWetPoor
97381,Equisetum arvense,ForestWetPoor
97382,Equisetum arvense,ForestWetPoor
97383,Equisetum arvense,ForestWetPoor
97384,Equisetum arvense,ForestWetPoor
97385,Equisetum arvense,ForestWetPoor
97386,Equisetum arvense,ForestWetPoor
97387,Equisetum arvense,ForestWetPoor
97388,Equisetum arvense,ForestWetPoor
97389,Equisetum arvense,ForestWetPoor
97390,Equisetum arvense,ForestWetPoor
97391,Equisetum arvense,ForestWetPoor
97392,Equisetum arvense,ForestWetPoor
97393,Equisetum arvense,ForestWetPoor
97394,Equisetum arvense,ForestWetPoor
97395,Equisetum arvense,ForestWetPoor
97396,Equisetum arvense,ForestWetPoor
97397,Equisetum arvense,ForestWetPoor
97398,Equisetum arvense,ForestWetPoor
97399,Equisetum arvense,ForestWetPoor
97400,Equisetum arvense,ForestWetPoor
97401,Equisetum arvense,ForestWetPoor
97402,Equisetum arvense,ForestWetPoor
97403,Equisetum arvense,ForestWetPoor
97404,Equisetum arvense,ForestWetPoor
97405,Equisetum arvense,ForestWetPoor
97406,Equisetum arvense,ForestWetPoor
97407,Equisetum arvense,ForestWetPoor
97408,Equisetum arvense,ForestWetPoor
97409,Equisetum arvense,ForestWetPoor
97410,Equisetum arvense,ForestWetPoor
97411,Equisetum arvense,ForestWetPoor
97412,Equisetum arvense,ForestWetPoor
97413,Equisetum arvense,ForestWetPoor
97414,Equisetum arvense,ForestWetPoor
97959,Equisetum arvense,ForestWetPoor
97960,Equisetum arvense,ForestWetPoor
97961,Equisetum arvense,ForestWetPoor
97962,Equisetum arvense,ForestWetPoor
97963,Equisetum arvense,ForestWetPoor
97964,Equisetum arvense,ForestWetPoor
97965,Equisetum arvense,ForestWetPoor
97966,Equisetum arvense,ForestWetPoor
97967,Equisetum arvense,ForestWetPoor
97968,Equisetum arvense,ForestWetPoor
97969,Equisetum arvense,ForestWetPoor
97970,Equisetum arvense,ForestWetPoor
97971,Equisetum arvense,ForestWetPoor
97972,Equisetum arvense,ForestWetPoor
97973,Equisetum arvense,ForestWetPoor
97974,Equisetum arvense,ForestWetPoor
97975,Equisetum arvense,ForestWetPoor
97976,Equisetum arvense,ForestWetPoor
97977,Equisetum arvense,ForestWetPoor
97978,Equisetum arvense,ForestWetPoor
97979,Equisetum arvense,ForestWetPoor
97980,Equisetum arvense,ForestWetPoor
97981,Equisetum arvense,ForestWetPoor
97982,Equisetum arvense,ForestWetPoor
97983,Equisetum arvense,ForestWetPoor
97984,Equisetum arvense,ForestWetPoor
97985,Equisetum arvense,ForestWetPoor
97986,Equisetum arvense,ForestWetPoor
97987,Equisetum arvense,ForestWetPoor
97988,Equisetum arvense,ForestWetPoor
97989,Equisetum arvense,ForestWetPoor
97990,Equisetum arvense,ForestWetPoor
97991,Equisetum arvense,ForestWetPoor
97992,Equisetum arvense,ForestWetPoor
97993,Equisetum arvense,ForestWetPoor
97994,Equisetum arvense,ForestWetPoor
97995,Equisetum arvense,ForestWetPoor
97996,Equisetum arvense,ForestWetPoor
97997,Equisetum arvense,ForestWetPoor
97998,Equisetum arvense,ForestWetPoor
97999,Equisetum arvense,ForestWetPoor
98000,Equisetum arvense,ForestWetPoor
98001,Equisetum arvense,ForestWetPoor
98002,Equisetum arvense,ForestWetPoor
98003,Equisetum arvense,ForestWetPoor
98004,Equisetum arvense,ForestWetPoor
98005,Equisetum arvense,ForestWetPoor
98006,Equisetum arvense,ForestWetPoor
98007,Equisetum arvense,ForestWetPoor
98008,Equisetum arvense,ForestWetPoor
98009,Equisetum arvense,ForestWetPoor
98010,Equisetum arvense,ForestWetPoor
98011,Equisetum arvense,ForestWetPoor
98012,Equisetum arvense,ForestWetPoor
98013,Equisetum arvense,ForestWetPoor
tum arvense,ForestWetPoor
97335,Equisetum arvense,ForestWetPoor
97336,Equisetum arvense,ForestWetPoor
97337,Equisetum arvense,ForestWetPoor
97338,Equisetum arvense,ForestWetPoor
97339,Equisetum arvense,ForestWetPoor
97340,Equisetum arvense,ForestWetPoor
97341,Equisetum arvense,ForestWetPoor
97342,Equisetum arvense,ForestWetPoor
97343,Equisetum arvense,ForestWetPoor
97344,Equisetum arvense,ForestWetPoor
97345,Equisetum arvense,ForestWetPoor
97346,Equisetum arvense,ForestWetPoor
97347,Equisetum arvense,ForestWetPoor
97348,Equisetum arvense,ForestWetPoor
97349,Equisetum arvense,ForestWetPoor
97350,Equisetum arvense,ForestWetPoor
97351,Equisetum arvense,ForestWetPoor
97352,Equisetum arvense,ForestWetPoor
97353,Equisetum arvense,ForestWetPoor
97354,Equisetum arvense,ForestWetPoor
97355,Equisetum arvense,ForestWetPoor
97356,Equisetum arvense,ForestWetPoor
97357,Equisetum arvense,ForestWetPoor
97358,Equisetum arvense,ForestWetPoor
97359,Equisetum arvense,ForestWetPoor
97360,Equisetum arvense,ForestWetPoor
97361,Equisetum arvense,ForestWetPoor
97362,Equisetum arvense,ForestWetPoor
97363,Equisetum arvense,ForestWetPoor
97364,Equisetum arvense,ForestWetPoor
97365,Equisetum arvense,ForestWetPoor
97366,Equisetum arvense,ForestWetPoor
97367,Equisetum arvense,ForestWetPoor
97368,Equisetum arvense,ForestWetPoor
97369,Equisetum arvense,ForestWetPoor
97370,Equisetum arvense,ForestWetPoor
97371,Equisetum arvense,ForestWetPoor
97372,Equisetum arvense,ForestWetPoor
97373,Equisetum arvense,ForestWetPoor
97374,Equisetum arvense,ForestWetPoor
97375,Equisetum arvense,ForestWetPoor
97376,Equisetum arvense,ForestWetPoor
97377,Equisetum arvense,ForestWetPoor
97378,Equisetum arvense,ForestWetPoor
97379,Equisetum arvense,ForestWetPoor
97380,Equisetum arvense,ForestWetPoor
97381,Equisetum arvense,ForestWetPoor
97382,Equisetum arvense,ForestWetPoor
97383,Equisetum arvense,ForestWetPoor
97384,Equisetum arvense,ForestWetPoor
97385,Equisetum arvense,ForestWetPoor
97386,Equisetum arvense,ForestWetPoor
97387,Equisetum arvense,ForestWetPoor
97388,Equisetum arvense,ForestWetPoor
97389,Equisetum arvense,ForestWetPoor
97390,Equisetum arvense,ForestWetPoor
97391,Equisetum arvense,ForestWetPoor
97392,Equisetum arvense,ForestWetPoor
97393,Equisetum arvense,ForestWetPoor
97394,Equisetum arvense,ForestWetPoor
97395,Equisetum arvense,ForestWetPoor
97396,Equisetum arvense,ForestWetPoor
97397,Equisetum arvense,ForestWetPoor
97398,Equisetum arvense,ForestWetPoor
97399,Equisetum arvense,ForestWetPoor
97400,Equisetum arvense,ForestWetPoor
97401,Equisetum arvense,ForestWetPoor
97402,Equisetum arvense,ForestWetPoor
97403,Equisetum arvense,ForestWetPoor
97404,Equisetum arvense,ForestWetPoor
97405,Equisetum arvense,ForestWetPoor
97406,Equisetum arvense,ForestWetPoor
97407,Equisetum arvense,ForestWetPoor
97408,Equisetum arvense,ForestWetPoor
97922,Equisetum arvense,ForestWetPoor
97923,Equisetum arvense,ForestWetPoor
97924,Equisetum arvense,ForestWetPoor
97925,Equisetum arvense,ForestWetPoor
97926,Equisetum arvense,ForestWetPoor
97927,Equisetum arvense,ForestWetPoor
97928,Equisetum arvense,ForestWetPoor
97929,Equisetum arvense,ForestWetPoor
97930,Equisetum arvense,ForestWetPoor
97931,Equisetum arvense,ForestWetPoor
97932,Equisetum arvense,ForestWetPoor
97933,Equisetum arvense,ForestWetPoor
97934,Equisetum arvense,ForestWetPoor
97935,Equisetum arvense,ForestWetPoor
97936,Equisetum arvense,ForestWetPoor
97937,Equisetum arvense,ForestWetPoor
97938,Equisetum arvense,ForestWetPoor
97939,Equisetum arvense,ForestWetPoor
97940,Equisetum arvense,ForestWetPoor
97941,Equisetum arvense,ForestWetPoor
97942,Equisetum arvense,ForestWetPoor
97943,Equisetum arvense,ForestWetPoor
97944,Equisetum arvense,ForestWetPoor
97945,Equisetum arvense,ForestWetPoor
97946,Equisetum arvense,ForestWetPoor
97947,Equisetum arvense,ForestWetPoor
97948,Equisetum arvense,ForestWetPoor
97949,Equisetum arvense,ForestWetPoor
97950,Equisetum arvense,ForestWetPoor
97951,Equisetum arvense,ForestWetPoor
97952,Equisetum arvense,ForestWetPoor
97953,Equisetum arvense,ForestWetPoor
97954,Equisetum arvense,ForestWetPoor
9795arvense,ForestWetPoor
91417,Equisetum arvense,ForestWetPoor
91418,Equisetum arvense,ForestWetPoor
91419,Equisetum arvense,ForestWetPoor
91420,Equisetum arvense,ForestWetPoor
91421,Equisetum arvense,ForestWetPoor
91422,Equisetum arvense,ForestWetPoor
91423,Equisetum arvense,ForestWetPoor
91424,Equisetum arvense,ForestWetPoor
91932,Equisetum arvense,ForestWetPoor
91933,Equisetum arvense,ForestWetPoor
91934,Equisetum arvense,ForestWetPoor
91935,Equisetum arvense,ForestWetPoor
91936,Equisetum arvense,ForestWetPoor
91937,Equisetum arvense,ForestWetPoor
91938,Equisetum arvense,ForestWetPoor
91939,Equisetum arvense,ForestWetPoor
91940,Equisetum arvense,ForestWetPoor
91941,Equisetum arvense,ForestWetPoor
91942,Equisetum arvense,ForestWetPoor
91943,Equisetum arvense,ForestWetPoor
91944,Equisetum arvense,ForestWetPoor
91945,Equisetum arvense,ForestWetPoor
91946,Equisetum arvense,ForestWetPoor
91947,Equisetum arvense,ForestWetPoor
91948,Equisetum arvense,ForestWetPoor
91949,Equisetum arvense,ForestWetPoor
91950,Equisetum arvense,ForestWetPoor
91951,Equisetum arvense,ForestWetPoor
91952,Equisetum arvense,ForestWetPoor
91953,Equisetum arvense,ForestWetPoor
91954,Equisetum arvense,ForestWetPoor
91955,Equisetum arvense,ForestWetPoor
91956,Equisetum arvense,ForestWetPoor
91957,Equisetum arvense,ForestWetPoor
91958,Equisetum arvense,ForestWetPoor
91959,Equisetum arvense,ForestWetPoor
91960,Equisetum arvense,ForestWetPoor
91961,Equisetum arvense,ForestWetPoor
91962,Equisetum arvense,ForestWetPoor
91963,Equisetum arvense,ForestWetPoor
91964,Equisetum arvense,ForestWetPoor
91965,Equisetum arvense,ForestWetPoor
91966,Equisetum arvense,ForestWetPoor
91967,Equisetum arvense,ForestWetPoor
91968,Equisetum arvense,ForestWetPoor
91969,Equisetum arvense,ForestWetPoor
91970,Equisetum arvense,ForestWetPoor
91971,Equisetum arvense,ForestWetPoor
91972,Equisetum arvense,ForestWetPoor
91973,Equisetum arvense,ForestWetPoor
91974,Equisetum arvense,ForestWetPoor
91975,Equisetum arvense,ForestWetPoor
91976,Equisetum arvense,ForestWetPoor
91977,Equisetum arvense,ForestWetPoor
91978,Equisetum arvense,ForestWetPoor
91979,Equisetum arvense,ForestWetPoor
91980,Equisetum arvense,ForestWetPoor
91981,Equisetum arvense,ForestWetPoor
91982,Equisetum arvense,ForestWetPoor
91983,Equisetum arvense,ForestWetPoor
91984,Equisetum arvense,ForestWetPoor
91985,Equisetum arvense,ForestWetPoor
91986,Equisetum arvense,ForestWetPoor
91987,Equisetum arvense,ForestWetPoor
91988,Equisetum arvense,ForestWetPoor
91989,Equisetum arvense,ForestWetPoor
91990,Equisetum arvense,ForestWetPoor
91991,Equisetum arvense,ForestWetPoor
91992,Equisetum arvense,ForestWetPoor
91993,Equisetum arvense,ForestWetPoor
91994,Equisetum arvense,ForestWetPoor
91995,Equisetum arvense,ForestWetPoor
91996,Equisetum arvense,ForestWetPoor
91997,Equisetum arvense,ForestWetPoor
91998,Equisetum arvense,ForestWetPoor
91999,Equisetum arvense,ForestWetPoor
92000,Equisetum arvense,ForestWetPoor
92001,Equisetum arvense,ForestWetPoor
92002,Equisetum arvense,ForestWetPoor
92003,Equisetum arvense,ForestWetPoor
92004,Equisetum arvense,ForestWetPoor
92005,Equisetum arvense,ForestWetPoor
92006,Equisetum arvense,ForestWetPoor
92007,Equisetum arvense,ForestWetPoor
92008,Equisetum arvense,ForestWetPoor
92009,Equisetum arvense,ForestWetPoor
92010,Equisetum arvense,ForestWetPoor
92011,Equisetum arvense,ForestWetPoor
92012,Equisetum arvense,ForestWetPoor
92013,Equisetum arvense,ForestWetPoor
92014,Equisetum arvense,ForestWetPoor
92015,Equisetum arvense,ForestWetPoor
92016,Equisetum arvense,ForestWetPoor
92017,Equisetum arvense,ForestWetPoor
92018,Equisetum arvense,ForestWetPoor
92019,Equisetum arvense,ForestWetPoor
92020,Equisetum arvense,ForestWetPoor
92021,Equisetum arvense,ForestWetPoor
92022,Equisetum arvense,ForestWetPoor
92023,Equisetum arvense,ForestWetPoor
92531,Equisetum arvense,ForestWetPoor
92532,Equisetum arvense,ForestWetPoor
92533,Equisetum arvense,ForestWetPoor
92534,Equisetum arvense,ForestWetPoor
92535,Equisetum arvense,ForestWetPoor
92536,Equisetum arvense,ForestWetPoor
92537,Equisetum arvense,ForestWetPoor
92538,Eq5,Equisetum arvense,ForestWetPoor
97956,Equisetum arvense,ForestWetPoor
97957,Equisetum arvense,ForestWetPoor
97958,Equisetum arvense,ForestWetPoor
97959,Equisetum arvense,ForestWetPoor
97960,Equisetum arvense,ForestWetPoor
97961,Equisetum arvense,ForestWetPoor
97962,Equisetum arvense,ForestWetPoor
97963,Equisetum arvense,ForestWetPoor
97964,Equisetum arvense,ForestWetPoor
97965,Equisetum arvense,ForestWetPoor
97966,Equisetum arvense,ForestWetPoor
97967,Equisetum arvense,ForestWetPoor
97968,Equisetum arvense,ForestWetPoor
97969,Equisetum arvense,ForestWetPoor
97970,Equisetum arvense,ForestWetPoor
97971,Equisetum arvense,ForestWetPoor
97972,Equisetum arvense,ForestWetPoor
97973,Equisetum arvense,ForestWetPoor
97974,Equisetum arvense,ForestWetPoor
97975,Equisetum arvense,ForestWetPoor
97976,Equisetum arvense,ForestWetPoor
97977,Equisetum arvense,ForestWetPoor
97978,Equisetum arvense,ForestWetPoor
97979,Equisetum arvense,ForestWetPoor
97980,Equisetum arvense,ForestWetPoor
97981,Equisetum arvense,ForestWetPoor
97982,Equisetum arvense,ForestWetPoor
97983,Equisetum arvense,ForestWetPoor
97984,Equisetum arvense,ForestWetPoor
97985,Equisetum arvense,ForestWetPoor
97986,Equisetum arvense,ForestWetPoor
97987,Equisetum arvense,ForestWetPoor
97988,Equisetum arvense,ForestWetPoor
97989,Equisetum arvense,ForestWetPoor
97990,Equisetum arvense,ForestWetPoor
97991,Equisetum arvense,ForestWetPoor
97992,Equisetum arvense,ForestWetPoor
97993,Equisetum arvense,ForestWetPoor
97994,Equisetum arvense,ForestWetPoor
97995,Equisetum arvense,ForestWetPoor
97996,Equisetum arvense,ForestWetPoor
97997,Equisetum arvense,ForestWetPoor
97998,Equisetum arvense,ForestWetPoor
97999,Equisetum arvense,ForestWetPoor
98000,Equisetum arvense,ForestWetPoor
98001,Equisetum arvense,ForestWetPoor
98002,Equisetum arvense,ForestWetPoor
98003,Equisetum arvense,ForestWetPoor
98004,Equisetum arvense,ForestWetPoor
98005,Equisetum arvense,ForestWetPoor
98006,Equisetum arvense,ForestWetPoor
98522,Equisetum arvense,ForestWetPoor
98523,Equisetum arvense,ForestWetPoor
98524,Equisetum arvense,ForestWetPoor
98525,Equisetum arvense,ForestWetPoor
98526,Equisetum arvense,ForestWetPoor
98527,Equisetum arvense,ForestWetPoor
98528,Equisetum arvense,ForestWetPoor
98529,Equisetum arvense,ForestWetPoor
98530,Equisetum arvense,ForestWetPoor
98531,Equisetum arvense,ForestWetPoor
98532,Equisetum arvense,ForestWetPoor
99122,Equisetum arvense,ForestWetPoor
99123,Equisetum arvense,ForestWetPoor
99124,Equisetum arvense,ForestWetPoor
99125,Equisetum arvense,ForestWetPoor
99126,Equisetum arvense,ForestWetPoor
99127,Equisetum arvense,ForestWetPoor
99128,Equisetum arvense,ForestWetPoor
99129,Equisetum arvense,ForestWetPoor
99130,Equisetum arvense,ForestWetPoor
99131,Equisetum arvense,ForestWetPoor
99721,Equisetum arvense,ForestWetPoor
99722,Equisetum arvense,ForestWetPoor
99723,Equisetum arvense,ForestWetPoor
99724,Equisetum arvense,ForestWetPoor
99725,Equisetum arvense,ForestWetPoor
99726,Equisetum arvense,ForestWetPoor
99727,Equisetum arvense,ForestWetPoor
99728,Equisetum arvense,ForestWetPoor
99729,Equisetum arvense,ForestWetPoor
99730,Equisetum arvense,ForestWetPoor
100321,Equisetum arvense,ForestWetPoor
100322,Equisetum arvense,ForestWetPoor
100323,Equisetum arvense,ForestWetPoor
100324,Equisetum arvense,ForestWetPoor
100325,Equisetum arvense,ForestWetPoor
100326,Equisetum arvense,ForestWetPoor
100327,Equisetum arvense,ForestWetPoor
100328,Equisetum arvense,ForestWetPoor
100329,Equisetum arvense,ForestWetPoor
100921,Equisetum arvense,ForestWetPoor
100922,Equisetum arvense,ForestWetPoor
100923,Equisetum arvense,ForestWetPoor
100924,Equisetum arvense,ForestWetPoor
100925,Equisetum arvense,ForestWetPoor
100926,Equisetum arvense,ForestWetPoor
100927,Equisetum arvense,ForestWetPoor
100928,Equisetum arvense,ForestWetPoor
101521,Equisetum arvense,ForestWetPoor
101522,Equisetum arvense,ForestWetPoor
101523,Equisetum arvense,ForestWetPoor
101524,Equisetum arvense,ForestWetPoor
101525,Equisetum arvense,ForestWetPoor
101526,Equisetum arvense,ForestWetPoor
101527,Equisetum arvense,ForestWetPoor
102121,Equisetum arvense,ForestWetPoor
102122,Equisetum arvense,ForestWetPoor
102123,Equisetum arvense,ForestWetPoor
102124,Equisetum arvense,ForestWetPoor
102125,Equisetum arvense,ForestWetPoor
102126,Equisetum arvense,ForestWetPoor
102721,Equisetum arvense,ForestWetPoor
102722,Equisetum arvense,ForestWetPoor
102723,Equisetum arvense,ForestWetPoor
102724,Equisetum arvense,ForestWetPoor
102725,Equisetum arvense,ForestWetPoor
103320,Equisetum arvense,ForestWetPoor
103321,Equisetum arvense,ForestWetPoor
103322,Equisetum arvense,ForestWetPoor
103323,Equisetum arvense,ForestWetPoor
103324,Equisetum arvense,ForestWetPoor
103921,Equisetum arvense,ForestWetPoor
103922,Equisetum arvense,ForestWetPoor
103923,Equisetum arvense,ForestWetPoor
104521,Equisetum arvense,ForestWetPoor
104522,Equisetum arvense,ForestWetPoor
105121,Equisetum arvense,ForestWetPoor
uisetum arvense,ForestWetPoor
92539,Equisetum arvense,ForestWetPoor
92540,Equisetum arvense,ForestWetPoor
92541,Equisetum arvense,ForestWetPoor
92542,Equisetum arvense,ForestWetPoor
92543,Equisetum arvense,ForestWetPoor
92544,Equisetum arvense,ForestWetPoor
92545,Equisetum arvense,ForestWetPoor
92546,Equisetum arvense,ForestWetPoor
92547,Equisetum arvense,ForestWetPoor
92548,Equisetum arvense,ForestWetPoor
92549,Equisetum arvense,ForestWetPoor
92550,Equisetum arvense,ForestWetPoor
92551,Equisetum arvense,ForestWetPoor
92552,Equisetum arvense,ForestWetPoor
92553,Equisetum arvense,ForestWetPoor
92554,Equisetum arvense,ForestWetPoor
92555,Equisetum arvense,ForestWetPoor
92556,Equisetum arvense,ForestWetPoor
92557,Equisetum arvense,ForestWetPoor
92558,Equisetum arvense,ForestWetPoor
92559,Equisetum arvense,ForestWetPoor
92560,Equisetum arvense,ForestWetPoor
92561,Equisetum arvense,ForestWetPoor
92562,Equisetum arvense,ForestWetPoor
92563,Equisetum arvense,ForestWetPoor
92564,Equisetum arvense,ForestWetPoor
92565,Equisetum arvense,ForestWetPoor
92566,Equisetum arvense,ForestWetPoor
92567,Equisetum arvense,ForestWetPoor
92568,Equisetum arvense,ForestWetPoor
92569,Equisetum arvense,ForestWetPoor
92570,Equisetum arvense,ForestWetPoor
92571,Equisetum arvense,ForestWetPoor
92572,Equisetum arvense,ForestWetPoor
92573,Equisetum arvense,ForestWetPoor
92574,Equisetum arvense,ForestWetPoor
92575,Equisetum arvense,ForestWetPoor
92576,Equisetum arvense,ForestWetPoor
92577,Equisetum arvense,ForestWetPoor
92578,Equisetum arvense,ForestWetPoor
92579,Equisetum arvense,ForestWetPoor
92580,Equisetum arvense,ForestWetPoor
92581,Equisetum arvense,ForestWetPoor
92582,Equisetum arvense,ForestWetPoor
92583,Equisetum arvense,ForestWetPoor
92584,Equisetum arvense,ForestWetPoor
92585,Equisetum arvense,ForestWetPoor
92586,Equisetum arvense,ForestWetPoor
92587,Equisetum arvense,ForestWetPoor
92588,Equisetum arvense,ForestWetPoor
92589,Equisetum arvense,ForestWetPoor
92590,Equisetum arvense,ForestWetPoor
92591,Equisetum arvense,ForestWetPoor
92592,Equisetum arvense,ForestWetPoor
92593,Equisetum arvense,ForestWetPoor
92594,Equisetum arvense,ForestWetPoor
92595,Equisetum arvense,ForestWetPoor
92596,Equisetum arvense,ForestWetPoor
92597,Equisetum arvense,ForestWetPoor
92598,Equisetum arvense,ForestWetPoor
92599,Equisetum arvense,ForestWetPoor
92600,Equisetum arvense,ForestWetPoor
92601,Equisetum arvense,ForestWetPoor
92602,Equisetum arvense,ForestWetPoor
92603,Equisetum arvense,ForestWetPoor
92604,Equisetum arvense,ForestWetPoor
92605,Equisetum arvense,ForestWetPoor
92606,Equisetum arvense,ForestWetPoor
92607,Equisetum arvense,ForestWetPoor
92608,Equisetum arvense,ForestWetPoor
92609,Equisetum arvense,ForestWetPoor
92610,Equisetum arvense,ForestWetPoor
92611,Equisetum arvense,ForestWetPoor
92612,Equisetum arvense,ForestWetPoor
92613,Equisetum arvense,ForestWetPoor
92614,Equisetum arvense,ForestWetPoor
92615,Equisetum arvense,ForestWetPoor
92616,Equisetum arvense,ForestWetPoor
92617,Equisetum arvense,ForestWetPoor
92618,Equisetum arvense,ForestWetPoor
92619,Equisetum arvense,ForestWetPoor
92620,Equisetum arvense,ForestWetPoor
92621,Equisetum arvense,ForestWetPoor
92622,Equisetum arvense,ForestWetPoor
93130,Equisetum arvense,ForestWetPoor
93131,Equisetum arvense,ForestWetPoor
93132,Equisetum arvense,ForestWetPoor
93133,Equisetum arvense,ForestWetPoor
93134,Equisetum arvense,ForestWetPoor
93135,Equisetum arvense,ForestWetPoor
93136,Equisetum arvense,ForestWetPoor
93137,Equisetum arvense,ForestWetPoor
93138,Equisetum arvense,ForestWetPoor
93139,Equisetum arvense,ForestWetPoor
93140,Equisetum arvense,ForestWetPoor
93141,Equisetum arvense,ForestWetPoor
93142,Equisetum arvense,ForestWetPoor
93143,Equisetum arvense,ForestWetPoor
93144,Equisetum arvense,ForestWetPoor
93145,Equisetum arvense,ForestWetPoor
93146,Equisetum arvense,ForestWetPoor
93147,Equisetum arvense,ForestWetPoor
93148,Equisetum arvense,ForestWetPoor
93149,Equisetum arvense,ForestWetPoor
93150,Equisetum arvense,ForestWetPoor
93151,Equisetum arvense,ForestWetPoor
93152,Equisetum arvense,ForestWetPoor
93153,Equisetum arvense,ForestWetPoor
93154,Equisetum arvense,ForestWetPoor
93155,Equisetum arvense,ForestWetPoor
93156,Equisetum arvense,ForestWetPoor
93157,Equisetum arvense,ForestWetPoor
93158,Equisetum arvense,ForestWetPoor
93159,Equisetum arvense,ForestWetPoor
93160,Equisetum arvense,ForestWetPoor
93161,Equisetum arvense,ForestWetPoor
93162,Equisetum arvense,ForestWetPoor
93163,Equisetum arvense,ForestWetPoor
93164,Equisetum arvense,ForestWetPoor
93165,Equisetum arvense,ForestWetPoor
93166,Equisetum arvense,ForestWetPoor
93167,Equisetum arvense,ForestWetPoor
93168,Equisetum arvense,ForestWetPoor
93169,Equisetum arvense,ForestWetPoor
93170,Equisetum arvense,ForestWetPoor
93171,Equisetum arvense,ForestWetPoor
93172,Equisetum arvense,ForestWetPoor
93173,Equisetum arvense,ForestWetPoor
93174,Equisetum arvense,ForestWetPoor
93175,Equisetum arvense,ForestWetPoor
93176,Equisetum arvense,ForestWetPoor
93177,Equisetum arvense,ForestWetPoor
93178,Equisetum arvense,ForestWetPoor
93179,Equisetum arvense,ForestWetPoor
93180,Equisetum arvense,ForestWetPoor
93181,Equisetum arvense,ForestWetPoor
93182,Equisetum arvense,ForestWetPoor
93183,Equisetum arvense,ForestWetPoor
93184,Equisetum arvense,ForestWetPoor
93185,Equisetum arvense,ForestWetPoor
93186,Equisetum arvense,ForestWetPoor
93187,Equisetum arvense,ForestWetPoor
93188,Equisetum arvense,ForestWetPoor
93189,Equisetum arvense,ForestWetPoor
93190,Equisetum arvense,ForestWetPoor
93191,Equisetum arvense,ForestWetPoor
93192,Equisetum arvense,ForestWetPoor
93193,Equisetum arvense,ForestWetPoor
93194,Equisetum arvense,ForestWetPoor
93195,Equisetum arvense,ForestWetPoor
93196,Equisetum arvense,ForestWetPoor
93197,Equisetum arvense,ForestWetPoor
93198,Equisetum arvense,ForestWetPoor
93199,Equisetum arvense,ForestWetPoor
93200,Equisetum arvense,ForestWetPoor
93201,Equisetum arvense,ForestWetPoor
93202,Equisetum arvense,ForestWetPoor
93203,Equisetum arvense,ForestWetPoor
93204,Equisetum arvense,ForestWetPoor
93205,Equisetum arvense,ForestWetPoor
93206,Equisetum arvense,ForestWetPoor
93207,Equisetum arvense,ForestWetPoor
93208,Equisetum arvense,ForestWetPoor
93209,Equisetum arvense,ForestWetPoor
93210,Equisetum arvense,ForestWetPoor
93211,Equisetum arvense,ForestWetPoor
93212,Equisetum arvense,ForestWetPoor
93213,Equisetum arvense,ForestWetPoor
93214,Equisetum arvense,ForestWetPoor
93215,Equisetum arvense,ForestWetPoor
93216,Equisetum arvense,ForestWetPoor
93217,Equisetum arvense,ForestWetPoor
93218,Equisetum arvense,ForestWetPoor
93219,Equisetum arvense,ForestWetPoor
93220,Equisetum arvense,ForestWetPoor
93221,Equisetum arvense,ForestWetPoor
93729,Equisetum arvense,ForestWetPoor
93730,Equisetum arvense,ForestWetPoor
93731,Equisetum arvense,ForestWetPoor
93732,Equisetum arvense,ForestWetPoor
93733,Equisetum arvense,ForestWetPoor
93734,Equisetum arvense,ForestWetPoor
93735,Equisetum arvense,ForestWetPoor
93736,Equisetum arvense,ForestWetPoor
93737,Equisetum arvense,ForestWetPoor
93738,Equisetum arvense,ForestWetPoor
93739,Equisetum arvense,ForestWetPoor
93740,Equisetum arvense,ForestWetPoor
93741,Equisetum arvense,ForestWetPoor
93742,Equisetum arvense,ForestWetPoor
93743,Equisetum arvense,ForestWetPoor
93744,Equisetum arvense,ForestWetPoor
93745,Equisetum arvense,ForestWetPoor
93746,Equisetum arvense,ForestWetPoor
93747,Equisetum arvense,ForestWetPoor
93748,Equisetum arvense,ForestWetPoor
93749,Equisetum arvense,ForestWetPoor
93750,Equisetum arvense,ForestWetPoor
93751,Equisetum arvense,ForestWetPoor
93752,Equisetum arvense,ForestWetPoor
93753,Equisetum arvense,ForestWetPoor
93754,Equisetum arvense,ForestWetPoor
93755,Equisetum arvense,ForestWetPoor
93756,Equisetum arvense,ForestWetPoor
93757,Equisetum arvense,ForestWetPoor
93758,Equisetum arvense,ForestWetPoor
93759,Equisetum arvense,ForestWetPoor
93760,Equisetum arvense,ForestWetPoor
93761,Equisetum arvense,ForestWetPoor
93762,Equisetum arvense,ForestWetPoor
93763,Equisetum arvense,ForestWetPoor
93764,Equisetum arvense,ForestWetPoor
93765,Equisetum arvense,ForestWetPoor
93766,Equisetum arvense,ForestWetPoor
93767,Equisetum arvense,ForestWetPoor
93768,Equisetum arvense,ForestWetPoor
93769,Equisetum arvense,ForestWetPoor
93770,Equisetum arvense,ForestWetPoor
93771,Equisetum arvense,ForestWetPoor
93772,Equisetum arvense,ForestWetPoor
93773,Equisetum arvense,ForestWetPoor
93774,Equisetum arvense,ForestWetPoor
93775,Equisetum arvense,ForestWetPoor
93776,Equisetum arvense,ForestWetPoor
93777,Equisetum arvense,ForestWetPoor
93778,Equisetum arvense,ForestWetPoor
93779,Equisetum arvense,ForestWetPoor
93780,Equisetum arvense,ForestWetPoor
93781,Equisetum arvense,ForestWetPoor
93782,Equisetum arvense,ForestWetPoor
93783,Equisetum arvense,ForestWetPoor
93784,Equisetum arvense,ForestWetPoor
93785,Equisetum arvense,ForestWetPoor
93786,Equisetum arvense,ForestWetPoor
93787,Equisetum arvense,ForestWetPoor
93788,Equisetum arvense,ForestWetPoor
93789,Equisetum arvense,ForestWetPoor
93790,Equisetum arvense,ForestWetPoor
93791,Equisetum arvense,ForestWetPoor
93792,Equisetum arvense,ForestWetPoor
93793,Equisetum arvense,ForestWetPoor
93794,Equisetum arvense,ForestWetPoor
93795,Equisetum arvense,ForestWetPoor
93796,Equisetum arvense,ForestWetPoor
93797,Equisetum arvense,ForestWetPoor
93798,Equisetum arvense,ForestWetPoor
93799,Equisetum arvense,ForestWetPoor
93800,Equisetum arvense,ForestWetPoor
93801,Equisetum arvense,ForestWetPoor
93802,Equisetum arvense,ForestWetPoor
93803,Equisetum arvense,ForestWetPoor
93804,Equisetum arvense,ForestWetPoor
93805,Equisetum arvense,ForestWetPoor
93806,Equisetum arvense,ForestWetPoor
93807,Equisetum arvense,ForestWetPoor
93808,Equisetum arvense,ForestWetPoor
93809,Equisetum arvense,ForestWetPoor
93810,Equisetum arvense,ForestWetPoor
93811,Equisetum arvense,ForestWetPoor
93812,Equisetum arvense,ForestWetPoor
93813,Equisetum arvense,ForestWetPoor
93814,Equisetum arvense,ForestWetPoor
93815,Equisetum arvense,ForestWetPoor
93816,Equisetum arvense,ForestWetPoor
93817,Equisetum arvense,ForestWetPoor
93818,Equisetum arvense,ForestWetPoor
93819,Equisetum arvense,ForestWetPoor
93820,Equisetum arvense,ForestWetPoor
94328,Equisetum arvense,ForestWetPoor
94329,Equisetum arvense,ForestWetPoor
94330,Equisetum arvense,ForestWetPoor
94331,Equisetum arvense,ForestWetPoor
94332,Equisetum arvense,ForestWetPoor
94333,Equisetum arvense,ForestWetPoor
94334,Equisetum arvense,ForestWetPoor
94335,Equisetum arvense,ForestWetPoor
94336,Equisetum arvense,ForestWetPoor
94337,Equisetum arvense,ForestWetPoor
94338,Equisetum arvense,ForestWetPoor
94339,Equisetum arvense,ForestWetPoor
94340,Equisetum arvense,ForestWetPoor
94341,Equisetum arvense,ForestWetPoor
94342,Equisetum arvense,ForestWetPoor
94343,Equisetum arvense,ForestWetPoor
94344,Equisetum arvense,ForestWetPoor
94345,Equisetum arvense,ForestWetPoor
94346,Equisetum arvense,ForestWetPoor
94347,Equisetum arvense,ForestWetPoor
94348,Equisetum arvense,ForestWetPoor
94349,Equisetum arvense,ForestWetPoor
94350,Equisetum arvense,ForestWetPoor
94351,Equisetum arvense,ForestWetPoor
94352,Equisetum arvense,ForestWetPoor
94353,Equisetum arvense,ForestWetPoor
94354,Equisetum arvense,ForestWetPoor
94355,Equisetum arvense,ForestWetPoor
94356,Equisetum arvense,ForestWetPoor
94357,Equisetum arvense,ForestWetPoor
94358,Equisetum arvense,ForestWetPoor
94359,Equisetum arvense,ForestWetPoor
94360,Equisetum arvense,ForestWetPoor
94361,Equisetum arvense,ForestWetPoor
94362,Equisetum arvense,ForestWetPoor
94363,Equisetum arvense,ForestWetPoor
94364,Equisetum arvense,ForestWetPoor
94365,Equisetum arvense,ForestWetPoor
94366,Equisetum arvense,ForestWetPoor
94367,Equisetum arvense,ForestWetPoor
94368,Equisetum arvense,ForestWetPoor
94369,Equisetum arvense,ForestWetPoor
94370,Equisetum arvense,ForestWetPoor
94371,Equisetum arvense,ForestWetPoor
94372,Equisetum arvense,ForestWetPoor
94373,Equisetum arvense,ForestWetPoor
94374,Equisetum arvense,ForestWetPoor
94375,Equisetum arvense,ForestWetPoor
94376,Equisetum arvense,ForestWetPoor
94377,Equisetum arvense,ForestWetPoor
94378,Equisetum arvense,ForestWetPoor
94379,Equisetum arvense,ForestWetPoor
94380,Equisetum arvense,ForestWetPoor
94381,Equisetum arvense,ForestWetPoor
94382,Equisetum arvense,ForestWetPoor
94383,Equisetum arvense,ForestWetPoor
94384,Equisetum arvense,ForestWetPoor
94385,Equisetum arvense,ForestWetPoor
94386,Equisetum arvense,ForestWetPoor
94387,Equisetum arvense,ForestWetPoor
94388,Equisetum arvense,ForestWetPoor
94389,Equisetum arvense,ForestWetPoor
94390,Equisetum arvense,ForestWetPoor
94391,Equisetum arvense,ForestWetPoor
94392,Equisetum arvense,ForestWetPoor
94393,Equisetum arvense,ForestWetPoor
94394,Equisetum arvense,ForestWetPoor
94395,Equisetum arvense,ForestWetPoor
94396,Equisetum arvense,ForestWetPoor
94397,Equisetum arvense,ForestWetPoor
94398,Equisetum arvense,ForestWetPoor
94399,Equisetum arvense,ForestWetPoor
94400,Equisetum arvense,ForestWetPoor
94401,Equisetum arvense,ForestWetPoor
94402,Equisetum arvense,ForestWetPoor
94403,Equisetum arvense,ForestWetPoor
94404,Equisetum arvense,ForestWetPoor
94405,Equisetum arvense,ForestWetPoor
94406,Equisetum arvense,ForestWetPoor
94407,Equisetum arvense,ForestWetPoor
94408,Equisetum arvense,ForestWetPoor
94409,Equisetum arvense,ForestWetPoor
94410,Equisetum arvense,ForestWetPoor
94411,Equisetum arvense,ForestWetPoor
94412,Equisetum arvense,ForestWetPoor
94413,Equisetum arvense,ForestWetPoor
94414,Equisetum arvense,ForestWetPoor
94415,Equisetum arvense,ForestWetPoor
94416,Equisetum arvense,ForestWetPoor
94417,Equisetum arvense,ForestWetPoor
94418,Equisetum arvense,ForestWetPoor
94419,Equisetum arvense,ForestWetPoor
94928,Equisetum arvense,ForestWetPoor
94929,Equisetum arvense,ForestWetPoor
94930,Equisetum arvense,ForestWetPoor
94931,Equisetum arvense,ForestWetPoor
94932,Equisetum arvense,ForestWetPoor
94933,Equisetum arvense,ForestWetPoor
94934,Equisetum arvense,ForestWetPoor
94935,Equisetum arvense,ForestWetPoor
94936,Equisetum arvense,ForestWetPoor
94937,Equisetum arvense,ForestWetPoor
94938,Equisetum arvense,ForestWetPoor
94939,Equisetum arvense,ForestWetPoor
94940,Equisetum arvense,ForestWetPoor
94941,Equisetum arvense,ForestWetPoor
94942,Equisetum arvense,ForestWetPoor
94943,Equisetum arvense,ForestWetPoor
94944,Equisetum arvense,ForestWetPoor
94945,Equisetum arvense,ForestWetPoor
94946,Equisetum arvense,ForestWetPoor
94947,Equisetum arvense,ForestWetPoor
94948,Equisetum arvense,ForestWetPoor
94949,Equisetum arvense,ForestWetPoor
94950,Equisetum arvense,ForestWetPoor
94951,Equisetum arvense,ForestWetPoor
94952,Equisetum arvense,ForestWetPoor
94953,Equisetum arvense,ForestWetPoor
94954,Equisetum arvense,ForestWetPoor
94955,Equisetum arvense,ForestWetPoor
94956,Equisetum arvense,ForestWetPoor
94957,Equisetum arvense,ForestWetPoor
94958,Equisetum arvense,ForestWetPoor
94959,Equisetum arvense,ForestWetPoor
94960,Equisetum arvense,ForestWetPoor
94961,Equisetum arvense,ForestWetPoor
94962,Equisetum arvense,ForestWetPoor
94963,Equisetum arvense,ForestWetPoor
94964,Equisetum arvense,ForestWetPoor
94965,Equisetum arvense,ForestWetPoor
94966,Equisetum arvense,ForestWetPoor
94967,Equisetum arvense,ForestWetPoor
94968,Equisetum arvense,ForestWetPoor
94969,Equisetum arvense,ForestWetPoor
94970,Equisetum arvense,ForestWetPoor
94971,Equisetum arvense,ForestWetPoor
94972,Equisetum arvense,ForestWetPoor
94973,Equisetum arvense,ForestWetPoor
94974,Equisetum arvense,ForestWetPoor
94975,Equisetum arvense,ForestWetPoor
94976,Equisetum arvense,ForestWetPoor
94977,Equisetum arvense,ForestWetPoor
94978,Equisetum arvense,ForestWetPoor
94979,Equisetum arvense,ForestWetPoor
94980,Equisetum arvense,ForestWetPoor
94981,Equisetum arvense,ForestWetPoor
94982,Equisetum arvense,ForestWetPoor
94983,Equisetum arvense,ForestWetPoor
94984,Equisetum arvense,ForestWetPoor
94985,Equisetum arvense,ForestWetPoor
94986,Equisetum arvense,ForestWetPoor
94987,Equisetum arvense,ForestWetPoor
94988,Equisetum arvense,ForestWetPoor
94989,Equisetum arvense,ForestWetPoor
94990,Equisetum arvense,ForestWetPoor
94991,Equisetum arvense,ForestWetPoor
94992,Equisetum arvense,ForestWetPoor
94993,Equisetum arvense,ForestWetPoor
94994,Equisetum arvense,ForestWetPoor
94995,Equisetum arvense,ForestWetPoor
94996,Equisetum arvense,ForestWetPoor
94997,Equisetum arvense,ForestWetPoor
94998,Equisetum arvense,ForestWetPoor
94999,Equisetum arvense,ForestWetPoor
95000,Equisetum arvense,ForestWetPoor
95001,Equisetum arvense,ForestWetPoor
95002,Equisetum arvense,ForestWetPoor
95003,Equisetum arvense,ForestWetPoor
95004,Equisetum arvense,ForestWetPoor
95005,Equisetum arvense,ForestWetPoor
95006,Equisetum arvense,ForestWetPoor
95007,Equisetum arvense,ForestWetPoor
95008,Equisetum arvense,ForestWetPoor
95009,Equisetum arvense,ForestWetPoor
95010,Equisetum arvense,ForestWetPoor
95011,Equisetum arvense,ForestWetPoor
95012,Equisetum arvense,ForestWetPoor
95013,Equisetum arvense,ForestWetPoor
95014,Equisetum arvense,ForestWetPoor
95015,Equisetum arvense,ForestWetPoor
95016,Equisetum arvense,ForestWetPoor
95017,Equisetum arvense,ForestWetPoor
95018,Equisetum arvense,ForestWetPoor
95527,Equisetum arvense,ForestWetPoor
95528,Equisetum arvense,ForestWetPoor
95529,Equisetum arvense,ForestWetPoor
95530,Equisetum arvense,ForestWetPoor
95531,Equisetum arvense,ForestWetPoor
95532,Equisetum arvense,ForestWetPoor
95533,Equisetum arvense,ForestWetPoor
95534,Equisetum arvense,ForestWetPoor
95535,Equisetum arvense,ForestWetPoor
95536,Equisetum arvense,ForestWetPoor
95537,Equisetum arvense,ForestWetPoor
95538,Equisetum arvense,ForestWetPoor
95539,Equisetum arvense,ForestWetPoor
95540,Equisetum arvense,ForestWetPoor
95541,Equisetum arvense,ForestWetPoor
95542,Equisetum arvense,ForestWetPoor
95543,Equisetum arvense,ForestWetPoor
95544,Equisetum arvense,ForestWetPoor
95545,Equisetum arvense,ForestWetPoor
95546,Equisetum arvense,ForestWetPoor
95547,Equisetum arvense,ForestWetPoor
95548,Equisetum arvense,ForestWetPoor
95549,Equisetum arvense,ForestWetPoor
95550,Equisetum arvense,ForestWetPoor
95551,Equisetum arvense,ForestWetPoor
95552,Equisetum arvense,ForestWetPoor
95553,Equisetum arvense,ForestWetPoor
95554,Equisetum arvense,ForestWetPoor
95555,Equisetum arvense,ForestWetPoor
95556,Equisetum arvense,ForestWetPoor
95557,Equisetum arvense,ForestWetPoor
95558,Equisetum arvense,ForestWetPoor
95559,Equisetum arvense,ForestWetPoor
95560,Equisetum arvense,ForestWetPoor
95561,Equisetum arvense,ForestWetPoor
95562,Equisetum arvense,ForestWetPoor
95563,Equisetum arvense,ForestWetPoor
95564,Equisetum arvense,ForestWetPoor
95565,Equisetum arvense,ForestWetPoor
95566,Equisetum arvense,ForestWetPoor
95567,Equisetum arvense,ForestWetPoor
95568,Equisetum arvense,ForestWetPoor
95569,Equisetum arvense,ForestWetPoor
95570,Equisetum arvense,ForestWetPoor
95571,Equisetum arvense,ForestWetPoor
95572,Equisetum arvense,ForestWetPoor
95573,Equisetum arvense,ForestWetPoor
95574,Equisetum arvense,ForestWetPoor
95575,Equisetum arvense,ForestWetPoor
95576,Equisetum arvense,ForestWetPoor
95577,Equisetum arvense,ForestWetPoor
95578,Equisetum arvense,ForestWetPoor
95579,Equisetum arvense,ForestWetPoor
95580,Equisetum arvense,ForestWetPoor
95581,Equisetum arvense,ForestWetPoor
95582,Equisetum arvense,ForestWetPoor
95583,Equisetum arvense,ForestWetPoor
95584,Equisetum arvense,ForestWetPoor
95585,Equisetum arvense,ForestWetPoor
95586,Equisetum arvense,ForestWetPoor
95587,Equisetum arvense,ForestWetPoor
95588,Equisetum arvense,ForestWetPoor
95589,Equisetum arvense,ForestWetPoor
95590,Equisetum arvense,ForestWetPoor
95591,Equisetum arvense,ForestWetPoor
95592,Equisetum arvense,ForestWetPoor
95593,Equisetum arvense,ForestWetPoor
95594,Equisetum arvense,ForestWetPoor
95595,Equisetum arvense,ForestWetPoor
95596,Equisetum arvense,ForestWetPoor
95597,Equisetum arvense,ForestWetPoor
95598,Equisetum arvense,ForestWetPoor
95599,Equisetum arvense,ForestWetPoor
95600,Equisetum arvense,ForestWetPoor
95601,Equisetum arvense,ForestWetPoor
95602,Equisetum arvense,ForestWetPoor
95603,Equisetum arvense,ForestWetPoor
95604,Equisetum arvense,ForestWetPoor
95605,Equisetum arvense,ForestWetPoor
95606,Equisetum arvense,ForestWetPoor
95607,Equisetum arvense,ForestWetPoor
95608,Equisetum arvense,ForestWetPoor
95609,Equisetum arvense,ForestWetPoor
95610,Equisetum arvense,ForestWetPoor
95611,Equisetum arvense,ForestWetPoor
95612,Equisetum arvense,ForestWetPoor
95613,Equisetum arvense,ForestWetPoor
95614,Equisetum arvense,ForestWetPoor
95615,Equisetum arvense,ForestWetPoor
95616,Equisetum arvense,ForestWetPoor
95617,Equisetum arvense,ForestWetPoor
96126,Equisetum arvense,ForestWetPoor
96127,Equisetum arvense,ForestWetPoor
96128,Equisetum arvense,ForestWetPoor
96129,Equisetum arvense,ForestWetPoor
96130,Equisetum arvense,ForestWetPoor
96131,Equisetum arvense,ForestWetPoor
96132,Equisetum arvense,ForestWetPoor
96133,Equisetum arvense,ForestWetPoor
96134,Equisetum arvense,ForestWetPoor
96135,Equisetum arvense,ForestWetPoor
96136,Equisetum arvense,ForestWetPoor
96137,Equisetum arvense,ForestWetPoor
96138,Equisetum arvense,ForestWetPoor
96139,Equisetum arvense,ForestWetPoor
96140,Equisetum arvense,ForestWetPoor
96141,Equisetum arvense,ForestWetPoor
96142,Equisetum arvense,ForestWetPoor
96143,Equisetum arvense,ForestWetPoor
96144,Equisetum arvense,ForestWetPoor
96145,Equisetum arvense,ForestWetPoor
96146,Equisetum arvense,ForestWetPoor
96147,Equisetum arvense,ForestWetPoor
96148,Equisetum arvense,ForestWetPoor
96149,Equisetum arvense,ForestWetPoor
96150,Equisetum arvense,ForestWetPoor
96151,Equisetum arvense,ForestWetPoor
96152,Equisetum arvense,ForestWetPoor
96153,Equisetum arvense,ForestWetPoor
96154,Equisetum arvense,ForestWetPoor
96155,Equisetum arvense,ForestWetPoor
96156,Equisetum arvense,ForestWetPoor
96157,Equisetum arvense,ForestWetPoor
96158,Equisetum arvense,ForestWetPoor
96159,Equisetum arvense,ForestWetPoor
96160,Equisetum arvense,ForestWetPoor
96161,Equisetum arvense,ForestWetPoor
96162,Equisetum arvense,ForestWetPoor
96163,Equisetum arvense,ForestWetPoor
96164,Equisetum arvense,ForestWetPoor
96165,Equisetum arvense,ForestWetPoor
96166,Equisetum arvense,ForestWetPoor
96167,Equisetum arvense,ForestWetPoor
96168,Equisetum arvense,ForestWetPoor
96169,Equisetum arvense,ForestWetPoor
96170,Equisetum arvense,ForestWetPoor
96171,Equisetum arvense,ForestWetPoor
96172,Equisetum arvense,ForestWetPoor
96173,Equisetum arvense,ForestWetPoor
96174,Equisetum arvense,ForestWetPoor
96175,Equisetum arvense,ForestWetPoor
96176,Equisetum arvense,ForestWetPoor
96177,Equisetum arvense,ForestWetPoor
96178,Equisetum arvense,ForestWetPoor
96179,Equisetum arvense,ForestWetPoor
96180,Equisetum arvense,ForestWetPoor
96181,Equisetum arvense,ForestWetPoor
96182,Equisetum arvense,ForestWetPoor
96183,Equisetum arvense,ForestWetPoor
96184,Equisetum arvense,ForestWetPoor
96185,Equisetum arvense,ForestWetPoor
96186,Equisetum arvense,ForestWetPoor
96187,Equisetum arvense,ForestWetPoor
96188,Equisetum arvense,ForestWetPoor
96189,Equisetum arvense,ForestWetPoor
96190,Equisetum arvense,ForestWetPoor
96191,Equisetum arvense,ForestWetPoor
96192,Equisetum arvense,ForestWetPoor
96193,Equisetum arvense,ForestWetPoor
96194,Equisetum arvense,ForestWetPoor
96195,Equisetum arvense,ForestWetPoor
96196,Equisetum arvense,ForestWetPoor
96197,Equisetum arvense,ForestWetPoor
96198,Equisetum arvense,ForestWetPoor
96199,Equisetum arvense,ForestWetPoor
96200,Equisetum arvense,ForestWetPoor
96201,Equisetum arvense,ForestWetPoor
96202,Equisetum arvense,ForestWetPoor
96203,Equisetum arvense,ForestWetPoor
96204,Equisetum arvense,ForestWetPoor
96205,Equisetum arvense,ForestWetPoor
96206,Equisetum arvense,ForestWetPoor
96207,Equisetum arvense,ForestWetPoor
96208,Equisetum arvense,ForestWetPoor
96209,Equisetum arvense,ForestWetPoor
96210,Equisetum arvense,ForestWetPoor
96211,Equisetum arvense,ForestWetPoor
96212,Equisetum arvense,ForestWetPoor
96213,Equisetum arvense,ForestWetPoor
96214,Equisetum arvense,ForestWetPoor
96215,Equisetum arvense,ForestWetPoor
96216,Equisetum arvense,ForestWetPoor
96725,Equisetum arvense,ForestWetPoor
96726,Equisetum arvense,ForestWetPoor
96727,Equisetum arvense,ForestWetPoor
96728,Equisetum arvense,ForestWetPoor
96729,Equisetum arvense,ForestWetPoor
96730,Equisetum arvense,ForestWetPoor
96731,Equisetum arvense,ForestWetPoor
96732,Equisetum arvense,ForestWetPoor
96733,Equisetum arvense,ForestWetPoor
96734,Equisetum arvense,ForestWetPoor
96735,Equisetum arvense,ForestWetPoor
96736,Equisetum arvense,ForestWetPoor
96737,Equisetum arvense,ForestWetPoor
96738,Equisetum arvense,ForestWetPoor
96739,Equisetum arvense,ForestWetPoor
96740,Equisetum arvense,ForestWetPoor
96741,Equisetum arvense,ForestWetPoor
96742,Equisetum arvense,ForestWetPoor
96743,Equisetum arvense,ForestWetPoor
96744,Equisetum arvense,ForestWetPoor
96745,Equisetum arvense,ForestWetPoor
96746,Equisetum arvense,ForestWetPoor
96747,Equisetum arvense,ForestWetPoor
96748,Equisetum arvense,ForestWetPoor
96749,Equisetum arvense,ForestWetPoor
96750,Equisetum arvense,ForestWetPoor
96751,Equisetum arvense,ForestWetPoor
96752,Equisetum arvense,ForestWetPoor
96753,Equisetum arvense,ForestWetPoor
96754,Equisetum arvense,ForestWetPoor
96755,Equisetum arvense,ForestWetPoor
96756,Equisetum arvense,ForestWetPoor
96757,Equisetum arvense,ForestWetPoor
96758,Equisetum arvense,ForestWetPoor
96759,Equisetum arvense,ForestWetPoor
96760,Equisetum arvense,ForestWetPoor
96761,Equisetum arvense,ForestWetPoor
96762,Equisetum arvense,ForestWetPoor
96763,Equisetum arvense,ForestWetPoor
96764,Equisetum arvense,ForestWetPoor
96765,Equisetum arvense,ForestWetPoor
96766,Equisetum arvense,ForestWetPoor
96767,Equisetum arvense,ForestWetPoor
96768,Equisetum arvense,ForestWetPoor
96769,Equisetum arvense,ForestWetPoor
96770,Equisetum arvense,ForestWetPoor
96771,Equisetum arvense,ForestWetPoor
96772,Equisetum arvense,ForestWetPoor
96773,Equisetum arvense,ForestWetPoor
96774,Equisetum arvense,ForestWetPoor
96775,Equisetum arvense,ForestWetPoor
96776,Equisetum arvense,ForestWetPoor
96777,Equisetum arvense,ForestWetPoor
96778,Equisetum arvense,ForestWetPoor
96779,Equisetum arvense,ForestWetPoor
96780,Equisetum arvense,ForestWetPoor
96781,Equisetum arvense,ForestWetPoor
96782,Equisetum arvense,ForestWetPoor
96783,Equisetum arvense,ForestWetPoor
96784,Equisetum arvense,ForestWetPoor
96785,Equisetum arvense,ForestWetPoor
96786,Equisetum arvense,ForestWetPoor
96787,Equisetum arvense,ForestWetPoor
96788,Equisetum arvense,ForestWetPoor
96789,Equisetum arvense,ForestWetPoor
96790,Equisetum arvense,ForestWetPoor
96791,Equisetum arvense,ForestWetPoor
96792,Equisetum arvense,ForestWetPoor
96793,Equisetum arvense,ForestWetPoor
96794,Equisetum arvense,ForestWetPoor
96795,Equisetum arvense,ForestWetPoor
96796,Equisetum arvense,ForestWetPoor
96797,Equisetum arvense,ForestWetPoor
96798,Equisetum arvense,ForestWetPoor
96799,Equisetum arvense,ForestWetPoor
96800,Equisetum arvense,ForestWetPoor
96801,Equisetum arvense,ForestWetPoor
96802,Equisetum arvense,ForestWetPoor
96803,Equisetum arvense,ForestWetPoor
96804,Equisetum arvense,ForestWetPoor
96805,Equisetum arvense,ForestWetPoor
96806,Equisetum arvense,ForestWetPoor
96807,Equisetum arvense,ForestWetPoor
96808,Equisetum arvense,ForestWetPoor
96809,Equisetum arvense,ForestWetPoor
96810,Equisetum arvense,ForestWetPoor
96811,Equisetum arvense,ForestWetPoor
96812,Equisetum arvense,ForestWetPoor
96813,Equisetum arvense,ForestWetPoor
96814,Equisetum arvense,ForestWetPoor
96815,Equisetum arvense,ForestWetPoor
97324,Equisetum arvense,ForestWetPoor
97325,Equisetum arvense,ForestWetPoor
97326,Equisetum arvense,ForestWetPoor
97327,Equisetum arvense,ForestWetPoor
97328,Equisetum arvense,ForestWetPoor
97329,Equisetum arvense,ForestWetPoor
97330,Equisetum arvense,ForestWetPoor
97331,Equisetum arvense,ForestWetPoor
97332,Equisetum arvense,ForestWetPoor
97333,Equisetum arvense,ForestWetPoor
97334,Equisetum arvense,ForestWetPoor
97335,Equisetum arvense,ForestWetPoor
97336,Equisetum arvense,ForestWetPoor
97337,Equisetum arvense,ForestWetPoor
97338,Equisetum arvense,ForestWetPoor
97339,Equisetum arvense,ForestWetPoor
97340,Equisetum arvense,ForestWetPoor
97341,Equisetum arvense,ForestWetPoor
97342,Equisetum arvense,ForestWetPoor
97343,Equisetum arvense,ForestWetPoor
97344,Equisetum arvense,ForestWetPoor
97345,Equisetum arvense,ForestWetPoor
97346,Equisetum arvense,ForestWetPoor
97347,Equisetum arvense,ForestWetPoor
97348,Equisetum arvense,ForestWetPoor
97349,Equisetum arvense,ForestWetPoor
97350,Equisetum arvense,ForestWetPoor
97351,Equisetum arvense,ForestWetPoor
97352,Equisetum arvense,ForestWetPoor
97353,Equisetum arvense,ForestWetPoor
97354,Equisetum arvense,ForestWetPoor
97355,Equisetum arvense,ForestWetPoor
97356,Equisetum arvense,ForestWetPoor
97357,Equisetum arvense,ForestWetPoor
97358,Equisetum arvense,ForestWetPoor
97359,Equisetum arvense,ForestWetPoor
97360,Equisetum arvense,ForestWetPoor
97361,Equisetum arvense,ForestWetPoor
97362,Equisetum arvense,ForestWetPoor
97363,Equisetum arvense,ForestWetPoor
97364,Equisetum arvense,ForestWetPoor
97365,Equisetum arvense,ForestWetPoor
97366,Equisetum arvense,ForestWetPoor
97367,Equisetum arvense,ForestWetPoor
97368,Equisetum arvense,ForestWetPoor
97369,Equisetum arvense,ForestWetPoor
97370,Equisetum arvense,ForestWetPoor
97371,Equisetum arvense,ForestWetPoor
97372,Equisetum arvense,ForestWetPoor
97373,Equisetum arvense,ForestWetPoor
97374,Equisetum arvense,ForestWetPoor
97375,Equisetum arvense,ForestWetPoor
97376,Equisetum arvense,ForestWetPoor
97377,Equisetum arvense,ForestWetPoor
97378,Equisetum arvense,ForestWetPoor
97379,Equisetum arvense,ForestWetPoor
97380,Equisetum arvense,ForestWetPoor
97381,Equisetum arvense,ForestWetPoor
97382,Equisetum arvense,ForestWetPoor
97383,Equisetum arvense,ForestWetPoor
97384,Equisetum arvense,ForestWetPoor
97385,Equisetum arvense,ForestWetPoor
97386,Equisetum arvense,ForestWetPoor
97387,Equisetum arvense,ForestWetPoor
97388,Equisetum arvense,ForestWetPoor
97389,Equisetum arvense,ForestWetPoor
97390,Equisetum arvense,ForestWetPoor
97391,Equisetum arvense,ForestWetPoor
97392,Equisetum arvense,ForestWetPoor
97393,Equisetum arvense,ForestWetPoor
97394,Equisetum arvense,ForestWetPoor
97395,Equisetum arvense,ForestWetPoor
97396,Equisetum arvense,ForestWetPoor
97397,Equisetum arvense,ForestWetPoor
97398,Equisetum arvense,ForestWetPoor
97399,Equisetum arvense,ForestWetPoor
97400,Equisetum arvense,ForestWetPoor
97401,Equisetum arvense,ForestWetPoor
97402,Equisetum arvense,ForestWetPoor
97403,Equisetum arvense,ForestWetPoor
97404,Equisetum arvense,ForestWetPoor
97405,Equisetum arvense,ForestWetPoor
97406,Equisetum arvense,ForestWetPoor
97407,Equisetum arvense,ForestWetPoor
97408,Equisetum arvense,ForestWetPoor
97409,Equisetum arvense,ForestWetPoor
97410,Equisetum arvense,ForestWetPoor
97411,Equisetum arvense,ForestWetPoor
97412,Equisetum arvense,ForestWetPoor
97413,Equisetum arvense,ForestWetPoor
97414,Equisetum arvense,ForestWetPoor
97924,Equisetum arvense,ForestWetPoor
97925,Equisetum arvense,ForestWetPoor
97926,Equisetum arvense,ForestWetPoor
97927,Equisetum arvense,ForestWetPoor
97928,Equisetum arvense,ForestWetPoor
97929,Equisetum arvense,ForestWetPoor
97930,Equisetum arvense,ForestWetPoor
97931,Equisetum arvense,ForestWetPoor
97932,Equisetum arvense,ForestWetPoor
97933,Equisetum arvense,ForestWetPoor
97934,Equisetum arvense,ForestWetPoor
97935,Equisetum arvense,ForestWetPoor
97936,Equisetum arvense,ForestWetPoor
97937,Equisetum arvense,ForestWetPoor
97938,Equisetum arvense,ForestWetPoor
97939,Equisetum arvense,ForestWetPoor
97940,Equisetum arvense,ForestWetPoor
97941,Equisetum arvense,ForestWetPoor
97942,Equisetum arvense,ForestWetPoor
97943,Equisetum arvense,ForestWetPoor
97944,Equisetum arvense,ForestWetPoor
97945,Equisetum arvense,ForestWetPoor
97946,Equisetum arvense,ForestWetPoor
97947,Equisetum arvense,ForestWetPoor
97948,Equisetum arvense,ForestWetPoor
97949,Equisetum arvense,ForestWetPoor
97950,Equisetum arvense,ForestWetPoor
97951,Equisetum arvense,ForestWetPoor
97952,Equisetum arvense,ForestWetPoor
97953,Equisetum arvense,ForestWetPoor
97954,Equisetum arvense,ForestWetPoor
97955,Equisetum arvense,ForestWetPoor
97956,Equisetum arvense,ForestWetPoor
97957,Equisetum arvense,ForestWetPoor
97958,Equisetum arvense,ForestWetPoor
97959,Equisetum arvense,ForestWetPoor
97960,Equisetum arvense,ForestWetPoor
97961,Equisetum arvense,ForestWetPoor
97962,Equisetum arvense,ForestWetPoor
97963,Equisetum arvense,ForestWetPoor
97964,Equisetum arvense,ForestWetPoor
97965,Equisetum arvense,ForestWetPoor
97966,Equisetum arvense,ForestWetPoor
97967,Equisetum arvense,ForestWetPoor
97968,Equisetum arvense,ForestWetPoor
97969,Equisetum arvense,ForestWetPoor
97970,Equisetum arvense,ForestWetPoor
97971,Equisetum arvense,ForestWetPoor
97972,Equisetum arvense,ForestWetPoor
97973,Equisetum arvense,ForestWetPoor
97974,Equisetum arvense,ForestWetPoor
97975,Equisetum arvense,ForestWetPoor
97976,Equisetum arvense,ForestWetPoor
97977,Equisetum arvense,ForestWetPoor
97978,Equisetum arvense,ForestWetPoor
97979,Equisetum arvense,ForestWetPoor
97980,Equisetum arvense,ForestWetPoor
97981,Equisetum arvense,ForestWetPoor
97982,Equisetum arvense,ForestWetPoor
97983,Equisetum arvense,ForestWetPoor
97984,Equisetum arvense,ForestWetPoor
97985,Equisetum arvense,ForestWetPoor
97986,Equisetum arvense,ForestWetPoor
97987,Equisetum arvense,ForestWetPoor
97988,Equisetum arvense,ForestWetPoor
97989,Equisetum arvense,ForestWetPoor
97990,Equisetum arvense,ForestWetPoor
97991,Equisetum arvense,ForestWetPoor
97992,Equisetum arvense,ForestWetPoor
97993,Equisetum arvense,ForestWetPoor
97994,Equisetum arvense,ForestWetPoor
97995,Equisetum arvense,ForestWetPoor
97996,Equisetum arvense,ForestWetPoor
97997,Equisetum arvense,ForestWetPoor
97998,Equisetum arvense,ForestWetPoor
97999,Equisetum arvense,ForestWetPoor
98000,Equisetum arvense,ForestWetPoor
98001,Equisetum arvense,ForestWetPoor
98002,Equisetum arvense,ForestWetPoor
98003,Equisetum arvense,ForestWetPoor
98004,Equisetum arvense,ForestWetPoor
98005,Equisetum arvense,ForestWetPoor
98006,Equisetum arvense,ForestWetPoor
98007,Equisetum arvense,ForestWetPoor
98008,Equisetum arvense,ForestWetPoor
98009,Equisetum arvense,ForestWetPoor
98010,Equisetum arvense,ForestWetPoor
98011,Equisetum arvense,ForestWetPoor
98012,Equisetum arvense,ForestWetPoor
98013,Equisetum arvense,ForestWetPoor
98523,Equisetum arvense,ForestWetPoor
98524,Equisetum arvense,ForestWetPoor
98525,Equisetum arvense,ForestWetPoor
98526,Equisetum arvense,ForestWetPoor
98527,Equisetum arvense,ForestWetPoor
98528,Equisetum arvense,ForestWetPoor
98529,Equisetum arvense,ForestWetPoor
98530,Equisetum arvense,ForestWetPoor
98531,Equisetum arvense,ForestWetPoor
98532,Equisetum arvense,ForestWetPoor
99123,Equisetum arvense,ForestWetPoor
99124,Equisetum arvense,ForestWetPoor
99125,Equisetum arvense,ForestWetPoor
99126,Equisetum arvense,ForestWetPoor
99127,Equisetum arvense,ForestWetPoor
99128,Equisetum arvense,ForestWetPoor
99129,Equisetum arvense,ForestWetPoor
99130,Equisetum arvense,ForestWetPoor
99131,Equisetum arvense,ForestWetPoor
99722,Equisetum arvense,ForestWetPoor
99723,Equisetum arvense,ForestWetPoor
99724,Equisetum arvense,ForestWetPoor
99725,Equisetum arvense,ForestWetPoor
99726,Equisetum arvense,ForestWetPoor
99727,Equisetum arvense,ForestWetPoor
99728,Equisetum arvense,ForestWetPoor
99729,Equisetum arvense,ForestWetPoor
99730,Equisetum arvense,ForestWetPoor
100321,Equisetum arvense,ForestWetPoor
100322,Equisetum arvense,ForestWetPoor
100323,Equisetum arvense,ForestWetPoor
100324,Equisetum arvense,ForestWetPoor
100325,Equisetum arvense,ForestWetPoor
100326,Equisetum arvense,ForestWetPoor
100327,Equisetum arvense,ForestWetPoor
100328,Equisetum arvense,ForestWetPoor
100329,Equisetum arvense,ForestWetPoor
100921,Equisetum arvense,ForestWetPoor
100922,Equisetum arvense,ForestWetPoor
100923,Equisetum arvense,ForestWetPoor
100924,Equisetum arvense,ForestWetPoor
100925,Equisetum arvense,ForestWetPoor
100926,Equisetum arvense,ForestWetPoor
100927,Equisetum arvense,ForestWetPoor
100928,Equisetum arvense,ForestWetPoor
101520,Equisetum arvense,ForestWetPoor
101521,Equisetum arvense,ForestWetPoor
101522,Equisetum arvense,ForestWetPoor
101523,Equisetum arvense,ForestWetPoor
101524,Equisetum arvense,ForestWetPoor
101525,Equisetum arvense,ForestWetPoor
101526,Equisetum arvense,ForestWetPoor
101527,Equisetum arvense,ForestWetPoor
102120,Equisetum arvense,ForestWetPoor
102121,Equisetum arvense,ForestWetPoor
102122,Equisetum arvense,ForestWetPoor
102123,Equisetum arvense,ForestWetPoor
102124,Equisetum arvense,ForestWetPoor
102125,Equisetum arvense,ForestWetPoor
102126,Equisetum arvense,ForestWetPoor
102719,Equisetum arvense,ForestWetPoor
102720,Equisetum arvense,ForestWetPoor
102721,Equisetum arvense,ForestWetPoor
102722,Equisetum arvense,ForestWetPoor
102723,Equisetum arvense,ForestWetPoor
102724,Equisetum arvense,ForestWetPoor
102725,Equisetum arvense,ForestWetPoor
103319,Equisetum arvense,ForestWetPoor
103320,Equisetum arvense,ForestWetPoor
103321,Equisetum arvense,ForestWetPoor
103322,Equisetum arvense,ForestWetPoor
103323,Equisetum arvense,ForestWetPoor
103324,Equisetum arvense,ForestWetPoor
103918,Equisetum arvense,ForestWetPoor
103919,Equisetum arvense,ForestWetPoor
103920,Equisetum arvense,ForestWetPoor
103921,Equisetum arvense,ForestWetPoor
103922,Equisetum arvense,ForestWetPoor
103923,Equisetum arvense,ForestWetPoor
104518,Equisetum arvense,ForestWetPoor
104519,Equisetum arvense,ForestWetPoor
104520,Equisetum arvense,ForestWetPoor
104521,Equisetum arvense,ForestWetPoor
104522,Equisetum arvense,ForestWetPoor
105118,Equisetum arvense,ForestWetPoor
105119,Equisetum arvense,ForestWetPoor
105120,Equisetum arvense,ForestWetPoor
105121,Equisetum arvense,ForestWetPoor
105717,Equisetum arvense,ForestWetPoor
105718,Equisetum arvense,ForestWetPoor
105719,Equisetum arvense,ForestWetPoor
105720,Equisetum arvense,ForestWetPoor
106317,Equisetum arvense,ForestWetPoor
106318,Equisetum arvense,ForestWetPoor
106319,Equisetum arvense,ForestWetPoor
106917,Equisetum arvense,ForestWetPoor
106918,Equisetum arvense,ForestWetPoor
107517,Equisetum arvense,ForestWetPoor
62753,Equisetum arvense,ForestWetPoor
62754,Equisetum arvense,ForestWetPoor
62755,Equisetum arvense,ForestWetPoor
62756,Equisetum arvense,ForestWetPoor
62757,Equisetum arvense,ForestWetPoor
62758,Equisetum arvense,ForestWetPoor
62759,Equisetum arvense,ForestWetPoor
62760,Equisetum arvense,ForestWetPoor
62761,Equisetum arvense,ForestWetPoor
62762,Equisetum arvense,ForestWetPoor
62763,Equisetum arvense,ForestWetPoor
62764,Equisetum arvense,ForestWetPoor
62765,Equisetum arvense,ForestWetPoor
62766,Equisetum arvense,ForestWetPoor
62767,Equisetum arvense,ForestWetPoor
62768,Equisetum arvense,ForestWetPoor
62769,Equisetum arvense,ForestWetPoor
62770,Equisetum arvense,ForestWetPoor
62771,Equisetum arvense,ForestWetPoor
62772,Equisetum arvense,ForestWetPoor
62773,Equisetum arvense,ForestWetPoor
62774,Equisetum arvense,ForestWetPoor
62775,Equisetum arvense,ForestWetPoor
62776,Equisetum arvense,ForestWetPoor
62777,Equisetum arvense,ForestWetPoor
62778,Equisetum arvense,ForestWetPoor
62779,Equisetum arvense,ForestWetPoor
62780,Equisetum arvense,ForestWetPoor
62781,Equisetum arvense,ForestWetPoor
62782,Equisetum arvense,ForestWetPoor
62783,Equisetum arvense,ForestWetPoor
62784,Equisetum arvense,ForestWetPoor
62785,Equisetum arvense,ForestWetPoor
62786,Equisetum arvense,ForestWetPoor
62787,Equisetum arvense,ForestWetPoor
62788,Equisetum arvense,ForestWetPoor
62789,Equisetum arvense,ForestWetPoor
62790,Equisetum arvense,ForestWetPoor
62791,Equisetum arvense,ForestWetPoor
62792,Equisetum arvense,ForestWetPoor
63352,Equisetum arvense,ForestWetPoor
63353,Equisetum arvense,ForestWetPoor
63354,Equisetum arvense,ForestWetPoor
63355,Equisetum arvense,ForestWetPoor
63356,Equisetum arvense,ForestWetPoor
63357,Equisetum arvense,ForestWetPoor
63358,Equisetum arvense,ForestWetPoor
63359,Equisetum arvense,ForestWetPoor
63360,Equisetum arvense,ForestWetPoor
63361,Equisetum arvense,ForestWetPoor
63362,Equisetum arvense,ForestWetPoor
63363,Equisetum arvense,ForestWetPoor
63364,Equisetum arvense,ForestWetPoor
63365,Equisetum arvense,ForestWetPoor
63366,Equisetum arvense,ForestWetPoor
63367,Equisetum arvense,ForestWetPoor
63368,Equisetum arvense,ForestWetPoor
63369,Equisetum arvense,ForestWetPoor
63370,Equisetum arvense,ForestWetPoor
63371,Equisetum arvense,ForestWetPoor
63372,Equisetum arvense,ForestWetPoor
63373,Equisetum arvense,ForestWetPoor
63374,Equisetum arvense,ForestWetPoor
63375,Equisetum arvense,ForestWetPoor
63376,Equisetum arvense,ForestWetPoor
63377,Equisetum arvense,ForestWetPoor
63378,Equisetum arvense,ForestWetPoor
63379,Equisetum arvense,ForestWetPoor
63380,Equisetum arvense,ForestWetPoor
63381,Equisetum arvense,ForestWetPoor
63382,Equisetum arvense,ForestWetPoor
63383,Equisetum arvense,ForestWetPoor
63384,Equisetum arvense,ForestWetPoor
63385,Equisetum arvense,ForestWetPoor
63386,Equisetum arvense,ForestWetPoor
63387,Equisetum arvense,ForestWetPoor
63388,Equisetum arvense,ForestWetPoor
63389,Equisetum arvense,ForestWetPoor
63390,Equisetum arvense,ForestWetPoor
63391,Equisetum arvense,ForestWetPoor
63951,Equisetum arvense,ForestWetPoor
63952,Equisetum arvense,ForestWetPoor
63953,Equisetum arvense,ForestWetPoor
63954,Equisetum arvense,ForestWetPoor
63955,Equisetum arvense,ForestWetPoor
63956,Equisetum arvense,ForestWetPoor
63957,Equisetum arvense,ForestWetPoor
63958,Equisetum arvense,ForestWetPoor
63959,Equisetum arvense,ForestWetPoor
63960,Equisetum arvense,ForestWetPoor
63961,Equisetum arvense,ForestWetPoor
63962,Equisetum arvense,ForestWetPoor
63963,Equisetum arvense,ForestWetPoor
63964,Equisetum arvense,ForestWetPoor
63965,Equisetum arvense,ForestWetPoor
63966,Equisetum arvense,ForestWetPoor
63967,Equisetum arvense,ForestWetPoor
63968,Equisetum arvense,ForestWetPoor
63969,Equisetum arvense,ForestWetPoor
63970,Equisetum arvense,ForestWetPoor
63971,Equisetum arvense,ForestWetPoor
63972,Equisetum arvense,ForestWetPoor
63973,Equisetum arvense,ForestWetPoor
63974,Equisetum arvense,ForestWetPoor
63975,Equisetum arvense,ForestWetPoor
63976,Equisetum arvense,ForestWetPoor
63977,Equisetum arvense,ForestWetPoor
63978,Equisetum arvense,ForestWetPoor
63979,Equisetum arvense,ForestWetPoor
63980,Equisetum arvense,ForestWetPoor
63981,Equisetum arvense,ForestWetPoor
63982,Equisetum arvense,ForestWetPoor
63983,Equisetum arvense,ForestWetPoor
63984,Equisetum arvense,ForestWetPoor
63985,Equisetum arvense,ForestWetPoor
63986,Equisetum arvense,ForestWetPoor
63987,Equisetum arvense,ForestWetPoor
63988,Equisetum arvense,ForestWetPoor
63989,Equisetum arvense,ForestWetPoor
63990,Equisetum arvense,ForestWetPoor
64550,Equisetum arvense,ForestWetPoor
64551,Equisetum arvense,ForestWetPoor
64552,Equisetum arvense,ForestWetPoor
64553,Equisetum arvense,ForestWetPoor
64554,Equisetum arvense,ForestWetPoor
64555,Equisetum arvense,ForestWetPoor
64556,Equisetum arvense,ForestWetPoor
64557,Equisetum arvense,ForestWetPoor
64558,Equisetum arvense,ForestWetPoor
64559,Equisetum arvense,ForestWetPoor
64560,Equisetum arvense,ForestWetPoor
64561,Equisetum arvense,ForestWetPoor
64562,Equisetum arvense,ForestWetPoor
64563,Equisetum arvense,ForestWetPoor
64564,Equisetum arvense,ForestWetPoor
64565,Equisetum arvense,ForestWetPoor
64566,Equisetum arvense,ForestWetPoor
64567,Equisetum arvense,ForestWetPoor
64568,Equisetum arvense,ForestWetPoor
64569,Equisetum arvense,ForestWetPoor
64570,Equisetum arvense,ForestWetPoor
64571,Equisetum arvense,ForestWetPoor
64572,Equisetum arvense,ForestWetPoor
64573,Equisetum arvense,ForestWetPoor
64574,Equisetum arvense,ForestWetPoor
64575,Equisetum arvense,ForestWetPoor
64576,Equisetum arvense,ForestWetPoor
64577,Equisetum arvense,ForestWetPoor
64578,Equisetum arvense,ForestWetPoor
64579,Equisetum arvense,ForestWetPoor
64580,Equisetum arvense,ForestWetPoor
64581,Equisetum arvense,ForestWetPoor
64582,Equisetum arvense,ForestWetPoor
64583,Equisetum arvense,ForestWetPoor
64584,Equisetum arvense,ForestWetPoor
64585,Equisetum arvense,ForestWetPoor
64586,Equisetum arvense,ForestWetPoor
64587,Equisetum arvense,ForestWetPoor
64588,Equisetum arvense,ForestWetPoor
64589,Equisetum arvense,ForestWetPoor
65149,Equisetum arvense,ForestWetPoor
65150,Equisetum arvense,ForestWetPoor
65151,Equisetum arvense,ForestWetPoor
65152,Equisetum arvense,ForestWetPoor
65153,Equisetum arvense,ForestWetPoor
65154,Equisetum arvense,ForestWetPoor
65155,Equisetum arvense,ForestWetPoor
65156,Equisetum arvense,ForestWetPoor
65157,Equisetum arvense,ForestWetPoor
65158,Equisetum arvense,ForestWetPoor
65159,Equisetum arvense,ForestWetPoor
65160,Equisetum arvense,ForestWetPoor
65161,Equisetum arvense,ForestWetPoor
65162,Equisetum arvense,ForestWetPoor
65163,Equisetum arvense,ForestWetPoor
65164,Equisetum arvense,ForestWetPoor
65165,Equisetum arvense,ForestWetPoor
65166,Equisetum arvense,ForestWetPoor
65167,Equisetum arvense,ForestWetPoor
65168,Equisetum arvense,ForestWetPoor
65169,Equisetum arvense,ForestWetPoor
65170,Equisetum arvense,ForestWetPoor
65171,Equisetum arvense,ForestWetPoor
65172,Equisetum arvense,ForestWetPoor
65173,Equisetum arvense,ForestWetPoor
65174,Equisetum arvense,ForestWetPoor
65175,Equisetum arvense,ForestWetPoor
65176,Equisetum arvense,ForestWetPoor
65177,Equisetum arvense,ForestWetPoor
65178,Equisetum arvense,ForestWetPoor
65179,Equisetum arvense,ForestWetPoor
65180,Equisetum arvense,ForestWetPoor
65181,Equisetum arvense,ForestWetPoor
65182,Equisetum arvense,ForestWetPoor
65183,Equisetum arvense,ForestWetPoor
65184,Equisetum arvense,ForestWetPoor
65185,Equisetum arvense,ForestWetPoor
65186,Equisetum arvense,ForestWetPoor
65187,Equisetum arvense,ForestWetPoor
65188,Equisetum arvense,ForestWetPoor
65748,Equisetum arvense,ForestWetPoor
65749,Equisetum arvense,ForestWetPoor
65750,Equisetum arvense,ForestWetPoor
65751,Equisetum arvense,ForestWetPoor
65752,Equisetum arvense,ForestWetPoor
65753,Equisetum arvense,ForestWetPoor
65754,Equisetum arvense,ForestWetPoor
65755,Equisetum arvense,ForestWetPoor
65756,Equisetum arvense,ForestWetPoor
65757,Equisetum arvense,ForestWetPoor
65758,Equisetum arvense,ForestWetPoor
65759,Equisetum arvense,ForestWetPoor
65760,Equisetum arvense,ForestWetPoor
65761,Equisetum arvense,ForestWetPoor
65762,Equisetum arvense,ForestWetPoor
65763,Equisetum arvense,ForestWetPoor
65764,Equisetum arvense,ForestWetPoor
65765,Equisetum arvense,ForestWetPoor
65766,Equisetum arvense,ForestWetPoor
65767,Equisetum arvense,ForestWetPoor
65768,Equisetum arvense,ForestWetPoor
65769,Equisetum arvense,ForestWetPoor
65770,Equisetum arvense,ForestWetPoor
65771,Equisetum arvense,ForestWetPoor
65772,Equisetum arvense,ForestWetPoor
65773,Equisetum arvense,ForestWetPoor
65774,Equisetum arvense,ForestWetPoor
65775,Equisetum arvense,ForestWetPoor
65776,Equisetum arvense,ForestWetPoor
65777,Equisetum arvense,ForestWetPoor
65778,Equisetum arvense,ForestWetPoor
65779,Equisetum arvense,ForestWetPoor
65780,Equisetum arvense,ForestWetPoor
65781,Equisetum arvense,ForestWetPoor
65782,Equisetum arvense,ForestWetPoor
65783,Equisetum arvense,ForestWetPoor
65784,Equisetum arvense,ForestWetPoor
65785,Equisetum arvense,ForestWetPoor
65786,Equisetum arvense,ForestWetPoor
65787,Equisetum arvense,ForestWetPoor
66347,Equisetum arvense,ForestWetPoor
66348,Equisetum arvense,ForestWetPoor
66349,Equisetum arvense,ForestWetPoor
66350,Equisetum arvense,ForestWetPoor
66351,Equisetum arvense,ForestWetPoor
66352,Equisetum arvense,ForestWetPoor
66353,Equisetum arvense,ForestWetPoor
66354,Equisetum arvense,ForestWetPoor
66355,Equisetum arvense,ForestWetPoor
66356,Equisetum arvense,ForestWetPoor
66357,Equisetum arvense,ForestWetPoor
66358,Equisetum arvense,ForestWetPoor
66359,Equisetum arvense,ForestWetPoor
66360,Equisetum arvense,ForestWetPoor
66361,Equisetum arvense,ForestWetPoor
66362,Equisetum arvense,ForestWetPoor
66363,Equisetum arvense,ForestWetPoor
66364,Equisetum arvense,ForestWetPoor
66365,Equisetum arvense,ForestWetPoor
66366,Equisetum arvense,ForestWetPoor
66367,Equisetum arvense,ForestWetPoor
66368,Equisetum arvense,ForestWetPoor
66369,Equisetum arvense,ForestWetPoor
66370,Equisetum arvense,ForestWetPoor
66371,Equisetum arvense,ForestWetPoor
66372,Equisetum arvense,ForestWetPoor
66373,Equisetum arvense,ForestWetPoor
66374,Equisetum arvense,ForestWetPoor
66375,Equisetum arvense,ForestWetPoor
66376,Equisetum arvense,ForestWetPoor
66377,Equisetum arvense,ForestWetPoor
66378,Equisetum arvense,ForestWetPoor
66379,Equisetum arvense,ForestWetPoor
66380,Equisetum arvense,ForestWetPoor
66381,Equisetum arvense,ForestWetPoor
66382,Equisetum arvense,ForestWetPoor
66383,Equisetum arvense,ForestWetPoor
66384,Equisetum arvense,ForestWetPoor
66385,Equisetum arvense,ForestWetPoor
66386,Equisetum arvense,ForestWetPoor
66946,Equisetum arvense,ForestWetPoor
66947,Equisetum arvense,ForestWetPoor
66948,Equisetum arvense,ForestWetPoor
66949,Equisetum arvense,ForestWetPoor
66950,Equisetum arvense,ForestWetPoor
66951,Equisetum arvense,ForestWetPoor
66952,Equisetum arvense,ForestWetPoor
66953,Equisetum arvense,ForestWetPoor
66954,Equisetum arvense,ForestWetPoor
66955,Equisetum arvense,ForestWetPoor
66956,Equisetum arvense,ForestWetPoor
66957,Equisetum arvense,ForestWetPoor
66958,Equisetum arvense,ForestWetPoor
66959,Equisetum arvense,ForestWetPoor
66960,Equisetum arvense,ForestWetPoor
66961,Equisetum arvense,ForestWetPoor
66962,Equisetum arvense,ForestWetPoor
66963,Equisetum arvense,ForestWetPoor
66964,Equisetum arvense,ForestWetPoor
66965,Equisetum arvense,ForestWetPoor
66966,Equisetum arvense,ForestWetPoor
66967,Equisetum arvense,ForestWetPoor
66968,Equisetum arvense,ForestWetPoor
66969,Equisetum arvense,ForestWetPoor
66970,Equisetum arvense,ForestWetPoor
66971,Equisetum arvense,ForestWetPoor
66972,Equisetum arvense,ForestWetPoor
66973,Equisetum arvense,ForestWetPoor
66974,Equisetum arvense,ForestWetPoor
66975,Equisetum arvense,ForestWetPoor
66976,Equisetum arvense,ForestWetPoor
66977,Equisetum arvense,ForestWetPoor
66978,Equisetum arvense,ForestWetPoor
66979,Equisetum arvense,ForestWetPoor
66980,Equisetum arvense,ForestWetPoor
66981,Equisetum arvense,ForestWetPoor
66982,Equisetum arvense,ForestWetPoor
66983,Equisetum arvense,ForestWetPoor
66984,Equisetum arvense,ForestWetPoor
66985,Equisetum arvense,ForestWetPoor
67545,Equisetum arvense,ForestWetPoor
67546,Equisetum arvense,ForestWetPoor
67547,Equisetum arvense,ForestWetPoor
67548,Equisetum arvense,ForestWetPoor
67549,Equisetum arvense,ForestWetPoor
67550,Equisetum arvense,ForestWetPoor
67551,Equisetum arvense,ForestWetPoor
67552,Equisetum arvense,ForestWetPoor
67553,Equisetum arvense,ForestWetPoor
67554,Equisetum arvense,ForestWetPoor
67555,Equisetum arvense,ForestWetPoor
67556,Equisetum arvense,ForestWetPoor
67557,Equisetum arvense,ForestWetPoor
67558,Equisetum arvense,ForestWetPoor
67559,Equisetum arvense,ForestWetPoor
67560,Equisetum arvense,ForestWetPoor
67561,Equisetum arvense,ForestWetPoor
67562,Equisetum arvense,ForestWetPoor
67563,Equisetum arvense,ForestWetPoor
67564,Equisetum arvense,ForestWetPoor
67565,Equisetum arvense,ForestWetPoor
67566,Equisetum arvense,ForestWetPoor
67567,Equisetum arvense,ForestWetPoor
67568,Equisetum arvense,ForestWetPoor
67569,Equisetum arvense,ForestWetPoor
67570,Equisetum arvense,ForestWetPoor
67571,Equisetum arvense,ForestWetPoor
67572,Equisetum arvense,ForestWetPoor
67573,Equisetum arvense,ForestWetPoor
67574,Equisetum arvense,ForestWetPoor
67575,Equisetum arvense,ForestWetPoor
67576,Equisetum arvense,ForestWetPoor
67577,Equisetum arvense,ForestWetPoor
67578,Equisetum arvense,ForestWetPoor
67579,Equisetum arvense,ForestWetPoor
67580,Equisetum arvense,ForestWetPoor
67581,Equisetum arvense,ForestWetPoor
67582,Equisetum arvense,ForestWetPoor
67583,Equisetum arvense,ForestWetPoor
67584,Equisetum arvense,ForestWetPoor
68144,Equisetum arvense,ForestWetPoor
68145,Equisetum arvense,ForestWetPoor
68146,Equisetum arvense,ForestWetPoor
68147,Equisetum arvense,ForestWetPoor
68148,Equisetum arvense,ForestWetPoor
68149,Equisetum arvense,ForestWetPoor
68150,Equisetum arvense,ForestWetPoor
68151,Equisetum arvense,ForestWetPoor
68152,Equisetum arvense,ForestWetPoor
68153,Equisetum arvense,ForestWetPoor
68154,Equisetum arvense,ForestWetPoor
68155,Equisetum arvense,ForestWetPoor
68156,Equisetum arvense,ForestWetPoor
68157,Equisetum arvense,ForestWetPoor
68158,Equisetum arvense,ForestWetPoor
68159,Equisetum arvense,ForestWetPoor
68160,Equisetum arvense,ForestWetPoor
68161,Equisetum arvense,ForestWetPoor
68162,Equisetum arvense,ForestWetPoor
68163,Equisetum arvense,ForestWetPoor
68164,Equisetum arvense,ForestWetPoor
68165,Equisetum arvense,ForestWetPoor
68166,Equisetum arvense,ForestWetPoor
68167,Equisetum arvense,ForestWetPoor
68168,Equisetum arvense,ForestWetPoor
68169,Equisetum arvense,ForestWetPoor
68170,Equisetum arvense,ForestWetPoor
68171,Equisetum arvense,ForestWetPoor
68172,Equisetum arvense,ForestWetPoor
68173,Equisetum arvense,ForestWetPoor
68174,Equisetum arvense,ForestWetPoor
68175,Equisetum arvense,ForestWetPoor
68176,Equisetum arvense,ForestWetPoor
68177,Equisetum arvense,ForestWetPoor
68178,Equisetum arvense,ForestWetPoor
68179,Equisetum arvense,ForestWetPoor
68180,Equisetum arvense,ForestWetPoor
68181,Equisetum arvense,ForestWetPoor
68182,Equisetum arvense,ForestWetPoor
68183,Equisetum arvense,ForestWetPoor
68743,Equisetum arvense,ForestWetPoor
68744,Equisetum arvense,ForestWetPoor
68745,Equisetum arvense,ForestWetPoor
68746,Equisetum arvense,ForestWetPoor
68747,Equisetum arvense,ForestWetPoor
68748,Equisetum arvense,ForestWetPoor
68749,Equisetum arvense,ForestWetPoor
68750,Equisetum arvense,ForestWetPoor
68751,Equisetum arvense,ForestWetPoor
68752,Equisetum arvense,ForestWetPoor
68753,Equisetum arvense,ForestWetPoor
68754,Equisetum arvense,ForestWetPoor
68755,Equisetum arvense,ForestWetPoor
68756,Equisetum arvense,ForestWetPoor
68757,Equisetum arvense,ForestWetPoor
68758,Equisetum arvense,ForestWetPoor
68759,Equisetum arvense,ForestWetPoor
68760,Equisetum arvense,ForestWetPoor
68761,Equisetum arvense,ForestWetPoor
68762,Equisetum arvense,ForestWetPoor
68763,Equisetum arvense,ForestWetPoor
68764,Equisetum arvense,ForestWetPoor
68765,Equisetum arvense,ForestWetPoor
68766,Equisetum arvense,ForestWetPoor
68767,Equisetum arvense,ForestWetPoor
68768,Equisetum arvense,ForestWetPoor
68769,Equisetum arvense,ForestWetPoor
68770,Equisetum arvense,ForestWetPoor
68771,Equisetum arvense,ForestWetPoor
68772,Equisetum arvense,ForestWetPoor
68773,Equisetum arvense,ForestWetPoor
68774,Equisetum arvense,ForestWetPoor
68775,Equisetum arvense,ForestWetPoor
68776,Equisetum arvense,ForestWetPoor
68777,Equisetum arvense,ForestWetPoor
68778,Equisetum arvense,ForestWetPoor
68779,Equisetum arvense,ForestWetPoor
68780,Equisetum arvense,ForestWetPoor
68781,Equisetum arvense,ForestWetPoor
68782,Equisetum arvense,ForestWetPoor
69342,Equisetum arvense,ForestWetPoor
69343,Equisetum arvense,ForestWetPoor
69344,Equisetum arvense,ForestWetPoor
69345,Equisetum arvense,ForestWetPoor
69346,Equisetum arvense,ForestWetPoor
69347,Equisetum arvense,ForestWetPoor
69348,Equisetum arvense,ForestWetPoor
69349,Equisetum arvense,ForestWetPoor
69350,Equisetum arvense,ForestWetPoor
69351,Equisetum arvense,ForestWetPoor
69352,Equisetum arvense,ForestWetPoor
69353,Equisetum arvense,ForestWetPoor
69354,Equisetum arvense,ForestWetPoor
69355,Equisetum arvense,ForestWetPoor
69356,Equisetum arvense,ForestWetPoor
69357,Equisetum arvense,ForestWetPoor
69358,Equisetum arvense,ForestWetPoor
69359,Equisetum arvense,ForestWetPoor
69360,Equisetum arvense,ForestWetPoor
69361,Equisetum arvense,ForestWetPoor
69362,Equisetum arvense,ForestWetPoor
69363,Equisetum arvense,ForestWetPoor
69364,Equisetum arvense,ForestWetPoor
69365,Equisetum arvense,ForestWetPoor
69366,Equisetum arvense,ForestWetPoor
69367,Equisetum arvense,ForestWetPoor
69368,Equisetum arvense,ForestWetPoor
69369,Equisetum arvense,ForestWetPoor
69370,Equisetum arvense,ForestWetPoor
69371,Equisetum arvense,ForestWetPoor
69372,Equisetum arvense,ForestWetPoor
69373,Equisetum arvense,ForestWetPoor
69374,Equisetum arvense,ForestWetPoor
69375,Equisetum arvense,ForestWetPoor
69376,Equisetum arvense,ForestWetPoor
69377,Equisetum arvense,ForestWetPoor
69378,Equisetum arvense,ForestWetPoor
69379,Equisetum arvense,ForestWetPoor
69380,Equisetum arvense,ForestWetPoor
69381,Equisetum arvense,ForestWetPoor
69941,Equisetum arvense,ForestWetPoor
69942,Equisetum arvense,ForestWetPoor
69943,Equisetum arvense,ForestWetPoor
69944,Equisetum arvense,ForestWetPoor
69945,Equisetum arvense,ForestWetPoor
69946,Equisetum arvense,ForestWetPoor
69947,Equisetum arvense,ForestWetPoor
69948,Equisetum arvense,ForestWetPoor
69949,Equisetum arvense,ForestWetPoor
69950,Equisetum arvense,ForestWetPoor
69951,Equisetum arvense,ForestWetPoor
69952,Equisetum arvense,ForestWetPoor
69953,Equisetum arvense,ForestWetPoor
69954,Equisetum arvense,ForestWetPoor
69955,Equisetum arvense,ForestWetPoor
69956,Equisetum arvense,ForestWetPoor
69957,Equisetum arvense,ForestWetPoor
69958,Equisetum arvense,ForestWetPoor
69959,Equisetum arvense,ForestWetPoor
69960,Equisetum arvense,ForestWetPoor
69961,Equisetum arvense,ForestWetPoor
69962,Equisetum arvense,ForestWetPoor
69963,Equisetum arvense,ForestWetPoor
69964,Equisetum arvense,ForestWetPoor
69965,Equisetum arvense,ForestWetPoor
69966,Equisetum arvense,ForestWetPoor
69967,Equisetum arvense,ForestWetPoor
69968,Equisetum arvense,ForestWetPoor
69969,Equisetum arvense,ForestWetPoor
69970,Equisetum arvense,ForestWetPoor
69971,Equisetum arvense,ForestWetPoor
69972,Equisetum arvense,ForestWetPoor
69973,Equisetum arvense,ForestWetPoor
69974,Equisetum arvense,ForestWetPoor
69975,Equisetum arvense,ForestWetPoor
69976,Equisetum arvense,ForestWetPoor
69977,Equisetum arvense,ForestWetPoor
69978,Equisetum arvense,ForestWetPoor
69979,Equisetum arvense,ForestWetPoor
69980,Equisetum arvense,ForestWetPoor
70540,Equisetum arvense,ForestWetPoor
70541,Equisetum arvense,ForestWetPoor
70542,Equisetum arvense,ForestWetPoor
70543,Equisetum arvense,ForestWetPoor
70544,Equisetum arvense,ForestWetPoor
70545,Equisetum arvense,ForestWetPoor
70546,Equisetum arvense,ForestWetPoor
70547,Equisetum arvense,ForestWetPoor
70548,Equisetum arvense,ForestWetPoor
70549,Equisetum arvense,ForestWetPoor
70550,Equisetum arvense,ForestWetPoor
70551,Equisetum arvense,ForestWetPoor
70552,Equisetum arvense,ForestWetPoor
70553,Equisetum arvense,ForestWetPoor
70554,Equisetum arvense,ForestWetPoor
70555,Equisetum arvense,ForestWetPoor
70556,Equisetum arvense,ForestWetPoor
70557,Equisetum arvense,ForestWetPoor
70558,Equisetum arvense,ForestWetPoor
70559,Equisetum arvense,ForestWetPoor
70560,Equisetum arvense,ForestWetPoor
70561,Equisetum arvense,ForestWetPoor
70562,Equisetum arvense,ForestWetPoor
70563,Equisetum arvense,ForestWetPoor
70564,Equisetum arvense,ForestWetPoor
70565,Equisetum arvense,ForestWetPoor
70566,Equisetum arvense,ForestWetPoor
70567,Equisetum arvense,ForestWetPoor
70568,Equisetum arvense,ForestWetPoor
70569,Equisetum arvense,ForestWetPoor
70570,Equisetum arvense,ForestWetPoor
70571,Equisetum arvense,ForestWetPoor
70572,Equisetum arvense,ForestWetPoor
70573,Equisetum arvense,ForestWetPoor
70574,Equisetum arvense,ForestWetPoor
70575,Equisetum arvense,ForestWetPoor
70576,Equisetum arvense,ForestWetPoor
70577,Equisetum arvense,ForestWetPoor
70578,Equisetum arvense,ForestWetPoor
70579,Equisetum arvense,ForestWetPoor
71139,Equisetum arvense,ForestWetPoor
71140,Equisetum arvense,ForestWetPoor
71141,Equisetum arvense,ForestWetPoor
71142,Equisetum arvense,ForestWetPoor
71143,Equisetum arvense,ForestWetPoor
71144,Equisetum arvense,ForestWetPoor
71145,Equisetum arvense,ForestWetPoor
71146,Equisetum arvense,ForestWetPoor
71147,Equisetum arvense,ForestWetPoor
71148,Equisetum arvense,ForestWetPoor
71149,Equisetum arvense,ForestWetPoor
71150,Equisetum arvense,ForestWetPoor
71151,Equisetum arvense,ForestWetPoor
71152,Equisetum arvense,ForestWetPoor
71153,Equisetum arvense,ForestWetPoor
71154,Equisetum arvense,ForestWetPoor
71155,Equisetum arvense,ForestWetPoor
71156,Equisetum arvense,ForestWetPoor
71157,Equisetum arvense,ForestWetPoor
71158,Equisetum arvense,ForestWetPoor
71159,Equisetum arvense,ForestWetPoor
71160,Equisetum arvense,ForestWetPoor
71161,Equisetum arvense,ForestWetPoor
71162,Equisetum arvense,ForestWetPoor
71163,Equisetum arvense,ForestWetPoor
71164,Equisetum arvense,ForestWetPoor
71165,Equisetum arvense,ForestWetPoor
71166,Equisetum arvense,ForestWetPoor
71167,Equisetum arvense,ForestWetPoor
71168,Equisetum arvense,ForestWetPoor
71169,Equisetum arvense,ForestWetPoor
71170,Equisetum arvense,ForestWetPoor
71171,Equisetum arvense,ForestWetPoor
71172,Equisetum arvense,ForestWetPoor
71173,Equisetum arvense,ForestWetPoor
71174,Equisetum arvense,ForestWetPoor
71175,Equisetum arvense,ForestWetPoor
71176,Equisetum arvense,ForestWetPoor
71177,Equisetum arvense,ForestWetPoor
71178,Equisetum arvense,ForestWetPoor
71738,Equisetum arvense,ForestWetPoor
71739,Equisetum arvense,ForestWetPoor
71740,Equisetum arvense,ForestWetPoor
71741,Equisetum arvense,ForestWetPoor
71742,Equisetum arvense,ForestWetPoor
71743,Equisetum arvense,ForestWetPoor
71744,Equisetum arvense,ForestWetPoor
71745,Equisetum arvense,ForestWetPoor
71746,Equisetum arvense,ForestWetPoor
71747,Equisetum arvense,ForestWetPoor
71748,Equisetum arvense,ForestWetPoor
71749,Equisetum arvense,ForestWetPoor
71750,Equisetum arvense,ForestWetPoor
71751,Equisetum arvense,ForestWetPoor
71752,Equisetum arvense,ForestWetPoor
71753,Equisetum arvense,ForestWetPoor
71754,Equisetum arvense,ForestWetPoor
71755,Equisetum arvense,ForestWetPoor
71756,Equisetum arvense,ForestWetPoor
71757,Equisetum arvense,ForestWetPoor
71758,Equisetum arvense,ForestWetPoor
71759,Equisetum arvense,ForestWetPoor
71760,Equisetum arvense,ForestWetPoor
71761,Equisetum arvense,ForestWetPoor
71762,Equisetum arvense,ForestWetPoor
71763,Equisetum arvense,ForestWetPoor
71764,Equisetum arvense,ForestWetPoor
71765,Equisetum arvense,ForestWetPoor
71766,Equisetum arvense,ForestWetPoor
71767,Equisetum arvense,ForestWetPoor
71768,Equisetum arvense,ForestWetPoor
71769,Equisetum arvense,ForestWetPoor
71770,Equisetum arvense,ForestWetPoor
71771,Equisetum arvense,ForestWetPoor
71772,Equisetum arvense,ForestWetPoor
71773,Equisetum arvense,ForestWetPoor
71774,Equisetum arvense,ForestWetPoor
71775,Equisetum arvense,ForestWetPoor
71776,Equisetum arvense,ForestWetPoor
71777,Equisetum arvense,ForestWetPoor
72337,Equisetum arvense,ForestWetPoor
72338,Equisetum arvense,ForestWetPoor
72339,Equisetum arvense,ForestWetPoor
72340,Equisetum arvense,ForestWetPoor
72341,Equisetum arvense,ForestWetPoor
72342,Equisetum arvense,ForestWetPoor
72343,Equisetum arvense,ForestWetPoor
72344,Equisetum arvense,ForestWetPoor
72345,Equisetum arvense,ForestWetPoor
72346,Equisetum arvense,ForestWetPoor
72347,Equisetum arvense,ForestWetPoor
72348,Equisetum arvense,ForestWetPoor
72349,Equisetum arvense,ForestWetPoor
72350,Equisetum arvense,ForestWetPoor
72351,Equisetum arvense,ForestWetPoor
72352,Equisetum arvense,ForestWetPoor
72353,Equisetum arvense,ForestWetPoor
72354,Equisetum arvense,ForestWetPoor
72355,Equisetum arvense,ForestWetPoor
72356,Equisetum arvense,ForestWetPoor
72357,Equisetum arvense,ForestWetPoor
72358,Equisetum arvense,ForestWetPoor
72359,Equisetum arvense,ForestWetPoor
72360,Equisetum arvense,ForestWetPoor
72361,Equisetum arvense,ForestWetPoor
72362,Equisetum arvense,ForestWetPoor
72363,Equisetum arvense,ForestWetPoor
72364,Equisetum arvense,ForestWetPoor
72365,Equisetum arvense,ForestWetPoor
72366,Equisetum arvense,ForestWetPoor
72367,Equisetum arvense,ForestWetPoor
72368,Equisetum arvense,ForestWetPoor
72369,Equisetum arvense,ForestWetPoor
72370,Equisetum arvense,ForestWetPoor
72371,Equisetum arvense,ForestWetPoor
72372,Equisetum arvense,ForestWetPoor
72373,Equisetum arvense,ForestWetPoor
72374,Equisetum arvense,ForestWetPoor
72375,Equisetum arvense,ForestWetPoor
72376,Equisetum arvense,ForestWetPoor
72936,Equisetum arvense,ForestWetPoor
72937,Equisetum arvense,ForestWetPoor
72938,Equisetum arvense,ForestWetPoor
72939,Equisetum arvense,ForestWetPoor
72940,Equisetum arvense,ForestWetPoor
72941,Equisetum arvense,ForestWetPoor
72942,Equisetum arvense,ForestWetPoor
72943,Equisetum arvense,ForestWetPoor
72944,Equisetum arvense,ForestWetPoor
72945,Equisetum arvense,ForestWetPoor
72946,Equisetum arvense,ForestWetPoor
72947,Equisetum arvense,ForestWetPoor
72948,Equisetum arvense,ForestWetPoor
72949,Equisetum arvense,ForestWetPoor
72950,Equisetum arvense,ForestWetPoor
72951,Equisetum arvense,ForestWetPoor
72952,Equisetum arvense,ForestWetPoor
72953,Equisetum arvense,ForestWetPoor
72954,Equisetum arvense,ForestWetPoor
72955,Equisetum arvense,ForestWetPoor
72956,Equisetum arvense,ForestWetPoor
72957,Equisetum arvense,ForestWetPoor
72958,Equisetum arvense,ForestWetPoor
72959,Equisetum arvense,ForestWetPoor
72960,Equisetum arvense,ForestWetPoor
72961,Equisetum arvense,ForestWetPoor
72962,Equisetum arvense,ForestWetPoor
72963,Equisetum arvense,ForestWetPoor
72964,Equisetum arvense,ForestWetPoor
72965,Equisetum arvense,ForestWetPoor
72966,Equisetum arvense,ForestWetPoor
72967,Equisetum arvense,ForestWetPoor
72968,Equisetum arvense,ForestWetPoor
72969,Equisetum arvense,ForestWetPoor
72970,Equisetum arvense,ForestWetPoor
72971,Equisetum arvense,ForestWetPoor
72972,Equisetum arvense,ForestWetPoor
72973,Equisetum arvense,ForestWetPoor
72974,Equisetum arvense,ForestWetPoor
72975,Equisetum arvense,ForestWetPoor
73535,Equisetum arvense,ForestWetPoor
73536,Equisetum arvense,ForestWetPoor
73537,Equisetum arvense,ForestWetPoor
73538,Equisetum arvense,ForestWetPoor
73539,Equisetum arvense,ForestWetPoor
73540,Equisetum arvense,ForestWetPoor
73541,Equisetum arvense,ForestWetPoor
73542,Equisetum arvense,ForestWetPoor
73543,Equisetum arvense,ForestWetPoor
73544,Equisetum arvense,ForestWetPoor
73545,Equisetum arvense,ForestWetPoor
73546,Equisetum arvense,ForestWetPoor
73547,Equisetum arvense,ForestWetPoor
73548,Equisetum arvense,ForestWetPoor
73549,Equisetum arvense,ForestWetPoor
73550,Equisetum arvense,ForestWetPoor
73551,Equisetum arvense,ForestWetPoor
73552,Equisetum arvense,ForestWetPoor
73553,Equisetum arvense,ForestWetPoor
73554,Equisetum arvense,ForestWetPoor
73555,Equisetum arvense,ForestWetPoor
73556,Equisetum arvense,ForestWetPoor
73557,Equisetum arvense,ForestWetPoor
73558,Equisetum arvense,ForestWetPoor
73559,Equisetum arvense,ForestWetPoor
73560,Equisetum arvense,ForestWetPoor
73561,Equisetum arvense,ForestWetPoor
73562,Equisetum arvense,ForestWetPoor
73563,Equisetum arvense,ForestWetPoor
73564,Equisetum arvense,ForestWetPoor
73565,Equisetum arvense,ForestWetPoor
73566,Equisetum arvense,ForestWetPoor
73567,Equisetum arvense,ForestWetPoor
73568,Equisetum arvense,ForestWetPoor
73569,Equisetum arvense,ForestWetPoor
73570,Equisetum arvense,ForestWetPoor
73571,Equisetum arvense,ForestWetPoor
73572,Equisetum arvense,ForestWetPoor
73573,Equisetum arvense,ForestWetPoor
73574,Equisetum arvense,ForestWetPoor
74134,Equisetum arvense,ForestWetPoor
74135,Equisetum arvense,ForestWetPoor
74136,Equisetum arvense,ForestWetPoor
74137,Equisetum arvense,ForestWetPoor
74138,Equisetum arvense,ForestWetPoor
74139,Equisetum arvense,ForestWetPoor
74140,Equisetum arvense,ForestWetPoor
74141,Equisetum arvense,ForestWetPoor
74142,Equisetum arvense,ForestWetPoor
74143,Equisetum arvense,ForestWetPoor
74144,Equisetum arvense,ForestWetPoor
74145,Equisetum arvense,ForestWetPoor
74146,Equisetum arvense,ForestWetPoor
74147,Equisetum arvense,ForestWetPoor
74148,Equisetum arvense,ForestWetPoor
74149,Equisetum arvense,ForestWetPoor
74150,Equisetum arvense,ForestWetPoor
74151,Equisetum arvense,ForestWetPoor
74152,Equisetum arvense,ForestWetPoor
74153,Equisetum arvense,ForestWetPoor
74154,Equisetum arvense,ForestWetPoor
74155,Equisetum arvense,ForestWetPoor
74156,Equisetum arvense,ForestWetPoor
74157,Equisetum arvense,ForestWetPoor
74158,Equisetum arvense,ForestWetPoor
74159,Equisetum arvense,ForestWetPoor
74160,Equisetum arvense,ForestWetPoor
74161,Equisetum arvense,ForestWetPoor
74162,Equisetum arvense,ForestWetPoor
74163,Equisetum arvense,ForestWetPoor
74164,Equisetum arvense,ForestWetPoor
74165,Equisetum arvense,ForestWetPoor
74166,Equisetum arvense,ForestWetPoor
74167,Equisetum arvense,ForestWetPoor
74168,Equisetum arvense,ForestWetPoor
74169,Equisetum arvense,ForestWetPoor
74170,Equisetum arvense,ForestWetPoor
74171,Equisetum arvense,ForestWetPoor
74172,Equisetum arvense,ForestWetPoor
74173,Equisetum arvense,ForestWetPoor
74733,Equisetum arvense,ForestWetPoor
74734,Equisetum arvense,ForestWetPoor
74735,Equisetum arvense,ForestWetPoor
74736,Equisetum arvense,ForestWetPoor
74737,Equisetum arvense,ForestWetPoor
74738,Equisetum arvense,ForestWetPoor
74739,Equisetum arvense,ForestWetPoor
74740,Equisetum arvense,ForestWetPoor
74741,Equisetum arvense,ForestWetPoor
74742,Equisetum arvense,ForestWetPoor
74743,Equisetum arvense,ForestWetPoor
74744,Equisetum arvense,ForestWetPoor
74745,Equisetum arvense,ForestWetPoor
74746,Equisetum arvense,ForestWetPoor
74747,Equisetum arvense,ForestWetPoor
74748,Equisetum arvense,ForestWetPoor
74749,Equisetum arvense,ForestWetPoor
74750,Equisetum arvense,ForestWetPoor
74751,Equisetum arvense,ForestWetPoor
74752,Equisetum arvense,ForestWetPoor
75332,Equisetum arvense,ForestWetPoor
75333,Equisetum arvense,ForestWetPoor
75334,Equisetum arvense,ForestWetPoor
75335,Equisetum arvense,ForestWetPoor
75336,Equisetum arvense,ForestWetPoor
75337,Equisetum arvense,ForestWetPoor
75338,Equisetum arvense,ForestWetPoor
75339,Equisetum arvense,ForestWetPoor
75340,Equisetum arvense,ForestWetPoor
75341,Equisetum arvense,ForestWetPoor
75342,Equisetum arvense,ForestWetPoor
75343,Equisetum arvense,ForestWetPoor
75344,Equisetum arvense,ForestWetPoor
75345,Equisetum arvense,ForestWetPoor
75346,Equisetum arvense,ForestWetPoor
75347,Equisetum arvense,ForestWetPoor
75348,Equisetum arvense,ForestWetPoor
75349,Equisetum arvense,ForestWetPoor
75350,Equisetum arvense,ForestWetPoor
75351,Equisetum arvense,ForestWetPoor
75931,Equisetum arvense,ForestWetPoor
75932,Equisetum arvense,ForestWetPoor
75933,Equisetum arvense,ForestWetPoor
75934,Equisetum arvense,ForestWetPoor
75935,Equisetum arvense,ForestWetPoor
75936,Equisetum arvense,ForestWetPoor
75937,Equisetum arvense,ForestWetPoor
75938,Equisetum arvense,ForestWetPoor
75939,Equisetum arvense,ForestWetPoor
75940,Equisetum arvense,ForestWetPoor
75941,Equisetum arvense,ForestWetPoor
75942,Equisetum arvense,ForestWetPoor
75943,Equisetum arvense,ForestWetPoor
75944,Equisetum arvense,ForestWetPoor
75945,Equisetum arvense,ForestWetPoor
75946,Equisetum arvense,ForestWetPoor
75947,Equisetum arvense,ForestWetPoor
75948,Equisetum arvense,ForestWetPoor
75949,Equisetum arvense,ForestWetPoor
75950,Equisetum arvense,ForestWetPoor
76530,Equisetum arvense,ForestWetPoor
76531,Equisetum arvense,ForestWetPoor
76532,Equisetum arvense,ForestWetPoor
76533,Equisetum arvense,ForestWetPoor
76534,Equisetum arvense,ForestWetPoor
76535,Equisetum arvense,ForestWetPoor
76536,Equisetum arvense,ForestWetPoor
76537,Equisetum arvense,ForestWetPoor
76538,Equisetum arvense,ForestWetPoor
76539,Equisetum arvense,ForestWetPoor
76540,Equisetum arvense,ForestWetPoor
76541,Equisetum arvense,ForestWetPoor
76542,Equisetum arvense,ForestWetPoor
76543,Equisetum arvense,ForestWetPoor
76544,Equisetum arvense,ForestWetPoor
76545,Equisetum arvense,ForestWetPoor
76546,Equisetum arvense,ForestWetPoor
76547,Equisetum arvense,ForestWetPoor
76548,Equisetum arvense,ForestWetPoor
76549,Equisetum arvense,ForestWetPoor
77129,Equisetum arvense,ForestWetPoor
77130,Equisetum arvense,ForestWetPoor
77131,Equisetum arvense,ForestWetPoor
77132,Equisetum arvense,ForestWetPoor
77133,Equisetum arvense,ForestWetPoor
77134,Equisetum arvense,ForestWetPoor
77135,Equisetum arvense,ForestWetPoor
77136,Equisetum arvense,ForestWetPoor
77137,Equisetum arvense,ForestWetPoor
77138,Equisetum arvense,ForestWetPoor
77139,Equisetum arvense,ForestWetPoor
77140,Equisetum arvense,ForestWetPoor
77141,Equisetum arvense,ForestWetPoor
77142,Equisetum arvense,ForestWetPoor
77143,Equisetum arvense,ForestWetPoor
77144,Equisetum arvense,ForestWetPoor
77145,Equisetum arvense,ForestWetPoor
77146,Equisetum arvense,ForestWetPoor
77147,Equisetum arvense,ForestWetPoor
77148,Equisetum arvense,ForestWetPoor
77728,Equisetum arvense,ForestWetPoor
77729,Equisetum arvense,ForestWetPoor
77730,Equisetum arvense,ForestWetPoor
77731,Equisetum arvense,ForestWetPoor
77732,Equisetum arvense,ForestWetPoor
77733,Equisetum arvense,ForestWetPoor
77734,Equisetum arvense,ForestWetPoor
77735,Equisetum arvense,ForestWetPoor
77736,Equisetum arvense,ForestWetPoor
77737,Equisetum arvense,ForestWetPoor
77738,Equisetum arvense,ForestWetPoor
77739,Equisetum arvense,ForestWetPoor
77740,Equisetum arvense,ForestWetPoor
77741,Equisetum arvense,ForestWetPoor
77742,Equisetum arvense,ForestWetPoor
77743,Equisetum arvense,ForestWetPoor
77744,Equisetum arvense,ForestWetPoor
77745,Equisetum arvense,ForestWetPoor
77746,Equisetum arvense,ForestWetPoor
77747,Equisetum arvense,ForestWetPoor
78327,Equisetum arvense,ForestWetPoor
78328,Equisetum arvense,ForestWetPoor
78329,Equisetum arvense,ForestWetPoor
78330,Equisetum arvense,ForestWetPoor
78331,Equisetum arvense,ForestWetPoor
78332,Equisetum arvense,ForestWetPoor
78333,Equisetum arvense,ForestWetPoor
78334,Equisetum arvense,ForestWetPoor
78335,Equisetum arvense,ForestWetPoor
78336,Equisetum arvense,ForestWetPoor
78337,Equisetum arvense,ForestWetPoor
78338,Equisetum arvense,ForestWetPoor
78339,Equisetum arvense,ForestWetPoor
78340,Equisetum arvense,ForestWetPoor
78341,Equisetum arvense,ForestWetPoor
78342,Equisetum arvense,ForestWetPoor
78343,Equisetum arvense,ForestWetPoor
78344,Equisetum arvense,ForestWetPoor
78345,Equisetum arvense,ForestWetPoor
78346,Equisetum arvense,ForestWetPoor
78926,Equisetum arvense,ForestWetPoor
78927,Equisetum arvense,ForestWetPoor
78928,Equisetum arvense,ForestWetPoor
78929,Equisetum arvense,ForestWetPoor
78930,Equisetum arvense,ForestWetPoor
78931,Equisetum arvense,ForestWetPoor
78932,Equisetum arvense,ForestWetPoor
78933,Equisetum arvense,ForestWetPoor
78934,Equisetum arvense,ForestWetPoor
78935,Equisetum arvense,ForestWetPoor
78936,Equisetum arvense,ForestWetPoor
78937,Equisetum arvense,ForestWetPoor
78938,Equisetum arvense,ForestWetPoor
78939,Equisetum arvense,ForestWetPoor
78940,Equisetum arvense,ForestWetPoor
78941,Equisetum arvense,ForestWetPoor
78942,Equisetum arvense,ForestWetPoor
78943,Equisetum arvense,ForestWetPoor
78944,Equisetum arvense,ForestWetPoor
78945,Equisetum arvense,ForestWetPoor
79525,Equisetum arvense,ForestWetPoor
79526,Equisetum arvense,ForestWetPoor
79527,Equisetum arvense,ForestWetPoor
79528,Equisetum arvense,ForestWetPoor
79529,Equisetum arvense,ForestWetPoor
79530,Equisetum arvense,ForestWetPoor
79531,Equisetum arvense,ForestWetPoor
79532,Equisetum arvense,ForestWetPoor
79533,Equisetum arvense,ForestWetPoor
79534,Equisetum arvense,ForestWetPoor
79535,Equisetum arvense,ForestWetPoor
79536,Equisetum arvense,ForestWetPoor
79537,Equisetum arvense,ForestWetPoor
79538,Equisetum arvense,ForestWetPoor
79539,Equisetum arvense,ForestWetPoor
79540,Equisetum arvense,ForestWetPoor
79541,Equisetum arvense,ForestWetPoor
79542,Equisetum arvense,ForestWetPoor
79543,Equisetum arvense,ForestWetPoor
79544,Equisetum arvense,ForestWetPoor
80124,Equisetum arvense,ForestWetPoor
80125,Equisetum arvense,ForestWetPoor
80126,Equisetum arvense,ForestWetPoor
80127,Equisetum arvense,ForestWetPoor
80128,Equisetum arvense,ForestWetPoor
80129,Equisetum arvense,ForestWetPoor
80130,Equisetum arvense,ForestWetPoor
80131,Equisetum arvense,ForestWetPoor
80132,Equisetum arvense,ForestWetPoor
80133,Equisetum arvense,ForestWetPoor
80134,Equisetum arvense,ForestWetPoor
80135,Equisetum arvense,ForestWetPoor
80136,Equisetum arvense,ForestWetPoor
80137,Equisetum arvense,ForestWetPoor
80138,Equisetum arvense,ForestWetPoor
80139,Equisetum arvense,ForestWetPoor
80140,Equisetum arvense,ForestWetPoor
80141,Equisetum arvense,ForestWetPoor
80142,Equisetum arvense,ForestWetPoor
80143,Equisetum arvense,ForestWetPoor
80723,Equisetum arvense,ForestWetPoor
80724,Equisetum arvense,ForestWetPoor
80725,Equisetum arvense,ForestWetPoor
80726,Equisetum arvense,ForestWetPoor
80727,Equisetum arvense,ForestWetPoor
80728,Equisetum arvense,ForestWetPoor
80729,Equisetum arvense,ForestWetPoor
80730,Equisetum arvense,ForestWetPoor
80731,Equisetum arvense,ForestWetPoor
80732,Equisetum arvense,ForestWetPoor
80733,Equisetum arvense,ForestWetPoor
80734,Equisetum arvense,ForestWetPoor
80735,Equisetum arvense,ForestWetPoor
80736,Equisetum arvense,ForestWetPoor
80737,Equisetum arvense,ForestWetPoor
80738,Equisetum arvense,ForestWetPoor
80739,Equisetum arvense,ForestWetPoor
80740,Equisetum arvense,ForestWetPoor
80741,Equisetum arvense,ForestWetPoor
80742,Equisetum arvense,ForestWetPoor
81322,Equisetum arvense,ForestWetPoor
81323,Equisetum arvense,ForestWetPoor
81324,Equisetum arvense,ForestWetPoor
81325,Equisetum arvense,ForestWetPoor
81326,Equisetum arvense,ForestWetPoor
81327,Equisetum arvense,ForestWetPoor
81328,Equisetum arvense,ForestWetPoor
81329,Equisetum arvense,ForestWetPoor
81330,Equisetum arvense,ForestWetPoor
81331,Equisetum arvense,ForestWetPoor
81332,Equisetum arvense,ForestWetPoor
81333,Equisetum arvense,ForestWetPoor
81334,Equisetum arvense,ForestWetPoor
81335,Equisetum arvense,ForestWetPoor
81336,Equisetum arvense,ForestWetPoor
81337,Equisetum arvense,ForestWetPoor
81338,Equisetum arvense,ForestWetPoor
81339,Equisetum arvense,ForestWetPoor
81340,Equisetum arvense,ForestWetPoor
81341,Equisetum arvense,ForestWetPoor
81921,Equisetum arvense,ForestWetPoor
81922,Equisetum arvense,ForestWetPoor
81923,Equisetum arvense,ForestWetPoor
81924,Equisetum arvense,ForestWetPoor
81925,Equisetum arvense,ForestWetPoor
81926,Equisetum arvense,ForestWetPoor
81927,Equisetum arvense,ForestWetPoor
81928,Equisetum arvense,ForestWetPoor
81929,Equisetum arvense,ForestWetPoor
81930,Equisetum arvense,ForestWetPoor
81931,Equisetum arvense,ForestWetPoor
81932,Equisetum arvense,ForestWetPoor
81933,Equisetum arvense,ForestWetPoor
81934,Equisetum arvense,ForestWetPoor
81935,Equisetum arvense,ForestWetPoor
81936,Equisetum arvense,ForestWetPoor
81937,Equisetum arvense,ForestWetPoor
81938,Equisetum arvense,ForestWetPoor
81939,Equisetum arvense,ForestWetPoor
81940,Equisetum arvense,ForestWetPoor
82520,Equisetum arvense,ForestWetPoor
82521,Equisetum arvense,ForestWetPoor
82522,Equisetum arvense,ForestWetPoor
82523,Equisetum arvense,ForestWetPoor
82524,Equisetum arvense,ForestWetPoor
82525,Equisetum arvense,ForestWetPoor
82526,Equisetum arvense,ForestWetPoor
82527,Equisetum arvense,ForestWetPoor
82528,Equisetum arvense,ForestWetPoor
82529,Equisetum arvense,ForestWetPoor
82530,Equisetum arvense,ForestWetPoor
82531,Equisetum arvense,ForestWetPoor
82532,Equisetum arvense,ForestWetPoor
82533,Equisetum arvense,ForestWetPoor
82534,Equisetum arvense,ForestWetPoor
82535,Equisetum arvense,ForestWetPoor
82536,Equisetum arvense,ForestWetPoor
82537,Equisetum arvense,ForestWetPoor
82538,Equisetum arvense,ForestWetPoor
82539,Equisetum arvense,ForestWetPoor
83119,Equisetum arvense,ForestWetPoor
83120,Equisetum arvense,ForestWetPoor
83121,Equisetum arvense,ForestWetPoor
83122,Equisetum arvense,ForestWetPoor
83123,Equisetum arvense,ForestWetPoor
83124,Equisetum arvense,ForestWetPoor
83125,Equisetum arvense,ForestWetPoor
83126,Equisetum arvense,ForestWetPoor
83127,Equisetum arvense,ForestWetPoor
83128,Equisetum arvense,ForestWetPoor
83129,Equisetum arvense,ForestWetPoor
83130,Equisetum arvense,ForestWetPoor
83131,Equisetum arvense,ForestWetPoor
83132,Equisetum arvense,ForestWetPoor
83133,Equisetum arvense,ForestWetPoor
83134,Equisetum arvense,ForestWetPoor
83135,Equisetum arvense,ForestWetPoor
83136,Equisetum arvense,ForestWetPoor
83137,Equisetum arvense,ForestWetPoor
83138,Equisetum arvense,ForestWetPoor
83718,Equisetum arvense,ForestWetPoor
83719,Equisetum arvense,ForestWetPoor
83720,Equisetum arvense,ForestWetPoor
83721,Equisetum arvense,ForestWetPoor
83722,Equisetum arvense,ForestWetPoor
83723,Equisetum arvense,ForestWetPoor
83724,Equisetum arvense,ForestWetPoor
83725,Equisetum arvense,ForestWetPoor
83726,Equisetum arvense,ForestWetPoor
83727,Equisetum arvense,ForestWetPoor
83728,Equisetum arvense,ForestWetPoor
83729,Equisetum arvense,ForestWetPoor
83730,Equisetum arvense,ForestWetPoor
83731,Equisetum arvense,ForestWetPoor
83732,Equisetum arvense,ForestWetPoor
83733,Equisetum arvense,ForestWetPoor
83734,Equisetum arvense,ForestWetPoor
83735,Equisetum arvense,ForestWetPoor
83736,Equisetum arvense,ForestWetPoor
83737,Equisetum arvense,ForestWetPoor
84317,Equisetum arvense,ForestWetPoor
84318,Equisetum arvense,ForestWetPoor
84319,Equisetum arvense,ForestWetPoor
84320,Equisetum arvense,ForestWetPoor
84321,Equisetum arvense,ForestWetPoor
84322,Equisetum arvense,ForestWetPoor
84323,Equisetum arvense,ForestWetPoor
84324,Equisetum arvense,ForestWetPoor
84325,Equisetum arvense,ForestWetPoor
84326,Equisetum arvense,ForestWetPoor
84327,Equisetum arvense,ForestWetPoor
84328,Equisetum arvense,ForestWetPoor
84329,Equisetum arvense,ForestWetPoor
84330,Equisetum arvense,ForestWetPoor
84331,Equisetum arvense,ForestWetPoor
84332,Equisetum arvense,ForestWetPoor
84333,Equisetum arvense,ForestWetPoor
84334,Equisetum arvense,ForestWetPoor
84335,Equisetum arvense,ForestWetPoor
84336,Equisetum arvense,ForestWetPoor
84916,Equisetum arvense,ForestWetPoor
84917,Equisetum arvense,ForestWetPoor
84918,Equisetum arvense,ForestWetPoor
84919,Equisetum arvense,ForestWetPoor
84920,Equisetum arvense,ForestWetPoor
84921,Equisetum arvense,ForestWetPoor
84922,Equisetum arvense,ForestWetPoor
84923,Equisetum arvense,ForestWetPoor
84924,Equisetum arvense,ForestWetPoor
84925,Equisetum arvense,ForestWetPoor
84926,Equisetum arvense,ForestWetPoor
84927,Equisetum arvense,ForestWetPoor
84928,Equisetum arvense,ForestWetPoor
84929,Equisetum arvense,ForestWetPoor
84930,Equisetum arvense,ForestWetPoor
84931,Equisetum arvense,ForestWetPoor
84932,Equisetum arvense,ForestWetPoor
84933,Equisetum arvense,ForestWetPoor
84934,Equisetum arvense,ForestWetPoor
84935,Equisetum arvense,ForestWetPoor
85515,Equisetum arvense,ForestWetPoor
85516,Equisetum arvense,ForestWetPoor
85517,Equisetum arvense,ForestWetPoor
85518,Equisetum arvense,ForestWetPoor
85519,Equisetum arvense,ForestWetPoor
85520,Equisetum arvense,ForestWetPoor
85521,Equisetum arvense,ForestWetPoor
85522,Equisetum arvense,ForestWetPoor
85523,Equisetum arvense,ForestWetPoor
85524,Equisetum arvense,ForestWetPoor
85525,Equisetum arvense,ForestWetPoor
85526,Equisetum arvense,ForestWetPoor
85527,Equisetum arvense,ForestWetPoor
85528,Equisetum arvense,ForestWetPoor
85529,Equisetum arvense,ForestWetPoor
85530,Equisetum arvense,ForestWetPoor
85531,Equisetum arvense,ForestWetPoor
85532,Equisetum arvense,ForestWetPoor
85533,Equisetum arvense,ForestWetPoor
85534,Equisetum arvense,ForestWetPoor
86114,Equisetum arvense,ForestWetPoor
86115,Equisetum arvense,ForestWetPoor
86116,Equisetum arvense,ForestWetPoor
86117,Equisetum arvense,ForestWetPoor
86118,Equisetum arvense,ForestWetPoor
86119,Equisetum arvense,ForestWetPoor
86120,Equisetum arvense,ForestWetPoor
86121,Equisetum arvense,ForestWetPoor
86122,Equisetum arvense,ForestWetPoor
86123,Equisetum arvense,ForestWetPoor
86124,Equisetum arvense,ForestWetPoor
86125,Equisetum arvense,ForestWetPoor
86126,Equisetum arvense,ForestWetPoor
86127,Equisetum arvense,ForestWetPoor
86128,Equisetum arvense,ForestWetPoor
86129,Equisetum arvense,ForestWetPoor
86130,Equisetum arvense,ForestWetPoor
86131,Equisetum arvense,ForestWetPoor
86132,Equisetum arvense,ForestWetPoor
86133,Equisetum arvense,ForestWetPoor
86713,Equisetum arvense,ForestWetPoor
86714,Equisetum arvense,ForestWetPoor
86715,Equisetum arvense,ForestWetPoor
86716,Equisetum arvense,ForestWetPoor
86717,Equisetum arvense,ForestWetPoor
86718,Equisetum arvense,ForestWetPoor
86719,Equisetum arvense,ForestWetPoor
86720,Equisetum arvense,ForestWetPoor
86721,Equisetum arvense,ForestWetPoor
86722,Equisetum arvense,ForestWetPoor
86723,Equisetum arvense,ForestWetPoor
86724,Equisetum arvense,ForestWetPoor
86725,Equisetum arvense,ForestWetPoor
86726,Equisetum arvense,ForestWetPoor
86727,Equisetum arvense,ForestWetPoor
86728,Equisetum arvense,ForestWetPoor
86729,Equisetum arvense,ForestWetPoor
86730,Equisetum arvense,ForestWetPoor
86731,Equisetum arvense,ForestWetPoor
86732,Equisetum arvense,ForestWetPoor
87312,Equisetum arvense,ForestWetPoor
87313,Equisetum arvense,ForestWetPoor
87314,Equisetum arvense,ForestWetPoor
87315,Equisetum arvense,ForestWetPoor
87316,Equisetum arvense,ForestWetPoor
87317,Equisetum arvense,ForestWetPoor
87318,Equisetum arvense,ForestWetPoor
87319,Equisetum arvense,ForestWetPoor
87320,Equisetum arvense,ForestWetPoor
87321,Equisetum arvense,ForestWetPoor
87322,Equisetum arvense,ForestWetPoor
87323,Equisetum arvense,ForestWetPoor
87324,Equisetum arvense,ForestWetPoor
87325,Equisetum arvense,ForestWetPoor
87326,Equisetum arvense,ForestWetPoor
87327,Equisetum arvense,ForestWetPoor
87328,Equisetum arvense,ForestWetPoor
87329,Equisetum arvense,ForestWetPoor
87330,Equisetum arvense,ForestWetPoor
87331,Equisetum arvense,ForestWetPoor
87911,Equisetum arvense,ForestWetPoor
87912,Equisetum arvense,ForestWetPoor
87913,Equisetum arvense,ForestWetPoor
87914,Equisetum arvense,ForestWetPoor
87915,Equisetum arvense,ForestWetPoor
87916,Equisetum arvense,ForestWetPoor
87917,Equisetum arvense,ForestWetPoor
87918,Equisetum arvense,ForestWetPoor
87919,Equisetum arvense,ForestWetPoor
87920,Equisetum arvense,ForestWetPoor
87921,Equisetum arvense,ForestWetPoor
87922,Equisetum arvense,ForestWetPoor
87923,Equisetum arvense,ForestWetPoor
87924,Equisetum arvense,ForestWetPoor
87925,Equisetum arvense,ForestWetPoor
87926,Equisetum arvense,ForestWetPoor
87927,Equisetum arvense,ForestWetPoor
87928,Equisetum arvense,ForestWetPoor
87929,Equisetum arvense,ForestWetPoor
87930,Equisetum arvense,ForestWetPoor
88510,Equisetum arvense,ForestWetPoor
88511,Equisetum arvense,ForestWetPoor
88512,Equisetum arvense,ForestWetPoor
88513,Equisetum arvense,ForestWetPoor
88514,Equisetum arvense,ForestWetPoor
88515,Equisetum arvense,ForestWetPoor
88516,Equisetum arvense,ForestWetPoor
88517,Equisetum arvense,ForestWetPoor
88518,Equisetum arvense,ForestWetPoor
88519,Equisetum arvense,ForestWetPoor
88520,Equisetum arvense,ForestWetPoor
88521,Equisetum arvense,ForestWetPoor
88522,Equisetum arvense,ForestWetPoor
88523,Equisetum arvense,ForestWetPoor
88524,Equisetum arvense,ForestWetPoor
88525,Equisetum arvense,ForestWetPoor
88526,Equisetum arvense,ForestWetPoor
88527,Equisetum arvense,ForestWetPoor
88528,Equisetum arvense,ForestWetPoor
88529,Equisetum arvense,ForestWetPoor
89109,Equisetum arvense,ForestWetPoor
89110,Equisetum arvense,ForestWetPoor
89111,Equisetum arvense,ForestWetPoor
89112,Equisetum arvense,ForestWetPoor
89113,Equisetum arvense,ForestWetPoor
89114,Equisetum arvense,ForestWetPoor
89115,Equisetum arvense,ForestWetPoor
89116,Equisetum arvense,ForestWetPoor
89117,Equisetum arvense,ForestWetPoor
89118,Equisetum arvense,ForestWetPoor
89119,Equisetum arvense,ForestWetPoor
89120,Equisetum arvense,ForestWetPoor
89121,Equisetum arvense,ForestWetPoor
89122,Equisetum arvense,ForestWetPoor
89123,Equisetum arvense,ForestWetPoor
89124,Equisetum arvense,ForestWetPoor
89125,Equisetum arvense,ForestWetPoor
89126,Equisetum arvense,ForestWetPoor
89127,Equisetum arvense,ForestWetPoor
89128,Equisetum arvense,ForestWetPoor
89708,Equisetum arvense,ForestWetPoor
89709,Equisetum arvense,ForestWetPoor
89710,Equisetum arvense,ForestWetPoor
89711,Equisetum arvense,ForestWetPoor
89712,Equisetum arvense,ForestWetPoor
89713,Equisetum arvense,ForestWetPoor
89714,Equisetum arvense,ForestWetPoor
89715,Equisetum arvense,ForestWetPoor
89716,Equisetum arvense,ForestWetPoor
89717,Equisetum arvense,ForestWetPoor
89718,Equisetum arvense,ForestWetPoor
89719,Equisetum arvense,ForestWetPoor
89720,Equisetum arvense,ForestWetPoor
89721,Equisetum arvense,ForestWetPoor
89722,Equisetum arvense,ForestWetPoor
89723,Equisetum arvense,ForestWetPoor
89724,Equisetum arvense,ForestWetPoor
89725,Equisetum arvense,ForestWetPoor
89726,Equisetum arvense,ForestWetPoor
89727,Equisetum arvense,ForestWetPoor
90307,Equisetum arvense,ForestWetPoor
90308,Equisetum arvense,ForestWetPoor
90309,Equisetum arvense,ForestWetPoor
90310,Equisetum arvense,ForestWetPoor
90311,Equisetum arvense,ForestWetPoor
90312,Equisetum arvense,ForestWetPoor
90313,Equisetum arvense,ForestWetPoor
90314,Equisetum arvense,ForestWetPoor
90315,Equisetum arvense,ForestWetPoor
90316,Equisetum arvense,ForestWetPoor
90317,Equisetum arvense,ForestWetPoor
90318,Equisetum arvense,ForestWetPoor
90319,Equisetum arvense,ForestWetPoor
90320,Equisetum arvense,ForestWetPoor
90321,Equisetum arvense,ForestWetPoor
90322,Equisetum arvense,ForestWetPoor
90323,Equisetum arvense,ForestWetPoor
90324,Equisetum arvense,ForestWetPoor
90325,Equisetum arvense,ForestWetPoor
90326,Equisetum arvense,ForestWetPoor
90906,Equisetum arvense,ForestWetPoor
90907,Equisetum arvense,ForestWetPoor
90908,Equisetum arvense,ForestWetPoor
90909,Equisetum arvense,ForestWetPoor
90910,Equisetum arvense,ForestWetPoor
90911,Equisetum arvense,ForestWetPoor
90912,Equisetum arvense,ForestWetPoor
90913,Equisetum arvense,ForestWetPoor
90914,Equisetum arvense,ForestWetPoor
90915,Equisetum arvense,ForestWetPoor
90916,Equisetum arvense,ForestWetPoor
90917,Equisetum arvense,ForestWetPoor
90918,Equisetum arvense,ForestWetPoor
90919,Equisetum arvense,ForestWetPoor
90920,Equisetum arvense,ForestWetPoor
90921,Equisetum arvense,ForestWetPoor
90922,Equisetum arvense,ForestWetPoor
90923,Equisetum arvense,ForestWetPoor
90924,Equisetum arvense,ForestWetPoor
90925,Equisetum arvense,ForestWetPoor
91505,Equisetum arvense,ForestWetPoor
91506,Equisetum arvense,ForestWetPoor
91507,Equisetum arvense,ForestWetPoor
91508,Equisetum arvense,ForestWetPoor
91509,Equisetum arvense,ForestWetPoor
91510,Equisetum arvense,ForestWetPoor
91511,Equisetum arvense,ForestWetPoor
91512,Equisetum arvense,ForestWetPoor
91513,Equisetum arvense,ForestWetPoor
91514,Equisetum arvense,ForestWetPoor
91515,Equisetum arvense,ForestWetPoor
91516,Equisetum arvense,ForestWetPoor
91517,Equisetum arvense,ForestWetPoor
91518,Equisetum arvense,ForestWetPoor
91519,Equisetum arvense,ForestWetPoor
91520,Equisetum arvense,ForestWetPoor
91521,Equisetum arvense,ForestWetPoor
91522,Equisetum arvense,ForestWetPoor
91523,Equisetum arvense,ForestWetPoor
91524,Equisetum arvense,ForestWetPoor
92104,Equisetum arvense,ForestWetPoor
92105,Equisetum arvense,ForestWetPoor
92106,Equisetum arvense,ForestWetPoor
92107,Equisetum arvense,ForestWetPoor
92108,Equisetum arvense,ForestWetPoor
92109,Equisetum arvense,ForestWetPoor
92110,Equisetum arvense,ForestWetPoor
92111,Equisetum arvense,ForestWetPoor
92112,Equisetum arvense,ForestWetPoor
92113,Equisetum arvense,ForestWetPoor
92114,Equisetum arvense,ForestWetPoor
92115,Equisetum arvense,ForestWetPoor
92116,Equisetum arvense,ForestWetPoor
92117,Equisetum arvense,ForestWetPoor
92118,Equisetum arvense,ForestWetPoor
92119,Equisetum arvense,ForestWetPoor
92120,Equisetum arvense,ForestWetPoor
92121,Equisetum arvense,ForestWetPoor
92122,Equisetum arvense,ForestWetPoor
92123,Equisetum arvense,ForestWetPoor
92703,Equisetum arvense,ForestWetPoor
92704,Equisetum arvense,ForestWetPoor
92705,Equisetum arvense,ForestWetPoor
92706,Equisetum arvense,ForestWetPoor
92707,Equisetum arvense,ForestWetPoor
92708,Equisetum arvense,ForestWetPoor
92709,Equisetum arvense,ForestWetPoor
92710,Equisetum arvense,ForestWetPoor
92711,Equisetum arvense,ForestWetPoor
92712,Equisetum arvense,ForestWetPoor
92713,Equisetum arvense,ForestWetPoor
92714,Equisetum arvense,ForestWetPoor
92715,Equisetum arvense,ForestWetPoor
92716,Equisetum arvense,ForestWetPoor
92717,Equisetum arvense,ForestWetPoor
92718,Equisetum arvense,ForestWetPoor
92719,Equisetum arvense,ForestWetPoor
92720,Equisetum arvense,ForestWetPoor
92721,Equisetum arvense,ForestWetPoor
92722,Equisetum arvense,ForestWetPoor
93302,Equisetum arvense,ForestWetPoor
93303,Equisetum arvense,ForestWetPoor
93304,Equisetum arvense,ForestWetPoor
93305,Equisetum arvense,ForestWetPoor
93306,Equisetum arvense,ForestWetPoor
93307,Equisetum arvense,ForestWetPoor
93308,Equisetum arvense,ForestWetPoor
93309,Equisetum arvense,ForestWetPoor
93310,Equisetum arvense,ForestWetPoor
93311,Equisetum arvense,ForestWetPoor
93312,Equisetum arvense,ForestWetPoor
93313,Equisetum arvense,ForestWetPoor
93314,Equisetum arvense,ForestWetPoor
93315,Equisetum arvense,ForestWetPoor
93316,Equisetum arvense,ForestWetPoor
93317,Equisetum arvense,ForestWetPoor
93318,Equisetum arvense,ForestWetPoor
93319,Equisetum arvense,ForestWetPoor
93320,Equisetum arvense,ForestWetPoor
93321,Equisetum arvense,ForestWetPoor
93902,Equisetum arvense,ForestWetPoor
93903,Equisetum arvense,ForestWetPoor
93904,Equisetum arvense,ForestWetPoor
93905,Equisetum arvense,ForestWetPoor
93906,Equisetum arvense,ForestWetPoor
93907,Equisetum arvense,ForestWetPoor
93908,Equisetum arvense,ForestWetPoor
93909,Equisetum arvense,ForestWetPoor
93910,Equisetum arvense,ForestWetPoor
93911,Equisetum arvense,ForestWetPoor
93912,Equisetum arvense,ForestWetPoor
93913,Equisetum arvense,ForestWetPoor
93914,Equisetum arvense,ForestWetPoor
93915,Equisetum arvense,ForestWetPoor
93916,Equisetum arvense,ForestWetPoor
93917,Equisetum arvense,ForestWetPoor
93918,Equisetum arvense,ForestWetPoor
93919,Equisetum arvense,ForestWetPoor
93920,Equisetum arvense,ForestWetPoor
94502,Equisetum arvense,ForestWetPoor
94503,Equisetum arvense,ForestWetPoor
94504,Equisetum arvense,ForestWetPoor
94505,Equisetum arvense,ForestWetPoor
94506,Equisetum arvense,ForestWetPoor
94507,Equisetum arvense,ForestWetPoor
94508,Equisetum arvense,ForestWetPoor
94509,Equisetum arvense,ForestWetPoor
94510,Equisetum arvense,ForestWetPoor
94511,Equisetum arvense,ForestWetPoor
94512,Equisetum arvense,ForestWetPoor
94513,Equisetum arvense,ForestWetPoor
94514,Equisetum arvense,ForestWetPoor
94515,Equisetum arvense,ForestWetPoor
94516,Equisetum arvense,ForestWetPoor
94517,Equisetum arvense,ForestWetPoor
94518,Equisetum arvense,ForestWetPoor
94519,Equisetum arvense,ForestWetPoor
95103,Equisetum arvense,ForestWetPoor
95104,Equisetum arvense,ForestWetPoor
95105,Equisetum arvense,ForestWetPoor
95106,Equisetum arvense,ForestWetPoor
95107,Equisetum arvense,ForestWetPoor
95108,Equisetum arvense,ForestWetPoor
95109,Equisetum arvense,ForestWetPoor
95110,Equisetum arvense,ForestWetPoor
95111,Equisetum arvense,ForestWetPoor
95112,Equisetum arvense,ForestWetPoor
95113,Equisetum arvense,ForestWetPoor
95114,Equisetum arvense,ForestWetPoor
95115,Equisetum arvense,ForestWetPoor
95116,Equisetum arvense,ForestWetPoor
95117,Equisetum arvense,ForestWetPoor
95118,Equisetum arvense,ForestWetPoor
95703,Equisetum arvense,ForestWetPoor
95704,Equisetum arvense,ForestWetPoor
95705,Equisetum arvense,ForestWetPoor
95706,Equisetum arvense,ForestWetPoor
95707,Equisetum arvense,ForestWetPoor
95708,Equisetum arvense,ForestWetPoor
95709,Equisetum arvense,ForestWetPoor
95710,Equisetum arvense,ForestWetPoor
95711,Equisetum arvense,ForestWetPoor
95712,Equisetum arvense,ForestWetPoor
95713,Equisetum arvense,ForestWetPoor
95714,Equisetum arvense,ForestWetPoor
95715,Equisetum arvense,ForestWetPoor
95716,Equisetum arvense,ForestWetPoor
95717,Equisetum arvense,ForestWetPoor
96304,Equisetum arvense,ForestWetPoor
96305,Equisetum arvense,ForestWetPoor
96306,Equisetum arvense,ForestWetPoor
96307,Equisetum arvense,ForestWetPoor
96308,Equisetum arvense,ForestWetPoor
96309,Equisetum arvense,ForestWetPoor
96310,Equisetum arvense,ForestWetPoor
96311,Equisetum arvense,ForestWetPoor
96312,Equisetum arvense,ForestWetPoor
96313,Equisetum arvense,ForestWetPoor
96314,Equisetum arvense,ForestWetPoor
96315,Equisetum arvense,ForestWetPoor
96316,Equisetum arvense,ForestWetPoor
96904,Equisetum arvense,ForestWetPoor
96905,Equisetum arvense,ForestWetPoor
96906,Equisetum arvense,ForestWetPoor
96907,Equisetum arvense,ForestWetPoor
96908,Equisetum arvense,ForestWetPoor
96909,Equisetum arvense,ForestWetPoor
96910,Equisetum arvense,ForestWetPoor
96911,Equisetum arvense,ForestWetPoor
96912,Equisetum arvense,ForestWetPoor
96913,Equisetum arvense,ForestWetPoor
96914,Equisetum arvense,ForestWetPoor
96915,Equisetum arvense,ForestWetPoor
97505,Equisetum arvense,ForestWetPoor
97506,Equisetum arvense,ForestWetPoor
97507,Equisetum arvense,ForestWetPoor
97508,Equisetum arvense,ForestWetPoor
97509,Equisetum arvense,ForestWetPoor
97510,Equisetum arvense,ForestWetPoor
97511,Equisetum arvense,ForestWetPoor
97512,Equisetum arvense,ForestWetPoor
97513,Equisetum arvense,ForestWetPoor
97514,Equisetum arvense,ForestWetPoor
98106,Equisetum arvense,ForestWetPoor
98107,Equisetum arvense,ForestWetPoor
98108,Equisetum arvense,ForestWetPoor
98109,Equisetum arvense,ForestWetPoor
98110,Equisetum arvense,ForestWetPoor
98111,Equisetum arvense,ForestWetPoor
98112,Equisetum arvense,ForestWetPoor
98113,Equisetum arvense,ForestWetPoor
122633,Equisetum arvense,ForestWetPoor
122634,Equisetum arvense,ForestWetPoor
122635,Equisetum arvense,ForestWetPoor
122636,Equisetum arvense,ForestWetPoor
122637,Equisetum arvense,ForestWetPoor
122638,Equisetum arvense,ForestWetPoor
122639,Equisetum arvense,ForestWetPoor
122640,Equisetum arvense,ForestWetPoor
122641,Equisetum arvense,ForestWetPoor
122642,Equisetum arvense,ForestWetPoor
122643,Equisetum arvense,ForestWetPoor
122644,Equisetum arvense,ForestWetPoor
122645,Equisetum arvense,ForestWetPoor
122646,Equisetum arvense,ForestWetPoor
122647,Equisetum arvense,ForestWetPoor
122648,Equisetum arvense,ForestWetPoor
122649,Equisetum arvense,ForestWetPoor
122650,Equisetum arvense,ForestWetPoor
122651,Equisetum arvense,ForestWetPoor
122652,Equisetum arvense,ForestWetPoor
123232,Equisetum arvense,ForestWetPoor
123233,Equisetum arvense,ForestWetPoor
123234,Equisetum arvense,ForestWetPoor
123235,Equisetum arvense,ForestWetPoor
123236,Equisetum arvense,ForestWetPoor
123237,Equisetum arvense,ForestWetPoor
123238,Equisetum arvense,ForestWetPoor
123239,Equisetum arvense,ForestWetPoor
123240,Equisetum arvense,ForestWetPoor
123241,Equisetum arvense,ForestWetPoor
123242,Equisetum arvense,ForestWetPoor
123243,Equisetum arvense,ForestWetPoor
123244,Equisetum arvense,ForestWetPoor
123245,Equisetum arvense,ForestWetPoor
123246,Equisetum arvense,ForestWetPoor
123247,Equisetum arvense,ForestWetPoor
123248,Equisetum arvense,ForestWetPoor
123249,Equisetum arvense,ForestWetPoor
123250,Equisetum arvense,ForestWetPoor
123251,Equisetum arvense,ForestWetPoor
123831,Equisetum arvense,ForestWetPoor
123832,Equisetum arvense,ForestWetPoor
123833,Equisetum arvense,ForestWetPoor
123834,Equisetum arvense,ForestWetPoor
123835,Equisetum arvense,ForestWetPoor
123836,Equisetum arvense,ForestWetPoor
123837,Equisetum arvense,ForestWetPoor
123838,Equisetum arvense,ForestWetPoor
123839,Equisetum arvense,ForestWetPoor
123840,Equisetum arvense,ForestWetPoor
123841,Equisetum arvense,ForestWetPoor
123842,Equisetum arvense,ForestWetPoor
123843,Equisetum arvense,ForestWetPoor
123844,Equisetum arvense,ForestWetPoor
123845,Equisetum arvense,ForestWetPoor
123846,Equisetum arvense,ForestWetPoor
123847,Equisetum arvense,ForestWetPoor
123848,Equisetum arvense,ForestWetPoor
123849,Equisetum arvense,ForestWetPoor
123850,Equisetum arvense,ForestWetPoor
124430,Equisetum arvense,ForestWetPoor
124431,Equisetum arvense,ForestWetPoor
124432,Equisetum arvense,ForestWetPoor
124433,Equisetum arvense,ForestWetPoor
124434,Equisetum arvense,ForestWetPoor
124435,Equisetum arvense,ForestWetPoor
124436,Equisetum arvense,ForestWetPoor
124437,Equisetum arvense,ForestWetPoor
124438,Equisetum arvense,ForestWetPoor
124439,Equisetum arvense,ForestWetPoor
124440,Equisetum arvense,ForestWetPoor
124441,Equisetum arvense,ForestWetPoor
124442,Equisetum arvense,ForestWetPoor
124443,Equisetum arvense,ForestWetPoor
124444,Equisetum arvense,ForestWetPoor
124445,Equisetum arvense,ForestWetPoor
124446,Equisetum arvense,ForestWetPoor
124447,Equisetum arvense,ForestWetPoor
124448,Equisetum arvense,ForestWetPoor
124449,Equisetum arvense,ForestWetPoor
125029,Equisetum arvense,ForestWetPoor
125030,Equisetum arvense,ForestWetPoor
125031,Equisetum arvense,ForestWetPoor
125032,Equisetum arvense,ForestWetPoor
125033,Equisetum arvense,ForestWetPoor
125034,Equisetum arvense,ForestWetPoor
125035,Equisetum arvense,ForestWetPoor
125036,Equisetum arvense,ForestWetPoor
125037,Equisetum arvense,ForestWetPoor
125038,Equisetum arvense,ForestWetPoor
125039,Equisetum arvense,ForestWetPoor
125040,Equisetum arvense,ForestWetPoor
125041,Equisetum arvense,ForestWetPoor
125042,Equisetum arvense,ForestWetPoor
125043,Equisetum arvense,ForestWetPoor
125044,Equisetum arvense,ForestWetPoor
125045,Equisetum arvense,ForestWetPoor
125046,Equisetum arvense,ForestWetPoor
125047,Equisetum arvense,ForestWetPoor
125048,Equisetum arvense,ForestWetPoor
125628,Equisetum arvense,ForestWetPoor
125629,Equisetum arvense,ForestWetPoor
125630,Equisetum arvense,ForestWetPoor
125631,Equisetum arvense,ForestWetPoor
125632,Equisetum arvense,ForestWetPoor
125633,Equisetum arvense,ForestWetPoor
125634,Equisetum arvense,ForestWetPoor
125635,Equisetum arvense,ForestWetPoor
125636,Equisetum arvense,ForestWetPoor
125637,Equisetum arvense,ForestWetPoor
125638,Equisetum arvense,ForestWetPoor
125639,Equisetum arvense,ForestWetPoor
125640,Equisetum arvense,ForestWetPoor
125641,Equisetum arvense,ForestWetPoor
125642,Equisetum arvense,ForestWetPoor
125643,Equisetum arvense,ForestWetPoor
125644,Equisetum arvense,ForestWetPoor
125645,Equisetum arvense,ForestWetPoor
125646,Equisetum arvense,ForestWetPoor
125647,Equisetum arvense,ForestWetPoor
126227,Equisetum arvense,ForestWetPoor
126228,Equisetum arvense,ForestWetPoor
126229,Equisetum arvense,ForestWetPoor
126230,Equisetum arvense,ForestWetPoor
126231,Equisetum arvense,ForestWetPoor
126232,Equisetum arvense,ForestWetPoor
126233,Equisetum arvense,ForestWetPoor
126234,Equisetum arvense,ForestWetPoor
126235,Equisetum arvense,ForestWetPoor
126236,Equisetum arvense,ForestWetPoor
126237,Equisetum arvense,ForestWetPoor
126238,Equisetum arvense,ForestWetPoor
126239,Equisetum arvense,ForestWetPoor
126240,Equisetum arvense,ForestWetPoor
126241,Equisetum arvense,ForestWetPoor
126242,Equisetum arvense,ForestWetPoor
126243,Equisetum arvense,ForestWetPoor
126244,Equisetum arvense,ForestWetPoor
126245,Equisetum arvense,ForestWetPoor
126246,Equisetum arvense,ForestWetPoor
126826,Equisetum arvense,ForestWetPoor
126827,Equisetum arvense,ForestWetPoor
126828,Equisetum arvense,ForestWetPoor
126829,Equisetum arvense,ForestWetPoor
126830,Equisetum arvense,ForestWetPoor
126831,Equisetum arvense,ForestWetPoor
126832,Equisetum arvense,ForestWetPoor
126833,Equisetum arvense,ForestWetPoor
126834,Equisetum arvense,ForestWetPoor
126835,Equisetum arvense,ForestWetPoor
126836,Equisetum arvense,ForestWetPoor
126837,Equisetum arvense,ForestWetPoor
126838,Equisetum arvense,ForestWetPoor
126839,Equisetum arvense,ForestWetPoor
126840,Equisetum arvense,ForestWetPoor
126841,Equisetum arvense,ForestWetPoor
126842,Equisetum arvense,ForestWetPoor
126843,Equisetum arvense,ForestWetPoor
126844,Equisetum arvense,ForestWetPoor
126845,Equisetum arvense,ForestWetPoor
127425,Equisetum arvense,ForestWetPoor
127426,Equisetum arvense,ForestWetPoor
127427,Equisetum arvense,ForestWetPoor
127428,Equisetum arvense,ForestWetPoor
127429,Equisetum arvense,ForestWetPoor
127430,Equisetum arvense,ForestWetPoor
127431,Equisetum arvense,ForestWetPoor
127432,Equisetum arvense,ForestWetPoor
127433,Equisetum arvense,ForestWetPoor
127434,Equisetum arvense,ForestWetPoor
127435,Equisetum arvense,ForestWetPoor
127436,Equisetum arvense,ForestWetPoor
127437,Equisetum arvense,ForestWetPoor
127438,Equisetum arvense,ForestWetPoor
127439,Equisetum arvense,ForestWetPoor
127440,Equisetum arvense,ForestWetPoor
127441,Equisetum arvense,ForestWetPoor
127442,Equisetum arvense,ForestWetPoor
127443,Equisetum arvense,ForestWetPoor
127444,Equisetum arvense,ForestWetPoor
128024,Equisetum arvense,ForestWetPoor
128025,Equisetum arvense,ForestWetPoor
128026,Equisetum arvense,ForestWetPoor
128027,Equisetum arvense,ForestWetPoor
128028,Equisetum arvense,ForestWetPoor
128029,Equisetum arvense,ForestWetPoor
128030,Equisetum arvense,ForestWetPoor
128031,Equisetum arvense,ForestWetPoor
128032,Equisetum arvense,ForestWetPoor
128033,Equisetum arvense,ForestWetPoor
128034,Equisetum arvense,ForestWetPoor
128035,Equisetum arvense,ForestWetPoor
128036,Equisetum arvense,ForestWetPoor
128037,Equisetum arvense,ForestWetPoor
128038,Equisetum arvense,ForestWetPoor
128039,Equisetum arvense,ForestWetPoor
128040,Equisetum arvense,ForestWetPoor
128041,Equisetum arvense,ForestWetPoor
128042,Equisetum arvense,ForestWetPoor
128043,Equisetum arvense,ForestWetPoor
128623,Equisetum arvense,ForestWetPoor
128624,Equisetum arvense,ForestWetPoor
128625,Equisetum arvense,ForestWetPoor
128626,Equisetum arvense,ForestWetPoor
128627,Equisetum arvense,ForestWetPoor
128628,Equisetum arvense,ForestWetPoor
128629,Equisetum arvense,ForestWetPoor
128630,Equisetum arvense,ForestWetPoor
128631,Equisetum arvense,ForestWetPoor
128632,Equisetum arvense,ForestWetPoor
128633,Equisetum arvense,ForestWetPoor
128634,Equisetum arvense,ForestWetPoor
128635,Equisetum arvense,ForestWetPoor
128636,Equisetum arvense,ForestWetPoor
128637,Equisetum arvense,ForestWetPoor
128638,Equisetum arvense,ForestWetPoor
128639,Equisetum arvense,ForestWetPoor
128640,Equisetum arvense,ForestWetPoor
128641,Equisetum arvense,ForestWetPoor
128642,Equisetum arvense,ForestWetPoor
129222,Equisetum arvense,ForestWetPoor
129223,Equisetum arvense,ForestWetPoor
129224,Equisetum arvense,ForestWetPoor
129225,Equisetum arvense,ForestWetPoor
129226,Equisetum arvense,ForestWetPoor
129227,Equisetum arvense,ForestWetPoor
129228,Equisetum arvense,ForestWetPoor
129229,Equisetum arvense,ForestWetPoor
129230,Equisetum arvense,ForestWetPoor
129231,Equisetum arvense,ForestWetPoor
129232,Equisetum arvense,ForestWetPoor
129233,Equisetum arvense,ForestWetPoor
129234,Equisetum arvense,ForestWetPoor
129235,Equisetum arvense,ForestWetPoor
129236,Equisetum arvense,ForestWetPoor
129237,Equisetum arvense,ForestWetPoor
129238,Equisetum arvense,ForestWetPoor
129239,Equisetum arvense,ForestWetPoor
129240,Equisetum arvense,ForestWetPoor
129241,Equisetum arvense,ForestWetPoor
129821,Equisetum arvense,ForestWetPoor
129822,Equisetum arvense,ForestWetPoor
129823,Equisetum arvense,ForestWetPoor
129824,Equisetum arvense,ForestWetPoor
129825,Equisetum arvense,ForestWetPoor
129826,Equisetum arvense,ForestWetPoor
129827,Equisetum arvense,ForestWetPoor
129828,Equisetum arvense,ForestWetPoor
129829,Equisetum arvense,ForestWetPoor
129830,Equisetum arvense,ForestWetPoor
129831,Equisetum arvense,ForestWetPoor
129832,Equisetum arvense,ForestWetPoor
129833,Equisetum arvense,ForestWetPoor
129834,Equisetum arvense,ForestWetPoor
129835,Equisetum arvense,ForestWetPoor
129836,Equisetum arvense,ForestWetPoor
129837,Equisetum arvense,ForestWetPoor
129838,Equisetum arvense,ForestWetPoor
129839,Equisetum arvense,ForestWetPoor
129840,Equisetum arvense,ForestWetPoor
130420,Equisetum arvense,ForestWetPoor
130421,Equisetum arvense,ForestWetPoor
130422,Equisetum arvense,ForestWetPoor
130423,Equisetum arvense,ForestWetPoor
130424,Equisetum arvense,ForestWetPoor
130425,Equisetum arvense,ForestWetPoor
130426,Equisetum arvense,ForestWetPoor
130427,Equisetum arvense,ForestWetPoor
130428,Equisetum arvense,ForestWetPoor
130429,Equisetum arvense,ForestWetPoor
130430,Equisetum arvense,ForestWetPoor
130431,Equisetum arvense,ForestWetPoor
130432,Equisetum arvense,ForestWetPoor
130433,Equisetum arvense,ForestWetPoor
130434,Equisetum arvense,ForestWetPoor
130435,Equisetum arvense,ForestWetPoor
130436,Equisetum arvense,ForestWetPoor
130437,Equisetum arvense,ForestWetPoor
130438,Equisetum arvense,ForestWetPoor
130439,Equisetum arvense,ForestWetPoor
131019,Equisetum arvense,ForestWetPoor
131020,Equisetum arvense,ForestWetPoor
131021,Equisetum arvense,ForestWetPoor
131022,Equisetum arvense,ForestWetPoor
131023,Equisetum arvense,ForestWetPoor
131024,Equisetum arvense,ForestWetPoor
131025,Equisetum arvense,ForestWetPoor
131026,Equisetum arvense,ForestWetPoor
131027,Equisetum arvense,ForestWetPoor
131028,Equisetum arvense,ForestWetPoor
131029,Equisetum arvense,ForestWetPoor
131030,Equisetum arvense,ForestWetPoor
131031,Equisetum arvense,ForestWetPoor
131032,Equisetum arvense,ForestWetPoor
131033,Equisetum arvense,ForestWetPoor
131034,Equisetum arvense,ForestWetPoor
131035,Equisetum arvense,ForestWetPoor
131036,Equisetum arvense,ForestWetPoor
131037,Equisetum arvense,ForestWetPoor
131038,Equisetum arvense,ForestWetPoor
131618,Equisetum arvense,ForestWetPoor
131619,Equisetum arvense,ForestWetPoor
131620,Equisetum arvense,ForestWetPoor
131621,Equisetum arvense,ForestWetPoor
131622,Equisetum arvense,ForestWetPoor
131623,Equisetum arvense,ForestWetPoor
131624,Equisetum arvense,ForestWetPoor
131625,Equisetum arvense,ForestWetPoor
131626,Equisetum arvense,ForestWetPoor
131627,Equisetum arvense,ForestWetPoor
131628,Equisetum arvense,ForestWetPoor
131629,Equisetum arvense,ForestWetPoor
131630,Equisetum arvense,ForestWetPoor
131631,Equisetum arvense,ForestWetPoor
131632,Equisetum arvense,ForestWetPoor
131633,Equisetum arvense,ForestWetPoor
131634,Equisetum arvense,ForestWetPoor
131635,Equisetum arvense,ForestWetPoor
131636,Equisetum arvense,ForestWetPoor
131637,Equisetum arvense,ForestWetPoor
132217,Equisetum arvense,ForestWetPoor
132218,Equisetum arvense,ForestWetPoor
132219,Equisetum arvense,ForestWetPoor
132220,Equisetum arvense,ForestWetPoor
132221,Equisetum arvense,ForestWetPoor
132222,Equisetum arvense,ForestWetPoor
132223,Equisetum arvense,ForestWetPoor
132224,Equisetum arvense,ForestWetPoor
132225,Equisetum arvense,ForestWetPoor
132226,Equisetum arvense,ForestWetPoor
132227,Equisetum arvense,ForestWetPoor
132228,Equisetum arvense,ForestWetPoor
132229,Equisetum arvense,ForestWetPoor
132230,Equisetum arvense,ForestWetPoor
132231,Equisetum arvense,ForestWetPoor
132232,Equisetum arvense,ForestWetPoor
132233,Equisetum arvense,ForestWetPoor
132234,Equisetum arvense,ForestWetPoor
132235,Equisetum arvense,ForestWetPoor
132236,Equisetum arvense,ForestWetPoor
132816,Equisetum arvense,ForestWetPoor
132817,Equisetum arvense,ForestWetPoor
132818,Equisetum arvense,ForestWetPoor
132819,Equisetum arvense,ForestWetPoor
132820,Equisetum arvense,ForestWetPoor
132821,Equisetum arvense,ForestWetPoor
132822,Equisetum arvense,ForestWetPoor
132823,Equisetum arvense,ForestWetPoor
132824,Equisetum arvense,ForestWetPoor
132825,Equisetum arvense,ForestWetPoor
132826,Equisetum arvense,ForestWetPoor
132827,Equisetum arvense,ForestWetPoor
132828,Equisetum arvense,ForestWetPoor
132829,Equisetum arvense,ForestWetPoor
132830,Equisetum arvense,ForestWetPoor
132831,Equisetum arvense,ForestWetPoor
132832,Equisetum arvense,ForestWetPoor
132833,Equisetum arvense,ForestWetPoor
132834,Equisetum arvense,ForestWetPoor
132835,Equisetum arvense,ForestWetPoor
133415,Equisetum arvense,ForestWetPoor
133416,Equisetum arvense,ForestWetPoor
133417,Equisetum arvense,ForestWetPoor
133418,Equisetum arvense,ForestWetPoor
133419,Equisetum arvense,ForestWetPoor
133420,Equisetum arvense,ForestWetPoor
133421,Equisetum arvense,ForestWetPoor
133422,Equisetum arvense,ForestWetPoor
133423,Equisetum arvense,ForestWetPoor
133424,Equisetum arvense,ForestWetPoor
133425,Equisetum arvense,ForestWetPoor
133426,Equisetum arvense,ForestWetPoor
133427,Equisetum arvense,ForestWetPoor
133428,Equisetum arvense,ForestWetPoor
133429,Equisetum arvense,ForestWetPoor
133430,Equisetum arvense,ForestWetPoor
133431,Equisetum arvense,ForestWetPoor
133432,Equisetum arvense,ForestWetPoor
133433,Equisetum arvense,ForestWetPoor
133434,Equisetum arvense,ForestWetPoor
134014,Equisetum arvense,ForestWetPoor
134015,Equisetum arvense,ForestWetPoor
134016,Equisetum arvense,ForestWetPoor
134017,Equisetum arvense,ForestWetPoor
134018,Equisetum arvense,ForestWetPoor
134019,Equisetum arvense,ForestWetPoor
134020,Equisetum arvense,ForestWetPoor
134021,Equisetum arvense,ForestWetPoor
134022,Equisetum arvense,ForestWetPoor
134023,Equisetum arvense,ForestWetPoor
134024,Equisetum arvense,ForestWetPoor
134025,Equisetum arvense,ForestWetPoor
134026,Equisetum arvense,ForestWetPoor
134027,Equisetum arvense,ForestWetPoor
134028,Equisetum arvense,ForestWetPoor
134029,Equisetum arvense,ForestWetPoor
134030,Equisetum arvense,ForestWetPoor
134031,Equisetum arvense,ForestWetPoor
134032,Equisetum arvense,ForestWetPoor
134033,Equisetum arvense,ForestWetPoor
146613,Equisetum arvense,ForestWetPoor
146614,Equisetum arvense,ForestWetPoor
146615,Equisetum arvense,ForestWetPoor
146616,Equisetum arvense,ForestWetPoor
146617,Equisetum arvense,ForestWetPoor
146618,Equisetum arvense,ForestWetPoor
146619,Equisetum arvense,ForestWetPoor
146620,Equisetum arvense,ForestWetPoor
146621,Equisetum arvense,ForestWetPoor
146622,Equisetum arvense,ForestWetPoor
146623,Equisetum arvense,ForestWetPoor
146624,Equisetum arvense,ForestWetPoor
146625,Equisetum arvense,ForestWetPoor
146626,Equisetum arvense,ForestWetPoor
146627,Equisetum arvense,ForestWetPoor
146628,Equisetum arvense,ForestWetPoor
146629,Equisetum arvense,ForestWetPoor
146630,Equisetum arvense,ForestWetPoor
147212,Equisetum arvense,ForestWetPoor
147213,Equisetum arvense,ForestWetPoor
147214,Equisetum arvense,ForestWetPoor
147215,Equisetum arvense,ForestWetPoor
147216,Equisetum arvense,ForestWetPoor
147217,Equisetum arvense,ForestWetPoor
147218,Equisetum arvense,ForestWetPoor
147219,Equisetum arvense,ForestWetPoor
147220,Equisetum arvense,ForestWetPoor
147221,Equisetum arvense,ForestWetPoor
147222,Equisetum arvense,ForestWetPoor
147223,Equisetum arvense,ForestWetPoor
147224,Equisetum arvense,ForestWetPoor
147225,Equisetum arvense,ForestWetPoor
147226,Equisetum arvense,ForestWetPoor
147227,Equisetum arvense,ForestWetPoor
147228,Equisetum arvense,ForestWetPoor
147229,Equisetum arvense,ForestWetPoor
147811,Equisetum arvense,ForestWetPoor
147812,Equisetum arvense,ForestWetPoor
147813,Equisetum arvense,ForestWetPoor
147814,Equisetum arvense,ForestWetPoor
147815,Equisetum arvense,ForestWetPoor
147816,Equisetum arvense,ForestWetPoor
147817,Equisetum arvense,ForestWetPoor
147818,Equisetum arvense,ForestWetPoor
147819,Equisetum arvense,ForestWetPoor
147820,Equisetum arvense,ForestWetPoor
147821,Equisetum arvense,ForestWetPoor
147822,Equisetum arvense,ForestWetPoor
147823,Equisetum arvense,ForestWetPoor
147824,Equisetum arvense,ForestWetPoor
147825,Equisetum arvense,ForestWetPoor
147826,Equisetum arvense,ForestWetPoor
147827,Equisetum arvense,ForestWetPoor
147828,Equisetum arvense,ForestWetPoor
148410,Equisetum arvense,ForestWetPoor
148411,Equisetum arvense,ForestWetPoor
148412,Equisetum arvense,ForestWetPoor
148413,Equisetum arvense,ForestWetPoor
148414,Equisetum arvense,ForestWetPoor
148415,Equisetum arvense,ForestWetPoor
148416,Equisetum arvense,ForestWetPoor
148417,Equisetum arvense,ForestWetPoor
148418,Equisetum arvense,ForestWetPoor
148419,Equisetum arvense,ForestWetPoor
148420,Equisetum arvense,ForestWetPoor
148421,Equisetum arvense,ForestWetPoor
148422,Equisetum arvense,ForestWetPoor
148423,Equisetum arvense,ForestWetPoor
148424,Equisetum arvense,ForestWetPoor
148425,Equisetum arvense,ForestWetPoor
148426,Equisetum arvense,ForestWetPoor
149009,Equisetum arvense,ForestWetPoor
149010,Equisetum arvense,ForestWetPoor
149011,Equisetum arvense,ForestWetPoor
149012,Equisetum arvense,ForestWetPoor
149013,Equisetum arvense,ForestWetPoor
149014,Equisetum arvense,ForestWetPoor
149015,Equisetum arvense,ForestWetPoor
149016,Equisetum arvense,ForestWetPoor
149017,Equisetum arvense,ForestWetPoor
149018,Equisetum arvense,ForestWetPoor
149019,Equisetum arvense,ForestWetPoor
149020,Equisetum arvense,ForestWetPoor
149021,Equisetum arvense,ForestWetPoor
149022,Equisetum arvense,ForestWetPoor
149023,Equisetum arvense,ForestWetPoor
149024,Equisetum arvense,ForestWetPoor
149025,Equisetum arvense,ForestWetPoor
149608,Equisetum arvense,ForestWetPoor
149609,Equisetum arvense,ForestWetPoor
149610,Equisetum arvense,ForestWetPoor
149611,Equisetum arvense,ForestWetPoor
149612,Equisetum arvense,ForestWetPoor
149613,Equisetum arvense,ForestWetPoor
149614,Equisetum arvense,ForestWetPoor
149615,Equisetum arvense,ForestWetPoor
149616,Equisetum arvense,ForestWetPoor
149617,Equisetum arvense,ForestWetPoor
149618,Equisetum arvense,ForestWetPoor
149619,Equisetum arvense,ForestWetPoor
149620,Equisetum arvense,ForestWetPoor
149621,Equisetum arvense,ForestWetPoor
149622,Equisetum arvense,ForestWetPoor
149623,Equisetum arvense,ForestWetPoor
149624,Equisetum arvense,ForestWetPoor
150207,Equisetum arvense,ForestWetPoor
150208,Equisetum arvense,ForestWetPoor
150209,Equisetum arvense,ForestWetPoor
150210,Equisetum arvense,ForestWetPoor
150211,Equisetum arvense,ForestWetPoor
150212,Equisetum arvense,ForestWetPoor
150213,Equisetum arvense,ForestWetPoor
150214,Equisetum arvense,ForestWetPoor
150215,Equisetum arvense,ForestWetPoor
150216,Equisetum arvense,ForestWetPoor
150217,Equisetum arvense,ForestWetPoor
150218,Equisetum arvense,ForestWetPoor
150219,Equisetum arvense,ForestWetPoor
150220,Equisetum arvense,ForestWetPoor
150221,Equisetum arvense,ForestWetPoor
150222,Equisetum arvense,ForestWetPoor
150223,Equisetum arvense,ForestWetPoor
150806,Equisetum arvense,ForestWetPoor
150807,Equisetum arvense,ForestWetPoor
150808,Equisetum arvense,ForestWetPoor
150809,Equisetum arvense,ForestWetPoor
150810,Equisetum arvense,ForestWetPoor
150811,Equisetum arvense,ForestWetPoor
150812,Equisetum arvense,ForestWetPoor
150813,Equisetum arvense,ForestWetPoor
150814,Equisetum arvense,ForestWetPoor
150815,Equisetum arvense,ForestWetPoor
150816,Equisetum arvense,ForestWetPoor
150817,Equisetum arvense,ForestWetPoor
150818,Equisetum arvense,ForestWetPoor
150819,Equisetum arvense,ForestWetPoor
150820,Equisetum arvense,ForestWetPoor
150821,Equisetum arvense,ForestWetPoor
150822,Equisetum arvense,ForestWetPoor
151405,Equisetum arvense,ForestWetPoor
151406,Equisetum arvense,ForestWetPoor
151407,Equisetum arvense,ForestWetPoor
151408,Equisetum arvense,ForestWetPoor
151409,Equisetum arvense,ForestWetPoor
151410,Equisetum arvense,ForestWetPoor
151411,Equisetum arvense,ForestWetPoor
151412,Equisetum arvense,ForestWetPoor
151413,Equisetum arvense,ForestWetPoor
151414,Equisetum arvense,ForestWetPoor
151415,Equisetum arvense,ForestWetPoor
151416,Equisetum arvense,ForestWetPoor
151417,Equisetum arvense,ForestWetPoor
151418,Equisetum arvense,ForestWetPoor
151419,Equisetum arvense,ForestWetPoor
151420,Equisetum arvense,ForestWetPoor
152004,Equisetum arvense,ForestWetPoor
152005,Equisetum arvense,ForestWetPoor
152006,Equisetum arvense,ForestWetPoor
152007,Equisetum arvense,ForestWetPoor
152008,Equisetum arvense,ForestWetPoor
152009,Equisetum arvense,ForestWetPoor
152010,Equisetum arvense,ForestWetPoor
152011,Equisetum arvense,ForestWetPoor
152012,Equisetum arvense,ForestWetPoor
152013,Equisetum arvense,ForestWetPoor
152014,Equisetum arvense,ForestWetPoor
152015,Equisetum arvense,ForestWetPoor
152016,Equisetum arvense,ForestWetPoor
152017,Equisetum arvense,ForestWetPoor
152018,Equisetum arvense,ForestWetPoor
152019,Equisetum arvense,ForestWetPoor
152603,Equisetum arvense,ForestWetPoor
152604,Equisetum arvense,ForestWetPoor
152605,Equisetum arvense,ForestWetPoor
152606,Equisetum arvense,ForestWetPoor
152607,Equisetum arvense,ForestWetPoor
152608,Equisetum arvense,ForestWetPoor
152609,Equisetum arvense,ForestWetPoor
152610,Equisetum arvense,ForestWetPoor
152611,Equisetum arvense,ForestWetPoor
152612,Equisetum arvense,ForestWetPoor
152613,Equisetum arvense,ForestWetPoor
152614,Equisetum arvense,ForestWetPoor
152615,Equisetum arvense,ForestWetPoor
152616,Equisetum arvense,ForestWetPoor
152617,Equisetum arvense,ForestWetPoor
152618,Equisetum arvense,ForestWetPoor
153202,Equisetum arvense,ForestWetPoor
153203,Equisetum arvense,ForestWetPoor
153204,Equisetum arvense,ForestWetPoor
153205,Equisetum arvense,ForestWetPoor
153206,Equisetum arvense,ForestWetPoor
153207,Equisetum arvense,ForestWetPoor
153208,Equisetum arvense,ForestWetPoor
153209,Equisetum arvense,ForestWetPoor
153210,Equisetum arvense,ForestWetPoor
153211,Equisetum arvense,ForestWetPoor
153212,Equisetum arvense,ForestWetPoor
153213,Equisetum arvense,ForestWetPoor
153214,Equisetum arvense,ForestWetPoor
153215,Equisetum arvense,ForestWetPoor
153216,Equisetum arvense,ForestWetPoor
153217,Equisetum arvense,ForestWetPoor
153801,Equisetum arvense,ForestWetPoor
153802,Equisetum arvense,ForestWetPoor
153803,Equisetum arvense,ForestWetPoor
153804,Equisetum arvense,ForestWetPoor
153805,Equisetum arvense,ForestWetPoor
153806,Equisetum arvense,ForestWetPoor
153807,Equisetum arvense,ForestWetPoor
153808,Equisetum arvense,ForestWetPoor
153809,Equisetum arvense,ForestWetPoor
153810,Equisetum arvense,ForestWetPoor
153811,Equisetum arvense,ForestWetPoor
153812,Equisetum arvense,ForestWetPoor
153813,Equisetum arvense,ForestWetPoor
153814,Equisetum arvense,ForestWetPoor
153815,Equisetum arvense,ForestWetPoor
154400,Equisetum arvense,ForestWetPoor
154401,Equisetum arvense,ForestWetPoor
154402,Equisetum arvense,ForestWetPoor
154403,Equisetum arvense,ForestWetPoor
154404,Equisetum arvense,ForestWetPoor
154405,Equisetum arvense,ForestWetPoor
154406,Equisetum arvense,ForestWetPoor
154407,Equisetum arvense,ForestWetPoor
154408,Equisetum arvense,ForestWetPoor
154409,Equisetum arvense,ForestWetPoor
154410,Equisetum arvense,ForestWetPoor
154411,Equisetum arvense,ForestWetPoor
154412,Equisetum arvense,ForestWetPoor
154413,Equisetum arvense,ForestWetPoor
154414,Equisetum arvense,ForestWetPoor
154999,Equisetum arvense,ForestWetPoor
155000,Equisetum arvense,ForestWetPoor
155001,Equisetum arvense,ForestWetPoor
155002,Equisetum arvense,ForestWetPoor
155003,Equisetum arvense,ForestWetPoor
155004,Equisetum arvense,ForestWetPoor
155005,Equisetum arvense,ForestWetPoor
155006,Equisetum arvense,ForestWetPoor
155007,Equisetum arvense,ForestWetPoor
155008,Equisetum arvense,ForestWetPoor
155009,Equisetum arvense,ForestWetPoor
155010,Equisetum arvense,ForestWetPoor
155011,Equisetum arvense,ForestWetPoor
155012,Equisetum arvense,ForestWetPoor
155598,Equisetum arvense,ForestWetPoor
155599,Equisetum arvense,ForestWetPoor
155600,Equisetum arvense,ForestWetPoor
155601,Equisetum arvense,ForestWetPoor
155602,Equisetum arvense,ForestWetPoor
155603,Equisetum arvense,ForestWetPoor
155604,Equisetum arvense,ForestWetPoor
155605,Equisetum arvense,ForestWetPoor
155606,Equisetum arvense,ForestWetPoor
155607,Equisetum arvense,ForestWetPoor
155608,Equisetum arvense,ForestWetPoor
155609,Equisetum arvense,ForestWetPoor
155610,Equisetum arvense,ForestWetPoor
155611,Equisetum arvense,ForestWetPoor
156197,Equisetum arvense,ForestWetPoor
156198,Equisetum arvense,ForestWetPoor
156199,Equisetum arvense,ForestWetPoor
156200,Equisetum arvense,ForestWetPoor
156201,Equisetum arvense,ForestWetPoor
156202,Equisetum arvense,ForestWetPoor
156203,Equisetum arvense,ForestWetPoor
156204,Equisetum arvense,ForestWetPoor
156205,Equisetum arvense,ForestWetPoor
156206,Equisetum arvense,ForestWetPoor
156207,Equisetum arvense,ForestWetPoor
156208,Equisetum arvense,ForestWetPoor
156209,Equisetum arvense,ForestWetPoor
156210,Equisetum arvense,ForestWetPoor
156796,Equisetum arvense,ForestWetPoor
156797,Equisetum arvense,ForestWetPoor
156798,Equisetum arvense,ForestWetPoor
156799,Equisetum arvense,ForestWetPoor
156800,Equisetum arvense,ForestWetPoor
156801,Equisetum arvense,ForestWetPoor
156802,Equisetum arvense,ForestWetPoor
156803,Equisetum arvense,ForestWetPoor
156804,Equisetum arvense,ForestWetPoor
156805,Equisetum arvense,ForestWetPoor
156806,Equisetum arvense,ForestWetPoor
156807,Equisetum arvense,ForestWetPoor
156808,Equisetum arvense,ForestWetPoor
157395,Equisetum arvense,ForestWetPoor
157396,Equisetum arvense,ForestWetPoor
157397,Equisetum arvense,ForestWetPoor
157398,Equisetum arvense,ForestWetPoor
157399,Equisetum arvense,ForestWetPoor
157400,Equisetum arvense,ForestWetPoor
157401,Equisetum arvense,ForestWetPoor
157402,Equisetum arvense,ForestWetPoor
157403,Equisetum arvense,ForestWetPoor
157404,Equisetum arvense,ForestWetPoor
157405,Equisetum arvense,ForestWetPoor
157406,Equisetum arvense,ForestWetPoor
157407,Equisetum arvense,ForestWetPoor
157994,Equisetum arvense,ForestWetPoor
157995,Equisetum arvense,ForestWetPoor
157996,Equisetum arvense,ForestWetPoor
157997,Equisetum arvense,ForestWetPoor
157998,Equisetum arvense,ForestWetPoor
157999,Equisetum arvense,ForestWetPoor
158000,Equisetum arvense,ForestWetPoor
158001,Equisetum arvense,ForestWetPoor
158002,Equisetum arvense,ForestWetPoor
158003,Equisetum arvense,ForestWetPoor
158004,Equisetum arvense,ForestWetPoor
158005,Equisetum arvense,ForestWetPoor
74553,Equisetum arvense,ForestWetPoor
74554,Equisetum arvense,ForestWetPoor
74555,Equisetum arvense,ForestWetPoor
74556,Equisetum arvense,ForestWetPoor
74557,Equisetum arvense,ForestWetPoor
74558,Equisetum arvense,ForestWetPoor
74559,Equisetum arvense,ForestWetPoor
74560,Equisetum arvense,ForestWetPoor
74561,Equisetum arvense,ForestWetPoor
74562,Equisetum arvense,ForestWetPoor
74563,Equisetum arvense,ForestWetPoor
74564,Equisetum arvense,ForestWetPoor
74565,Equisetum arvense,ForestWetPoor
74566,Equisetum arvense,ForestWetPoor
74567,Equisetum arvense,ForestWetPoor
74568,Equisetum arvense,ForestWetPoor
74569,Equisetum arvense,ForestWetPoor
74570,Equisetum arvense,ForestWetPoor
74571,Equisetum arvense,ForestWetPoor
74572,Equisetum arvense,ForestWetPoor
74573,Equisetum arvense,ForestWetPoor
74574,Equisetum arvense,ForestWetPoor
74575,Equisetum arvense,ForestWetPoor
74576,Equisetum arvense,ForestWetPoor
74577,Equisetum arvense,ForestWetPoor
74578,Equisetum arvense,ForestWetPoor
74579,Equisetum arvense,ForestWetPoor
74580,Equisetum arvense,ForestWetPoor
74581,Equisetum arvense,ForestWetPoor
74582,Equisetum arvense,ForestWetPoor
74583,Equisetum arvense,ForestWetPoor
74584,Equisetum arvense,ForestWetPoor
74585,Equisetum arvense,ForestWetPoor
74586,Equisetum arvense,ForestWetPoor
74587,Equisetum arvense,ForestWetPoor
74588,Equisetum arvense,ForestWetPoor
74589,Equisetum arvense,ForestWetPoor
74590,Equisetum arvense,ForestWetPoor
74591,Equisetum arvense,ForestWetPoor
74592,Equisetum arvense,ForestWetPoor
74593,Equisetum arvense,ForestWetPoor
74594,Equisetum arvense,ForestWetPoor
74595,Equisetum arvense,ForestWetPoor
74596,Equisetum arvense,ForestWetPoor
74597,Equisetum arvense,ForestWetPoor
74598,Equisetum arvense,ForestWetPoor
74599,Equisetum arvense,ForestWetPoor
74600,Equisetum arvense,ForestWetPoor
74601,Equisetum arvense,ForestWetPoor
74602,Equisetum arvense,ForestWetPoor
74603,Equisetum arvense,ForestWetPoor
74604,Equisetum arvense,ForestWetPoor
74605,Equisetum arvense,ForestWetPoor
74606,Equisetum arvense,ForestWetPoor
74607,Equisetum arvense,ForestWetPoor
74608,Equisetum arvense,ForestWetPoor
74609,Equisetum arvense,ForestWetPoor
74610,Equisetum arvense,ForestWetPoor
74611,Equisetum arvense,ForestWetPoor
74612,Equisetum arvense,ForestWetPoor
75152,Equisetum arvense,ForestWetPoor
75153,Equisetum arvense,ForestWetPoor
75154,Equisetum arvense,ForestWetPoor
75155,Equisetum arvense,ForestWetPoor
75156,Equisetum arvense,ForestWetPoor
75157,Equisetum arvense,ForestWetPoor
75158,Equisetum arvense,ForestWetPoor
75159,Equisetum arvense,ForestWetPoor
75160,Equisetum arvense,ForestWetPoor
75161,Equisetum arvense,ForestWetPoor
75162,Equisetum arvense,ForestWetPoor
75163,Equisetum arvense,ForestWetPoor
75164,Equisetum arvense,ForestWetPoor
75165,Equisetum arvense,ForestWetPoor
75166,Equisetum arvense,ForestWetPoor
75167,Equisetum arvense,ForestWetPoor
75168,Equisetum arvense,ForestWetPoor
75169,Equisetum arvense,ForestWetPoor
75170,Equisetum arvense,ForestWetPoor
75171,Equisetum arvense,ForestWetPoor
75172,Equisetum arvense,ForestWetPoor
75173,Equisetum arvense,ForestWetPoor
75174,Equisetum arvense,ForestWetPoor
75175,Equisetum arvense,ForestWetPoor
75176,Equisetum arvense,ForestWetPoor
75177,Equisetum arvense,ForestWetPoor
75178,Equisetum arvense,ForestWetPoor
75179,Equisetum arvense,ForestWetPoor
75180,Equisetum arvense,ForestWetPoor
75181,Equisetum arvense,ForestWetPoor
75182,Equisetum arvense,ForestWetPoor
75183,Equisetum arvense,ForestWetPoor
75184,Equisetum arvense,ForestWetPoor
75185,Equisetum arvense,ForestWetPoor
75186,Equisetum arvense,ForestWetPoor
75187,Equisetum arvense,ForestWetPoor
75188,Equisetum arvense,ForestWetPoor
75189,Equisetum arvense,ForestWetPoor
75190,Equisetum arvense,ForestWetPoor
75191,Equisetum arvense,ForestWetPoor
75192,Equisetum arvense,ForestWetPoor
75193,Equisetum arvense,ForestWetPoor
75194,Equisetum arvense,ForestWetPoor
75195,Equisetum arvense,ForestWetPoor
75196,Equisetum arvense,ForestWetPoor
75197,Equisetum arvense,ForestWetPoor
75198,Equisetum arvense,ForestWetPoor
75199,Equisetum arvense,ForestWetPoor
75200,Equisetum arvense,ForestWetPoor
75201,Equisetum arvense,ForestWetPoor
75202,Equisetum arvense,ForestWetPoor
75203,Equisetum arvense,ForestWetPoor
75204,Equisetum arvense,ForestWetPoor
75205,Equisetum arvense,ForestWetPoor
75206,Equisetum arvense,ForestWetPoor
75207,Equisetum arvense,ForestWetPoor
75208,Equisetum arvense,ForestWetPoor
75209,Equisetum arvense,ForestWetPoor
75210,Equisetum arvense,ForestWetPoor
75211,Equisetum arvense,ForestWetPoor
75751,Equisetum arvense,ForestWetPoor
75752,Equisetum arvense,ForestWetPoor
75753,Equisetum arvense,ForestWetPoor
75754,Equisetum arvense,ForestWetPoor
75755,Equisetum arvense,ForestWetPoor
75756,Equisetum arvense,ForestWetPoor
75757,Equisetum arvense,ForestWetPoor
75758,Equisetum arvense,ForestWetPoor
75759,Equisetum arvense,ForestWetPoor
75760,Equisetum arvense,ForestWetPoor
75761,Equisetum arvense,ForestWetPoor
75762,Equisetum arvense,ForestWetPoor
75763,Equisetum arvense,ForestWetPoor
75764,Equisetum arvense,ForestWetPoor
75765,Equisetum arvense,ForestWetPoor
75766,Equisetum arvense,ForestWetPoor
75767,Equisetum arvense,ForestWetPoor
75768,Equisetum arvense,ForestWetPoor
75769,Equisetum arvense,ForestWetPoor
75770,Equisetum arvense,ForestWetPoor
75771,Equisetum arvense,ForestWetPoor
75772,Equisetum arvense,ForestWetPoor
75773,Equisetum arvense,ForestWetPoor
75774,Equisetum arvense,ForestWetPoor
75775,Equisetum arvense,ForestWetPoor
75776,Equisetum arvense,ForestWetPoor
75777,Equisetum arvense,ForestWetPoor
75778,Equisetum arvense,ForestWetPoor
75779,Equisetum arvense,ForestWetPoor
75780,Equisetum arvense,ForestWetPoor
75781,Equisetum arvense,ForestWetPoor
75782,Equisetum arvense,ForestWetPoor
75783,Equisetum arvense,ForestWetPoor
75784,Equisetum arvense,ForestWetPoor
75785,Equisetum arvense,ForestWetPoor
75786,Equisetum arvense,ForestWetPoor
75787,Equisetum arvense,ForestWetPoor
75788,Equisetum arvense,ForestWetPoor
75789,Equisetum arvense,ForestWetPoor
75790,Equisetum arvense,ForestWetPoor
75791,Equisetum arvense,ForestWetPoor
75792,Equisetum arvense,ForestWetPoor
75793,Equisetum arvense,ForestWetPoor
75794,Equisetum arvense,ForestWetPoor
75795,Equisetum arvense,ForestWetPoor
75796,Equisetum arvense,ForestWetPoor
75797,Equisetum arvense,ForestWetPoor
75798,Equisetum arvense,ForestWetPoor
75799,Equisetum arvense,ForestWetPoor
75800,Equisetum arvense,ForestWetPoor
75801,Equisetum arvense,ForestWetPoor
75802,Equisetum arvense,ForestWetPoor
75803,Equisetum arvense,ForestWetPoor
75804,Equisetum arvense,ForestWetPoor
75805,Equisetum arvense,ForestWetPoor
75806,Equisetum arvense,ForestWetPoor
75807,Equisetum arvense,ForestWetPoor
75808,Equisetum arvense,ForestWetPoor
75809,Equisetum arvense,ForestWetPoor
75810,Equisetum arvense,ForestWetPoor
76350,Equisetum arvense,ForestWetPoor
76351,Equisetum arvense,ForestWetPoor
76352,Equisetum arvense,ForestWetPoor
76353,Equisetum arvense,ForestWetPoor
76354,Equisetum arvense,ForestWetPoor
76355,Equisetum arvense,ForestWetPoor
76356,Equisetum arvense,ForestWetPoor
76357,Equisetum arvense,ForestWetPoor
76358,Equisetum arvense,ForestWetPoor
76359,Equisetum arvense,ForestWetPoor
76360,Equisetum arvense,ForestWetPoor
76361,Equisetum arvense,ForestWetPoor
76362,Equisetum arvense,ForestWetPoor
76363,Equisetum arvense,ForestWetPoor
76364,Equisetum arvense,ForestWetPoor
76365,Equisetum arvense,ForestWetPoor
76366,Equisetum arvense,ForestWetPoor
76367,Equisetum arvense,ForestWetPoor
76368,Equisetum arvense,ForestWetPoor
76369,Equisetum arvense,ForestWetPoor
76370,Equisetum arvense,ForestWetPoor
76371,Equisetum arvense,ForestWetPoor
76372,Equisetum arvense,ForestWetPoor
76373,Equisetum arvense,ForestWetPoor
76374,Equisetum arvense,ForestWetPoor
76375,Equisetum arvense,ForestWetPoor
76376,Equisetum arvense,ForestWetPoor
76377,Equisetum arvense,ForestWetPoor
76378,Equisetum arvense,ForestWetPoor
76379,Equisetum arvense,ForestWetPoor
76380,Equisetum arvense,ForestWetPoor
76381,Equisetum arvense,ForestWetPoor
76382,Equisetum arvense,ForestWetPoor
76383,Equisetum arvense,ForestWetPoor
76384,Equisetum arvense,ForestWetPoor
76385,Equisetum arvense,ForestWetPoor
76386,Equisetum arvense,ForestWetPoor
76387,Equisetum arvense,ForestWetPoor
76388,Equisetum arvense,ForestWetPoor
76389,Equisetum arvense,ForestWetPoor
76390,Equisetum arvense,ForestWetPoor
76391,Equisetum arvense,ForestWetPoor
76392,Equisetum arvense,ForestWetPoor
76393,Equisetum arvense,ForestWetPoor
76394,Equisetum arvense,ForestWetPoor
76395,Equisetum arvense,ForestWetPoor
76396,Equisetum arvense,ForestWetPoor
76397,Equisetum arvense,ForestWetPoor
76398,Equisetum arvense,ForestWetPoor
76399,Equisetum arvense,ForestWetPoor
76400,Equisetum arvense,ForestWetPoor
76401,Equisetum arvense,ForestWetPoor
76402,Equisetum arvense,ForestWetPoor
76403,Equisetum arvense,ForestWetPoor
76404,Equisetum arvense,ForestWetPoor
76405,Equisetum arvense,ForestWetPoor
76406,Equisetum arvense,ForestWetPoor
76407,Equisetum arvense,ForestWetPoor
76408,Equisetum arvense,ForestWetPoor
76409,Equisetum arvense,ForestWetPoor
76949,Equisetum arvense,ForestWetPoor
76950,Equisetum arvense,ForestWetPoor
76951,Equisetum arvense,ForestWetPoor
76952,Equisetum arvense,ForestWetPoor
76953,Equisetum arvense,ForestWetPoor
76954,Equisetum arvense,ForestWetPoor
76955,Equisetum arvense,ForestWetPoor
76956,Equisetum arvense,ForestWetPoor
76957,Equisetum arvense,ForestWetPoor
76958,Equisetum arvense,ForestWetPoor
76959,Equisetum arvense,ForestWetPoor
76960,Equisetum arvense,ForestWetPoor
76961,Equisetum arvense,ForestWetPoor
76962,Equisetum arvense,ForestWetPoor
76963,Equisetum arvense,ForestWetPoor
76964,Equisetum arvense,ForestWetPoor
76965,Equisetum arvense,ForestWetPoor
76966,Equisetum arvense,ForestWetPoor
76967,Equisetum arvense,ForestWetPoor
76968,Equisetum arvense,ForestWetPoor
76969,Equisetum arvense,ForestWetPoor
76970,Equisetum arvense,ForestWetPoor
76971,Equisetum arvense,ForestWetPoor
76972,Equisetum arvense,ForestWetPoor
76973,Equisetum arvense,ForestWetPoor
76974,Equisetum arvense,ForestWetPoor
76975,Equisetum arvense,ForestWetPoor
76976,Equisetum arvense,ForestWetPoor
76977,Equisetum arvense,ForestWetPoor
76978,Equisetum arvense,ForestWetPoor
76979,Equisetum arvense,ForestWetPoor
76980,Equisetum arvense,ForestWetPoor
76981,Equisetum arvense,ForestWetPoor
76982,Equisetum arvense,ForestWetPoor
76983,Equisetum arvense,ForestWetPoor
76984,Equisetum arvense,ForestWetPoor
76985,Equisetum arvense,ForestWetPoor
76986,Equisetum arvense,ForestWetPoor
76987,Equisetum arvense,ForestWetPoor
76988,Equisetum arvense,ForestWetPoor
76989,Equisetum arvense,ForestWetPoor
76990,Equisetum arvense,ForestWetPoor
76991,Equisetum arvense,ForestWetPoor
76992,Equisetum arvense,ForestWetPoor
76993,Equisetum arvense,ForestWetPoor
76994,Equisetum arvense,ForestWetPoor
76995,Equisetum arvense,ForestWetPoor
76996,Equisetum arvense,ForestWetPoor
76997,Equisetum arvense,ForestWetPoor
76998,Equisetum arvense,ForestWetPoor
76999,Equisetum arvense,ForestWetPoor
77000,Equisetum arvense,ForestWetPoor
77001,Equisetum arvense,ForestWetPoor
77002,Equisetum arvense,ForestWetPoor
77003,Equisetum arvense,ForestWetPoor
77004,Equisetum arvense,ForestWetPoor
77005,Equisetum arvense,ForestWetPoor
77006,Equisetum arvense,ForestWetPoor
77007,Equisetum arvense,ForestWetPoor
77008,Equisetum arvense,ForestWetPoor
77548,Equisetum arvense,ForestWetPoor
77549,Equisetum arvense,ForestWetPoor
77550,Equisetum arvense,ForestWetPoor
77551,Equisetum arvense,ForestWetPoor
77552,Equisetum arvense,ForestWetPoor
77553,Equisetum arvense,ForestWetPoor
77554,Equisetum arvense,ForestWetPoor
77555,Equisetum arvense,ForestWetPoor
77556,Equisetum arvense,ForestWetPoor
77557,Equisetum arvense,ForestWetPoor
77558,Equisetum arvense,ForestWetPoor
77559,Equisetum arvense,ForestWetPoor
77560,Equisetum arvense,ForestWetPoor
77561,Equisetum arvense,ForestWetPoor
77562,Equisetum arvense,ForestWetPoor
77563,Equisetum arvense,ForestWetPoor
77564,Equisetum arvense,ForestWetPoor
77565,Equisetum arvense,ForestWetPoor
77566,Equisetum arvense,ForestWetPoor
77567,Equisetum arvense,ForestWetPoor
77568,Equisetum arvense,ForestWetPoor
77569,Equisetum arvense,ForestWetPoor
77570,Equisetum arvense,ForestWetPoor
77571,Equisetum arvense,ForestWetPoor
77572,Equisetum arvense,ForestWetPoor
77573,Equisetum arvense,ForestWetPoor
77574,Equisetum arvense,ForestWetPoor
77575,Equisetum arvense,ForestWetPoor
77576,Equisetum arvense,ForestWetPoor
77577,Equisetum arvense,ForestWetPoor
77578,Equisetum arvense,ForestWetPoor
77579,Equisetum arvense,ForestWetPoor
77580,Equisetum arvense,ForestWetPoor
77581,Equisetum arvense,ForestWetPoor
77582,Equisetum arvense,ForestWetPoor
77583,Equisetum arvense,ForestWetPoor
77584,Equisetum arvense,ForestWetPoor
77585,Equisetum arvense,ForestWetPoor
77586,Equisetum arvense,ForestWetPoor
77587,Equisetum arvense,ForestWetPoor
77588,Equisetum arvense,ForestWetPoor
77589,Equisetum arvense,ForestWetPoor
77590,Equisetum arvense,ForestWetPoor
77591,Equisetum arvense,ForestWetPoor
77592,Equisetum arvense,ForestWetPoor
77593,Equisetum arvense,ForestWetPoor
77594,Equisetum arvense,ForestWetPoor
77595,Equisetum arvense,ForestWetPoor
77596,Equisetum arvense,ForestWetPoor
77597,Equisetum arvense,ForestWetPoor
77598,Equisetum arvense,ForestWetPoor
77599,Equisetum arvense,ForestWetPoor
77600,Equisetum arvense,ForestWetPoor
77601,Equisetum arvense,ForestWetPoor
77602,Equisetum arvense,ForestWetPoor
77603,Equisetum arvense,ForestWetPoor
77604,Equisetum arvense,ForestWetPoor
77605,Equisetum arvense,ForestWetPoor
77606,Equisetum arvense,ForestWetPoor
77607,Equisetum arvense,ForestWetPoor
78147,Equisetum arvense,ForestWetPoor
78148,Equisetum arvense,ForestWetPoor
78149,Equisetum arvense,ForestWetPoor
78150,Equisetum arvense,ForestWetPoor
78151,Equisetum arvense,ForestWetPoor
78152,Equisetum arvense,ForestWetPoor
78153,Equisetum arvense,ForestWetPoor
78154,Equisetum arvense,ForestWetPoor
78155,Equisetum arvense,ForestWetPoor
78156,Equisetum arvense,ForestWetPoor
78157,Equisetum arvense,ForestWetPoor
78158,Equisetum arvense,ForestWetPoor
78159,Equisetum arvense,ForestWetPoor
78160,Equisetum arvense,ForestWetPoor
78161,Equisetum arvense,ForestWetPoor
78162,Equisetum arvense,ForestWetPoor
78163,Equisetum arvense,ForestWetPoor
78164,Equisetum arvense,ForestWetPoor
78165,Equisetum arvense,ForestWetPoor
78166,Equisetum arvense,ForestWetPoor
78167,Equisetum arvense,ForestWetPoor
78168,Equisetum arvense,ForestWetPoor
78169,Equisetum arvense,ForestWetPoor
78170,Equisetum arvense,ForestWetPoor
78171,Equisetum arvense,ForestWetPoor
78172,Equisetum arvense,ForestWetPoor
78173,Equisetum arvense,ForestWetPoor
78174,Equisetum arvense,ForestWetPoor
78175,Equisetum arvense,ForestWetPoor
78176,Equisetum arvense,ForestWetPoor
78177,Equisetum arvense,ForestWetPoor
78178,Equisetum arvense,ForestWetPoor
78179,Equisetum arvense,ForestWetPoor
78180,Equisetum arvense,ForestWetPoor
78181,Equisetum arvense,ForestWetPoor
78182,Equisetum arvense,ForestWetPoor
78183,Equisetum arvense,ForestWetPoor
78184,Equisetum arvense,ForestWetPoor
78185,Equisetum arvense,ForestWetPoor
78186,Equisetum arvense,ForestWetPoor
78187,Equisetum arvense,ForestWetPoor
78188,Equisetum arvense,ForestWetPoor
78189,Equisetum arvense,ForestWetPoor
78190,Equisetum arvense,ForestWetPoor
78191,Equisetum arvense,ForestWetPoor
78192,Equisetum arvense,ForestWetPoor
78193,Equisetum arvense,ForestWetPoor
78194,Equisetum arvense,ForestWetPoor
78195,Equisetum arvense,ForestWetPoor
78196,Equisetum arvense,ForestWetPoor
78197,Equisetum arvense,ForestWetPoor
78198,Equisetum arvense,ForestWetPoor
78199,Equisetum arvense,ForestWetPoor
78200,Equisetum arvense,ForestWetPoor
78201,Equisetum arvense,ForestWetPoor
78202,Equisetum arvense,ForestWetPoor
78203,Equisetum arvense,ForestWetPoor
78204,Equisetum arvense,ForestWetPoor
78205,Equisetum arvense,ForestWetPoor
78206,Equisetum arvense,ForestWetPoor
78746,Equisetum arvense,ForestWetPoor
78747,Equisetum arvense,ForestWetPoor
78748,Equisetum arvense,ForestWetPoor
78749,Equisetum arvense,ForestWetPoor
78750,Equisetum arvense,ForestWetPoor
78751,Equisetum arvense,ForestWetPoor
78752,Equisetum arvense,ForestWetPoor
78753,Equisetum arvense,ForestWetPoor
78754,Equisetum arvense,ForestWetPoor
78755,Equisetum arvense,ForestWetPoor
78756,Equisetum arvense,ForestWetPoor
78757,Equisetum arvense,ForestWetPoor
78758,Equisetum arvense,ForestWetPoor
78759,Equisetum arvense,ForestWetPoor
78760,Equisetum arvense,ForestWetPoor
78761,Equisetum arvense,ForestWetPoor
78762,Equisetum arvense,ForestWetPoor
78763,Equisetum arvense,ForestWetPoor
78764,Equisetum arvense,ForestWetPoor
78765,Equisetum arvense,ForestWetPoor
78766,Equisetum arvense,ForestWetPoor
78767,Equisetum arvense,ForestWetPoor
78768,Equisetum arvense,ForestWetPoor
78769,Equisetum arvense,ForestWetPoor
78770,Equisetum arvense,ForestWetPoor
78771,Equisetum arvense,ForestWetPoor
78772,Equisetum arvense,ForestWetPoor
78773,Equisetum arvense,ForestWetPoor
78774,Equisetum arvense,ForestWetPoor
78775,Equisetum arvense,ForestWetPoor
78776,Equisetum arvense,ForestWetPoor
78777,Equisetum arvense,ForestWetPoor
78778,Equisetum arvense,ForestWetPoor
78779,Equisetum arvense,ForestWetPoor
78780,Equisetum arvense,ForestWetPoor
78781,Equisetum arvense,ForestWetPoor
78782,Equisetum arvense,ForestWetPoor
78783,Equisetum arvense,ForestWetPoor
78784,Equisetum arvense,ForestWetPoor
78785,Equisetum arvense,ForestWetPoor
78786,Equisetum arvense,ForestWetPoor
78787,Equisetum arvense,ForestWetPoor
78788,Equisetum arvense,ForestWetPoor
78789,Equisetum arvense,ForestWetPoor
78790,Equisetum arvense,ForestWetPoor
78791,Equisetum arvense,ForestWetPoor
78792,Equisetum arvense,ForestWetPoor
78793,Equisetum arvense,ForestWetPoor
78794,Equisetum arvense,ForestWetPoor
78795,Equisetum arvense,ForestWetPoor
78796,Equisetum arvense,ForestWetPoor
78797,Equisetum arvense,ForestWetPoor
78798,Equisetum arvense,ForestWetPoor
78799,Equisetum arvense,ForestWetPoor
78800,Equisetum arvense,ForestWetPoor
78801,Equisetum arvense,ForestWetPoor
78802,Equisetum arvense,ForestWetPoor
78803,Equisetum arvense,ForestWetPoor
78804,Equisetum arvense,ForestWetPoor
78805,Equisetum arvense,ForestWetPoor
79345,Equisetum arvense,ForestWetPoor
79346,Equisetum arvense,ForestWetPoor
79347,Equisetum arvense,ForestWetPoor
79348,Equisetum arvense,ForestWetPoor
79349,Equisetum arvense,ForestWetPoor
79350,Equisetum arvense,ForestWetPoor
79351,Equisetum arvense,ForestWetPoor
79352,Equisetum arvense,ForestWetPoor
79353,Equisetum arvense,ForestWetPoor
79354,Equisetum arvense,ForestWetPoor
79355,Equisetum arvense,ForestWetPoor
79356,Equisetum arvense,ForestWetPoor
79357,Equisetum arvense,ForestWetPoor
79358,Equisetum arvense,ForestWetPoor
79359,Equisetum arvense,ForestWetPoor
79360,Equisetum arvense,ForestWetPoor
79361,Equisetum arvense,ForestWetPoor
79362,Equisetum arvense,ForestWetPoor
79363,Equisetum arvense,ForestWetPoor
79364,Equisetum arvense,ForestWetPoor
79365,Equisetum arvense,ForestWetPoor
79366,Equisetum arvense,ForestWetPoor
79367,Equisetum arvense,ForestWetPoor
79368,Equisetum arvense,ForestWetPoor
79369,Equisetum arvense,ForestWetPoor
79370,Equisetum arvense,ForestWetPoor
79371,Equisetum arvense,ForestWetPoor
79372,Equisetum arvense,ForestWetPoor
79373,Equisetum arvense,ForestWetPoor
79374,Equisetum arvense,ForestWetPoor
79375,Equisetum arvense,ForestWetPoor
79376,Equisetum arvense,ForestWetPoor
79377,Equisetum arvense,ForestWetPoor
79378,Equisetum arvense,ForestWetPoor
79379,Equisetum arvense,ForestWetPoor
79380,Equisetum arvense,ForestWetPoor
79381,Equisetum arvense,ForestWetPoor
79382,Equisetum arvense,ForestWetPoor
79383,Equisetum arvense,ForestWetPoor
79384,Equisetum arvense,ForestWetPoor
79385,Equisetum arvense,ForestWetPoor
79386,Equisetum arvense,ForestWetPoor
79387,Equisetum arvense,ForestWetPoor
79388,Equisetum arvense,ForestWetPoor
79389,Equisetum arvense,ForestWetPoor
79390,Equisetum arvense,ForestWetPoor
79391,Equisetum arvense,ForestWetPoor
79392,Equisetum arvense,ForestWetPoor
79393,Equisetum arvense,ForestWetPoor
79394,Equisetum arvense,ForestWetPoor
79395,Equisetum arvense,ForestWetPoor
79396,Equisetum arvense,ForestWetPoor
79397,Equisetum arvense,ForestWetPoor
79398,Equisetum arvense,ForestWetPoor
79399,Equisetum arvense,ForestWetPoor
79400,Equisetum arvense,ForestWetPoor
79401,Equisetum arvense,ForestWetPoor
79402,Equisetum arvense,ForestWetPoor
79403,Equisetum arvense,ForestWetPoor
79404,Equisetum arvense,ForestWetPoor
79944,Equisetum arvense,ForestWetPoor
79945,Equisetum arvense,ForestWetPoor
79946,Equisetum arvense,ForestWetPoor
79947,Equisetum arvense,ForestWetPoor
79948,Equisetum arvense,ForestWetPoor
79949,Equisetum arvense,ForestWetPoor
79950,Equisetum arvense,ForestWetPoor
79951,Equisetum arvense,ForestWetPoor
79952,Equisetum arvense,ForestWetPoor
79953,Equisetum arvense,ForestWetPoor
79954,Equisetum arvense,ForestWetPoor
79955,Equisetum arvense,ForestWetPoor
79956,Equisetum arvense,ForestWetPoor
79957,Equisetum arvense,ForestWetPoor
79958,Equisetum arvense,ForestWetPoor
79959,Equisetum arvense,ForestWetPoor
79960,Equisetum arvense,ForestWetPoor
79961,Equisetum arvense,ForestWetPoor
79962,Equisetum arvense,ForestWetPoor
79963,Equisetum arvense,ForestWetPoor
79964,Equisetum arvense,ForestWetPoor
79965,Equisetum arvense,ForestWetPoor
79966,Equisetum arvense,ForestWetPoor
79967,Equisetum arvense,ForestWetPoor
79968,Equisetum arvense,ForestWetPoor
79969,Equisetum arvense,ForestWetPoor
79970,Equisetum arvense,ForestWetPoor
79971,Equisetum arvense,ForestWetPoor
79972,Equisetum arvense,ForestWetPoor
79973,Equisetum arvense,ForestWetPoor
79974,Equisetum arvense,ForestWetPoor
79975,Equisetum arvense,ForestWetPoor
79976,Equisetum arvense,ForestWetPoor
79977,Equisetum arvense,ForestWetPoor
79978,Equisetum arvense,ForestWetPoor
79979,Equisetum arvense,ForestWetPoor
79980,Equisetum arvense,ForestWetPoor
79981,Equisetum arvense,ForestWetPoor
79982,Equisetum arvense,ForestWetPoor
79983,Equisetum arvense,ForestWetPoor
79984,Equisetum arvense,ForestWetPoor
79985,Equisetum arvense,ForestWetPoor
79986,Equisetum arvense,ForestWetPoor
79987,Equisetum arvense,ForestWetPoor
79988,Equisetum arvense,ForestWetPoor
79989,Equisetum arvense,ForestWetPoor
79990,Equisetum arvense,ForestWetPoor
79991,Equisetum arvense,ForestWetPoor
79992,Equisetum arvense,ForestWetPoor
79993,Equisetum arvense,ForestWetPoor
79994,Equisetum arvense,ForestWetPoor
79995,Equisetum arvense,ForestWetPoor
79996,Equisetum arvense,ForestWetPoor
79997,Equisetum arvense,ForestWetPoor
79998,Equisetum arvense,ForestWetPoor
79999,Equisetum arvense,ForestWetPoor
80000,Equisetum arvense,ForestWetPoor
80001,Equisetum arvense,ForestWetPoor
80002,Equisetum arvense,ForestWetPoor
80003,Equisetum arvense,ForestWetPoor
80543,Equisetum arvense,ForestWetPoor
80544,Equisetum arvense,ForestWetPoor
80545,Equisetum arvense,ForestWetPoor
80546,Equisetum arvense,ForestWetPoor
80547,Equisetum arvense,ForestWetPoor
80548,Equisetum arvense,ForestWetPoor
80549,Equisetum arvense,ForestWetPoor
80550,Equisetum arvense,ForestWetPoor
80551,Equisetum arvense,ForestWetPoor
80552,Equisetum arvense,ForestWetPoor
80553,Equisetum arvense,ForestWetPoor
80554,Equisetum arvense,ForestWetPoor
80555,Equisetum arvense,ForestWetPoor
80556,Equisetum arvense,ForestWetPoor
80557,Equisetum arvense,ForestWetPoor
80558,Equisetum arvense,ForestWetPoor
80559,Equisetum arvense,ForestWetPoor
80560,Equisetum arvense,ForestWetPoor
80561,Equisetum arvense,ForestWetPoor
80562,Equisetum arvense,ForestWetPoor
80563,Equisetum arvense,ForestWetPoor
80564,Equisetum arvense,ForestWetPoor
80565,Equisetum arvense,ForestWetPoor
80566,Equisetum arvense,ForestWetPoor
80567,Equisetum arvense,ForestWetPoor
80568,Equisetum arvense,ForestWetPoor
80569,Equisetum arvense,ForestWetPoor
80570,Equisetum arvense,ForestWetPoor
80571,Equisetum arvense,ForestWetPoor
80572,Equisetum arvense,ForestWetPoor
80573,Equisetum arvense,ForestWetPoor
80574,Equisetum arvense,ForestWetPoor
80575,Equisetum arvense,ForestWetPoor
80576,Equisetum arvense,ForestWetPoor
80577,Equisetum arvense,ForestWetPoor
80578,Equisetum arvense,ForestWetPoor
80579,Equisetum arvense,ForestWetPoor
80580,Equisetum arvense,ForestWetPoor
80581,Equisetum arvense,ForestWetPoor
80582,Equisetum arvense,ForestWetPoor
80583,Equisetum arvense,ForestWetPoor
80584,Equisetum arvense,ForestWetPoor
80585,Equisetum arvense,ForestWetPoor
80586,Equisetum arvense,ForestWetPoor
80587,Equisetum arvense,ForestWetPoor
80588,Equisetum arvense,ForestWetPoor
80589,Equisetum arvense,ForestWetPoor
80590,Equisetum arvense,ForestWetPoor
80591,Equisetum arvense,ForestWetPoor
80592,Equisetum arvense,ForestWetPoor
80593,Equisetum arvense,ForestWetPoor
80594,Equisetum arvense,ForestWetPoor
80595,Equisetum arvense,ForestWetPoor
80596,Equisetum arvense,ForestWetPoor
80597,Equisetum arvense,ForestWetPoor
80598,Equisetum arvense,ForestWetPoor
80599,Equisetum arvense,ForestWetPoor
80600,Equisetum arvense,ForestWetPoor
80601,Equisetum arvense,ForestWetPoor
80602,Equisetum arvense,ForestWetPoor
81142,Equisetum arvense,ForestWetPoor
81143,Equisetum arvense,ForestWetPoor
81144,Equisetum arvense,ForestWetPoor
81145,Equisetum arvense,ForestWetPoor
81146,Equisetum arvense,ForestWetPoor
81147,Equisetum arvense,ForestWetPoor
81148,Equisetum arvense,ForestWetPoor
81149,Equisetum arvense,ForestWetPoor
81150,Equisetum arvense,ForestWetPoor
81151,Equisetum arvense,ForestWetPoor
81152,Equisetum arvense,ForestWetPoor
81153,Equisetum arvense,ForestWetPoor
81154,Equisetum arvense,ForestWetPoor
81155,Equisetum arvense,ForestWetPoor
81156,Equisetum arvense,ForestWetPoor
81157,Equisetum arvense,ForestWetPoor
81158,Equisetum arvense,ForestWetPoor
81159,Equisetum arvense,ForestWetPoor
81160,Equisetum arvense,ForestWetPoor
81161,Equisetum arvense,ForestWetPoor
81162,Equisetum arvense,ForestWetPoor
81163,Equisetum arvense,ForestWetPoor
81164,Equisetum arvense,ForestWetPoor
81165,Equisetum arvense,ForestWetPoor
81166,Equisetum arvense,ForestWetPoor
81167,Equisetum arvense,ForestWetPoor
81168,Equisetum arvense,ForestWetPoor
81169,Equisetum arvense,ForestWetPoor
81170,Equisetum arvense,ForestWetPoor
81171,Equisetum arvense,ForestWetPoor
81172,Equisetum arvense,ForestWetPoor
81173,Equisetum arvense,ForestWetPoor
81174,Equisetum arvense,ForestWetPoor
81175,Equisetum arvense,ForestWetPoor
81176,Equisetum arvense,ForestWetPoor
81177,Equisetum arvense,ForestWetPoor
81178,Equisetum arvense,ForestWetPoor
81179,Equisetum arvense,ForestWetPoor
81180,Equisetum arvense,ForestWetPoor
81181,Equisetum arvense,ForestWetPoor
81182,Equisetum arvense,ForestWetPoor
81183,Equisetum arvense,ForestWetPoor
81184,Equisetum arvense,ForestWetPoor
81185,Equisetum arvense,ForestWetPoor
81186,Equisetum arvense,ForestWetPoor
81187,Equisetum arvense,ForestWetPoor
81188,Equisetum arvense,ForestWetPoor
81189,Equisetum arvense,ForestWetPoor
81190,Equisetum arvense,ForestWetPoor
81191,Equisetum arvense,ForestWetPoor
81192,Equisetum arvense,ForestWetPoor
81193,Equisetum arvense,ForestWetPoor
81194,Equisetum arvense,ForestWetPoor
81195,Equisetum arvense,ForestWetPoor
81196,Equisetum arvense,ForestWetPoor
81197,Equisetum arvense,ForestWetPoor
81198,Equisetum arvense,ForestWetPoor
81199,Equisetum arvense,ForestWetPoor
81200,Equisetum arvense,ForestWetPoor
81201,Equisetum arvense,ForestWetPoor
81741,Equisetum arvense,ForestWetPoor
81742,Equisetum arvense,ForestWetPoor
81743,Equisetum arvense,ForestWetPoor
81744,Equisetum arvense,ForestWetPoor
81745,Equisetum arvense,ForestWetPoor
81746,Equisetum arvense,ForestWetPoor
81747,Equisetum arvense,ForestWetPoor
81748,Equisetum arvense,ForestWetPoor
81749,Equisetum arvense,ForestWetPoor
81750,Equisetum arvense,ForestWetPoor
81751,Equisetum arvense,ForestWetPoor
81752,Equisetum arvense,ForestWetPoor
81753,Equisetum arvense,ForestWetPoor
81754,Equisetum arvense,ForestWetPoor
81755,Equisetum arvense,ForestWetPoor
81756,Equisetum arvense,ForestWetPoor
81757,Equisetum arvense,ForestWetPoor
81758,Equisetum arvense,ForestWetPoor
81759,Equisetum arvense,ForestWetPoor
81760,Equisetum arvense,ForestWetPoor
81761,Equisetum arvense,ForestWetPoor
81762,Equisetum arvense,ForestWetPoor
81763,Equisetum arvense,ForestWetPoor
81764,Equisetum arvense,ForestWetPoor
81765,Equisetum arvense,ForestWetPoor
81766,Equisetum arvense,ForestWetPoor
81767,Equisetum arvense,ForestWetPoor
81768,Equisetum arvense,ForestWetPoor
81769,Equisetum arvense,ForestWetPoor
81770,Equisetum arvense,ForestWetPoor
81771,Equisetum arvense,ForestWetPoor
81772,Equisetum arvense,ForestWetPoor
81773,Equisetum arvense,ForestWetPoor
81774,Equisetum arvense,ForestWetPoor
81775,Equisetum arvense,ForestWetPoor
81776,Equisetum arvense,ForestWetPoor
81777,Equisetum arvense,ForestWetPoor
81778,Equisetum arvense,ForestWetPoor
81779,Equisetum arvense,ForestWetPoor
81780,Equisetum arvense,ForestWetPoor
81781,Equisetum arvense,ForestWetPoor
81782,Equisetum arvense,ForestWetPoor
81783,Equisetum arvense,ForestWetPoor
81784,Equisetum arvense,ForestWetPoor
81785,Equisetum arvense,ForestWetPoor
81786,Equisetum arvense,ForestWetPoor
81787,Equisetum arvense,ForestWetPoor
81788,Equisetum arvense,ForestWetPoor
81789,Equisetum arvense,ForestWetPoor
81790,Equisetum arvense,ForestWetPoor
81791,Equisetum arvense,ForestWetPoor
81792,Equisetum arvense,ForestWetPoor
81793,Equisetum arvense,ForestWetPoor
81794,Equisetum arvense,ForestWetPoor
81795,Equisetum arvense,ForestWetPoor
81796,Equisetum arvense,ForestWetPoor
81797,Equisetum arvense,ForestWetPoor
81798,Equisetum arvense,ForestWetPoor
81799,Equisetum arvense,ForestWetPoor
81800,Equisetum arvense,ForestWetPoor
82340,Equisetum arvense,ForestWetPoor
82341,Equisetum arvense,ForestWetPoor
82342,Equisetum arvense,ForestWetPoor
82343,Equisetum arvense,ForestWetPoor
82344,Equisetum arvense,ForestWetPoor
82345,Equisetum arvense,ForestWetPoor
82346,Equisetum arvense,ForestWetPoor
82347,Equisetum arvense,ForestWetPoor
82348,Equisetum arvense,ForestWetPoor
82349,Equisetum arvense,ForestWetPoor
82350,Equisetum arvense,ForestWetPoor
82351,Equisetum arvense,ForestWetPoor
82352,Equisetum arvense,ForestWetPoor
82353,Equisetum arvense,ForestWetPoor
82354,Equisetum arvense,ForestWetPoor
82355,Equisetum arvense,ForestWetPoor
82356,Equisetum arvense,ForestWetPoor
82357,Equisetum arvense,ForestWetPoor
82358,Equisetum arvense,ForestWetPoor
82359,Equisetum arvense,ForestWetPoor
82360,Equisetum arvense,ForestWetPoor
82361,Equisetum arvense,ForestWetPoor
82362,Equisetum arvense,ForestWetPoor
82363,Equisetum arvense,ForestWetPoor
82364,Equisetum arvense,ForestWetPoor
82365,Equisetum arvense,ForestWetPoor
82366,Equisetum arvense,ForestWetPoor
82367,Equisetum arvense,ForestWetPoor
82368,Equisetum arvense,ForestWetPoor
82369,Equisetum arvense,ForestWetPoor
82370,Equisetum arvense,ForestWetPoor
82371,Equisetum arvense,ForestWetPoor
82372,Equisetum arvense,ForestWetPoor
82373,Equisetum arvense,ForestWetPoor
82374,Equisetum arvense,ForestWetPoor
82375,Equisetum arvense,ForestWetPoor
82376,Equisetum arvense,ForestWetPoor
82377,Equisetum arvense,ForestWetPoor
82378,Equisetum arvense,ForestWetPoor
82379,Equisetum arvense,ForestWetPoor
82380,Equisetum arvense,ForestWetPoor
82381,Equisetum arvense,ForestWetPoor
82382,Equisetum arvense,ForestWetPoor
82383,Equisetum arvense,ForestWetPoor
82384,Equisetum arvense,ForestWetPoor
82385,Equisetum arvense,ForestWetPoor
82386,Equisetum arvense,ForestWetPoor
82387,Equisetum arvense,ForestWetPoor
82388,Equisetum arvense,ForestWetPoor
82389,Equisetum arvense,ForestWetPoor
82390,Equisetum arvense,ForestWetPoor
82391,Equisetum arvense,ForestWetPoor
82392,Equisetum arvense,ForestWetPoor
82393,Equisetum arvense,ForestWetPoor
82394,Equisetum arvense,ForestWetPoor
82395,Equisetum arvense,ForestWetPoor
82396,Equisetum arvense,ForestWetPoor
82397,Equisetum arvense,ForestWetPoor
82398,Equisetum arvense,ForestWetPoor
82399,Equisetum arvense,ForestWetPoor
82939,Equisetum arvense,ForestWetPoor
82940,Equisetum arvense,ForestWetPoor
82941,Equisetum arvense,ForestWetPoor
82942,Equisetum arvense,ForestWetPoor
82943,Equisetum arvense,ForestWetPoor
82944,Equisetum arvense,ForestWetPoor
82945,Equisetum arvense,ForestWetPoor
82946,Equisetum arvense,ForestWetPoor
82947,Equisetum arvense,ForestWetPoor
82948,Equisetum arvense,ForestWetPoor
82949,Equisetum arvense,ForestWetPoor
82950,Equisetum arvense,ForestWetPoor
82951,Equisetum arvense,ForestWetPoor
82952,Equisetum arvense,ForestWetPoor
82953,Equisetum arvense,ForestWetPoor
82954,Equisetum arvense,ForestWetPoor
82955,Equisetum arvense,ForestWetPoor
82956,Equisetum arvense,ForestWetPoor
82957,Equisetum arvense,ForestWetPoor
82958,Equisetum arvense,ForestWetPoor
82959,Equisetum arvense,ForestWetPoor
82960,Equisetum arvense,ForestWetPoor
82961,Equisetum arvense,ForestWetPoor
82962,Equisetum arvense,ForestWetPoor
82963,Equisetum arvense,ForestWetPoor
82964,Equisetum arvense,ForestWetPoor
82965,Equisetum arvense,ForestWetPoor
82966,Equisetum arvense,ForestWetPoor
82967,Equisetum arvense,ForestWetPoor
82968,Equisetum arvense,ForestWetPoor
82969,Equisetum arvense,ForestWetPoor
82970,Equisetum arvense,ForestWetPoor
82971,Equisetum arvense,ForestWetPoor
82972,Equisetum arvense,ForestWetPoor
82973,Equisetum arvense,ForestWetPoor
82974,Equisetum arvense,ForestWetPoor
82975,Equisetum arvense,ForestWetPoor
82976,Equisetum arvense,ForestWetPoor
82977,Equisetum arvense,ForestWetPoor
82978,Equisetum arvense,ForestWetPoor
82979,Equisetum arvense,ForestWetPoor
82980,Equisetum arvense,ForestWetPoor
82981,Equisetum arvense,ForestWetPoor
82982,Equisetum arvense,ForestWetPoor
82983,Equisetum arvense,ForestWetPoor
82984,Equisetum arvense,ForestWetPoor
82985,Equisetum arvense,ForestWetPoor
82986,Equisetum arvense,ForestWetPoor
82987,Equisetum arvense,ForestWetPoor
82988,Equisetum arvense,ForestWetPoor
82989,Equisetum arvense,ForestWetPoor
82990,Equisetum arvense,ForestWetPoor
82991,Equisetum arvense,ForestWetPoor
82992,Equisetum arvense,ForestWetPoor
82993,Equisetum arvense,ForestWetPoor
82994,Equisetum arvense,ForestWetPoor
82995,Equisetum arvense,ForestWetPoor
82996,Equisetum arvense,ForestWetPoor
82997,Equisetum arvense,ForestWetPoor
82998,Equisetum arvense,ForestWetPoor
83538,Equisetum arvense,ForestWetPoor
83539,Equisetum arvense,ForestWetPoor
83540,Equisetum arvense,ForestWetPoor
83541,Equisetum arvense,ForestWetPoor
83542,Equisetum arvense,ForestWetPoor
83543,Equisetum arvense,ForestWetPoor
83544,Equisetum arvense,ForestWetPoor
83545,Equisetum arvense,ForestWetPoor
83546,Equisetum arvense,ForestWetPoor
83547,Equisetum arvense,ForestWetPoor
83548,Equisetum arvense,ForestWetPoor
83549,Equisetum arvense,ForestWetPoor
83550,Equisetum arvense,ForestWetPoor
83551,Equisetum arvense,ForestWetPoor
83552,Equisetum arvense,ForestWetPoor
83553,Equisetum arvense,ForestWetPoor
83554,Equisetum arvense,ForestWetPoor
83555,Equisetum arvense,ForestWetPoor
83556,Equisetum arvense,ForestWetPoor
83557,Equisetum arvense,ForestWetPoor
83558,Equisetum arvense,ForestWetPoor
83559,Equisetum arvense,ForestWetPoor
83560,Equisetum arvense,ForestWetPoor
83561,Equisetum arvense,ForestWetPoor
83562,Equisetum arvense,ForestWetPoor
83563,Equisetum arvense,ForestWetPoor
83564,Equisetum arvense,ForestWetPoor
83565,Equisetum arvense,ForestWetPoor
83566,Equisetum arvense,ForestWetPoor
83567,Equisetum arvense,ForestWetPoor
83568,Equisetum arvense,ForestWetPoor
83569,Equisetum arvense,ForestWetPoor
83570,Equisetum arvense,ForestWetPoor
83571,Equisetum arvense,ForestWetPoor
83572,Equisetum arvense,ForestWetPoor
83573,Equisetum arvense,ForestWetPoor
83574,Equisetum arvense,ForestWetPoor
83575,Equisetum arvense,ForestWetPoor
83576,Equisetum arvense,ForestWetPoor
83577,Equisetum arvense,ForestWetPoor
83578,Equisetum arvense,ForestWetPoor
83579,Equisetum arvense,ForestWetPoor
83580,Equisetum arvense,ForestWetPoor
83581,Equisetum arvense,ForestWetPoor
83582,Equisetum arvense,ForestWetPoor
83583,Equisetum arvense,ForestWetPoor
83584,Equisetum arvense,ForestWetPoor
83585,Equisetum arvense,ForestWetPoor
83586,Equisetum arvense,ForestWetPoor
83587,Equisetum arvense,ForestWetPoor
83588,Equisetum arvense,ForestWetPoor
83589,Equisetum arvense,ForestWetPoor
83590,Equisetum arvense,ForestWetPoor
83591,Equisetum arvense,ForestWetPoor
83592,Equisetum arvense,ForestWetPoor
83593,Equisetum arvense,ForestWetPoor
83594,Equisetum arvense,ForestWetPoor
83595,Equisetum arvense,ForestWetPoor
83596,Equisetum arvense,ForestWetPoor
83597,Equisetum arvense,ForestWetPoor
84137,Equisetum arvense,ForestWetPoor
84138,Equisetum arvense,ForestWetPoor
84139,Equisetum arvense,ForestWetPoor
84140,Equisetum arvense,ForestWetPoor
84141,Equisetum arvense,ForestWetPoor
84142,Equisetum arvense,ForestWetPoor
84143,Equisetum arvense,ForestWetPoor
84144,Equisetum arvense,ForestWetPoor
84145,Equisetum arvense,ForestWetPoor
84146,Equisetum arvense,ForestWetPoor
84147,Equisetum arvense,ForestWetPoor
84148,Equisetum arvense,ForestWetPoor
84149,Equisetum arvense,ForestWetPoor
84150,Equisetum arvense,ForestWetPoor
84151,Equisetum arvense,ForestWetPoor
84152,Equisetum arvense,ForestWetPoor
84153,Equisetum arvense,ForestWetPoor
84154,Equisetum arvense,ForestWetPoor
84155,Equisetum arvense,ForestWetPoor
84156,Equisetum arvense,ForestWetPoor
84157,Equisetum arvense,ForestWetPoor
84158,Equisetum arvense,ForestWetPoor
84159,Equisetum arvense,ForestWetPoor
84160,Equisetum arvense,ForestWetPoor
84161,Equisetum arvense,ForestWetPoor
84162,Equisetum arvense,ForestWetPoor
84163,Equisetum arvense,ForestWetPoor
84164,Equisetum arvense,ForestWetPoor
84165,Equisetum arvense,ForestWetPoor
84166,Equisetum arvense,ForestWetPoor
84167,Equisetum arvense,ForestWetPoor
84168,Equisetum arvense,ForestWetPoor
84169,Equisetum arvense,ForestWetPoor
84170,Equisetum arvense,ForestWetPoor
84171,Equisetum arvense,ForestWetPoor
84172,Equisetum arvense,ForestWetPoor
84173,Equisetum arvense,ForestWetPoor
84174,Equisetum arvense,ForestWetPoor
84175,Equisetum arvense,ForestWetPoor
84176,Equisetum arvense,ForestWetPoor
84177,Equisetum arvense,ForestWetPoor
84178,Equisetum arvense,ForestWetPoor
84179,Equisetum arvense,ForestWetPoor
84180,Equisetum arvense,ForestWetPoor
84181,Equisetum arvense,ForestWetPoor
84182,Equisetum arvense,ForestWetPoor
84183,Equisetum arvense,ForestWetPoor
84184,Equisetum arvense,ForestWetPoor
84185,Equisetum arvense,ForestWetPoor
84186,Equisetum arvense,ForestWetPoor
84187,Equisetum arvense,ForestWetPoor
84188,Equisetum arvense,ForestWetPoor
84189,Equisetum arvense,ForestWetPoor
84190,Equisetum arvense,ForestWetPoor
84191,Equisetum arvense,ForestWetPoor
84192,Equisetum arvense,ForestWetPoor
84193,Equisetum arvense,ForestWetPoor
84194,Equisetum arvense,ForestWetPoor
84195,Equisetum arvense,ForestWetPoor
84196,Equisetum arvense,ForestWetPoor
84736,Equisetum arvense,ForestWetPoor
84737,Equisetum arvense,ForestWetPoor
84738,Equisetum arvense,ForestWetPoor
84739,Equisetum arvense,ForestWetPoor
84740,Equisetum arvense,ForestWetPoor
84741,Equisetum arvense,ForestWetPoor
84742,Equisetum arvense,ForestWetPoor
84743,Equisetum arvense,ForestWetPoor
84744,Equisetum arvense,ForestWetPoor
84745,Equisetum arvense,ForestWetPoor
84746,Equisetum arvense,ForestWetPoor
84747,Equisetum arvense,ForestWetPoor
84748,Equisetum arvense,ForestWetPoor
84749,Equisetum arvense,ForestWetPoor
84750,Equisetum arvense,ForestWetPoor
84751,Equisetum arvense,ForestWetPoor
84752,Equisetum arvense,ForestWetPoor
84753,Equisetum arvense,ForestWetPoor
84754,Equisetum arvense,ForestWetPoor
84755,Equisetum arvense,ForestWetPoor
84756,Equisetum arvense,ForestWetPoor
84757,Equisetum arvense,ForestWetPoor
84758,Equisetum arvense,ForestWetPoor
84759,Equisetum arvense,ForestWetPoor
84760,Equisetum arvense,ForestWetPoor
84761,Equisetum arvense,ForestWetPoor
84762,Equisetum arvense,ForestWetPoor
84763,Equisetum arvense,ForestWetPoor
84764,Equisetum arvense,ForestWetPoor
84765,Equisetum arvense,ForestWetPoor
84766,Equisetum arvense,ForestWetPoor
84767,Equisetum arvense,ForestWetPoor
84768,Equisetum arvense,ForestWetPoor
84769,Equisetum arvense,ForestWetPoor
84770,Equisetum arvense,ForestWetPoor
84771,Equisetum arvense,ForestWetPoor
84772,Equisetum arvense,ForestWetPoor
84773,Equisetum arvense,ForestWetPoor
84774,Equisetum arvense,ForestWetPoor
84775,Equisetum arvense,ForestWetPoor
84776,Equisetum arvense,ForestWetPoor
84777,Equisetum arvense,ForestWetPoor
84778,Equisetum arvense,ForestWetPoor
84779,Equisetum arvense,ForestWetPoor
84780,Equisetum arvense,ForestWetPoor
84781,Equisetum arvense,ForestWetPoor
84782,Equisetum arvense,ForestWetPoor
84783,Equisetum arvense,ForestWetPoor
84784,Equisetum arvense,ForestWetPoor
84785,Equisetum arvense,ForestWetPoor
84786,Equisetum arvense,ForestWetPoor
84787,Equisetum arvense,ForestWetPoor
84788,Equisetum arvense,ForestWetPoor
84789,Equisetum arvense,ForestWetPoor
84790,Equisetum arvense,ForestWetPoor
84791,Equisetum arvense,ForestWetPoor
84792,Equisetum arvense,ForestWetPoor
84793,Equisetum arvense,ForestWetPoor
84794,Equisetum arvense,ForestWetPoor
84795,Equisetum arvense,ForestWetPoor
85335,Equisetum arvense,ForestWetPoor
85336,Equisetum arvense,ForestWetPoor
85337,Equisetum arvense,ForestWetPoor
85338,Equisetum arvense,ForestWetPoor
85339,Equisetum arvense,ForestWetPoor
85340,Equisetum arvense,ForestWetPoor
85341,Equisetum arvense,ForestWetPoor
85342,Equisetum arvense,ForestWetPoor
85343,Equisetum arvense,ForestWetPoor
85344,Equisetum arvense,ForestWetPoor
85345,Equisetum arvense,ForestWetPoor
85346,Equisetum arvense,ForestWetPoor
85347,Equisetum arvense,ForestWetPoor
85348,Equisetum arvense,ForestWetPoor
85349,Equisetum arvense,ForestWetPoor
85350,Equisetum arvense,ForestWetPoor
85351,Equisetum arvense,ForestWetPoor
85352,Equisetum arvense,ForestWetPoor
85353,Equisetum arvense,ForestWetPoor
85354,Equisetum arvense,ForestWetPoor
85355,Equisetum arvense,ForestWetPoor
85356,Equisetum arvense,ForestWetPoor
85357,Equisetum arvense,ForestWetPoor
85358,Equisetum arvense,ForestWetPoor
85359,Equisetum arvense,ForestWetPoor
85360,Equisetum arvense,ForestWetPoor
85361,Equisetum arvense,ForestWetPoor
85362,Equisetum arvense,ForestWetPoor
85363,Equisetum arvense,ForestWetPoor
85364,Equisetum arvense,ForestWetPoor
85365,Equisetum arvense,ForestWetPoor
85366,Equisetum arvense,ForestWetPoor
85367,Equisetum arvense,ForestWetPoor
85368,Equisetum arvense,ForestWetPoor
85369,Equisetum arvense,ForestWetPoor
85370,Equisetum arvense,ForestWetPoor
85371,Equisetum arvense,ForestWetPoor
85372,Equisetum arvense,ForestWetPoor
85373,Equisetum arvense,ForestWetPoor
85374,Equisetum arvense,ForestWetPoor
85375,Equisetum arvense,ForestWetPoor
85376,Equisetum arvense,ForestWetPoor
85377,Equisetum arvense,ForestWetPoor
85378,Equisetum arvense,ForestWetPoor
85379,Equisetum arvense,ForestWetPoor
85380,Equisetum arvense,ForestWetPoor
85381,Equisetum arvense,ForestWetPoor
85382,Equisetum arvense,ForestWetPoor
85383,Equisetum arvense,ForestWetPoor
85384,Equisetum arvense,ForestWetPoor
85385,Equisetum arvense,ForestWetPoor
85386,Equisetum arvense,ForestWetPoor
85387,Equisetum arvense,ForestWetPoor
85388,Equisetum arvense,ForestWetPoor
85389,Equisetum arvense,ForestWetPoor
85390,Equisetum arvense,ForestWetPoor
85391,Equisetum arvense,ForestWetPoor
85392,Equisetum arvense,ForestWetPoor
85393,Equisetum arvense,ForestWetPoor
85394,Equisetum arvense,ForestWetPoor
85934,Equisetum arvense,ForestWetPoor
85935,Equisetum arvense,ForestWetPoor
85936,Equisetum arvense,ForestWetPoor
85937,Equisetum arvense,ForestWetPoor
85938,Equisetum arvense,ForestWetPoor
85939,Equisetum arvense,ForestWetPoor
85940,Equisetum arvense,ForestWetPoor
85941,Equisetum arvense,ForestWetPoor
85942,Equisetum arvense,ForestWetPoor
85943,Equisetum arvense,ForestWetPoor
85944,Equisetum arvense,ForestWetPoor
85945,Equisetum arvense,ForestWetPoor
85946,Equisetum arvense,ForestWetPoor
85947,Equisetum arvense,ForestWetPoor
85948,Equisetum arvense,ForestWetPoor
85949,Equisetum arvense,ForestWetPoor
85950,Equisetum arvense,ForestWetPoor
85951,Equisetum arvense,ForestWetPoor
85952,Equisetum arvense,ForestWetPoor
85953,Equisetum arvense,ForestWetPoor
85954,Equisetum arvense,ForestWetPoor
85955,Equisetum arvense,ForestWetPoor
85956,Equisetum arvense,ForestWetPoor
85957,Equisetum arvense,ForestWetPoor
85958,Equisetum arvense,ForestWetPoor
85959,Equisetum arvense,ForestWetPoor
85960,Equisetum arvense,ForestWetPoor
85961,Equisetum arvense,ForestWetPoor
85962,Equisetum arvense,ForestWetPoor
85963,Equisetum arvense,ForestWetPoor
85964,Equisetum arvense,ForestWetPoor
85965,Equisetum arvense,ForestWetPoor
85966,Equisetum arvense,ForestWetPoor
85967,Equisetum arvense,ForestWetPoor
85968,Equisetum arvense,ForestWetPoor
85969,Equisetum arvense,ForestWetPoor
85970,Equisetum arvense,ForestWetPoor
85971,Equisetum arvense,ForestWetPoor
85972,Equisetum arvense,ForestWetPoor
85973,Equisetum arvense,ForestWetPoor
85974,Equisetum arvense,ForestWetPoor
85975,Equisetum arvense,ForestWetPoor
85976,Equisetum arvense,ForestWetPoor
85977,Equisetum arvense,ForestWetPoor
85978,Equisetum arvense,ForestWetPoor
85979,Equisetum arvense,ForestWetPoor
85980,Equisetum arvense,ForestWetPoor
85981,Equisetum arvense,ForestWetPoor
85982,Equisetum arvense,ForestWetPoor
85983,Equisetum arvense,ForestWetPoor
85984,Equisetum arvense,ForestWetPoor
85985,Equisetum arvense,ForestWetPoor
85986,Equisetum arvense,ForestWetPoor
85987,Equisetum arvense,ForestWetPoor
85988,Equisetum arvense,ForestWetPoor
85989,Equisetum arvense,ForestWetPoor
85990,Equisetum arvense,ForestWetPoor
85991,Equisetum arvense,ForestWetPoor
85992,Equisetum arvense,ForestWetPoor
85993,Equisetum arvense,ForestWetPoor
86533,Equisetum arvense,ForestWetPoor
86534,Equisetum arvense,ForestWetPoor
86535,Equisetum arvense,ForestWetPoor
86536,Equisetum arvense,ForestWetPoor
86537,Equisetum arvense,ForestWetPoor
86538,Equisetum arvense,ForestWetPoor
86539,Equisetum arvense,ForestWetPoor
86540,Equisetum arvense,ForestWetPoor
86541,Equisetum arvense,ForestWetPoor
86542,Equisetum arvense,ForestWetPoor
86543,Equisetum arvense,ForestWetPoor
86544,Equisetum arvense,ForestWetPoor
86545,Equisetum arvense,ForestWetPoor
86546,Equisetum arvense,ForestWetPoor
86547,Equisetum arvense,ForestWetPoor
86548,Equisetum arvense,ForestWetPoor
86549,Equisetum arvense,ForestWetPoor
86550,Equisetum arvense,ForestWetPoor
86551,Equisetum arvense,ForestWetPoor
86552,Equisetum arvense,ForestWetPoor
86553,Equisetum arvense,ForestWetPoor
86554,Equisetum arvense,ForestWetPoor
86555,Equisetum arvense,ForestWetPoor
86556,Equisetum arvense,ForestWetPoor
86557,Equisetum arvense,ForestWetPoor
86558,Equisetum arvense,ForestWetPoor
86559,Equisetum arvense,ForestWetPoor
86560,Equisetum arvense,ForestWetPoor
86561,Equisetum arvense,ForestWetPoor
86562,Equisetum arvense,ForestWetPoor
86563,Equisetum arvense,ForestWetPoor
86564,Equisetum arvense,ForestWetPoor
86565,Equisetum arvense,ForestWetPoor
86566,Equisetum arvense,ForestWetPoor
86567,Equisetum arvense,ForestWetPoor
86568,Equisetum arvense,ForestWetPoor
86569,Equisetum arvense,ForestWetPoor
86570,Equisetum arvense,ForestWetPoor
86571,Equisetum arvense,ForestWetPoor
86572,Equisetum arvense,ForestWetPoor
86573,Equisetum arvense,ForestWetPoor
86574,Equisetum arvense,ForestWetPoor
86575,Equisetum arvense,ForestWetPoor
86576,Equisetum arvense,ForestWetPoor
86577,Equisetum arvense,ForestWetPoor
86578,Equisetum arvense,ForestWetPoor
86579,Equisetum arvense,ForestWetPoor
86580,Equisetum arvense,ForestWetPoor
86581,Equisetum arvense,ForestWetPoor
86582,Equisetum arvense,ForestWetPoor
86583,Equisetum arvense,ForestWetPoor
86584,Equisetum arvense,ForestWetPoor
86585,Equisetum arvense,ForestWetPoor
86586,Equisetum arvense,ForestWetPoor
86587,Equisetum arvense,ForestWetPoor
86588,Equisetum arvense,ForestWetPoor
86589,Equisetum arvense,ForestWetPoor
86590,Equisetum arvense,ForestWetPoor
86591,Equisetum arvense,ForestWetPoor
86592,Equisetum arvense,ForestWetPoor
86593,Equisetum arvense,ForestWetPoor
86594,Equisetum arvense,ForestWetPoor
86595,Equisetum arvense,ForestWetPoor
86596,Equisetum arvense,ForestWetPoor
86597,Equisetum arvense,ForestWetPoor
86598,Equisetum arvense,ForestWetPoor
86599,Equisetum arvense,ForestWetPoor
86600,Equisetum arvense,ForestWetPoor
86601,Equisetum arvense,ForestWetPoor
87132,Equisetum arvense,ForestWetPoor
87133,Equisetum arvense,ForestWetPoor
87134,Equisetum arvense,ForestWetPoor
87135,Equisetum arvense,ForestWetPoor
87136,Equisetum arvense,ForestWetPoor
87137,Equisetum arvense,ForestWetPoor
87138,Equisetum arvense,ForestWetPoor
87139,Equisetum arvense,ForestWetPoor
87140,Equisetum arvense,ForestWetPoor
87141,Equisetum arvense,ForestWetPoor
87142,Equisetum arvense,ForestWetPoor
87143,Equisetum arvense,ForestWetPoor
87144,Equisetum arvense,ForestWetPoor
87145,Equisetum arvense,ForestWetPoor
87146,Equisetum arvense,ForestWetPoor
87147,Equisetum arvense,ForestWetPoor
87148,Equisetum arvense,ForestWetPoor
87149,Equisetum arvense,ForestWetPoor
87150,Equisetum arvense,ForestWetPoor
87151,Equisetum arvense,ForestWetPoor
87152,Equisetum arvense,ForestWetPoor
87153,Equisetum arvense,ForestWetPoor
87154,Equisetum arvense,ForestWetPoor
87155,Equisetum arvense,ForestWetPoor
87156,Equisetum arvense,ForestWetPoor
87157,Equisetum arvense,ForestWetPoor
87158,Equisetum arvense,ForestWetPoor
87159,Equisetum arvense,ForestWetPoor
87160,Equisetum arvense,ForestWetPoor
87161,Equisetum arvense,ForestWetPoor
87162,Equisetum arvense,ForestWetPoor
87163,Equisetum arvense,ForestWetPoor
87164,Equisetum arvense,ForestWetPoor
87165,Equisetum arvense,ForestWetPoor
87166,Equisetum arvense,ForestWetPoor
87167,Equisetum arvense,ForestWetPoor
87168,Equisetum arvense,ForestWetPoor
87169,Equisetum arvense,ForestWetPoor
87170,Equisetum arvense,ForestWetPoor
87171,Equisetum arvense,ForestWetPoor
87172,Equisetum arvense,ForestWetPoor
87173,Equisetum arvense,ForestWetPoor
87174,Equisetum arvense,ForestWetPoor
87175,Equisetum arvense,ForestWetPoor
87176,Equisetum arvense,ForestWetPoor
87177,Equisetum arvense,ForestWetPoor
87178,Equisetum arvense,ForestWetPoor
87179,Equisetum arvense,ForestWetPoor
87180,Equisetum arvense,ForestWetPoor
87181,Equisetum arvense,ForestWetPoor
87182,Equisetum arvense,ForestWetPoor
87183,Equisetum arvense,ForestWetPoor
87184,Equisetum arvense,ForestWetPoor
87185,Equisetum arvense,ForestWetPoor
87186,Equisetum arvense,ForestWetPoor
87187,Equisetum arvense,ForestWetPoor
87188,Equisetum arvense,ForestWetPoor
87189,Equisetum arvense,ForestWetPoor
87190,Equisetum arvense,ForestWetPoor
87191,Equisetum arvense,ForestWetPoor
87192,Equisetum arvense,ForestWetPoor
87193,Equisetum arvense,ForestWetPoor
87194,Equisetum arvense,ForestWetPoor
87195,Equisetum arvense,ForestWetPoor
87196,Equisetum arvense,ForestWetPoor
87197,Equisetum arvense,ForestWetPoor
87198,Equisetum arvense,ForestWetPoor
87199,Equisetum arvense,ForestWetPoor
87200,Equisetum arvense,ForestWetPoor
87731,Equisetum arvense,ForestWetPoor
87732,Equisetum arvense,ForestWetPoor
87733,Equisetum arvense,ForestWetPoor
87734,Equisetum arvense,ForestWetPoor
87735,Equisetum arvense,ForestWetPoor
87736,Equisetum arvense,ForestWetPoor
87737,Equisetum arvense,ForestWetPoor
87738,Equisetum arvense,ForestWetPoor
87739,Equisetum arvense,ForestWetPoor
87740,Equisetum arvense,ForestWetPoor
87741,Equisetum arvense,ForestWetPoor
87742,Equisetum arvense,ForestWetPoor
87743,Equisetum arvense,ForestWetPoor
87744,Equisetum arvense,ForestWetPoor
87745,Equisetum arvense,ForestWetPoor
87746,Equisetum arvense,ForestWetPoor
87747,Equisetum arvense,ForestWetPoor
87748,Equisetum arvense,ForestWetPoor
87749,Equisetum arvense,ForestWetPoor
87750,Equisetum arvense,ForestWetPoor
87751,Equisetum arvense,ForestWetPoor
87752,Equisetum arvense,ForestWetPoor
87753,Equisetum arvense,ForestWetPoor
87754,Equisetum arvense,ForestWetPoor
87755,Equisetum arvense,ForestWetPoor
87756,Equisetum arvense,ForestWetPoor
87757,Equisetum arvense,ForestWetPoor
87758,Equisetum arvense,ForestWetPoor
87759,Equisetum arvense,ForestWetPoor
87760,Equisetum arvense,ForestWetPoor
87761,Equisetum arvense,ForestWetPoor
87762,Equisetum arvense,ForestWetPoor
87763,Equisetum arvense,ForestWetPoor
87764,Equisetum arvense,ForestWetPoor
87765,Equisetum arvense,ForestWetPoor
87766,Equisetum arvense,ForestWetPoor
87767,Equisetum arvense,ForestWetPoor
87768,Equisetum arvense,ForestWetPoor
87769,Equisetum arvense,ForestWetPoor
87770,Equisetum arvense,ForestWetPoor
87771,Equisetum arvense,ForestWetPoor
87772,Equisetum arvense,ForestWetPoor
87773,Equisetum arvense,ForestWetPoor
87774,Equisetum arvense,ForestWetPoor
87775,Equisetum arvense,ForestWetPoor
87776,Equisetum arvense,ForestWetPoor
87777,Equisetum arvense,ForestWetPoor
87778,Equisetum arvense,ForestWetPoor
87779,Equisetum arvense,ForestWetPoor
87780,Equisetum arvense,ForestWetPoor
87781,Equisetum arvense,ForestWetPoor
87782,Equisetum arvense,ForestWetPoor
87783,Equisetum arvense,ForestWetPoor
87784,Equisetum arvense,ForestWetPoor
87785,Equisetum arvense,ForestWetPoor
87786,Equisetum arvense,ForestWetPoor
87787,Equisetum arvense,ForestWetPoor
87788,Equisetum arvense,ForestWetPoor
87789,Equisetum arvense,ForestWetPoor
87790,Equisetum arvense,ForestWetPoor
87791,Equisetum arvense,ForestWetPoor
87792,Equisetum arvense,ForestWetPoor
87793,Equisetum arvense,ForestWetPoor
87794,Equisetum arvense,ForestWetPoor
87795,Equisetum arvense,ForestWetPoor
87796,Equisetum arvense,ForestWetPoor
87797,Equisetum arvense,ForestWetPoor
87798,Equisetum arvense,ForestWetPoor
87799,Equisetum arvense,ForestWetPoor
88330,Equisetum arvense,ForestWetPoor
88331,Equisetum arvense,ForestWetPoor
88332,Equisetum arvense,ForestWetPoor
88333,Equisetum arvense,ForestWetPoor
88334,Equisetum arvense,ForestWetPoor
88335,Equisetum arvense,ForestWetPoor
88336,Equisetum arvense,ForestWetPoor
88337,Equisetum arvense,ForestWetPoor
88338,Equisetum arvense,ForestWetPoor
88339,Equisetum arvense,ForestWetPoor
88340,Equisetum arvense,ForestWetPoor
88341,Equisetum arvense,ForestWetPoor
88342,Equisetum arvense,ForestWetPoor
88343,Equisetum arvense,ForestWetPoor
88344,Equisetum arvense,ForestWetPoor
88345,Equisetum arvense,ForestWetPoor
88346,Equisetum arvense,ForestWetPoor
88347,Equisetum arvense,ForestWetPoor
88348,Equisetum arvense,ForestWetPoor
88349,Equisetum arvense,ForestWetPoor
88350,Equisetum arvense,ForestWetPoor
88351,Equisetum arvense,ForestWetPoor
88352,Equisetum arvense,ForestWetPoor
88353,Equisetum arvense,ForestWetPoor
88354,Equisetum arvense,ForestWetPoor
88355,Equisetum arvense,ForestWetPoor
88356,Equisetum arvense,ForestWetPoor
88357,Equisetum arvense,ForestWetPoor
88358,Equisetum arvense,ForestWetPoor
88359,Equisetum arvense,ForestWetPoor
88360,Equisetum arvense,ForestWetPoor
88361,Equisetum arvense,ForestWetPoor
88362,Equisetum arvense,ForestWetPoor
88363,Equisetum arvense,ForestWetPoor
88364,Equisetum arvense,ForestWetPoor
88365,Equisetum arvense,ForestWetPoor
88366,Equisetum arvense,ForestWetPoor
88367,Equisetum arvense,ForestWetPoor
88368,Equisetum arvense,ForestWetPoor
88369,Equisetum arvense,ForestWetPoor
88370,Equisetum arvense,ForestWetPoor
88371,Equisetum arvense,ForestWetPoor
88372,Equisetum arvense,ForestWetPoor
88373,Equisetum arvense,ForestWetPoor
88374,Equisetum arvense,ForestWetPoor
88375,Equisetum arvense,ForestWetPoor
88376,Equisetum arvense,ForestWetPoor
88377,Equisetum arvense,ForestWetPoor
88378,Equisetum arvense,ForestWetPoor
88379,Equisetum arvense,ForestWetPoor
88380,Equisetum arvense,ForestWetPoor
88381,Equisetum arvense,ForestWetPoor
88382,Equisetum arvense,ForestWetPoor
88383,Equisetum arvense,ForestWetPoor
88384,Equisetum arvense,ForestWetPoor
88385,Equisetum arvense,ForestWetPoor
88386,Equisetum arvense,ForestWetPoor
88387,Equisetum arvense,ForestWetPoor
88388,Equisetum arvense,ForestWetPoor
88389,Equisetum arvense,ForestWetPoor
88390,Equisetum arvense,ForestWetPoor
88391,Equisetum arvense,ForestWetPoor
88392,Equisetum arvense,ForestWetPoor
88393,Equisetum arvense,ForestWetPoor
88394,Equisetum arvense,ForestWetPoor
88395,Equisetum arvense,ForestWetPoor
88396,Equisetum arvense,ForestWetPoor
88397,Equisetum arvense,ForestWetPoor
88398,Equisetum arvense,ForestWetPoor
88399,Equisetum arvense,ForestWetPoor
88929,Equisetum arvense,ForestWetPoor
88930,Equisetum arvense,ForestWetPoor
88931,Equisetum arvense,ForestWetPoor
88932,Equisetum arvense,ForestWetPoor
88933,Equisetum arvense,ForestWetPoor
88934,Equisetum arvense,ForestWetPoor
88935,Equisetum arvense,ForestWetPoor
88936,Equisetum arvense,ForestWetPoor
88937,Equisetum arvense,ForestWetPoor
88938,Equisetum arvense,ForestWetPoor
88939,Equisetum arvense,ForestWetPoor
88940,Equisetum arvense,ForestWetPoor
88941,Equisetum arvense,ForestWetPoor
88942,Equisetum arvense,ForestWetPoor
88943,Equisetum arvense,ForestWetPoor
88944,Equisetum arvense,ForestWetPoor
88945,Equisetum arvense,ForestWetPoor
88946,Equisetum arvense,ForestWetPoor
88947,Equisetum arvense,ForestWetPoor
88948,Equisetum arvense,ForestWetPoor
88949,Equisetum arvense,ForestWetPoor
88950,Equisetum arvense,ForestWetPoor
88951,Equisetum arvense,ForestWetPoor
88952,Equisetum arvense,ForestWetPoor
88953,Equisetum arvense,ForestWetPoor
88954,Equisetum arvense,ForestWetPoor
88955,Equisetum arvense,ForestWetPoor
88956,Equisetum arvense,ForestWetPoor
88957,Equisetum arvense,ForestWetPoor
88958,Equisetum arvense,ForestWetPoor
88959,Equisetum arvense,ForestWetPoor
88960,Equisetum arvense,ForestWetPoor
88961,Equisetum arvense,ForestWetPoor
88962,Equisetum arvense,ForestWetPoor
88963,Equisetum arvense,ForestWetPoor
88964,Equisetum arvense,ForestWetPoor
88965,Equisetum arvense,ForestWetPoor
88966,Equisetum arvense,ForestWetPoor
88967,Equisetum arvense,ForestWetPoor
88968,Equisetum arvense,ForestWetPoor
88969,Equisetum arvense,ForestWetPoor
88970,Equisetum arvense,ForestWetPoor
88971,Equisetum arvense,ForestWetPoor
88972,Equisetum arvense,ForestWetPoor
88973,Equisetum arvense,ForestWetPoor
88974,Equisetum arvense,ForestWetPoor
88975,Equisetum arvense,ForestWetPoor
88976,Equisetum arvense,ForestWetPoor
88977,Equisetum arvense,ForestWetPoor
88978,Equisetum arvense,ForestWetPoor
88979,Equisetum arvense,ForestWetPoor
88980,Equisetum arvense,ForestWetPoor
88981,Equisetum arvense,ForestWetPoor
88982,Equisetum arvense,ForestWetPoor
88983,Equisetum arvense,ForestWetPoor
88984,Equisetum arvense,ForestWetPoor
88985,Equisetum arvense,ForestWetPoor
88986,Equisetum arvense,ForestWetPoor
88987,Equisetum arvense,ForestWetPoor
88988,Equisetum arvense,ForestWetPoor
88989,Equisetum arvense,ForestWetPoor
88990,Equisetum arvense,ForestWetPoor
88991,Equisetum arvense,ForestWetPoor
88992,Equisetum arvense,ForestWetPoor
88993,Equisetum arvense,ForestWetPoor
88994,Equisetum arvense,ForestWetPoor
88995,Equisetum arvense,ForestWetPoor
88996,Equisetum arvense,ForestWetPoor
88997,Equisetum arvense,ForestWetPoor
88998,Equisetum arvense,ForestWetPoor
89528,Equisetum arvense,ForestWetPoor
89529,Equisetum arvense,ForestWetPoor
89530,Equisetum arvense,ForestWetPoor
89531,Equisetum arvense,ForestWetPoor
89532,Equisetum arvense,ForestWetPoor
89533,Equisetum arvense,ForestWetPoor
89534,Equisetum arvense,ForestWetPoor
89535,Equisetum arvense,ForestWetPoor
89536,Equisetum arvense,ForestWetPoor
89537,Equisetum arvense,ForestWetPoor
89538,Equisetum arvense,ForestWetPoor
89539,Equisetum arvense,ForestWetPoor
89540,Equisetum arvense,ForestWetPoor
89541,Equisetum arvense,ForestWetPoor
89542,Equisetum arvense,ForestWetPoor
89543,Equisetum arvense,ForestWetPoor
89544,Equisetum arvense,ForestWetPoor
89545,Equisetum arvense,ForestWetPoor
89546,Equisetum arvense,ForestWetPoor
89547,Equisetum arvense,ForestWetPoor
89548,Equisetum arvense,ForestWetPoor
89549,Equisetum arvense,ForestWetPoor
89550,Equisetum arvense,ForestWetPoor
89551,Equisetum arvense,ForestWetPoor
89552,Equisetum arvense,ForestWetPoor
89553,Equisetum arvense,ForestWetPoor
89554,Equisetum arvense,ForestWetPoor
89555,Equisetum arvense,ForestWetPoor
89556,Equisetum arvense,ForestWetPoor
89557,Equisetum arvense,ForestWetPoor
89558,Equisetum arvense,ForestWetPoor
89559,Equisetum arvense,ForestWetPoor
89560,Equisetum arvense,ForestWetPoor
89561,Equisetum arvense,ForestWetPoor
89562,Equisetum arvense,ForestWetPoor
89563,Equisetum arvense,ForestWetPoor
89564,Equisetum arvense,ForestWetPoor
89565,Equisetum arvense,ForestWetPoor
89566,Equisetum arvense,ForestWetPoor
89567,Equisetum arvense,ForestWetPoor
89568,Equisetum arvense,ForestWetPoor
89569,Equisetum arvense,ForestWetPoor
89570,Equisetum arvense,ForestWetPoor
89571,Equisetum arvense,ForestWetPoor
89572,Equisetum arvense,ForestWetPoor
89573,Equisetum arvense,ForestWetPoor
89574,Equisetum arvense,ForestWetPoor
89575,Equisetum arvense,ForestWetPoor
89576,Equisetum arvense,ForestWetPoor
89577,Equisetum arvense,ForestWetPoor
89578,Equisetum arvense,ForestWetPoor
89579,Equisetum arvense,ForestWetPoor
89580,Equisetum arvense,ForestWetPoor
89581,Equisetum arvense,ForestWetPoor
89582,Equisetum arvense,ForestWetPoor
89583,Equisetum arvense,ForestWetPoor
89584,Equisetum arvense,ForestWetPoor
89585,Equisetum arvense,ForestWetPoor
89586,Equisetum arvense,ForestWetPoor
89587,Equisetum arvense,ForestWetPoor
89588,Equisetum arvense,ForestWetPoor
89589,Equisetum arvense,ForestWetPoor
89590,Equisetum arvense,ForestWetPoor
89591,Equisetum arvense,ForestWetPoor
89592,Equisetum arvense,ForestWetPoor
89593,Equisetum arvense,ForestWetPoor
89594,Equisetum arvense,ForestWetPoor
89595,Equisetum arvense,ForestWetPoor
89596,Equisetum arvense,ForestWetPoor
89597,Equisetum arvense,ForestWetPoor
90127,Equisetum arvense,ForestWetPoor
90128,Equisetum arvense,ForestWetPoor
90129,Equisetum arvense,ForestWetPoor
90130,Equisetum arvense,ForestWetPoor
90131,Equisetum arvense,ForestWetPoor
90132,Equisetum arvense,ForestWetPoor
90133,Equisetum arvense,ForestWetPoor
90134,Equisetum arvense,ForestWetPoor
90135,Equisetum arvense,ForestWetPoor
90136,Equisetum arvense,ForestWetPoor
90137,Equisetum arvense,ForestWetPoor
90138,Equisetum arvense,ForestWetPoor
90139,Equisetum arvense,ForestWetPoor
90140,Equisetum arvense,ForestWetPoor
90141,Equisetum arvense,ForestWetPoor
90142,Equisetum arvense,ForestWetPoor
90143,Equisetum arvense,ForestWetPoor
90144,Equisetum arvense,ForestWetPoor
90145,Equisetum arvense,ForestWetPoor
90146,Equisetum arvense,ForestWetPoor
90147,Equisetum arvense,ForestWetPoor
90148,Equisetum arvense,ForestWetPoor
90149,Equisetum arvense,ForestWetPoor
90150,Equisetum arvense,ForestWetPoor
90151,Equisetum arvense,ForestWetPoor
90152,Equisetum arvense,ForestWetPoor
90153,Equisetum arvense,ForestWetPoor
90154,Equisetum arvense,ForestWetPoor
90155,Equisetum arvense,ForestWetPoor
90156,Equisetum arvense,ForestWetPoor
90157,Equisetum arvense,ForestWetPoor
90158,Equisetum arvense,ForestWetPoor
90159,Equisetum arvense,ForestWetPoor
90160,Equisetum arvense,ForestWetPoor
90161,Equisetum arvense,ForestWetPoor
90162,Equisetum arvense,ForestWetPoor
90163,Equisetum arvense,ForestWetPoor
90164,Equisetum arvense,ForestWetPoor
90165,Equisetum arvense,ForestWetPoor
90166,Equisetum arvense,ForestWetPoor
90167,Equisetum arvense,ForestWetPoor
90168,Equisetum arvense,ForestWetPoor
90169,Equisetum arvense,ForestWetPoor
90170,Equisetum arvense,ForestWetPoor
90171,Equisetum arvense,ForestWetPoor
90172,Equisetum arvense,ForestWetPoor
90173,Equisetum arvense,ForestWetPoor
90174,Equisetum arvense,ForestWetPoor
90175,Equisetum arvense,ForestWetPoor
90176,Equisetum arvense,ForestWetPoor
90177,Equisetum arvense,ForestWetPoor
90178,Equisetum arvense,ForestWetPoor
90179,Equisetum arvense,ForestWetPoor
90180,Equisetum arvense,ForestWetPoor
90181,Equisetum arvense,ForestWetPoor
90182,Equisetum arvense,ForestWetPoor
90183,Equisetum arvense,ForestWetPoor
90184,Equisetum arvense,ForestWetPoor
90185,Equisetum arvense,ForestWetPoor
90186,Equisetum arvense,ForestWetPoor
90187,Equisetum arvense,ForestWetPoor
90188,Equisetum arvense,ForestWetPoor
90189,Equisetum arvense,ForestWetPoor
90190,Equisetum arvense,ForestWetPoor
90191,Equisetum arvense,ForestWetPoor
90192,Equisetum arvense,ForestWetPoor
90193,Equisetum arvense,ForestWetPoor
90194,Equisetum arvense,ForestWetPoor
90195,Equisetum arvense,ForestWetPoor
90196,Equisetum arvense,ForestWetPoor
90726,Equisetum arvense,ForestWetPoor
90727,Equisetum arvense,ForestWetPoor
90728,Equisetum arvense,ForestWetPoor
90729,Equisetum arvense,ForestWetPoor
90730,Equisetum arvense,ForestWetPoor
90731,Equisetum arvense,ForestWetPoor
90732,Equisetum arvense,ForestWetPoor
90733,Equisetum arvense,ForestWetPoor
90734,Equisetum arvense,ForestWetPoor
90735,Equisetum arvense,ForestWetPoor
90736,Equisetum arvense,ForestWetPoor
90737,Equisetum arvense,ForestWetPoor
90738,Equisetum arvense,ForestWetPoor
90739,Equisetum arvense,ForestWetPoor
90740,Equisetum arvense,ForestWetPoor
90741,Equisetum arvense,ForestWetPoor
90742,Equisetum arvense,ForestWetPoor
90743,Equisetum arvense,ForestWetPoor
90744,Equisetum arvense,ForestWetPoor
90745,Equisetum arvense,ForestWetPoor
90746,Equisetum arvense,ForestWetPoor
90747,Equisetum arvense,ForestWetPoor
90748,Equisetum arvense,ForestWetPoor
90749,Equisetum arvense,ForestWetPoor
90750,Equisetum arvense,ForestWetPoor
90751,Equisetum arvense,ForestWetPoor
90752,Equisetum arvense,ForestWetPoor
90753,Equisetum arvense,ForestWetPoor
90754,Equisetum arvense,ForestWetPoor
90755,Equisetum arvense,ForestWetPoor
90756,Equisetum arvense,ForestWetPoor
90757,Equisetum arvense,ForestWetPoor
90758,Equisetum arvense,ForestWetPoor
90759,Equisetum arvense,ForestWetPoor
90760,Equisetum arvense,ForestWetPoor
90761,Equisetum arvense,ForestWetPoor
90762,Equisetum arvense,ForestWetPoor
90763,Equisetum arvense,ForestWetPoor
90764,Equisetum arvense,ForestWetPoor
90765,Equisetum arvense,ForestWetPoor
90766,Equisetum arvense,ForestWetPoor
90767,Equisetum arvense,ForestWetPoor
90768,Equisetum arvense,ForestWetPoor
90769,Equisetum arvense,ForestWetPoor
90770,Equisetum arvense,ForestWetPoor
90771,Equisetum arvense,ForestWetPoor
90772,Equisetum arvense,ForestWetPoor
90773,Equisetum arvense,ForestWetPoor
90774,Equisetum arvense,ForestWetPoor
90775,Equisetum arvense,ForestWetPoor
90776,Equisetum arvense,ForestWetPoor
90777,Equisetum arvense,ForestWetPoor
90778,Equisetum arvense,ForestWetPoor
90779,Equisetum arvense,ForestWetPoor
90780,Equisetum arvense,ForestWetPoor
90781,Equisetum arvense,ForestWetPoor
90782,Equisetum arvense,ForestWetPoor
90783,Equisetum arvense,ForestWetPoor
90784,Equisetum arvense,ForestWetPoor
90785,Equisetum arvense,ForestWetPoor
90786,Equisetum arvense,ForestWetPoor
90787,Equisetum arvense,ForestWetPoor
90788,Equisetum arvense,ForestWetPoor
90789,Equisetum arvense,ForestWetPoor
90790,Equisetum arvense,ForestWetPoor
90791,Equisetum arvense,ForestWetPoor
90792,Equisetum arvense,ForestWetPoor
90793,Equisetum arvense,ForestWetPoor
90794,Equisetum arvense,ForestWetPoor
90795,Equisetum arvense,ForestWetPoor
91325,Equisetum arvense,ForestWetPoor
91326,Equisetum arvense,ForestWetPoor
91327,Equisetum arvense,ForestWetPoor
91328,Equisetum arvense,ForestWetPoor
91329,Equisetum arvense,ForestWetPoor
91330,Equisetum arvense,ForestWetPoor
91331,Equisetum arvense,ForestWetPoor
91332,Equisetum arvense,ForestWetPoor
91333,Equisetum arvense,ForestWetPoor
91334,Equisetum arvense,ForestWetPoor
91335,Equisetum arvense,ForestWetPoor
91336,Equisetum arvense,ForestWetPoor
91337,Equisetum arvense,ForestWetPoor
91338,Equisetum arvense,ForestWetPoor
91339,Equisetum arvense,ForestWetPoor
91340,Equisetum arvense,ForestWetPoor
91341,Equisetum arvense,ForestWetPoor
91342,Equisetum arvense,ForestWetPoor
91343,Equisetum arvense,ForestWetPoor
91344,Equisetum arvense,ForestWetPoor
91345,Equisetum arvense,ForestWetPoor
91346,Equisetum arvense,ForestWetPoor
91347,Equisetum arvense,ForestWetPoor
91348,Equisetum arvense,ForestWetPoor
91349,Equisetum arvense,ForestWetPoor
91350,Equisetum arvense,ForestWetPoor
91351,Equisetum arvense,ForestWetPoor
91352,Equisetum arvense,ForestWetPoor
91353,Equisetum arvense,ForestWetPoor
91354,Equisetum arvense,ForestWetPoor
91355,Equisetum arvense,ForestWetPoor
91356,Equisetum arvense,ForestWetPoor
91357,Equisetum arvense,ForestWetPoor
91358,Equisetum arvense,ForestWetPoor
91359,Equisetum arvense,ForestWetPoor
91360,Equisetum arvense,ForestWetPoor
91361,Equisetum arvense,ForestWetPoor
91362,Equisetum arvense,ForestWetPoor
91363,Equisetum arvense,ForestWetPoor
91364,Equisetum arvense,ForestWetPoor
91365,Equisetum arvense,ForestWetPoor
91366,Equisetum arvense,ForestWetPoor
91367,Equisetum arvense,ForestWetPoor
91368,Equisetum arvense,ForestWetPoor
91369,Equisetum arvense,ForestWetPoor
91370,Equisetum arvense,ForestWetPoor
91371,Equisetum arvense,ForestWetPoor
91372,Equisetum arvense,ForestWetPoor
91373,Equisetum arvense,ForestWetPoor
91374,Equisetum arvense,ForestWetPoor
91375,Equisetum arvense,ForestWetPoor
91376,Equisetum arvense,ForestWetPoor
91377,Equisetum arvense,ForestWetPoor
91378,Equisetum arvense,ForestWetPoor
91379,Equisetum arvense,ForestWetPoor
91380,Equisetum arvense,ForestWetPoor
91381,Equisetum arvense,ForestWetPoor
91382,Equisetum arvense,ForestWetPoor
91383,Equisetum arvense,ForestWetPoor
91384,Equisetum arvense,ForestWetPoor
91385,Equisetum arvense,ForestWetPoor
91386,Equisetum arvense,ForestWetPoor
91387,Equisetum arvense,ForestWetPoor
91388,Equisetum arvense,ForestWetPoor
91389,Equisetum arvense,ForestWetPoor
91390,Equisetum arvense,ForestWetPoor
91391,Equisetum arvense,ForestWetPoor
91392,Equisetum arvense,ForestWetPoor
91393,Equisetum arvense,ForestWetPoor
91394,Equisetum arvense,ForestWetPoor
91924,Equisetum arvense,ForestWetPoor
91925,Equisetum arvense,ForestWetPoor
91926,Equisetum arvense,ForestWetPoor
91927,Equisetum arvense,ForestWetPoor
91928,Equisetum arvense,ForestWetPoor
91929,Equisetum arvense,ForestWetPoor
91930,Equisetum arvense,ForestWetPoor
91931,Equisetum arvense,ForestWetPoor
91932,Equisetum arvense,ForestWetPoor
91933,Equisetum arvense,ForestWetPoor
91934,Equisetum arvense,ForestWetPoor
91935,Equisetum arvense,ForestWetPoor
91936,Equisetum arvense,ForestWetPoor
91937,Equisetum arvense,ForestWetPoor
91938,Equisetum arvense,ForestWetPoor
91939,Equisetum arvense,ForestWetPoor
91940,Equisetum arvense,ForestWetPoor
91941,Equisetum arvense,ForestWetPoor
91942,Equisetum arvense,ForestWetPoor
91943,Equisetum arvense,ForestWetPoor
91944,Equisetum arvense,ForestWetPoor
91945,Equisetum arvense,ForestWetPoor
91946,Equisetum arvense,ForestWetPoor
91947,Equisetum arvense,ForestWetPoor
91948,Equisetum arvense,ForestWetPoor
91949,Equisetum arvense,ForestWetPoor
91950,Equisetum arvense,ForestWetPoor
91951,Equisetum arvense,ForestWetPoor
91952,Equisetum arvense,ForestWetPoor
91953,Equisetum arvense,ForestWetPoor
91954,Equisetum arvense,ForestWetPoor
91955,Equisetum arvense,ForestWetPoor
91956,Equisetum arvense,ForestWetPoor
91957,Equisetum arvense,ForestWetPoor
91958,Equisetum arvense,ForestWetPoor
91959,Equisetum arvense,ForestWetPoor
91960,Equisetum arvense,ForestWetPoor
91961,Equisetum arvense,ForestWetPoor
91962,Equisetum arvense,ForestWetPoor
91963,Equisetum arvense,ForestWetPoor
91964,Equisetum arvense,ForestWetPoor
91965,Equisetum arvense,ForestWetPoor
91966,Equisetum arvense,ForestWetPoor
91967,Equisetum arvense,ForestWetPoor
91968,Equisetum arvense,ForestWetPoor
91969,Equisetum arvense,ForestWetPoor
91970,Equisetum arvense,ForestWetPoor
91971,Equisetum arvense,ForestWetPoor
91972,Equisetum arvense,ForestWetPoor
91973,Equisetum arvense,ForestWetPoor
91974,Equisetum arvense,ForestWetPoor
91975,Equisetum arvense,ForestWetPoor
91976,Equisetum arvense,ForestWetPoor
91977,Equisetum arvense,ForestWetPoor
91978,Equisetum arvense,ForestWetPoor
91979,Equisetum arvense,ForestWetPoor
91980,Equisetum arvense,ForestWetPoor
91981,Equisetum arvense,ForestWetPoor
91982,Equisetum arvense,ForestWetPoor
91983,Equisetum arvense,ForestWetPoor
91984,Equisetum arvense,ForestWetPoor
91985,Equisetum arvense,ForestWetPoor
91986,Equisetum arvense,ForestWetPoor
91987,Equisetum arvense,ForestWetPoor
91988,Equisetum arvense,ForestWetPoor
91989,Equisetum arvense,ForestWetPoor
91990,Equisetum arvense,ForestWetPoor
91991,Equisetum arvense,ForestWetPoor
91992,Equisetum arvense,ForestWetPoor
91993,Equisetum arvense,ForestWetPoor
92523,Equisetum arvense,ForestWetPoor
92524,Equisetum arvense,ForestWetPoor
92525,Equisetum arvense,ForestWetPoor
92526,Equisetum arvense,ForestWetPoor
92527,Equisetum arvense,ForestWetPoor
92528,Equisetum arvense,ForestWetPoor
92529,Equisetum arvense,ForestWetPoor
92530,Equisetum arvense,ForestWetPoor
92531,Equisetum arvense,ForestWetPoor
92532,Equisetum arvense,ForestWetPoor
92533,Equisetum arvense,ForestWetPoor
92534,Equisetum arvense,ForestWetPoor
92535,Equisetum arvense,ForestWetPoor
92536,Equisetum arvense,ForestWetPoor
92537,Equisetum arvense,ForestWetPoor
92538,Equisetum arvense,ForestWetPoor
92539,Equisetum arvense,ForestWetPoor
92540,Equisetum arvense,ForestWetPoor
92541,Equisetum arvense,ForestWetPoor
92542,Equisetum arvense,ForestWetPoor
92543,Equisetum arvense,ForestWetPoor
92544,Equisetum arvense,ForestWetPoor
92545,Equisetum arvense,ForestWetPoor
92546,Equisetum arvense,ForestWetPoor
92547,Equisetum arvense,ForestWetPoor
92548,Equisetum arvense,ForestWetPoor
92549,Equisetum arvense,ForestWetPoor
92550,Equisetum arvense,ForestWetPoor
92551,Equisetum arvense,ForestWetPoor
92552,Equisetum arvense,ForestWetPoor
92553,Equisetum arvense,ForestWetPoor
92554,Equisetum arvense,ForestWetPoor
92555,Equisetum arvense,ForestWetPoor
92556,Equisetum arvense,ForestWetPoor
92557,Equisetum arvense,ForestWetPoor
92558,Equisetum arvense,ForestWetPoor
92559,Equisetum arvense,ForestWetPoor
92560,Equisetum arvense,ForestWetPoor
92561,Equisetum arvense,ForestWetPoor
92562,Equisetum arvense,ForestWetPoor
92563,Equisetum arvense,ForestWetPoor
92564,Equisetum arvense,ForestWetPoor
92565,Equisetum arvense,ForestWetPoor
92566,Equisetum arvense,ForestWetPoor
92567,Equisetum arvense,ForestWetPoor
92568,Equisetum arvense,ForestWetPoor
92569,Equisetum arvense,ForestWetPoor
92570,Equisetum arvense,ForestWetPoor
92571,Equisetum arvense,ForestWetPoor
92572,Equisetum arvense,ForestWetPoor
92573,Equisetum arvense,ForestWetPoor
92574,Equisetum arvense,ForestWetPoor
92575,Equisetum arvense,ForestWetPoor
92576,Equisetum arvense,ForestWetPoor
92577,Equisetum arvense,ForestWetPoor
92578,Equisetum arvense,ForestWetPoor
92579,Equisetum arvense,ForestWetPoor
92580,Equisetum arvense,ForestWetPoor
92581,Equisetum arvense,ForestWetPoor
92582,Equisetum arvense,ForestWetPoor
92583,Equisetum arvense,ForestWetPoor
92584,Equisetum arvense,ForestWetPoor
92585,Equisetum arvense,ForestWetPoor
92586,Equisetum arvense,ForestWetPoor
92587,Equisetum arvense,ForestWetPoor
92588,Equisetum arvense,ForestWetPoor
92589,Equisetum arvense,ForestWetPoor
92590,Equisetum arvense,ForestWetPoor
92591,Equisetum arvense,ForestWetPoor
92592,Equisetum arvense,ForestWetPoor
93122,Equisetum arvense,ForestWetPoor
93123,Equisetum arvense,ForestWetPoor
93124,Equisetum arvense,ForestWetPoor
93125,Equisetum arvense,ForestWetPoor
93126,Equisetum arvense,ForestWetPoor
93127,Equisetum arvense,ForestWetPoor
93128,Equisetum arvense,ForestWetPoor
93129,Equisetum arvense,ForestWetPoor
93130,Equisetum arvense,ForestWetPoor
93131,Equisetum arvense,ForestWetPoor
93132,Equisetum arvense,ForestWetPoor
93133,Equisetum arvense,ForestWetPoor
93134,Equisetum arvense,ForestWetPoor
93135,Equisetum arvense,ForestWetPoor
93136,Equisetum arvense,ForestWetPoor
93137,Equisetum arvense,ForestWetPoor
93138,Equisetum arvense,ForestWetPoor
93139,Equisetum arvense,ForestWetPoor
93140,Equisetum arvense,ForestWetPoor
93141,Equisetum arvense,ForestWetPoor
93142,Equisetum arvense,ForestWetPoor
93143,Equisetum arvense,ForestWetPoor
93144,Equisetum arvense,ForestWetPoor
93145,Equisetum arvense,ForestWetPoor
93146,Equisetum arvense,ForestWetPoor
93147,Equisetum arvense,ForestWetPoor
93148,Equisetum arvense,ForestWetPoor
93149,Equisetum arvense,ForestWetPoor
93150,Equisetum arvense,ForestWetPoor
93151,Equisetum arvense,ForestWetPoor
93152,Equisetum arvense,ForestWetPoor
93153,Equisetum arvense,ForestWetPoor
93154,Equisetum arvense,ForestWetPoor
93155,Equisetum arvense,ForestWetPoor
93156,Equisetum arvense,ForestWetPoor
93157,Equisetum arvense,ForestWetPoor
93158,Equisetum arvense,ForestWetPoor
93159,Equisetum arvense,ForestWetPoor
93160,Equisetum arvense,ForestWetPoor
93161,Equisetum arvense,ForestWetPoor
93162,Equisetum arvense,ForestWetPoor
93163,Equisetum arvense,ForestWetPoor
93164,Equisetum arvense,ForestWetPoor
93165,Equisetum arvense,ForestWetPoor
93166,Equisetum arvense,ForestWetPoor
93167,Equisetum arvense,ForestWetPoor
93168,Equisetum arvense,ForestWetPoor
93169,Equisetum arvense,ForestWetPoor
93170,Equisetum arvense,ForestWetPoor
93171,Equisetum arvense,ForestWetPoor
93172,Equisetum arvense,ForestWetPoor
93173,Equisetum arvense,ForestWetPoor
93174,Equisetum arvense,ForestWetPoor
93175,Equisetum arvense,ForestWetPoor
93176,Equisetum arvense,ForestWetPoor
93177,Equisetum arvense,ForestWetPoor
93178,Equisetum arvense,ForestWetPoor
93179,Equisetum arvense,ForestWetPoor
93180,Equisetum arvense,ForestWetPoor
93181,Equisetum arvense,ForestWetPoor
93182,Equisetum arvense,ForestWetPoor
93183,Equisetum arvense,ForestWetPoor
93184,Equisetum arvense,ForestWetPoor
93185,Equisetum arvense,ForestWetPoor
93186,Equisetum arvense,ForestWetPoor
93187,Equisetum arvense,ForestWetPoor
93188,Equisetum arvense,ForestWetPoor
93189,Equisetum arvense,ForestWetPoor
93190,Equisetum arvense,ForestWetPoor
93191,Equisetum arvense,ForestWetPoor
93721,Equisetum arvense,ForestWetPoor
93722,Equisetum arvense,ForestWetPoor
93723,Equisetum arvense,ForestWetPoor
93724,Equisetum arvense,ForestWetPoor
93725,Equisetum arvense,ForestWetPoor
93726,Equisetum arvense,ForestWetPoor
93727,Equisetum arvense,ForestWetPoor
93728,Equisetum arvense,ForestWetPoor
93729,Equisetum arvense,ForestWetPoor
93730,Equisetum arvense,ForestWetPoor
93731,Equisetum arvense,ForestWetPoor
93732,Equisetum arvense,ForestWetPoor
93733,Equisetum arvense,ForestWetPoor
93734,Equisetum arvense,ForestWetPoor
93735,Equisetum arvense,ForestWetPoor
93736,Equisetum arvense,ForestWetPoor
93737,Equisetum arvense,ForestWetPoor
93738,Equisetum arvense,ForestWetPoor
93739,Equisetum arvense,ForestWetPoor
93740,Equisetum arvense,ForestWetPoor
93741,Equisetum arvense,ForestWetPoor
93742,Equisetum arvense,ForestWetPoor
93743,Equisetum arvense,ForestWetPoor
93744,Equisetum arvense,ForestWetPoor
93745,Equisetum arvense,ForestWetPoor
93746,Equisetum arvense,ForestWetPoor
93747,Equisetum arvense,ForestWetPoor
93748,Equisetum arvense,ForestWetPoor
93749,Equisetum arvense,ForestWetPoor
93750,Equisetum arvense,ForestWetPoor
93751,Equisetum arvense,ForestWetPoor
93752,Equisetum arvense,ForestWetPoor
93753,Equisetum arvense,ForestWetPoor
93754,Equisetum arvense,ForestWetPoor
93755,Equisetum arvense,ForestWetPoor
93756,Equisetum arvense,ForestWetPoor
93757,Equisetum arvense,ForestWetPoor
93758,Equisetum arvense,ForestWetPoor
93759,Equisetum arvense,ForestWetPoor
93760,Equisetum arvense,ForestWetPoor
93761,Equisetum arvense,ForestWetPoor
93762,Equisetum arvense,ForestWetPoor
93763,Equisetum arvense,ForestWetPoor
93764,Equisetum arvense,ForestWetPoor
93765,Equisetum arvense,ForestWetPoor
93766,Equisetum arvense,ForestWetPoor
93767,Equisetum arvense,ForestWetPoor
93768,Equisetum arvense,ForestWetPoor
93769,Equisetum arvense,ForestWetPoor
93770,Equisetum arvense,ForestWetPoor
93771,Equisetum arvense,ForestWetPoor
93772,Equisetum arvense,ForestWetPoor
93773,Equisetum arvense,ForestWetPoor
93774,Equisetum arvense,ForestWetPoor
93775,Equisetum arvense,ForestWetPoor
93776,Equisetum arvense,ForestWetPoor
93777,Equisetum arvense,ForestWetPoor
93778,Equisetum arvense,ForestWetPoor
93779,Equisetum arvense,ForestWetPoor
93780,Equisetum arvense,ForestWetPoor
93781,Equisetum arvense,ForestWetPoor
93782,Equisetum arvense,ForestWetPoor
93783,Equisetum arvense,ForestWetPoor
93784,Equisetum arvense,ForestWetPoor
93785,Equisetum arvense,ForestWetPoor
93786,Equisetum arvense,ForestWetPoor
93787,Equisetum arvense,ForestWetPoor
93788,Equisetum arvense,ForestWetPoor
93789,Equisetum arvense,ForestWetPoor
94320,Equisetum arvense,ForestWetPoor
94321,Equisetum arvense,ForestWetPoor
94322,Equisetum arvense,ForestWetPoor
94323,Equisetum arvense,ForestWetPoor
94324,Equisetum arvense,ForestWetPoor
94325,Equisetum arvense,ForestWetPoor
94326,Equisetum arvense,ForestWetPoor
94327,Equisetum arvense,ForestWetPoor
94328,Equisetum arvense,ForestWetPoor
94329,Equisetum arvense,ForestWetPoor
94330,Equisetum arvense,ForestWetPoor
94331,Equisetum arvense,ForestWetPoor
94332,Equisetum arvense,ForestWetPoor
94333,Equisetum arvense,ForestWetPoor
94334,Equisetum arvense,ForestWetPoor
94335,Equisetum arvense,ForestWetPoor
94336,Equisetum arvense,ForestWetPoor
94337,Equisetum arvense,ForestWetPoor
94338,Equisetum arvense,ForestWetPoor
94339,Equisetum arvense,ForestWetPoor
94340,Equisetum arvense,ForestWetPoor
94341,Equisetum arvense,ForestWetPoor
94342,Equisetum arvense,ForestWetPoor
94343,Equisetum arvense,ForestWetPoor
94344,Equisetum arvense,ForestWetPoor
94345,Equisetum arvense,ForestWetPoor
94346,Equisetum arvense,ForestWetPoor
94347,Equisetum arvense,ForestWetPoor
94348,Equisetum arvense,ForestWetPoor
94349,Equisetum arvense,ForestWetPoor
94350,Equisetum arvense,ForestWetPoor
94351,Equisetum arvense,ForestWetPoor
94352,Equisetum arvense,ForestWetPoor
94353,Equisetum arvense,ForestWetPoor
94354,Equisetum arvense,ForestWetPoor
94355,Equisetum arvense,ForestWetPoor
94356,Equisetum arvense,ForestWetPoor
94357,Equisetum arvense,ForestWetPoor
94358,Equisetum arvense,ForestWetPoor
94359,Equisetum arvense,ForestWetPoor
94360,Equisetum arvense,ForestWetPoor
94361,Equisetum arvense,ForestWetPoor
94362,Equisetum arvense,ForestWetPoor
94363,Equisetum arvense,ForestWetPoor
94364,Equisetum arvense,ForestWetPoor
94365,Equisetum arvense,ForestWetPoor
94366,Equisetum arvense,ForestWetPoor
94367,Equisetum arvense,ForestWetPoor
94368,Equisetum arvense,ForestWetPoor
94369,Equisetum arvense,ForestWetPoor
94370,Equisetum arvense,ForestWetPoor
94371,Equisetum arvense,ForestWetPoor
94372,Equisetum arvense,ForestWetPoor
94373,Equisetum arvense,ForestWetPoor
94374,Equisetum arvense,ForestWetPoor
94375,Equisetum arvense,ForestWetPoor
94376,Equisetum arvense,ForestWetPoor
94377,Equisetum arvense,ForestWetPoor
94378,Equisetum arvense,ForestWetPoor
94379,Equisetum arvense,ForestWetPoor
94380,Equisetum arvense,ForestWetPoor
94381,Equisetum arvense,ForestWetPoor
94382,Equisetum arvense,ForestWetPoor
94383,Equisetum arvense,ForestWetPoor
94384,Equisetum arvense,ForestWetPoor
94385,Equisetum arvense,ForestWetPoor
94386,Equisetum arvense,ForestWetPoor
94387,Equisetum arvense,ForestWetPoor
94388,Equisetum arvense,ForestWetPoor
94919,Equisetum arvense,ForestWetPoor
94920,Equisetum arvense,ForestWetPoor
94921,Equisetum arvense,ForestWetPoor
94922,Equisetum arvense,ForestWetPoor
94923,Equisetum arvense,ForestWetPoor
94924,Equisetum arvense,ForestWetPoor
94925,Equisetum arvense,ForestWetPoor
94926,Equisetum arvense,ForestWetPoor
94927,Equisetum arvense,ForestWetPoor
94928,Equisetum arvense,ForestWetPoor
94929,Equisetum arvense,ForestWetPoor
94930,Equisetum arvense,ForestWetPoor
94931,Equisetum arvense,ForestWetPoor
94932,Equisetum arvense,ForestWetPoor
94933,Equisetum arvense,ForestWetPoor
94934,Equisetum arvense,ForestWetPoor
94935,Equisetum arvense,ForestWetPoor
94936,Equisetum arvense,ForestWetPoor
94937,Equisetum arvense,ForestWetPoor
94938,Equisetum arvense,ForestWetPoor
94939,Equisetum arvense,ForestWetPoor
94940,Equisetum arvense,ForestWetPoor
94941,Equisetum arvense,ForestWetPoor
94942,Equisetum arvense,ForestWetPoor
94943,Equisetum arvense,ForestWetPoor
94944,Equisetum arvense,ForestWetPoor
94945,Equisetum arvense,ForestWetPoor
94946,Equisetum arvense,ForestWetPoor
94947,Equisetum arvense,ForestWetPoor
94948,Equisetum arvense,ForestWetPoor
94949,Equisetum arvense,ForestWetPoor
94950,Equisetum arvense,ForestWetPoor
94951,Equisetum arvense,ForestWetPoor
94952,Equisetum arvense,ForestWetPoor
94953,Equisetum arvense,ForestWetPoor
94954,Equisetum arvense,ForestWetPoor
94955,Equisetum arvense,ForestWetPoor
94956,Equisetum arvense,ForestWetPoor
94957,Equisetum arvense,ForestWetPoor
94958,Equisetum arvense,ForestWetPoor
94959,Equisetum arvense,ForestWetPoor
94960,Equisetum arvense,ForestWetPoor
94961,Equisetum arvense,ForestWetPoor
94962,Equisetum arvense,ForestWetPoor
94963,Equisetum arvense,ForestWetPoor
94964,Equisetum arvense,ForestWetPoor
94965,Equisetum arvense,ForestWetPoor
94966,Equisetum arvense,ForestWetPoor
94967,Equisetum arvense,ForestWetPoor
94968,Equisetum arvense,ForestWetPoor
94969,Equisetum arvense,ForestWetPoor
94970,Equisetum arvense,ForestWetPoor
94971,Equisetum arvense,ForestWetPoor
94972,Equisetum arvense,ForestWetPoor
94973,Equisetum arvense,ForestWetPoor
94974,Equisetum arvense,ForestWetPoor
94975,Equisetum arvense,ForestWetPoor
94976,Equisetum arvense,ForestWetPoor
94977,Equisetum arvense,ForestWetPoor
94978,Equisetum arvense,ForestWetPoor
94979,Equisetum arvense,ForestWetPoor
94980,Equisetum arvense,ForestWetPoor
94981,Equisetum arvense,ForestWetPoor
94982,Equisetum arvense,ForestWetPoor
94983,Equisetum arvense,ForestWetPoor
94984,Equisetum arvense,ForestWetPoor
94985,Equisetum arvense,ForestWetPoor
94986,Equisetum arvense,ForestWetPoor
94987,Equisetum arvense,ForestWetPoor
95518,Equisetum arvense,ForestWetPoor
95519,Equisetum arvense,ForestWetPoor
95520,Equisetum arvense,ForestWetPoor
95521,Equisetum arvense,ForestWetPoor
95522,Equisetum arvense,ForestWetPoor
95523,Equisetum arvense,ForestWetPoor
95524,Equisetum arvense,ForestWetPoor
95525,Equisetum arvense,ForestWetPoor
95526,Equisetum arvense,ForestWetPoor
95527,Equisetum arvense,ForestWetPoor
95528,Equisetum arvense,ForestWetPoor
95529,Equisetum arvense,ForestWetPoor
95530,Equisetum arvense,ForestWetPoor
95531,Equisetum arvense,ForestWetPoor
95532,Equisetum arvense,ForestWetPoor
95533,Equisetum arvense,ForestWetPoor
95534,Equisetum arvense,ForestWetPoor
95535,Equisetum arvense,ForestWetPoor
95536,Equisetum arvense,ForestWetPoor
95537,Equisetum arvense,ForestWetPoor
95538,Equisetum arvense,ForestWetPoor
95539,Equisetum arvense,ForestWetPoor
95540,Equisetum arvense,ForestWetPoor
95541,Equisetum arvense,ForestWetPoor
95542,Equisetum arvense,ForestWetPoor
95543,Equisetum arvense,ForestWetPoor
95544,Equisetum arvense,ForestWetPoor
95545,Equisetum arvense,ForestWetPoor
95546,Equisetum arvense,ForestWetPoor
95547,Equisetum arvense,ForestWetPoor
95548,Equisetum arvense,ForestWetPoor
95549,Equisetum arvense,ForestWetPoor
95550,Equisetum arvense,ForestWetPoor
95551,Equisetum arvense,ForestWetPoor
95552,Equisetum arvense,ForestWetPoor
95553,Equisetum arvense,ForestWetPoor
95554,Equisetum arvense,ForestWetPoor
95555,Equisetum arvense,ForestWetPoor
95556,Equisetum arvense,ForestWetPoor
95557,Equisetum arvense,ForestWetPoor
95558,Equisetum arvense,ForestWetPoor
95559,Equisetum arvense,ForestWetPoor
95560,Equisetum arvense,ForestWetPoor
95561,Equisetum arvense,ForestWetPoor
95562,Equisetum arvense,ForestWetPoor
95563,Equisetum arvense,ForestWetPoor
95564,Equisetum arvense,ForestWetPoor
95565,Equisetum arvense,ForestWetPoor
95566,Equisetum arvense,ForestWetPoor
95567,Equisetum arvense,ForestWetPoor
95568,Equisetum arvense,ForestWetPoor
95569,Equisetum arvense,ForestWetPoor
95570,Equisetum arvense,ForestWetPoor
95571,Equisetum arvense,ForestWetPoor
95572,Equisetum arvense,ForestWetPoor
95573,Equisetum arvense,ForestWetPoor
95574,Equisetum arvense,ForestWetPoor
95575,Equisetum arvense,ForestWetPoor
95576,Equisetum arvense,ForestWetPoor
95577,Equisetum arvense,ForestWetPoor
95578,Equisetum arvense,ForestWetPoor
95579,Equisetum arvense,ForestWetPoor
95580,Equisetum arvense,ForestWetPoor
95581,Equisetum arvense,ForestWetPoor
95582,Equisetum arvense,ForestWetPoor
95583,Equisetum arvense,ForestWetPoor
95584,Equisetum arvense,ForestWetPoor
95585,Equisetum arvense,ForestWetPoor
95586,Equisetum arvense,ForestWetPoor
96117,Equisetum arvense,ForestWetPoor
96118,Equisetum arvense,ForestWetPoor
96119,Equisetum arvense,ForestWetPoor
96120,Equisetum arvense,ForestWetPoor
96121,Equisetum arvense,ForestWetPoor
96122,Equisetum arvense,ForestWetPoor
96123,Equisetum arvense,ForestWetPoor
96124,Equisetum arvense,ForestWetPoor
96125,Equisetum arvense,ForestWetPoor
96126,Equisetum arvense,ForestWetPoor
96127,Equisetum arvense,ForestWetPoor
96128,Equisetum arvense,ForestWetPoor
96129,Equisetum arvense,ForestWetPoor
96130,Equisetum arvense,ForestWetPoor
96131,Equisetum arvense,ForestWetPoor
96132,Equisetum arvense,ForestWetPoor
96133,Equisetum arvense,ForestWetPoor
96134,Equisetum arvense,ForestWetPoor
96135,Equisetum arvense,ForestWetPoor
96136,Equisetum arvense,ForestWetPoor
96137,Equisetum arvense,ForestWetPoor
96138,Equisetum arvense,ForestWetPoor
96139,Equisetum arvense,ForestWetPoor
96140,Equisetum arvense,ForestWetPoor
96141,Equisetum arvense,ForestWetPoor
96142,Equisetum arvense,ForestWetPoor
96143,Equisetum arvense,ForestWetPoor
96144,Equisetum arvense,ForestWetPoor
96145,Equisetum arvense,ForestWetPoor
96146,Equisetum arvense,ForestWetPoor
96147,Equisetum arvense,ForestWetPoor
96148,Equisetum arvense,ForestWetPoor
96149,Equisetum arvense,ForestWetPoor
96150,Equisetum arvense,ForestWetPoor
96151,Equisetum arvense,ForestWetPoor
96152,Equisetum arvense,ForestWetPoor
96153,Equisetum arvense,ForestWetPoor
96154,Equisetum arvense,ForestWetPoor
96155,Equisetum arvense,ForestWetPoor
96156,Equisetum arvense,ForestWetPoor
96157,Equisetum arvense,ForestWetPoor
96158,Equisetum arvense,ForestWetPoor
96159,Equisetum arvense,ForestWetPoor
96160,Equisetum arvense,ForestWetPoor
96161,Equisetum arvense,ForestWetPoor
96162,Equisetum arvense,ForestWetPoor
96163,Equisetum arvense,ForestWetPoor
96164,Equisetum arvense,ForestWetPoor
96165,Equisetum arvense,ForestWetPoor
96166,Equisetum arvense,ForestWetPoor
96167,Equisetum arvense,ForestWetPoor
96168,Equisetum arvense,ForestWetPoor
96169,Equisetum arvense,ForestWetPoor
96170,Equisetum arvense,ForestWetPoor
96171,Equisetum arvense,ForestWetPoor
96172,Equisetum arvense,ForestWetPoor
96173,Equisetum arvense,ForestWetPoor
96174,Equisetum arvense,ForestWetPoor
96175,Equisetum arvense,ForestWetPoor
96176,Equisetum arvense,ForestWetPoor
96177,Equisetum arvense,ForestWetPoor
96178,Equisetum arvense,ForestWetPoor
96179,Equisetum arvense,ForestWetPoor
96180,Equisetum arvense,ForestWetPoor
96181,Equisetum arvense,ForestWetPoor
96182,Equisetum arvense,ForestWetPoor
96183,Equisetum arvense,ForestWetPoor
96184,Equisetum arvense,ForestWetPoor
96185,Equisetum arvense,ForestWetPoor
96716,Equisetum arvense,ForestWetPoor
96717,Equisetum arvense,ForestWetPoor
96718,Equisetum arvense,ForestWetPoor
96719,Equisetum arvense,ForestWetPoor
96720,Equisetum arvense,ForestWetPoor
96721,Equisetum arvense,ForestWetPoor
96722,Equisetum arvense,ForestWetPoor
96723,Equisetum arvense,ForestWetPoor
96724,Equisetum arvense,ForestWetPoor
96725,Equisetum arvense,ForestWetPoor
96726,Equisetum arvense,ForestWetPoor
96727,Equisetum arvense,ForestWetPoor
96728,Equisetum arvense,ForestWetPoor
96729,Equisetum arvense,ForestWetPoor
96730,Equisetum arvense,ForestWetPoor
96731,Equisetum arvense,ForestWetPoor
96732,Equisetum arvense,ForestWetPoor
96733,Equisetum arvense,ForestWetPoor
96734,Equisetum arvense,ForestWetPoor
96735,Equisetum arvense,ForestWetPoor
96736,Equisetum arvense,ForestWetPoor
96737,Equisetum arvense,ForestWetPoor
96738,Equisetum arvense,ForestWetPoor
96739,Equisetum arvense,ForestWetPoor
96740,Equisetum arvense,ForestWetPoor
96741,Equisetum arvense,ForestWetPoor
96742,Equisetum arvense,ForestWetPoor
96743,Equisetum arvense,ForestWetPoor
96744,Equisetum arvense,ForestWetPoor
96745,Equisetum arvense,ForestWetPoor
96746,Equisetum arvense,ForestWetPoor
96747,Equisetum arvense,ForestWetPoor
96748,Equisetum arvense,ForestWetPoor
96749,Equisetum arvense,ForestWetPoor
96750,Equisetum arvense,ForestWetPoor
96751,Equisetum arvense,ForestWetPoor
96752,Equisetum arvense,ForestWetPoor
96753,Equisetum arvense,ForestWetPoor
96754,Equisetum arvense,ForestWetPoor
96755,Equisetum arvense,ForestWetPoor
96756,Equisetum arvense,ForestWetPoor
96757,Equisetum arvense,ForestWetPoor
96758,Equisetum arvense,ForestWetPoor
96759,Equisetum arvense,ForestWetPoor
96760,Equisetum arvense,ForestWetPoor
96761,Equisetum arvense,ForestWetPoor
96762,Equisetum arvense,ForestWetPoor
96763,Equisetum arvense,ForestWetPoor
96764,Equisetum arvense,ForestWetPoor
96765,Equisetum arvense,ForestWetPoor
96766,Equisetum arvense,ForestWetPoor
96767,Equisetum arvense,ForestWetPoor
96768,Equisetum arvense,ForestWetPoor
96769,Equisetum arvense,ForestWetPoor
96770,Equisetum arvense,ForestWetPoor
96771,Equisetum arvense,ForestWetPoor
96772,Equisetum arvense,ForestWetPoor
96773,Equisetum arvense,ForestWetPoor
96774,Equisetum arvense,ForestWetPoor
96775,Equisetum arvense,ForestWetPoor
96776,Equisetum arvense,ForestWetPoor
96777,Equisetum arvense,ForestWetPoor
96778,Equisetum arvense,ForestWetPoor
96779,Equisetum arvense,ForestWetPoor
96780,Equisetum arvense,ForestWetPoor
96781,Equisetum arvense,ForestWetPoor
96782,Equisetum arvense,ForestWetPoor
96783,Equisetum arvense,ForestWetPoor
96784,Equisetum arvense,ForestWetPoor
97315,Equisetum arvense,ForestWetPoor
97316,Equisetum arvense,ForestWetPoor
97317,Equisetum arvense,ForestWetPoor
97318,Equisetum arvense,ForestWetPoor
97319,Equisetum arvense,ForestWetPoor
97320,Equisetum arvense,ForestWetPoor
97321,Equisetum arvense,ForestWetPoor
97322,Equisetum arvense,ForestWetPoor
97323,Equisetum arvense,ForestWetPoor
97324,Equisetum arvense,ForestWetPoor
97325,Equisetum arvense,ForestWetPoor
97326,Equisetum arvense,ForestWetPoor
97327,Equisetum arvense,ForestWetPoor
97328,Equisetum arvense,ForestWetPoor
97329,Equisetum arvense,ForestWetPoor
97330,Equisetum arvense,ForestWetPoor
97331,Equisetum arvense,ForestWetPoor
97332,Equisetum arvense,ForestWetPoor
97333,Equisetum arvense,ForestWetPoor
97334,Equisetum arvense,ForestWetPoor
97335,Equisetum arvense,ForestWetPoor
97336,Equisetum arvense,ForestWetPoor
97337,Equisetum arvense,ForestWetPoor
97338,Equisetum arvense,ForestWetPoor
97339,Equisetum arvense,ForestWetPoor
97340,Equisetum arvense,ForestWetPoor
97341,Equisetum arvense,ForestWetPoor
97342,Equisetum arvense,ForestWetPoor
97343,Equisetum arvense,ForestWetPoor
97344,Equisetum arvense,ForestWetPoor
97345,Equisetum arvense,ForestWetPoor
97346,Equisetum arvense,ForestWetPoor
97347,Equisetum arvense,ForestWetPoor
97348,Equisetum arvense,ForestWetPoor
97349,Equisetum arvense,ForestWetPoor
97350,Equisetum arvense,ForestWetPoor
97351,Equisetum arvense,ForestWetPoor
97352,Equisetum arvense,ForestWetPoor
97353,Equisetum arvense,ForestWetPoor
97354,Equisetum arvense,ForestWetPoor
97355,Equisetum arvense,ForestWetPoor
97356,Equisetum arvense,ForestWetPoor
97357,Equisetum arvense,ForestWetPoor
97358,Equisetum arvense,ForestWetPoor
97359,Equisetum arvense,ForestWetPoor
97360,Equisetum arvense,ForestWetPoor
97361,Equisetum arvense,ForestWetPoor
97362,Equisetum arvense,ForestWetPoor
97363,Equisetum arvense,ForestWetPoor
97364,Equisetum arvense,ForestWetPoor
97365,Equisetum arvense,ForestWetPoor
97366,Equisetum arvense,ForestWetPoor
97367,Equisetum arvense,ForestWetPoor
97368,Equisetum arvense,ForestWetPoor
97369,Equisetum arvense,ForestWetPoor
97370,Equisetum arvense,ForestWetPoor
97371,Equisetum arvense,ForestWetPoor
97372,Equisetum arvense,ForestWetPoor
97373,Equisetum arvense,ForestWetPoor
97374,Equisetum arvense,ForestWetPoor
97375,Equisetum arvense,ForestWetPoor
97376,Equisetum arvense,ForestWetPoor
97377,Equisetum arvense,ForestWetPoor
97378,Equisetum arvense,ForestWetPoor
97379,Equisetum arvense,ForestWetPoor
97380,Equisetum arvense,ForestWetPoor
97381,Equisetum arvense,ForestWetPoor
97382,Equisetum arvense,ForestWetPoor
97914,Equisetum arvense,ForestWetPoor
97915,Equisetum arvense,ForestWetPoor
97916,Equisetum arvense,ForestWetPoor
97917,Equisetum arvense,ForestWetPoor
97918,Equisetum arvense,ForestWetPoor
97919,Equisetum arvense,ForestWetPoor
97920,Equisetum arvense,ForestWetPoor
97921,Equisetum arvense,ForestWetPoor
97922,Equisetum arvense,ForestWetPoor
97923,Equisetum arvense,ForestWetPoor
97924,Equisetum arvense,ForestWetPoor
97925,Equisetum arvense,ForestWetPoor
97926,Equisetum arvense,ForestWetPoor
97927,Equisetum arvense,ForestWetPoor
97928,Equisetum arvense,ForestWetPoor
97929,Equisetum arvense,ForestWetPoor
97930,Equisetum arvense,ForestWetPoor
97931,Equisetum arvense,ForestWetPoor
97932,Equisetum arvense,ForestWetPoor
97933,Equisetum arvense,ForestWetPoor
97934,Equisetum arvense,ForestWetPoor
97935,Equisetum arvense,ForestWetPoor
97936,Equisetum arvense,ForestWetPoor
97937,Equisetum arvense,ForestWetPoor
97938,Equisetum arvense,ForestWetPoor
97939,Equisetum arvense,ForestWetPoor
97940,Equisetum arvense,ForestWetPoor
97941,Equisetum arvense,ForestWetPoor
97942,Equisetum arvense,ForestWetPoor
97943,Equisetum arvense,ForestWetPoor
97944,Equisetum arvense,ForestWetPoor
97945,Equisetum arvense,ForestWetPoor
97946,Equisetum arvense,ForestWetPoor
97947,Equisetum arvense,ForestWetPoor
97948,Equisetum arvense,ForestWetPoor
97949,Equisetum arvense,ForestWetPoor
97950,Equisetum arvense,ForestWetPoor
97951,Equisetum arvense,ForestWetPoor
97952,Equisetum arvense,ForestWetPoor
97953,Equisetum arvense,ForestWetPoor
97954,Equisetum arvense,ForestWetPoor
97955,Equisetum arvense,ForestWetPoor
97956,Equisetum arvense,ForestWetPoor
97957,Equisetum arvense,ForestWetPoor
97958,Equisetum arvense,ForestWetPoor
97959,Equisetum arvense,ForestWetPoor
97960,Equisetum arvense,ForestWetPoor
97961,Equisetum arvense,ForestWetPoor
97962,Equisetum arvense,ForestWetPoor
97963,Equisetum arvense,ForestWetPoor
97964,Equisetum arvense,ForestWetPoor
97965,Equisetum arvense,ForestWetPoor
97966,Equisetum arvense,ForestWetPoor
97967,Equisetum arvense,ForestWetPoor
97968,Equisetum arvense,ForestWetPoor
97969,Equisetum arvense,ForestWetPoor
97970,Equisetum arvense,ForestWetPoor
97971,Equisetum arvense,ForestWetPoor
97972,Equisetum arvense,ForestWetPoor
97973,Equisetum arvense,ForestWetPoor
97974,Equisetum arvense,ForestWetPoor
97975,Equisetum arvense,ForestWetPoor
97976,Equisetum arvense,ForestWetPoor
97977,Equisetum arvense,ForestWetPoor
97978,Equisetum arvense,ForestWetPoor
97979,Equisetum arvense,ForestWetPoor
97980,Equisetum arvense,ForestWetPoor
97981,Equisetum arvense,ForestWetPoor
98513,Equisetum arvense,ForestWetPoor
98514,Equisetum arvense,ForestWetPoor
98515,Equisetum arvense,ForestWetPoor
98516,Equisetum arvense,ForestWetPoor
98517,Equisetum arvense,ForestWetPoor
98518,Equisetum arvense,ForestWetPoor
98519,Equisetum arvense,ForestWetPoor
98520,Equisetum arvense,ForestWetPoor
98521,Equisetum arvense,ForestWetPoor
98522,Equisetum arvense,ForestWetPoor
98523,Equisetum arvense,ForestWetPoor
98524,Equisetum arvense,ForestWetPoor
98525,Equisetum arvense,ForestWetPoor
98526,Equisetum arvense,ForestWetPoor
98527,Equisetum arvense,ForestWetPoor
98528,Equisetum arvense,ForestWetPoor
98529,Equisetum arvense,ForestWetPoor
98530,Equisetum arvense,ForestWetPoor
98531,Equisetum arvense,ForestWetPoor
98532,Equisetum arvense,ForestWetPoor
99112,Equisetum arvense,ForestWetPoor
99113,Equisetum arvense,ForestWetPoor
99114,Equisetum arvense,ForestWetPoor
99115,Equisetum arvense,ForestWetPoor
99116,Equisetum arvense,ForestWetPoor
99117,Equisetum arvense,ForestWetPoor
99118,Equisetum arvense,ForestWetPoor
99119,Equisetum arvense,ForestWetPoor
99120,Equisetum arvense,ForestWetPoor
99121,Equisetum arvense,ForestWetPoor
99122,Equisetum arvense,ForestWetPoor
99123,Equisetum arvense,ForestWetPoor
99124,Equisetum arvense,ForestWetPoor
99125,Equisetum arvense,ForestWetPoor
99126,Equisetum arvense,ForestWetPoor
99127,Equisetum arvense,ForestWetPoor
99128,Equisetum arvense,ForestWetPoor
99129,Equisetum arvense,ForestWetPoor
99130,Equisetum arvense,ForestWetPoor
99131,Equisetum arvense,ForestWetPoor
99711,Equisetum arvense,ForestWetPoor
99712,Equisetum arvense,ForestWetPoor
99713,Equisetum arvense,ForestWetPoor
99714,Equisetum arvense,ForestWetPoor
99715,Equisetum arvense,ForestWetPoor
99716,Equisetum arvense,ForestWetPoor
99717,Equisetum arvense,ForestWetPoor
99718,Equisetum arvense,ForestWetPoor
99719,Equisetum arvense,ForestWetPoor
99720,Equisetum arvense,ForestWetPoor
99721,Equisetum arvense,ForestWetPoor
99722,Equisetum arvense,ForestWetPoor
99723,Equisetum arvense,ForestWetPoor
99724,Equisetum arvense,ForestWetPoor
99725,Equisetum arvense,ForestWetPoor
99726,Equisetum arvense,ForestWetPoor
99727,Equisetum arvense,ForestWetPoor
99728,Equisetum arvense,ForestWetPoor
99729,Equisetum arvense,ForestWetPoor
99730,Equisetum arvense,ForestWetPoor
100310,Equisetum arvense,ForestWetPoor
100311,Equisetum arvense,ForestWetPoor
100312,Equisetum arvense,ForestWetPoor
100313,Equisetum arvense,ForestWetPoor
100314,Equisetum arvense,ForestWetPoor
100315,Equisetum arvense,ForestWetPoor
100316,Equisetum arvense,ForestWetPoor
100317,Equisetum arvense,ForestWetPoor
100318,Equisetum arvense,ForestWetPoor
100319,Equisetum arvense,ForestWetPoor
100320,Equisetum arvense,ForestWetPoor
100321,Equisetum arvense,ForestWetPoor
100322,Equisetum arvense,ForestWetPoor
100323,Equisetum arvense,ForestWetPoor
100324,Equisetum arvense,ForestWetPoor
100325,Equisetum arvense,ForestWetPoor
100326,Equisetum arvense,ForestWetPoor
100327,Equisetum arvense,ForestWetPoor
100328,Equisetum arvense,ForestWetPoor
100329,Equisetum arvense,ForestWetPoor
100909,Equisetum arvense,ForestWetPoor
100910,Equisetum arvense,ForestWetPoor
100911,Equisetum arvense,ForestWetPoor
100912,Equisetum arvense,ForestWetPoor
100913,Equisetum arvense,ForestWetPoor
100914,Equisetum arvense,ForestWetPoor
100915,Equisetum arvense,ForestWetPoor
100916,Equisetum arvense,ForestWetPoor
100917,Equisetum arvense,ForestWetPoor
100918,Equisetum arvense,ForestWetPoor
100919,Equisetum arvense,ForestWetPoor
100920,Equisetum arvense,ForestWetPoor
100921,Equisetum arvense,ForestWetPoor
100922,Equisetum arvense,ForestWetPoor
100923,Equisetum arvense,ForestWetPoor
100924,Equisetum arvense,ForestWetPoor
100925,Equisetum arvense,ForestWetPoor
100926,Equisetum arvense,ForestWetPoor
100927,Equisetum arvense,ForestWetPoor
100928,Equisetum arvense,ForestWetPoor
101508,Equisetum arvense,ForestWetPoor
101509,Equisetum arvense,ForestWetPoor
101510,Equisetum arvense,ForestWetPoor
101511,Equisetum arvense,ForestWetPoor
101512,Equisetum arvense,ForestWetPoor
101513,Equisetum arvense,ForestWetPoor
101514,Equisetum arvense,ForestWetPoor
101515,Equisetum arvense,ForestWetPoor
101516,Equisetum arvense,ForestWetPoor
101517,Equisetum arvense,ForestWetPoor
101518,Equisetum arvense,ForestWetPoor
101519,Equisetum arvense,ForestWetPoor
101520,Equisetum arvense,ForestWetPoor
101521,Equisetum arvense,ForestWetPoor
101522,Equisetum arvense,ForestWetPoor
101523,Equisetum arvense,ForestWetPoor
101524,Equisetum arvense,ForestWetPoor
101525,Equisetum arvense,ForestWetPoor
101526,Equisetum arvense,ForestWetPoor
101527,Equisetum arvense,ForestWetPoor
102107,Equisetum arvense,ForestWetPoor
102108,Equisetum arvense,ForestWetPoor
102109,Equisetum arvense,ForestWetPoor
102110,Equisetum arvense,ForestWetPoor
102111,Equisetum arvense,ForestWetPoor
102112,Equisetum arvense,ForestWetPoor
102113,Equisetum arvense,ForestWetPoor
102114,Equisetum arvense,ForestWetPoor
102115,Equisetum arvense,ForestWetPoor
102116,Equisetum arvense,ForestWetPoor
102117,Equisetum arvense,ForestWetPoor
102118,Equisetum arvense,ForestWetPoor
102119,Equisetum arvense,ForestWetPoor
102120,Equisetum arvense,ForestWetPoor
102121,Equisetum arvense,ForestWetPoor
102122,Equisetum arvense,ForestWetPoor
102123,Equisetum arvense,ForestWetPoor
102124,Equisetum arvense,ForestWetPoor
102125,Equisetum arvense,ForestWetPoor
102126,Equisetum arvense,ForestWetPoor
102706,Equisetum arvense,ForestWetPoor
102707,Equisetum arvense,ForestWetPoor
102708,Equisetum arvense,ForestWetPoor
102709,Equisetum arvense,ForestWetPoor
102710,Equisetum arvense,ForestWetPoor
102711,Equisetum arvense,ForestWetPoor
102712,Equisetum arvense,ForestWetPoor
102713,Equisetum arvense,ForestWetPoor
102714,Equisetum arvense,ForestWetPoor
102715,Equisetum arvense,ForestWetPoor
102716,Equisetum arvense,ForestWetPoor
102717,Equisetum arvense,ForestWetPoor
102718,Equisetum arvense,ForestWetPoor
102719,Equisetum arvense,ForestWetPoor
102720,Equisetum arvense,ForestWetPoor
102721,Equisetum arvense,ForestWetPoor
102722,Equisetum arvense,ForestWetPoor
102723,Equisetum arvense,ForestWetPoor
102724,Equisetum arvense,ForestWetPoor
102725,Equisetum arvense,ForestWetPoor
103305,Equisetum arvense,ForestWetPoor
103306,Equisetum arvense,ForestWetPoor
103307,Equisetum arvense,ForestWetPoor
103308,Equisetum arvense,ForestWetPoor
103309,Equisetum arvense,ForestWetPoor
103310,Equisetum arvense,ForestWetPoor
103311,Equisetum arvense,ForestWetPoor
103312,Equisetum arvense,ForestWetPoor
103313,Equisetum arvense,ForestWetPoor
103314,Equisetum arvense,ForestWetPoor
103315,Equisetum arvense,ForestWetPoor
103316,Equisetum arvense,ForestWetPoor
103317,Equisetum arvense,ForestWetPoor
103318,Equisetum arvense,ForestWetPoor
103319,Equisetum arvense,ForestWetPoor
103320,Equisetum arvense,ForestWetPoor
103321,Equisetum arvense,ForestWetPoor
103322,Equisetum arvense,ForestWetPoor
103323,Equisetum arvense,ForestWetPoor
103324,Equisetum arvense,ForestWetPoor
103904,Equisetum arvense,ForestWetPoor
103905,Equisetum arvense,ForestWetPoor
103906,Equisetum arvense,ForestWetPoor
103907,Equisetum arvense,ForestWetPoor
103908,Equisetum arvense,ForestWetPoor
103909,Equisetum arvense,ForestWetPoor
103910,Equisetum arvense,ForestWetPoor
103911,Equisetum arvense,ForestWetPoor
103912,Equisetum arvense,ForestWetPoor
103913,Equisetum arvense,ForestWetPoor
103914,Equisetum arvense,ForestWetPoor
103915,Equisetum arvense,ForestWetPoor
103916,Equisetum arvense,ForestWetPoor
103917,Equisetum arvense,ForestWetPoor
103918,Equisetum arvense,ForestWetPoor
103919,Equisetum arvense,ForestWetPoor
103920,Equisetum arvense,ForestWetPoor
103921,Equisetum arvense,ForestWetPoor
103922,Equisetum arvense,ForestWetPoor
103923,Equisetum arvense,ForestWetPoor
104503,Equisetum arvense,ForestWetPoor
104504,Equisetum arvense,ForestWetPoor
104505,Equisetum arvense,ForestWetPoor
104506,Equisetum arvense,ForestWetPoor
104507,Equisetum arvense,ForestWetPoor
104508,Equisetum arvense,ForestWetPoor
104509,Equisetum arvense,ForestWetPoor
104510,Equisetum arvense,ForestWetPoor
104511,Equisetum arvense,ForestWetPoor
104512,Equisetum arvense,ForestWetPoor
104513,Equisetum arvense,ForestWetPoor
104514,Equisetum arvense,ForestWetPoor
104515,Equisetum arvense,ForestWetPoor
104516,Equisetum arvense,ForestWetPoor
104517,Equisetum arvense,ForestWetPoor
104518,Equisetum arvense,ForestWetPoor
104519,Equisetum arvense,ForestWetPoor
104520,Equisetum arvense,ForestWetPoor
104521,Equisetum arvense,ForestWetPoor
104522,Equisetum arvense,ForestWetPoor
105102,Equisetum arvense,ForestWetPoor
105103,Equisetum arvense,ForestWetPoor
105104,Equisetum arvense,ForestWetPoor
105105,Equisetum arvense,ForestWetPoor
105106,Equisetum arvense,ForestWetPoor
105107,Equisetum arvense,ForestWetPoor
105108,Equisetum arvense,ForestWetPoor
105109,Equisetum arvense,ForestWetPoor
105110,Equisetum arvense,ForestWetPoor
105111,Equisetum arvense,ForestWetPoor
105112,Equisetum arvense,ForestWetPoor
105113,Equisetum arvense,ForestWetPoor
105114,Equisetum arvense,ForestWetPoor
105115,Equisetum arvense,ForestWetPoor
105116,Equisetum arvense,ForestWetPoor
105117,Equisetum arvense,ForestWetPoor
105118,Equisetum arvense,ForestWetPoor
105119,Equisetum arvense,ForestWetPoor
105120,Equisetum arvense,ForestWetPoor
105121,Equisetum arvense,ForestWetPoor
105701,Equisetum arvense,ForestWetPoor
105702,Equisetum arvense,ForestWetPoor
105703,Equisetum arvense,ForestWetPoor
105704,Equisetum arvense,ForestWetPoor
105705,Equisetum arvense,ForestWetPoor
105706,Equisetum arvense,ForestWetPoor
105707,Equisetum arvense,ForestWetPoor
105708,Equisetum arvense,ForestWetPoor
105709,Equisetum arvense,ForestWetPoor
105710,Equisetum arvense,ForestWetPoor
105711,Equisetum arvense,ForestWetPoor
105712,Equisetum arvense,ForestWetPoor
105713,Equisetum arvense,ForestWetPoor
105714,Equisetum arvense,ForestWetPoor
105715,Equisetum arvense,ForestWetPoor
105716,Equisetum arvense,ForestWetPoor
105717,Equisetum arvense,ForestWetPoor
105718,Equisetum arvense,ForestWetPoor
105719,Equisetum arvense,ForestWetPoor
105720,Equisetum arvense,ForestWetPoor
106300,Equisetum arvense,ForestWetPoor
106301,Equisetum arvense,ForestWetPoor
106302,Equisetum arvense,ForestWetPoor
106303,Equisetum arvense,ForestWetPoor
106304,Equisetum arvense,ForestWetPoor
106305,Equisetum arvense,ForestWetPoor
106306,Equisetum arvense,ForestWetPoor
106307,Equisetum arvense,ForestWetPoor
106308,Equisetum arvense,ForestWetPoor
106309,Equisetum arvense,ForestWetPoor
106310,Equisetum arvense,ForestWetPoor
106311,Equisetum arvense,ForestWetPoor
106312,Equisetum arvense,ForestWetPoor
106313,Equisetum arvense,ForestWetPoor
106314,Equisetum arvense,ForestWetPoor
106315,Equisetum arvense,ForestWetPoor
106316,Equisetum arvense,ForestWetPoor
106317,Equisetum arvense,ForestWetPoor
106318,Equisetum arvense,ForestWetPoor
106319,Equisetum arvense,ForestWetPoor
106899,Equisetum arvense,ForestWetPoor
106900,Equisetum arvense,ForestWetPoor
106901,Equisetum arvense,ForestWetPoor
106902,Equisetum arvense,ForestWetPoor
106903,Equisetum arvense,ForestWetPoor
106904,Equisetum arvense,ForestWetPoor
106905,Equisetum arvense,ForestWetPoor
106906,Equisetum arvense,ForestWetPoor
106907,Equisetum arvense,ForestWetPoor
106908,Equisetum arvense,ForestWetPoor
106909,Equisetum arvense,ForestWetPoor
106910,Equisetum arvense,ForestWetPoor
106911,Equisetum arvense,ForestWetPoor
106912,Equisetum arvense,ForestWetPoor
106913,Equisetum arvense,ForestWetPoor
106914,Equisetum arvense,ForestWetPoor
106915,Equisetum arvense,ForestWetPoor
106916,Equisetum arvense,ForestWetPoor
106917,Equisetum arvense,ForestWetPoor
106918,Equisetum arvense,ForestWetPoor
107498,Equisetum arvense,ForestWetPoor
107499,Equisetum arvense,ForestWetPoor
107500,Equisetum arvense,ForestWetPoor
107501,Equisetum arvense,ForestWetPoor
107502,Equisetum arvense,ForestWetPoor
107503,Equisetum arvense,ForestWetPoor
107504,Equisetum arvense,ForestWetPoor
107505,Equisetum arvense,ForestWetPoor
107506,Equisetum arvense,ForestWetPoor
107507,Equisetum arvense,ForestWetPoor
107508,Equisetum arvense,ForestWetPoor
107509,Equisetum arvense,ForestWetPoor
107510,Equisetum arvense,ForestWetPoor
107511,Equisetum arvense,ForestWetPoor
107512,Equisetum arvense,ForestWetPoor
107513,Equisetum arvense,ForestWetPoor
107514,Equisetum arvense,ForestWetPoor
107515,Equisetum arvense,ForestWetPoor
107516,Equisetum arvense,ForestWetPoor
107517,Equisetum arvense,ForestWetPoor
108097,Equisetum arvense,ForestWetPoor
108098,Equisetum arvense,ForestWetPoor
108099,Equisetum arvense,ForestWetPoor
108100,Equisetum arvense,ForestWetPoor
108101,Equisetum arvense,ForestWetPoor
108102,Equisetum arvense,ForestWetPoor
108103,Equisetum arvense,ForestWetPoor
108104,Equisetum arvense,ForestWetPoor
108105,Equisetum arvense,ForestWetPoor
108106,Equisetum arvense,ForestWetPoor
108107,Equisetum arvense,ForestWetPoor
108108,Equisetum arvense,ForestWetPoor
108109,Equisetum arvense,ForestWetPoor
108110,Equisetum arvense,ForestWetPoor
108111,Equisetum arvense,ForestWetPoor
108112,Equisetum arvense,ForestWetPoor
108113,Equisetum arvense,ForestWetPoor
108114,Equisetum arvense,ForestWetPoor
108115,Equisetum arvense,ForestWetPoor
108116,Equisetum arvense,ForestWetPoor
108696,Equisetum arvense,ForestWetPoor
108697,Equisetum arvense,ForestWetPoor
108698,Equisetum arvense,ForestWetPoor
108699,Equisetum arvense,ForestWetPoor
108700,Equisetum arvense,ForestWetPoor
108701,Equisetum arvense,ForestWetPoor
108702,Equisetum arvense,ForestWetPoor
108703,Equisetum arvense,ForestWetPoor
108704,Equisetum arvense,ForestWetPoor
108705,Equisetum arvense,ForestWetPoor
108706,Equisetum arvense,ForestWetPoor
108707,Equisetum arvense,ForestWetPoor
108708,Equisetum arvense,ForestWetPoor
108709,Equisetum arvense,ForestWetPoor
108710,Equisetum arvense,ForestWetPoor
108711,Equisetum arvense,ForestWetPoor
108712,Equisetum arvense,ForestWetPoor
108713,Equisetum arvense,ForestWetPoor
108714,Equisetum arvense,ForestWetPoor
108715,Equisetum arvense,ForestWetPoor
109295,Equisetum arvense,ForestWetPoor
109296,Equisetum arvense,ForestWetPoor
109297,Equisetum arvense,ForestWetPoor
109298,Equisetum arvense,ForestWetPoor
109299,Equisetum arvense,ForestWetPoor
109300,Equisetum arvense,ForestWetPoor
109301,Equisetum arvense,ForestWetPoor
109302,Equisetum arvense,ForestWetPoor
109303,Equisetum arvense,ForestWetPoor
109304,Equisetum arvense,ForestWetPoor
109305,Equisetum arvense,ForestWetPoor
109306,Equisetum arvense,ForestWetPoor
109307,Equisetum arvense,ForestWetPoor
109308,Equisetum arvense,ForestWetPoor
109309,Equisetum arvense,ForestWetPoor
109310,Equisetum arvense,ForestWetPoor
109311,Equisetum arvense,ForestWetPoor
109312,Equisetum arvense,ForestWetPoor
109313,Equisetum arvense,ForestWetPoor
109314,Equisetum arvense,ForestWetPoor
109894,Equisetum arvense,ForestWetPoor
109895,Equisetum arvense,ForestWetPoor
109896,Equisetum arvense,ForestWetPoor
109897,Equisetum arvense,ForestWetPoor
109898,Equisetum arvense,ForestWetPoor
109899,Equisetum arvense,ForestWetPoor
109900,Equisetum arvense,ForestWetPoor
109901,Equisetum arvense,ForestWetPoor
109902,Equisetum arvense,ForestWetPoor
109903,Equisetum arvense,ForestWetPoor
109904,Equisetum arvense,ForestWetPoor
109905,Equisetum arvense,ForestWetPoor
109906,Equisetum arvense,ForestWetPoor
109907,Equisetum arvense,ForestWetPoor
109908,Equisetum arvense,ForestWetPoor
109909,Equisetum arvense,ForestWetPoor
109910,Equisetum arvense,ForestWetPoor
109911,Equisetum arvense,ForestWetPoor
109912,Equisetum arvense,ForestWetPoor
109913,Equisetum arvense,ForestWetPoor
77607,Equisetum arvense,ForestWetPoor
78205,Equisetum arvense,ForestWetPoor
78206,Equisetum arvense,ForestWetPoor
78804,Equisetum arvense,ForestWetPoor
78805,Equisetum arvense,ForestWetPoor
79402,Equisetum arvense,ForestWetPoor
79403,Equisetum arvense,ForestWetPoor
79404,Equisetum arvense,ForestWetPoor
80000,Equisetum arvense,ForestWetPoor
80001,Equisetum arvense,ForestWetPoor
80002,Equisetum arvense,ForestWetPoor
80003,Equisetum arvense,ForestWetPoor
80598,Equisetum arvense,ForestWetPoor
80599,Equisetum arvense,ForestWetPoor
80600,Equisetum arvense,ForestWetPoor
80601,Equisetum arvense,ForestWetPoor
80602,Equisetum arvense,ForestWetPoor
81196,Equisetum arvense,ForestWetPoor
81197,Equisetum arvense,ForestWetPoor
81198,Equisetum arvense,ForestWetPoor
81199,Equisetum arvense,ForestWetPoor
81200,Equisetum arvense,ForestWetPoor
81201,Equisetum arvense,ForestWetPoor
81794,Equisetum arvense,ForestWetPoor
81795,Equisetum arvense,ForestWetPoor
81796,Equisetum arvense,ForestWetPoor
81797,Equisetum arvense,ForestWetPoor
81798,Equisetum arvense,ForestWetPoor
81799,Equisetum arvense,ForestWetPoor
81800,Equisetum arvense,ForestWetPoor
82393,Equisetum arvense,ForestWetPoor
82394,Equisetum arvense,ForestWetPoor
82395,Equisetum arvense,ForestWetPoor
82396,Equisetum arvense,ForestWetPoor
82397,Equisetum arvense,ForestWetPoor
82398,Equisetum arvense,ForestWetPoor
82399,Equisetum arvense,ForestWetPoor
82991,Equisetum arvense,ForestWetPoor
82992,Equisetum arvense,ForestWetPoor
82993,Equisetum arvense,ForestWetPoor
82994,Equisetum arvense,ForestWetPoor
82995,Equisetum arvense,ForestWetPoor
82996,Equisetum arvense,ForestWetPoor
82997,Equisetum arvense,ForestWetPoor
82998,Equisetum arvense,ForestWetPoor
83590,Equisetum arvense,ForestWetPoor
83591,Equisetum arvense,ForestWetPoor
83592,Equisetum arvense,ForestWetPoor
83593,Equisetum arvense,ForestWetPoor
83594,Equisetum arvense,ForestWetPoor
83595,Equisetum arvense,ForestWetPoor
83596,Equisetum arvense,ForestWetPoor
83597,Equisetum arvense,ForestWetPoor
84188,Equisetum arvense,ForestWetPoor
84189,Equisetum arvense,ForestWetPoor
84190,Equisetum arvense,ForestWetPoor
84191,Equisetum arvense,ForestWetPoor
84192,Equisetum arvense,ForestWetPoor
84193,Equisetum arvense,ForestWetPoor
84194,Equisetum arvense,ForestWetPoor
84195,Equisetum arvense,ForestWetPoor
84196,Equisetum arvense,ForestWetPoor
84786,Equisetum arvense,ForestWetPoor
84787,Equisetum arvense,ForestWetPoor
84788,Equisetum arvense,ForestWetPoor
84789,Equisetum arvense,ForestWetPoor
84790,Equisetum arvense,ForestWetPoor
84791,Equisetum arvense,ForestWetPoor
84792,Equisetum arvense,ForestWetPoor
84793,Equisetum arvense,ForestWetPoor
84794,Equisetum arvense,ForestWetPoor
84795,Equisetum arvense,ForestWetPoor
85385,Equisetum arvense,ForestWetPoor
85386,Equisetum arvense,ForestWetPoor
85387,Equisetum arvense,ForestWetPoor
85388,Equisetum arvense,ForestWetPoor
85389,Equisetum arvense,ForestWetPoor
85390,Equisetum arvense,ForestWetPoor
85391,Equisetum arvense,ForestWetPoor
85392,Equisetum arvense,ForestWetPoor
85393,Equisetum arvense,ForestWetPoor
85394,Equisetum arvense,ForestWetPoor
85983,Equisetum arvense,ForestWetPoor
85984,Equisetum arvense,ForestWetPoor
85985,Equisetum arvense,ForestWetPoor
85986,Equisetum arvense,ForestWetPoor
85987,Equisetum arvense,ForestWetPoor
85988,Equisetum arvense,ForestWetPoor
85989,Equisetum arvense,ForestWetPoor
85990,Equisetum arvense,ForestWetPoor
85991,Equisetum arvense,ForestWetPoor
85992,Equisetum arvense,ForestWetPoor
85993,Equisetum arvense,ForestWetPoor
86582,Equisetum arvense,ForestWetPoor
86583,Equisetum arvense,ForestWetPoor
86584,Equisetum arvense,ForestWetPoor
86585,Equisetum arvense,ForestWetPoor
86586,Equisetum arvense,ForestWetPoor
86587,Equisetum arvense,ForestWetPoor
86588,Equisetum arvense,ForestWetPoor
86589,Equisetum arvense,ForestWetPoor
86590,Equisetum arvense,ForestWetPoor
86591,Equisetum arvense,ForestWetPoor
86592,Equisetum arvense,ForestWetPoor
86593,Equisetum arvense,ForestWetPoor
86594,Equisetum arvense,ForestWetPoor
86595,Equisetum arvense,ForestWetPoor
86596,Equisetum arvense,ForestWetPoor
86597,Equisetum arvense,ForestWetPoor
86598,Equisetum arvense,ForestWetPoor
86599,Equisetum arvense,ForestWetPoor
86600,Equisetum arvense,ForestWetPoor
86601,Equisetum arvense,ForestWetPoor
86602,Equisetum arvense,ForestWetPoor
86603,Equisetum arvense,ForestWetPoor
86604,Equisetum arvense,ForestWetPoor
86605,Equisetum arvense,ForestWetPoor
86606,Equisetum arvense,ForestWetPoor
86607,Equisetum arvense,ForestWetPoor
86608,Equisetum arvense,ForestWetPoor
86609,Equisetum arvense,ForestWetPoor
86610,Equisetum arvense,ForestWetPoor
86611,Equisetum arvense,ForestWetPoor
86612,Equisetum arvense,ForestWetPoor
86613,Equisetum arvense,ForestWetPoor
86614,Equisetum arvense,ForestWetPoor
86615,Equisetum arvense,ForestWetPoor
86616,Equisetum arvense,ForestWetPoor
86617,Equisetum arvense,ForestWetPoor
86618,Equisetum arvense,ForestWetPoor
86619,Equisetum arvense,ForestWetPoor
86620,Equisetum arvense,ForestWetPoor
86621,Equisetum arvense,ForestWetPoor
86622,Equisetum arvense,ForestWetPoor
86623,Equisetum arvense,ForestWetPoor
86624,Equisetum arvense,ForestWetPoor
86625,Equisetum arvense,ForestWetPoor
86626,Equisetum arvense,ForestWetPoor
86627,Equisetum arvense,ForestWetPoor
86628,Equisetum arvense,ForestWetPoor
86629,Equisetum arvense,ForestWetPoor
86630,Equisetum arvense,ForestWetPoor
86631,Equisetum arvense,ForestWetPoor
86632,Equisetum arvense,ForestWetPoor
87181,Equisetum arvense,ForestWetPoor
87182,Equisetum arvense,ForestWetPoor
87183,Equisetum arvense,ForestWetPoor
87184,Equisetum arvense,ForestWetPoor
87185,Equisetum arvense,ForestWetPoor
87186,Equisetum arvense,ForestWetPoor
87187,Equisetum arvense,ForestWetPoor
87188,Equisetum arvense,ForestWetPoor
87189,Equisetum arvense,ForestWetPoor
87190,Equisetum arvense,ForestWetPoor
87191,Equisetum arvense,ForestWetPoor
87192,Equisetum arvense,ForestWetPoor
87193,Equisetum arvense,ForestWetPoor
87194,Equisetum arvense,ForestWetPoor
87195,Equisetum arvense,ForestWetPoor
87196,Equisetum arvense,ForestWetPoor
87197,Equisetum arvense,ForestWetPoor
87198,Equisetum arvense,ForestWetPoor
87199,Equisetum arvense,ForestWetPoor
87200,Equisetum arvense,ForestWetPoor
87201,Equisetum arvense,ForestWetPoor
87202,Equisetum arvense,ForestWetPoor
87203,Equisetum arvense,ForestWetPoor
87204,Equisetum arvense,ForestWetPoor
87205,Equisetum arvense,ForestWetPoor
87206,Equisetum arvense,ForestWetPoor
87207,Equisetum arvense,ForestWetPoor
87208,Equisetum arvense,ForestWetPoor
87209,Equisetum arvense,ForestWetPoor
87210,Equisetum arvense,ForestWetPoor
87211,Equisetum arvense,ForestWetPoor
87212,Equisetum arvense,ForestWetPoor
87213,Equisetum arvense,ForestWetPoor
87214,Equisetum arvense,ForestWetPoor
87215,Equisetum arvense,ForestWetPoor
87216,Equisetum arvense,ForestWetPoor
87217,Equisetum arvense,ForestWetPoor
87218,Equisetum arvense,ForestWetPoor
87219,Equisetum arvense,ForestWetPoor
87220,Equisetum arvense,ForestWetPoor
87221,Equisetum arvense,ForestWetPoor
87222,Equisetum arvense,ForestWetPoor
87223,Equisetum arvense,ForestWetPoor
87224,Equisetum arvense,ForestWetPoor
87225,Equisetum arvense,ForestWetPoor
87226,Equisetum arvense,ForestWetPoor
87227,Equisetum arvense,ForestWetPoor
87228,Equisetum arvense,ForestWetPoor
87229,Equisetum arvense,ForestWetPoor
87230,Equisetum arvense,ForestWetPoor
87231,Equisetum arvense,ForestWetPoor
87779,Equisetum arvense,ForestWetPoor
87780,Equisetum arvense,ForestWetPoor
87781,Equisetum arvense,ForestWetPoor
87782,Equisetum arvense,ForestWetPoor
87783,Equisetum arvense,ForestWetPoor
87784,Equisetum arvense,ForestWetPoor
87785,Equisetum arvense,ForestWetPoor
87786,Equisetum arvense,ForestWetPoor
87787,Equisetum arvense,ForestWetPoor
87788,Equisetum arvense,ForestWetPoor
87789,Equisetum arvense,ForestWetPoor
87790,Equisetum arvense,ForestWetPoor
87791,Equisetum arvense,ForestWetPoor
87792,Equisetum arvense,ForestWetPoor
87793,Equisetum arvense,ForestWetPoor
87794,Equisetum arvense,ForestWetPoor
87795,Equisetum arvense,ForestWetPoor
87796,Equisetum arvense,ForestWetPoor
87797,Equisetum arvense,ForestWetPoor
87798,Equisetum arvense,ForestWetPoor
87799,Equisetum arvense,ForestWetPoor
87800,Equisetum arvense,ForestWetPoor
87801,Equisetum arvense,ForestWetPoor
87802,Equisetum arvense,ForestWetPoor
87803,Equisetum arvense,ForestWetPoor
87804,Equisetum arvense,ForestWetPoor
87805,Equisetum arvense,ForestWetPoor
87806,Equisetum arvense,ForestWetPoor
87807,Equisetum arvense,ForestWetPoor
87808,Equisetum arvense,ForestWetPoor
87809,Equisetum arvense,ForestWetPoor
87810,Equisetum arvense,ForestWetPoor
87811,Equisetum arvense,ForestWetPoor
87812,Equisetum arvense,ForestWetPoor
87813,Equisetum arvense,ForestWetPoor
87814,Equisetum arvense,ForestWetPoor
87815,Equisetum arvense,ForestWetPoor
87816,Equisetum arvense,ForestWetPoor
87817,Equisetum arvense,ForestWetPoor
87818,Equisetum arvense,ForestWetPoor
87819,Equisetum arvense,ForestWetPoor
87820,Equisetum arvense,ForestWetPoor
87821,Equisetum arvense,ForestWetPoor
87822,Equisetum arvense,ForestWetPoor
87823,Equisetum arvense,ForestWetPoor
87824,Equisetum arvense,ForestWetPoor
87825,Equisetum arvense,ForestWetPoor
87826,Equisetum arvense,ForestWetPoor
87827,Equisetum arvense,ForestWetPoor
87828,Equisetum arvense,ForestWetPoor
87829,Equisetum arvense,ForestWetPoor
87830,Equisetum arvense,ForestWetPoor
88378,Equisetum arvense,ForestWetPoor
88379,Equisetum arvense,ForestWetPoor
88380,Equisetum arvense,ForestWetPoor
88381,Equisetum arvense,ForestWetPoor
88382,Equisetum arvense,ForestWetPoor
88383,Equisetum arvense,ForestWetPoor
88384,Equisetum arvense,ForestWetPoor
88385,Equisetum arvense,ForestWetPoor
88386,Equisetum arvense,ForestWetPoor
88387,Equisetum arvense,ForestWetPoor
88388,Equisetum arvense,ForestWetPoor
88389,Equisetum arvense,ForestWetPoor
88390,Equisetum arvense,ForestWetPoor
88391,Equisetum arvense,ForestWetPoor
88392,Equisetum arvense,ForestWetPoor
88393,Equisetum arvense,ForestWetPoor
88394,Equisetum arvense,ForestWetPoor
88395,Equisetum arvense,ForestWetPoor
88396,Equisetum arvense,ForestWetPoor
88397,Equisetum arvense,ForestWetPoor
88398,Equisetum arvense,ForestWetPoor
88399,Equisetum arvense,ForestWetPoor
88400,Equisetum arvense,ForestWetPoor
88401,Equisetum arvense,ForestWetPoor
88402,Equisetum arvense,ForestWetPoor
88403,Equisetum arvense,ForestWetPoor
88404,Equisetum arvense,ForestWetPoor
88405,Equisetum arvense,ForestWetPoor
88406,Equisetum arvense,ForestWetPoor
88407,Equisetum arvense,ForestWetPoor
88408,Equisetum arvense,ForestWetPoor
88409,Equisetum arvense,ForestWetPoor
88410,Equisetum arvense,ForestWetPoor
88411,Equisetum arvense,ForestWetPoor
88412,Equisetum arvense,ForestWetPoor
88413,Equisetum arvense,ForestWetPoor
88414,Equisetum arvense,ForestWetPoor
88415,Equisetum arvense,ForestWetPoor
88416,Equisetum arvense,ForestWetPoor
88417,Equisetum arvense,ForestWetPoor
88418,Equisetum arvense,ForestWetPoor
88419,Equisetum arvense,ForestWetPoor
88420,Equisetum arvense,ForestWetPoor
88421,Equisetum arvense,ForestWetPoor
88422,Equisetum arvense,ForestWetPoor
88423,Equisetum arvense,ForestWetPoor
88424,Equisetum arvense,ForestWetPoor
88425,Equisetum arvense,ForestWetPoor
88426,Equisetum arvense,ForestWetPoor
88427,Equisetum arvense,ForestWetPoor
88428,Equisetum arvense,ForestWetPoor
88429,Equisetum arvense,ForestWetPoor
88976,Equisetum arvense,ForestWetPoor
88977,Equisetum arvense,ForestWetPoor
88978,Equisetum arvense,ForestWetPoor
88979,Equisetum arvense,ForestWetPoor
88980,Equisetum arvense,ForestWetPoor
88981,Equisetum arvense,ForestWetPoor
88982,Equisetum arvense,ForestWetPoor
88983,Equisetum arvense,ForestWetPoor
88984,Equisetum arvense,ForestWetPoor
88985,Equisetum arvense,ForestWetPoor
88986,Equisetum arvense,ForestWetPoor
88987,Equisetum arvense,ForestWetPoor
88988,Equisetum arvense,ForestWetPoor
88989,Equisetum arvense,ForestWetPoor
88990,Equisetum arvense,ForestWetPoor
88991,Equisetum arvense,ForestWetPoor
88992,Equisetum arvense,ForestWetPoor
88993,Equisetum arvense,ForestWetPoor
88994,Equisetum arvense,ForestWetPoor
88995,Equisetum arvense,ForestWetPoor
88996,Equisetum arvense,ForestWetPoor
88997,Equisetum arvense,ForestWetPoor
88998,Equisetum arvense,ForestWetPoor
88999,Equisetum arvense,ForestWetPoor
89000,Equisetum arvense,ForestWetPoor
89001,Equisetum arvense,ForestWetPoor
89002,Equisetum arvense,ForestWetPoor
89003,Equisetum arvense,ForestWetPoor
89004,Equisetum arvense,ForestWetPoor
89005,Equisetum arvense,ForestWetPoor
89006,Equisetum arvense,ForestWetPoor
89007,Equisetum arvense,ForestWetPoor
89008,Equisetum arvense,ForestWetPoor
89009,Equisetum arvense,ForestWetPoor
89010,Equisetum arvense,ForestWetPoor
89011,Equisetum arvense,ForestWetPoor
89012,Equisetum arvense,ForestWetPoor
89013,Equisetum arvense,ForestWetPoor
89014,Equisetum arvense,ForestWetPoor
89015,Equisetum arvense,ForestWetPoor
89016,Equisetum arvense,ForestWetPoor
89017,Equisetum arvense,ForestWetPoor
89018,Equisetum arvense,ForestWetPoor
89019,Equisetum arvense,ForestWetPoor
89020,Equisetum arvense,ForestWetPoor
89021,Equisetum arvense,ForestWetPoor
89022,Equisetum arvense,ForestWetPoor
89023,Equisetum arvense,ForestWetPoor
89024,Equisetum arvense,ForestWetPoor
89025,Equisetum arvense,ForestWetPoor
89026,Equisetum arvense,ForestWetPoor
89027,Equisetum arvense,ForestWetPoor
89028,Equisetum arvense,ForestWetPoor
89575,Equisetum arvense,ForestWetPoor
89576,Equisetum arvense,ForestWetPoor
89577,Equisetum arvense,ForestWetPoor
89578,Equisetum arvense,ForestWetPoor
89579,Equisetum arvense,ForestWetPoor
89580,Equisetum arvense,ForestWetPoor
89581,Equisetum arvense,ForestWetPoor
89582,Equisetum arvense,ForestWetPoor
89583,Equisetum arvense,ForestWetPoor
89584,Equisetum arvense,ForestWetPoor
89585,Equisetum arvense,ForestWetPoor
89586,Equisetum arvense,ForestWetPoor
89587,Equisetum arvense,ForestWetPoor
89588,Equisetum arvense,ForestWetPoor
89589,Equisetum arvense,ForestWetPoor
89590,Equisetum arvense,ForestWetPoor
89591,Equisetum arvense,ForestWetPoor
89592,Equisetum arvense,ForestWetPoor
89593,Equisetum arvense,ForestWetPoor
89594,Equisetum arvense,ForestWetPoor
89595,Equisetum arvense,ForestWetPoor
89596,Equisetum arvense,ForestWetPoor
89597,Equisetum arvense,ForestWetPoor
89598,Equisetum arvense,ForestWetPoor
89599,Equisetum arvense,ForestWetPoor
89600,Equisetum arvense,ForestWetPoor
89601,Equisetum arvense,ForestWetPoor
89602,Equisetum arvense,ForestWetPoor
89603,Equisetum arvense,ForestWetPoor
89604,Equisetum arvense,ForestWetPoor
89605,Equisetum arvense,ForestWetPoor
89606,Equisetum arvense,ForestWetPoor
89607,Equisetum arvense,ForestWetPoor
89608,Equisetum arvense,ForestWetPoor
89609,Equisetum arvense,ForestWetPoor
89610,Equisetum arvense,ForestWetPoor
89611,Equisetum arvense,ForestWetPoor
89612,Equisetum arvense,ForestWetPoor
89613,Equisetum arvense,ForestWetPoor
89614,Equisetum arvense,ForestWetPoor
89615,Equisetum arvense,ForestWetPoor
89616,Equisetum arvense,ForestWetPoor
89617,Equisetum arvense,ForestWetPoor
89618,Equisetum arvense,ForestWetPoor
89619,Equisetum arvense,ForestWetPoor
89620,Equisetum arvense,ForestWetPoor
89621,Equisetum arvense,ForestWetPoor
89622,Equisetum arvense,ForestWetPoor
89623,Equisetum arvense,ForestWetPoor
89624,Equisetum arvense,ForestWetPoor
89625,Equisetum arvense,ForestWetPoor
89626,Equisetum arvense,ForestWetPoor
89627,Equisetum arvense,ForestWetPoor
90174,Equisetum arvense,ForestWetPoor
90175,Equisetum arvense,ForestWetPoor
90176,Equisetum arvense,ForestWetPoor
90177,Equisetum arvense,ForestWetPoor
90178,Equisetum arvense,ForestWetPoor
90179,Equisetum arvense,ForestWetPoor
90180,Equisetum arvense,ForestWetPoor
90181,Equisetum arvense,ForestWetPoor
90182,Equisetum arvense,ForestWetPoor
90183,Equisetum arvense,ForestWetPoor
90184,Equisetum arvense,ForestWetPoor
90185,Equisetum arvense,ForestWetPoor
90186,Equisetum arvense,ForestWetPoor
90187,Equisetum arvense,ForestWetPoor
90188,Equisetum arvense,ForestWetPoor
90189,Equisetum arvense,ForestWetPoor
90190,Equisetum arvense,ForestWetPoor
90191,Equisetum arvense,ForestWetPoor
90192,Equisetum arvense,ForestWetPoor
90193,Equisetum arvense,ForestWetPoor
90194,Equisetum arvense,ForestWetPoor
90195,Equisetum arvense,ForestWetPoor
90196,Equisetum arvense,ForestWetPoor
90197,Equisetum arvense,ForestWetPoor
90198,Equisetum arvense,ForestWetPoor
90199,Equisetum arvense,ForestWetPoor
90200,Equisetum arvense,ForestWetPoor
90201,Equisetum arvense,ForestWetPoor
90202,Equisetum arvense,ForestWetPoor
90203,Equisetum arvense,ForestWetPoor
90204,Equisetum arvense,ForestWetPoor
90205,Equisetum arvense,ForestWetPoor
90206,Equisetum arvense,ForestWetPoor
90207,Equisetum arvense,ForestWetPoor
90208,Equisetum arvense,ForestWetPoor
90209,Equisetum arvense,ForestWetPoor
90210,Equisetum arvense,ForestWetPoor
90211,Equisetum arvense,ForestWetPoor
90212,Equisetum arvense,ForestWetPoor
90213,Equisetum arvense,ForestWetPoor
90214,Equisetum arvense,ForestWetPoor
90215,Equisetum arvense,ForestWetPoor
90216,Equisetum arvense,ForestWetPoor
90217,Equisetum arvense,ForestWetPoor
90218,Equisetum arvense,ForestWetPoor
90219,Equisetum arvense,ForestWetPoor
90220,Equisetum arvense,ForestWetPoor
90221,Equisetum arvense,ForestWetPoor
90222,Equisetum arvense,ForestWetPoor
90223,Equisetum arvense,ForestWetPoor
90224,Equisetum arvense,ForestWetPoor
90225,Equisetum arvense,ForestWetPoor
90226,Equisetum arvense,ForestWetPoor
90772,Equisetum arvense,ForestWetPoor
90773,Equisetum arvense,ForestWetPoor
90774,Equisetum arvense,ForestWetPoor
90775,Equisetum arvense,ForestWetPoor
90776,Equisetum arvense,ForestWetPoor
90777,Equisetum arvense,ForestWetPoor
90778,Equisetum arvense,ForestWetPoor
90779,Equisetum arvense,ForestWetPoor
90780,Equisetum arvense,ForestWetPoor
90781,Equisetum arvense,ForestWetPoor
90782,Equisetum arvense,ForestWetPoor
90783,Equisetum arvense,ForestWetPoor
90784,Equisetum arvense,ForestWetPoor
90785,Equisetum arvense,ForestWetPoor
90786,Equisetum arvense,ForestWetPoor
90787,Equisetum arvense,ForestWetPoor
90788,Equisetum arvense,ForestWetPoor
90789,Equisetum arvense,ForestWetPoor
90790,Equisetum arvense,ForestWetPoor
90791,Equisetum arvense,ForestWetPoor
90792,Equisetum arvense,ForestWetPoor
90793,Equisetum arvense,ForestWetPoor
90794,Equisetum arvense,ForestWetPoor
90795,Equisetum arvense,ForestWetPoor
90796,Equisetum arvense,ForestWetPoor
90797,Equisetum arvense,ForestWetPoor
90798,Equisetum arvense,ForestWetPoor
90799,Equisetum arvense,ForestWetPoor
90800,Equisetum arvense,ForestWetPoor
90801,Equisetum arvense,ForestWetPoor
90802,Equisetum arvense,ForestWetPoor
90803,Equisetum arvense,ForestWetPoor
90804,Equisetum arvense,ForestWetPoor
90805,Equisetum arvense,ForestWetPoor
90806,Equisetum arvense,ForestWetPoor
90807,Equisetum arvense,ForestWetPoor
90808,Equisetum arvense,ForestWetPoor
90809,Equisetum arvense,ForestWetPoor
90810,Equisetum arvense,ForestWetPoor
90811,Equisetum arvense,ForestWetPoor
90812,Equisetum arvense,ForestWetPoor
90813,Equisetum arvense,ForestWetPoor
90814,Equisetum arvense,ForestWetPoor
90815,Equisetum arvense,ForestWetPoor
90816,Equisetum arvense,ForestWetPoor
90817,Equisetum arvense,ForestWetPoor
90818,Equisetum arvense,ForestWetPoor
90819,Equisetum arvense,ForestWetPoor
90820,Equisetum arvense,ForestWetPoor
90821,Equisetum arvense,ForestWetPoor
90822,Equisetum arvense,ForestWetPoor
90823,Equisetum arvense,ForestWetPoor
90824,Equisetum arvense,ForestWetPoor
90825,Equisetum arvense,ForestWetPoor
91371,Equisetum arvense,ForestWetPoor
91372,Equisetum arvense,ForestWetPoor
91373,Equisetum arvense,ForestWetPoor
91374,Equisetum arvense,ForestWetPoor
91375,Equisetum arvense,ForestWetPoor
91376,Equisetum arvense,ForestWetPoor
91377,Equisetum arvense,ForestWetPoor
91378,Equisetum arvense,ForestWetPoor
91379,Equisetum arvense,ForestWetPoor
91380,Equisetum arvense,ForestWetPoor
91381,Equisetum arvense,ForestWetPoor
91382,Equisetum arvense,ForestWetPoor
91383,Equisetum arvense,ForestWetPoor
91384,Equisetum arvense,ForestWetPoor
91385,Equisetum arvense,ForestWetPoor
91386,Equisetum arvense,ForestWetPoor
91387,Equisetum arvense,ForestWetPoor
91388,Equisetum arvense,ForestWetPoor
91389,Equisetum arvense,ForestWetPoor
91390,Equisetum arvense,ForestWetPoor
91391,Equisetum arvense,ForestWetPoor
91392,Equisetum arvense,ForestWetPoor
91393,Equisetum arvense,ForestWetPoor
91394,Equisetum arvense,ForestWetPoor
91395,Equisetum arvense,ForestWetPoor
91396,Equisetum arvense,ForestWetPoor
91397,Equisetum arvense,ForestWetPoor
91398,Equisetum arvense,ForestWetPoor
91399,Equisetum arvense,ForestWetPoor
91400,Equisetum arvense,ForestWetPoor
91401,Equisetum arvense,ForestWetPoor
91402,Equisetum arvense,ForestWetPoor
91403,Equisetum arvense,ForestWetPoor
91404,Equisetum arvense,ForestWetPoor
91405,Equisetum arvense,ForestWetPoor
91406,Equisetum arvense,ForestWetPoor
91407,Equisetum arvense,ForestWetPoor
91408,Equisetum arvense,ForestWetPoor
91409,Equisetum arvense,ForestWetPoor
91410,Equisetum arvense,ForestWetPoor
91411,Equisetum arvense,ForestWetPoor
91412,Equisetum arvense,ForestWetPoor
91413,Equisetum arvense,ForestWetPoor
91414,Equisetum arvense,ForestWetPoor
91415,Equisetum arvense,ForestWetPoor
91416,Equisetum arvense,ForestWetPoor
91417,Equisetum arvense,ForestWetPoor
91418,Equisetum arvense,ForestWetPoor
91419,Equisetum arvense,ForestWetPoor
91420,Equisetum arvense,ForestWetPoor
91421,Equisetum arvense,ForestWetPoor
91422,Equisetum arvense,ForestWetPoor
91423,Equisetum arvense,ForestWetPoor
91424,Equisetum arvense,ForestWetPoor
91970,Equisetum arvense,ForestWetPoor
91971,Equisetum arvense,ForestWetPoor
91972,Equisetum arvense,ForestWetPoor
91973,Equisetum arvense,ForestWetPoor
91974,Equisetum arvense,ForestWetPoor
91975,Equisetum arvense,ForestWetPoor
91976,Equisetum arvense,ForestWetPoor
91977,Equisetum arvense,ForestWetPoor
91978,Equisetum arvense,ForestWetPoor
91979,Equisetum arvense,ForestWetPoor
91980,Equisetum arvense,ForestWetPoor
91981,Equisetum arvense,ForestWetPoor
91982,Equisetum arvense,ForestWetPoor
91983,Equisetum arvense,ForestWetPoor
91984,Equisetum arvense,ForestWetPoor
91985,Equisetum arvense,ForestWetPoor
91986,Equisetum arvense,ForestWetPoor
91987,Equisetum arvense,ForestWetPoor
91988,Equisetum arvense,ForestWetPoor
91989,Equisetum arvense,ForestWetPoor
91990,Equisetum arvense,ForestWetPoor
91991,Equisetum arvense,ForestWetPoor
91992,Equisetum arvense,ForestWetPoor
91993,Equisetum arvense,ForestWetPoor
91994,Equisetum arvense,ForestWetPoor
91995,Equisetum arvense,ForestWetPoor
91996,Equisetum arvense,ForestWetPoor
91997,Equisetum arvense,ForestWetPoor
91998,Equisetum arvense,ForestWetPoor
91999,Equisetum arvense,ForestWetPoor
92000,Equisetum arvense,ForestWetPoor
92001,Equisetum arvense,ForestWetPoor
92002,Equisetum arvense,ForestWetPoor
92003,Equisetum arvense,ForestWetPoor
92004,Equisetum arvense,ForestWetPoor
92005,Equisetum arvense,ForestWetPoor
92006,Equisetum arvense,ForestWetPoor
92007,Equisetum arvense,ForestWetPoor
92008,Equisetum arvense,ForestWetPoor
92009,Equisetum arvense,ForestWetPoor
92010,Equisetum arvense,ForestWetPoor
92011,Equisetum arvense,ForestWetPoor
92012,Equisetum arvense,ForestWetPoor
92013,Equisetum arvense,ForestWetPoor
92014,Equisetum arvense,ForestWetPoor
92015,Equisetum arvense,ForestWetPoor
92016,Equisetum arvense,ForestWetPoor
92017,Equisetum arvense,ForestWetPoor
92018,Equisetum arvense,ForestWetPoor
92019,Equisetum arvense,ForestWetPoor
92020,Equisetum arvense,ForestWetPoor
92021,Equisetum arvense,ForestWetPoor
92022,Equisetum arvense,ForestWetPoor
92023,Equisetum arvense,ForestWetPoor
92569,Equisetum arvense,ForestWetPoor
92570,Equisetum arvense,ForestWetPoor
92571,Equisetum arvense,ForestWetPoor
92572,Equisetum arvense,ForestWetPoor
92573,Equisetum arvense,ForestWetPoor
92574,Equisetum arvense,ForestWetPoor
92575,Equisetum arvense,ForestWetPoor
92576,Equisetum arvense,ForestWetPoor
92577,Equisetum arvense,ForestWetPoor
92578,Equisetum arvense,ForestWetPoor
92579,Equisetum arvense,ForestWetPoor
92580,Equisetum arvense,ForestWetPoor
92581,Equisetum arvense,ForestWetPoor
92582,Equisetum arvense,ForestWetPoor
92583,Equisetum arvense,ForestWetPoor
92584,Equisetum arvense,ForestWetPoor
92585,Equisetum arvense,ForestWetPoor
92586,Equisetum arvense,ForestWetPoor
92587,Equisetum arvense,ForestWetPoor
92588,Equisetum arvense,ForestWetPoor
92589,Equisetum arvense,ForestWetPoor
92590,Equisetum arvense,ForestWetPoor
92591,Equisetum arvense,ForestWetPoor
92592,Equisetum arvense,ForestWetPoor
92593,Equisetum arvense,ForestWetPoor
92594,Equisetum arvense,ForestWetPoor
92595,Equisetum arvense,ForestWetPoor
92596,Equisetum arvense,ForestWetPoor
92597,Equisetum arvense,ForestWetPoor
92598,Equisetum arvense,ForestWetPoor
92599,Equisetum arvense,ForestWetPoor
92600,Equisetum arvense,ForestWetPoor
92601,Equisetum arvense,ForestWetPoor
92602,Equisetum arvense,ForestWetPoor
92603,Equisetum arvense,ForestWetPoor
92604,Equisetum arvense,ForestWetPoor
92605,Equisetum arvense,ForestWetPoor
92606,Equisetum arvense,ForestWetPoor
92607,Equisetum arvense,ForestWetPoor
92608,Equisetum arvense,ForestWetPoor
92609,Equisetum arvense,ForestWetPoor
92610,Equisetum arvense,ForestWetPoor
92611,Equisetum arvense,ForestWetPoor
92612,Equisetum arvense,ForestWetPoor
92613,Equisetum arvense,ForestWetPoor
92614,Equisetum arvense,ForestWetPoor
92615,Equisetum arvense,ForestWetPoor
92616,Equisetum arvense,ForestWetPoor
92617,Equisetum arvense,ForestWetPoor
92618,Equisetum arvense,ForestWetPoor
92619,Equisetum arvense,ForestWetPoor
92620,Equisetum arvense,ForestWetPoor
92621,Equisetum arvense,ForestWetPoor
92622,Equisetum arvense,ForestWetPoor
93167,Equisetum arvense,ForestWetPoor
93168,Equisetum arvense,ForestWetPoor
93169,Equisetum arvense,ForestWetPoor
93170,Equisetum arvense,ForestWetPoor
93171,Equisetum arvense,ForestWetPoor
93172,Equisetum arvense,ForestWetPoor
93173,Equisetum arvense,ForestWetPoor
93174,Equisetum arvense,ForestWetPoor
93175,Equisetum arvense,ForestWetPoor
93176,Equisetum arvense,ForestWetPoor
93177,Equisetum arvense,ForestWetPoor
93178,Equisetum arvense,ForestWetPoor
93179,Equisetum arvense,ForestWetPoor
93180,Equisetum arvense,ForestWetPoor
93181,Equisetum arvense,ForestWetPoor
93182,Equisetum arvense,ForestWetPoor
93183,Equisetum arvense,ForestWetPoor
93184,Equisetum arvense,ForestWetPoor
93185,Equisetum arvense,ForestWetPoor
93186,Equisetum arvense,ForestWetPoor
93187,Equisetum arvense,ForestWetPoor
93188,Equisetum arvense,ForestWetPoor
93189,Equisetum arvense,ForestWetPoor
93190,Equisetum arvense,ForestWetPoor
93191,Equisetum arvense,ForestWetPoor
93192,Equisetum arvense,ForestWetPoor
93193,Equisetum arvense,ForestWetPoor
93194,Equisetum arvense,ForestWetPoor
93195,Equisetum arvense,ForestWetPoor
93196,Equisetum arvense,ForestWetPoor
93197,Equisetum arvense,ForestWetPoor
93198,Equisetum arvense,ForestWetPoor
93199,Equisetum arvense,ForestWetPoor
93200,Equisetum arvense,ForestWetPoor
93201,Equisetum arvense,ForestWetPoor
93202,Equisetum arvense,ForestWetPoor
93203,Equisetum arvense,ForestWetPoor
93204,Equisetum arvense,ForestWetPoor
93205,Equisetum arvense,ForestWetPoor
93206,Equisetum arvense,ForestWetPoor
93207,Equisetum arvense,ForestWetPoor
93208,Equisetum arvense,ForestWetPoor
93209,Equisetum arvense,ForestWetPoor
93210,Equisetum arvense,ForestWetPoor
93211,Equisetum arvense,ForestWetPoor
93212,Equisetum arvense,ForestWetPoor
93213,Equisetum arvense,ForestWetPoor
93214,Equisetum arvense,ForestWetPoor
93215,Equisetum arvense,ForestWetPoor
93216,Equisetum arvense,ForestWetPoor
93217,Equisetum arvense,ForestWetPoor
93218,Equisetum arvense,ForestWetPoor
93219,Equisetum arvense,ForestWetPoor
93220,Equisetum arvense,ForestWetPoor
93221,Equisetum arvense,ForestWetPoor
93766,Equisetum arvense,ForestWetPoor
93767,Equisetum arvense,ForestWetPoor
93768,Equisetum arvense,ForestWetPoor
93769,Equisetum arvense,ForestWetPoor
93770,Equisetum arvense,ForestWetPoor
93771,Equisetum arvense,ForestWetPoor
93772,Equisetum arvense,ForestWetPoor
93773,Equisetum arvense,ForestWetPoor
93774,Equisetum arvense,ForestWetPoor
93775,Equisetum arvense,ForestWetPoor
93776,Equisetum arvense,ForestWetPoor
93777,Equisetum arvense,ForestWetPoor
93778,Equisetum arvense,ForestWetPoor
93779,Equisetum arvense,ForestWetPoor
93780,Equisetum arvense,ForestWetPoor
93781,Equisetum arvense,ForestWetPoor
93782,Equisetum arvense,ForestWetPoor
93783,Equisetum arvense,ForestWetPoor
93784,Equisetum arvense,ForestWetPoor
93785,Equisetum arvense,ForestWetPoor
93786,Equisetum arvense,ForestWetPoor
93787,Equisetum arvense,ForestWetPoor
93788,Equisetum arvense,ForestWetPoor
93789,Equisetum arvense,ForestWetPoor
93790,Equisetum arvense,ForestWetPoor
93791,Equisetum arvense,ForestWetPoor
93792,Equisetum arvense,ForestWetPoor
93793,Equisetum arvense,ForestWetPoor
93794,Equisetum arvense,ForestWetPoor
93795,Equisetum arvense,ForestWetPoor
93796,Equisetum arvense,ForestWetPoor
93797,Equisetum arvense,ForestWetPoor
93798,Equisetum arvense,ForestWetPoor
93799,Equisetum arvense,ForestWetPoor
93800,Equisetum arvense,ForestWetPoor
93801,Equisetum arvense,ForestWetPoor
93802,Equisetum arvense,ForestWetPoor
93803,Equisetum arvense,ForestWetPoor
93804,Equisetum arvense,ForestWetPoor
93805,Equisetum arvense,ForestWetPoor
93806,Equisetum arvense,ForestWetPoor
93807,Equisetum arvense,ForestWetPoor
93808,Equisetum arvense,ForestWetPoor
93809,Equisetum arvense,ForestWetPoor
93810,Equisetum arvense,ForestWetPoor
93811,Equisetum arvense,ForestWetPoor
93812,Equisetum arvense,ForestWetPoor
93813,Equisetum arvense,ForestWetPoor
93814,Equisetum arvense,ForestWetPoor
93815,Equisetum arvense,ForestWetPoor
93816,Equisetum arvense,ForestWetPoor
93817,Equisetum arvense,ForestWetPoor
93818,Equisetum arvense,ForestWetPoor
93819,Equisetum arvense,ForestWetPoor
93820,Equisetum arvense,ForestWetPoor
94365,Equisetum arvense,ForestWetPoor
94366,Equisetum arvense,ForestWetPoor
94367,Equisetum arvense,ForestWetPoor
94368,Equisetum arvense,ForestWetPoor
94369,Equisetum arvense,ForestWetPoor
94370,Equisetum arvense,ForestWetPoor
94371,Equisetum arvense,ForestWetPoor
94372,Equisetum arvense,ForestWetPoor
94373,Equisetum arvense,ForestWetPoor
94374,Equisetum arvense,ForestWetPoor
94375,Equisetum arvense,ForestWetPoor
94376,Equisetum arvense,ForestWetPoor
94377,Equisetum arvense,ForestWetPoor
94378,Equisetum arvense,ForestWetPoor
94379,Equisetum arvense,ForestWetPoor
94380,Equisetum arvense,ForestWetPoor
94381,Equisetum arvense,ForestWetPoor
94382,Equisetum arvense,ForestWetPoor
94383,Equisetum arvense,ForestWetPoor
94384,Equisetum arvense,ForestWetPoor
94385,Equisetum arvense,ForestWetPoor
94386,Equisetum arvense,ForestWetPoor
94387,Equisetum arvense,ForestWetPoor
94388,Equisetum arvense,ForestWetPoor
94389,Equisetum arvense,ForestWetPoor
94390,Equisetum arvense,ForestWetPoor
94391,Equisetum arvense,ForestWetPoor
94392,Equisetum arvense,ForestWetPoor
94393,Equisetum arvense,ForestWetPoor
94394,Equisetum arvense,ForestWetPoor
94395,Equisetum arvense,ForestWetPoor
94396,Equisetum arvense,ForestWetPoor
94397,Equisetum arvense,ForestWetPoor
94398,Equisetum arvense,ForestWetPoor
94399,Equisetum arvense,ForestWetPoor
94400,Equisetum arvense,ForestWetPoor
94401,Equisetum arvense,ForestWetPoor
94402,Equisetum arvense,ForestWetPoor
94403,Equisetum arvense,ForestWetPoor
94404,Equisetum arvense,ForestWetPoor
94405,Equisetum arvense,ForestWetPoor
94406,Equisetum arvense,ForestWetPoor
94407,Equisetum arvense,ForestWetPoor
94408,Equisetum arvense,ForestWetPoor
94409,Equisetum arvense,ForestWetPoor
94410,Equisetum arvense,ForestWetPoor
94411,Equisetum arvense,ForestWetPoor
94412,Equisetum arvense,ForestWetPoor
94413,Equisetum arvense,ForestWetPoor
94414,Equisetum arvense,ForestWetPoor
94415,Equisetum arvense,ForestWetPoor
94416,Equisetum arvense,ForestWetPoor
94417,Equisetum arvense,ForestWetPoor
94418,Equisetum arvense,ForestWetPoor
94419,Equisetum arvense,ForestWetPoor
94964,Equisetum arvense,ForestWetPoor
94965,Equisetum arvense,ForestWetPoor
94966,Equisetum arvense,ForestWetPoor
94967,Equisetum arvense,ForestWetPoor
94968,Equisetum arvense,ForestWetPoor
94969,Equisetum arvense,ForestWetPoor
94970,Equisetum arvense,ForestWetPoor
94971,Equisetum arvense,ForestWetPoor
94972,Equisetum arvense,ForestWetPoor
94973,Equisetum arvense,ForestWetPoor
94974,Equisetum arvense,ForestWetPoor
94975,Equisetum arvense,ForestWetPoor
94976,Equisetum arvense,ForestWetPoor
94977,Equisetum arvense,ForestWetPoor
94978,Equisetum arvense,ForestWetPoor
94979,Equisetum arvense,ForestWetPoor
94980,Equisetum arvense,ForestWetPoor
94981,Equisetum arvense,ForestWetPoor
94982,Equisetum arvense,ForestWetPoor
94983,Equisetum arvense,ForestWetPoor
94984,Equisetum arvense,ForestWetPoor
94985,Equisetum arvense,ForestWetPoor
94986,Equisetum arvense,ForestWetPoor
94987,Equisetum arvense,ForestWetPoor
94988,Equisetum arvense,ForestWetPoor
94989,Equisetum arvense,ForestWetPoor
94990,Equisetum arvense,ForestWetPoor
94991,Equisetum arvense,ForestWetPoor
94992,Equisetum arvense,ForestWetPoor
94993,Equisetum arvense,ForestWetPoor
94994,Equisetum arvense,ForestWetPoor
94995,Equisetum arvense,ForestWetPoor
94996,Equisetum arvense,ForestWetPoor
94997,Equisetum arvense,ForestWetPoor
94998,Equisetum arvense,ForestWetPoor
94999,Equisetum arvense,ForestWetPoor
95000,Equisetum arvense,ForestWetPoor
95001,Equisetum arvense,ForestWetPoor
95002,Equisetum arvense,ForestWetPoor
95003,Equisetum arvense,ForestWetPoor
95004,Equisetum arvense,ForestWetPoor
95005,Equisetum arvense,ForestWetPoor
95006,Equisetum arvense,ForestWetPoor
95007,Equisetum arvense,ForestWetPoor
95008,Equisetum arvense,ForestWetPoor
95009,Equisetum arvense,ForestWetPoor
95010,Equisetum arvense,ForestWetPoor
95011,Equisetum arvense,ForestWetPoor
95012,Equisetum arvense,ForestWetPoor
95013,Equisetum arvense,ForestWetPoor
95014,Equisetum arvense,ForestWetPoor
95015,Equisetum arvense,ForestWetPoor
95016,Equisetum arvense,ForestWetPoor
95017,Equisetum arvense,ForestWetPoor
95018,Equisetum arvense,ForestWetPoor
95563,Equisetum arvense,ForestWetPoor
95564,Equisetum arvense,ForestWetPoor
95565,Equisetum arvense,ForestWetPoor
95566,Equisetum arvense,ForestWetPoor
95567,Equisetum arvense,ForestWetPoor
95568,Equisetum arvense,ForestWetPoor
95569,Equisetum arvense,ForestWetPoor
95570,Equisetum arvense,ForestWetPoor
95571,Equisetum arvense,ForestWetPoor
95572,Equisetum arvense,ForestWetPoor
95573,Equisetum arvense,ForestWetPoor
95574,Equisetum arvense,ForestWetPoor
95575,Equisetum arvense,ForestWetPoor
95576,Equisetum arvense,ForestWetPoor
95577,Equisetum arvense,ForestWetPoor
95578,Equisetum arvense,ForestWetPoor
95579,Equisetum arvense,ForestWetPoor
95580,Equisetum arvense,ForestWetPoor
95581,Equisetum arvense,ForestWetPoor
95582,Equisetum arvense,ForestWetPoor
95583,Equisetum arvense,ForestWetPoor
95584,Equisetum arvense,ForestWetPoor
95585,Equisetum arvense,ForestWetPoor
95586,Equisetum arvense,ForestWetPoor
95587,Equisetum arvense,ForestWetPoor
95588,Equisetum arvense,ForestWetPoor
95589,Equisetum arvense,ForestWetPoor
95590,Equisetum arvense,ForestWetPoor
95591,Equisetum arvense,ForestWetPoor
95592,Equisetum arvense,ForestWetPoor
95593,Equisetum arvense,ForestWetPoor
95594,Equisetum arvense,ForestWetPoor
95595,Equisetum arvense,ForestWetPoor
95596,Equisetum arvense,ForestWetPoor
95597,Equisetum arvense,ForestWetPoor
95598,Equisetum arvense,ForestWetPoor
95599,Equisetum arvense,ForestWetPoor
95600,Equisetum arvense,ForestWetPoor
95601,Equisetum arvense,ForestWetPoor
95602,Equisetum arvense,ForestWetPoor
95603,Equisetum arvense,ForestWetPoor
95604,Equisetum arvense,ForestWetPoor
95605,Equisetum arvense,ForestWetPoor
95606,Equisetum arvense,ForestWetPoor
95607,Equisetum arvense,ForestWetPoor
95608,Equisetum arvense,ForestWetPoor
95609,Equisetum arvense,ForestWetPoor
95610,Equisetum arvense,ForestWetPoor
95611,Equisetum arvense,ForestWetPoor
95612,Equisetum arvense,ForestWetPoor
95613,Equisetum arvense,ForestWetPoor
95614,Equisetum arvense,ForestWetPoor
95615,Equisetum arvense,ForestWetPoor
95616,Equisetum arvense,ForestWetPoor
95617,Equisetum arvense,ForestWetPoor
96162,Equisetum arvense,ForestWetPoor
96163,Equisetum arvense,ForestWetPoor
96164,Equisetum arvense,ForestWetPoor
96165,Equisetum arvense,ForestWetPoor
96166,Equisetum arvense,ForestWetPoor
96167,Equisetum arvense,ForestWetPoor
96168,Equisetum arvense,ForestWetPoor
96169,Equisetum arvense,ForestWetPoor
96170,Equisetum arvense,ForestWetPoor
96171,Equisetum arvense,ForestWetPoor
96172,Equisetum arvense,ForestWetPoor
96173,Equisetum arvense,ForestWetPoor
96174,Equisetum arvense,ForestWetPoor
96175,Equisetum arvense,ForestWetPoor
96176,Equisetum arvense,ForestWetPoor
96177,Equisetum arvense,ForestWetPoor
96178,Equisetum arvense,ForestWetPoor
96179,Equisetum arvense,ForestWetPoor
96180,Equisetum arvense,ForestWetPoor
96181,Equisetum arvense,ForestWetPoor
96182,Equisetum arvense,ForestWetPoor
96183,Equisetum arvense,ForestWetPoor
96184,Equisetum arvense,ForestWetPoor
96185,Equisetum arvense,ForestWetPoor
96186,Equisetum arvense,ForestWetPoor
96187,Equisetum arvense,ForestWetPoor
96188,Equisetum arvense,ForestWetPoor
96189,Equisetum arvense,ForestWetPoor
96190,Equisetum arvense,ForestWetPoor
96191,Equisetum arvense,ForestWetPoor
96192,Equisetum arvense,ForestWetPoor
96193,Equisetum arvense,ForestWetPoor
96194,Equisetum arvense,ForestWetPoor
96195,Equisetum arvense,ForestWetPoor
96196,Equisetum arvense,ForestWetPoor
96197,Equisetum arvense,ForestWetPoor
96198,Equisetum arvense,ForestWetPoor
96199,Equisetum arvense,ForestWetPoor
96200,Equisetum arvense,ForestWetPoor
96201,Equisetum arvense,ForestWetPoor
96202,Equisetum arvense,ForestWetPoor
96203,Equisetum arvense,ForestWetPoor
96204,Equisetum arvense,ForestWetPoor
96205,Equisetum arvense,ForestWetPoor
96206,Equisetum arvense,ForestWetPoor
96207,Equisetum arvense,ForestWetPoor
96208,Equisetum arvense,ForestWetPoor
96209,Equisetum arvense,ForestWetPoor
96210,Equisetum arvense,ForestWetPoor
96211,Equisetum arvense,ForestWetPoor
96212,Equisetum arvense,ForestWetPoor
96213,Equisetum arvense,ForestWetPoor
96214,Equisetum arvense,ForestWetPoor
96215,Equisetum arvense,ForestWetPoor
96216,Equisetum arvense,ForestWetPoor
96761,Equisetum arvense,ForestWetPoor
96762,Equisetum arvense,ForestWetPoor
96763,Equisetum arvense,ForestWetPoor
96764,Equisetum arvense,ForestWetPoor
96765,Equisetum arvense,ForestWetPoor
96766,Equisetum arvense,ForestWetPoor
96767,Equisetum arvense,ForestWetPoor
96768,Equisetum arvense,ForestWetPoor
96769,Equisetum arvense,ForestWetPoor
96770,Equisetum arvense,ForestWetPoor
96771,Equisetum arvense,ForestWetPoor
96772,Equisetum arvense,ForestWetPoor
96773,Equisetum arvense,ForestWetPoor
96774,Equisetum arvense,ForestWetPoor
96775,Equisetum arvense,ForestWetPoor
96776,Equisetum arvense,ForestWetPoor
96777,Equisetum arvense,ForestWetPoor
96778,Equisetum arvense,ForestWetPoor
96779,Equisetum arvense,ForestWetPoor
96780,Equisetum arvense,ForestWetPoor
96781,Equisetum arvense,ForestWetPoor
96782,Equisetum arvense,ForestWetPoor
96783,Equisetum arvense,ForestWetPoor
96784,Equisetum arvense,ForestWetPoor
96785,Equisetum arvense,ForestWetPoor
96786,Equisetum arvense,ForestWetPoor
96787,Equisetum arvense,ForestWetPoor
96788,Equisetum arvense,ForestWetPoor
96789,Equisetum arvense,ForestWetPoor
96790,Equisetum arvense,ForestWetPoor
96791,Equisetum arvense,ForestWetPoor
96792,Equisetum arvense,ForestWetPoor
96793,Equisetum arvense,ForestWetPoor
96794,Equisetum arvense,ForestWetPoor
96795,Equisetum arvense,ForestWetPoor
96796,Equisetum arvense,ForestWetPoor
96797,Equisetum arvense,ForestWetPoor
96798,Equisetum arvense,ForestWetPoor
96799,Equisetum arvense,ForestWetPoor
96800,Equisetum arvense,ForestWetPoor
96801,Equisetum arvense,ForestWetPoor
96802,Equisetum arvense,ForestWetPoor
96803,Equisetum arvense,ForestWetPoor
96804,Equisetum arvense,ForestWetPoor
96805,Equisetum arvense,ForestWetPoor
96806,Equisetum arvense,ForestWetPoor
96807,Equisetum arvense,ForestWetPoor
96808,Equisetum arvense,ForestWetPoor
96809,Equisetum arvense,ForestWetPoor
96810,Equisetum arvense,ForestWetPoor
96811,Equisetum arvense,ForestWetPoor
96812,Equisetum arvense,ForestWetPoor
96813,Equisetum arvense,ForestWetPoor
96814,Equisetum arvense,ForestWetPoor
96815,Equisetum arvense,ForestWetPoor
97360,Equisetum arvense,ForestWetPoor
97361,Equisetum arvense,ForestWetPoor
97362,Equisetum arvense,ForestWetPoor
97363,Equisetum arvense,ForestWetPoor
97364,Equisetum arvense,ForestWetPoor
97365,Equisetum arvense,ForestWetPoor
97366,Equisetum arvense,ForestWetPoor
97367,Equisetum arvense,ForestWetPoor
97368,Equisetum arvense,ForestWetPoor
97369,Equisetum arvense,ForestWetPoor
97370,Equisetum arvense,ForestWetPoor
97371,Equisetum arvense,ForestWetPoor
97372,Equisetum arvense,ForestWetPoor
97373,Equisetum arvense,ForestWetPoor
97374,Equisetum arvense,ForestWetPoor
97375,Equisetum arvense,ForestWetPoor
97376,Equisetum arvense,ForestWetPoor
97377,Equisetum arvense,ForestWetPoor
97378,Equisetum arvense,ForestWetPoor
97379,Equisetum arvense,ForestWetPoor
97380,Equisetum arvense,ForestWetPoor
97381,Equisetum arvense,ForestWetPoor
97382,Equisetum arvense,ForestWetPoor
97383,Equisetum arvense,ForestWetPoor
97384,Equisetum arvense,ForestWetPoor
97385,Equisetum arvense,ForestWetPoor
97386,Equisetum arvense,ForestWetPoor
97387,Equisetum arvense,ForestWetPoor
97388,Equisetum arvense,ForestWetPoor
97389,Equisetum arvense,ForestWetPoor
97390,Equisetum arvense,ForestWetPoor
97391,Equisetum arvense,ForestWetPoor
97392,Equisetum arvense,ForestWetPoor
97393,Equisetum arvense,ForestWetPoor
97394,Equisetum arvense,ForestWetPoor
97395,Equisetum arvense,ForestWetPoor
97396,Equisetum arvense,ForestWetPoor
97397,Equisetum arvense,ForestWetPoor
97398,Equisetum arvense,ForestWetPoor
97399,Equisetum arvense,ForestWetPoor
97400,Equisetum arvense,ForestWetPoor
97401,Equisetum arvense,ForestWetPoor
97402,Equisetum arvense,ForestWetPoor
97403,Equisetum arvense,ForestWetPoor
97404,Equisetum arvense,ForestWetPoor
97405,Equisetum arvense,ForestWetPoor
97406,Equisetum arvense,ForestWetPoor
97407,Equisetum arvense,ForestWetPoor
97408,Equisetum arvense,ForestWetPoor
97409,Equisetum arvense,ForestWetPoor
97410,Equisetum arvense,ForestWetPoor
97411,Equisetum arvense,ForestWetPoor
97412,Equisetum arvense,ForestWetPoor
97413,Equisetum arvense,ForestWetPoor
97414,Equisetum arvense,ForestWetPoor
97959,Equisetum arvense,ForestWetPoor
97960,Equisetum arvense,ForestWetPoor
97961,Equisetum arvense,ForestWetPoor
97962,Equisetum arvense,ForestWetPoor
97963,Equisetum arvense,ForestWetPoor
97964,Equisetum arvense,ForestWetPoor
97965,Equisetum arvense,ForestWetPoor
97966,Equisetum arvense,ForestWetPoor
97967,Equisetum arvense,ForestWetPoor
97968,Equisetum arvense,ForestWetPoor
97969,Equisetum arvense,ForestWetPoor
97970,Equisetum arvense,ForestWetPoor
97971,Equisetum arvense,ForestWetPoor
97972,Equisetum arvense,ForestWetPoor
97973,Equisetum arvense,ForestWetPoor
97974,Equisetum arvense,ForestWetPoor
97975,Equisetum arvense,ForestWetPoor
97976,Equisetum arvense,ForestWetPoor
97977,Equisetum arvense,ForestWetPoor
97978,Equisetum arvense,ForestWetPoor
97979,Equisetum arvense,ForestWetPoor
97980,Equisetum arvense,ForestWetPoor
97981,Equisetum arvense,ForestWetPoor
97982,Equisetum arvense,ForestWetPoor
97983,Equisetum arvense,ForestWetPoor
97984,Equisetum arvense,ForestWetPoor
97985,Equisetum arvense,ForestWetPoor
97986,Equisetum arvense,ForestWetPoor
97987,Equisetum arvense,ForestWetPoor
97988,Equisetum arvense,ForestWetPoor
97989,Equisetum arvense,ForestWetPoor
97990,Equisetum arvense,ForestWetPoor
97991,Equisetum arvense,ForestWetPoor
97992,Equisetum arvense,ForestWetPoor
97993,Equisetum arvense,ForestWetPoor
97994,Equisetum arvense,ForestWetPoor
97995,Equisetum arvense,ForestWetPoor
97996,Equisetum arvense,ForestWetPoor
97997,Equisetum arvense,ForestWetPoor
97998,Equisetum arvense,ForestWetPoor
97999,Equisetum arvense,ForestWetPoor
98000,Equisetum arvense,ForestWetPoor
98001,Equisetum arvense,ForestWetPoor
98002,Equisetum arvense,ForestWetPoor
98003,Equisetum arvense,ForestWetPoor
98004,Equisetum arvense,ForestWetPoor
98005,Equisetum arvense,ForestWetPoor
98006,Equisetum arvense,ForestWetPoor
98007,Equisetum arvense,ForestWetPoor
98008,Equisetum arvense,ForestWetPoor
98009,Equisetum arvense,ForestWetPoor
98010,Equisetum arvense,ForestWetPoor
98011,Equisetum arvense,ForestWetPoor
98012,Equisetum arvense,ForestWetPoor
98013,Equisetum arvense,ForestWetPoor
