114876,Rumex thyrsiflorus,ForestWetRich
114877,Rumex thyrsiflorus,ForestWetRich
114878,Rumex thyrsiflorus,ForestWetRich
114879,Rumex thyrsiflorus,ForestWetRich
114880,Rumex thyrsiflorus,ForestWetRich
114881,Rumex thyrsiflorus,ForestWetRich
114882,Rumex thyrsiflorus,ForestWetRich
114883,Rumex thyrsiflorus,ForestWetRich
114884,Rumex thyrsiflorus,ForestWetRich
114885,Rumex thyrsiflorus,ForestWetRich
115469,Rumex thyrsiflorus,ForestWetRich
115470,Rumex thyrsiflorus,ForestWetRich
115471,Rumex thyrsiflorus,ForestWetRich
115472,Rumex thyrsiflorus,ForestWetRich
115473,Rumex thyrsiflorus,ForestWetRich
115474,Rumex thyrsiflorus,ForestWetRich
115475,Rumex thyrsiflorus,ForestWetRich
115476,Rumex thyrsiflorus,ForestWetRich
115477,Rumex thyrsiflorus,ForestWetRich
115478,Rumex thyrsiflorus,ForestWetRich
115479,Rumex thyrsiflorus,ForestWetRich
115480,Rumex thyrsiflorus,ForestWetRich
115481,Rumex thyrsiflorus,ForestWetRich
115482,Rumex thyrsiflorus,ForestWetRich
115483,Rumex thyrsiflorus,ForestWetRich
115484,Rumex thyrsiflorus,ForestWetRich
116064,Rumex thyrsiflorus,ForestWetRich
116065,Rumex thyrsiflorus,ForestWetRich
116066,Rumex thyrsiflorus,ForestWetRich
116067,Rumex thyrsiflorus,ForestWetRich
116068,Rumex thyrsiflorus,ForestWetRich
116069,Rumex thyrsiflorus,ForestWetRich
116070,Rumex thyrsiflorus,ForestWetRich
116071,Rumex thyrsiflorus,ForestWetRich
116072,Rumex thyrsiflorus,ForestWetRich
116073,Rumex thyrsiflorus,ForestWetRich
116074,Rumex thyrsiflorus,ForestWetRich
116075,Rumex thyrsiflorus,ForestWetRich
116076,Rumex thyrsiflorus,ForestWetRich
116077,Rumex thyrsiflorus,ForestWetRich
116078,Rumex thyrsiflorus,ForestWetRich
116079,Rumex thyrsiflorus,ForestWetRich
116080,Rumex thyrsiflorus,ForestWetRich
116081,Rumex thyrsiflorus,ForestWetRich
116082,Rumex thyrsiflorus,ForestWetRich
116083,Rumex thyrsiflorus,ForestWetRich
116660,Rumex thyrsiflorus,ForestWetRich
116661,Rumex thyrsiflorus,ForestWetRich
116662,Rumex thyrsiflorus,ForestWetRich
116663,Rumex thyrsiflorus,ForestWetRich
116664,Rumex thyrsiflorus,ForestWetRich
116665,Rumex thyrsiflorus,ForestWetRich
116666,Rumex thyrsiflorus,ForestWetRich
116667,Rumex thyrsiflorus,ForestWetRich
116668,Rumex thyrsiflorus,ForestWetRich
116669,Rumex thyrsiflorus,ForestWetRich
116670,Rumex thyrsiflorus,ForestWetRich
116671,Rumex thyrsiflorus,ForestWetRich
116672,Rumex thyrsiflorus,ForestWetRich
116673,Rumex thyrsiflorus,ForestWetRich
116674,Rumex thyrsiflorus,ForestWetRich
116675,Rumex thyrsiflorus,ForestWetRich
116676,Rumex thyrsiflorus,ForestWetRich
116677,Rumex thyrsiflorus,ForestWetRich
116678,Rumex thyrsiflorus,ForestWetRich
116679,Rumex thyrsiflorus,ForestWetRich
116680,Rumex thyrsiflorus,ForestWetRich
116681,Rumex thyrsiflorus,ForestWetRich
116682,Rumex thyrsiflorus,ForestWetRich
117257,Rumex thyrsiflorus,ForestWetRich
117258,Rumex thyrsiflorus,ForestWetRich
117259,Rumex thyrsiflorus,ForestWetRich
117260,Rumex thyrsiflorus,ForestWetRich
117261,Rumex thyrsiflorus,ForestWetRich
117262,Rumex thyrsiflorus,ForestWetRich
117263,Rumex thyrsiflorus,ForestWetRich
117264,Rumex thyrsiflorus,ForestWetRich
117265,Rumex thyrsiflorus,ForestWetRich
117266,Rumex thyrsiflorus,ForestWetRich
117267,Rumex thyrsiflorus,ForestWetRich
117268,Rumex thyrsiflorus,ForestWetRich
117269,Rumex thyrsiflorus,ForestWetRich
117270,Rumex thyrsiflorus,ForestWetRich
117271,Rumex thyrsiflorus,ForestWetRich
117272,Rumex thyrsiflorus,ForestWetRich
117273,Rumex thyrsiflorus,ForestWetRich
117274,Rumex thyrsiflorus,ForestWetRich
117275,Rumex thyrsiflorus,ForestWetRich
117276,Rumex thyrsiflorus,ForestWetRich
117277,Rumex thyrsiflorus,ForestWetRich
117278,Rumex thyrsiflorus,ForestWetRich
117279,Rumex thyrsiflorus,ForestWetRich
117280,Rumex thyrsiflorus,ForestWetRich
117281,Rumex thyrsiflorus,ForestWetRich
117854,Rumex thyrsiflorus,ForestWetRich
117855,Rumex thyrsiflorus,ForestWetRich
117856,Rumex thyrsiflorus,ForestWetRich
117857,Rumex thyrsiflorus,ForestWetRich
117858,Rumex thyrsiflorus,ForestWetRich
117859,Rumex thyrsiflorus,ForestWetRich
117860,Rumex thyrsiflorus,ForestWetRich
117861,Rumex thyrsiflorus,ForestWetRich
117862,Rumex thyrsiflorus,ForestWetRich
117863,Rumex thyrsiflorus,ForestWetRich
117864,Rumex thyrsiflorus,ForestWetRich
117865,Rumex thyrsiflorus,ForestWetRich
117866,Rumex thyrsiflorus,ForestWetRich
117867,Rumex thyrsiflorus,ForestWetRich
117868,Rumex thyrsiflorus,ForestWetRich
117869,Rumex thyrsiflorus,ForestWetRich
117870,Rumex thyrsiflorus,ForestWetRich
117871,Rumex thyrsiflorus,ForestWetRich
117872,Rumex thyrsiflorus,ForestWetRich
117873,Rumex thyrsiflorus,ForestWetRich
117874,Rumex thyrsiflorus,ForestWetRich
117875,Rumex thyrsiflorus,ForestWetRich
117876,Rumex thyrsiflorus,ForestWetRich
117877,Rumex thyrsiflorus,ForestWetRich
117878,Rumex thyrsiflorus,ForestWetRich
117879,Rumex thyrsiflorus,ForestWetRich
117880,Rumex thyrsiflorus,ForestWetRich
118451,Rumex thyrsiflorus,ForestWetRich
118452,Rumex thyrsiflorus,ForestWetRich
118453,Rumex thyrsiflorus,ForestWetRich
118454,Rumex thyrsiflorus,ForestWetRich
118455,Rumex thyrsiflorus,ForestWetRich
118456,Rumex thyrsiflorus,ForestWetRich
118457,Rumex thyrsiflorus,ForestWetRich
118458,Rumex thyrsiflorus,ForestWetRich
118459,Rumex thyrsiflorus,ForestWetRich
118460,Rumex thyrsiflorus,ForestWetRich
118461,Rumex thyrsiflorus,ForestWetRich
118462,Rumex thyrsiflorus,ForestWetRich
118463,Rumex thyrsiflorus,ForestWetRich
118464,Rumex thyrsiflorus,ForestWetRich
118465,Rumex thyrsiflorus,ForestWetRich
118466,Rumex thyrsiflorus,ForestWetRich
118467,Rumex thyrsiflorus,ForestWetRich
118468,Rumex thyrsiflorus,ForestWetRich
118469,Rumex thyrsiflorus,ForestWetRich
118470,Rumex thyrsiflorus,ForestWetRich
118471,Rumex thyrsiflorus,ForestWetRich
118472,Rumex thyrsiflorus,ForestWetRich
118473,Rumex thyrsiflorus,ForestWetRich
118474,Rumex thyrsiflorus,ForestWetRich
118475,Rumex thyrsiflorus,ForestWetRich
118476,Rumex thyrsiflorus,ForestWetRich
118477,Rumex thyrsiflorus,ForestWetRich
118478,Rumex thyrsiflorus,ForestWetRich
118479,Rumex thyrsiflorus,ForestWetRich
119048,Rumex thyrsiflorus,ForestWetRich
119049,Rumex thyrsiflorus,ForestWetRich
119050,Rumex thyrsiflorus,ForestWetRich
119051,Rumex thyrsiflorus,ForestWetRich
119052,Rumex thyrsiflorus,ForestWetRich
119053,Rumex thyrsiflorus,ForestWetRich
119054,Rumex thyrsiflorus,ForestWetRich
119055,Rumex thyrsiflorus,ForestWetRich
119056,Rumex thyrsiflorus,ForestWetRich
119057,Rumex thyrsiflorus,ForestWetRich
119058,Rumex thyrsiflorus,ForestWetRich
119059,Rumex thyrsiflorus,ForestWetRich
119060,Rumex thyrsiflorus,ForestWetRich
119061,Rumex thyrsiflorus,ForestWetRich
119062,Rumex thyrsiflorus,ForestWetRich
119063,Rumex thyrsiflorus,ForestWetRich
119064,Rumex thyrsiflorus,ForestWetRich
119065,Rumex thyrsiflorus,ForestWetRich
119066,Rumex thyrsiflorus,ForestWetRich
119067,Rumex thyrsiflorus,ForestWetRich
119068,Rumex thyrsiflorus,ForestWetRich
119069,Rumex thyrsiflorus,ForestWetRich
119070,Rumex thyrsiflorus,ForestWetRich
119071,Rumex thyrsiflorus,ForestWetRich
119072,Rumex thyrsiflorus,ForestWetRich
119073,Rumex thyrsiflorus,ForestWetRich
119074,Rumex thyrsiflorus,ForestWetRich
119075,Rumex thyrsiflorus,ForestWetRich
119076,Rumex thyrsiflorus,ForestWetRich
119077,Rumex thyrsiflorus,ForestWetRich
119078,Rumex thyrsiflorus,ForestWetRich
119646,Rumex thyrsiflorus,ForestWetRich
119647,Rumex thyrsiflorus,ForestWetRich
119648,Rumex thyrsiflorus,ForestWetRich
119649,Rumex thyrsiflorus,ForestWetRich
119650,Rumex thyrsiflorus,ForestWetRich
119651,Rumex thyrsiflorus,ForestWetRich
119652,Rumex thyrsiflorus,ForestWetRich
119653,Rumex thyrsiflorus,ForestWetRich
119654,Rumex thyrsiflorus,ForestWetRich
119655,Rumex thyrsiflorus,ForestWetRich
119656,Rumex thyrsiflorus,ForestWetRich
119657,Rumex thyrsiflorus,ForestWetRich
119658,Rumex thyrsiflorus,ForestWetRich
119659,Rumex thyrsiflorus,ForestWetRich
119660,Rumex thyrsiflorus,ForestWetRich
119661,Rumex thyrsiflorus,ForestWetRich
119662,Rumex thyrsiflorus,ForestWetRich
119663,Rumex thyrsiflorus,ForestWetRich
119664,Rumex thyrsiflorus,ForestWetRich
119665,Rumex thyrsiflorus,ForestWetRich
119666,Rumex thyrsiflorus,ForestWetRich
119667,Rumex thyrsiflorus,ForestWetRich
119668,Rumex thyrsiflorus,ForestWetRich
119669,Rumex thyrsiflorus,ForestWetRich
119670,Rumex thyrsiflorus,ForestWetRich
119671,Rumex thyrsiflorus,ForestWetRich
119672,Rumex thyrsiflorus,ForestWetRich
119673,Rumex thyrsiflorus,ForestWetRich
119674,Rumex thyrsiflorus,ForestWetRich
119675,Rumex thyrsiflorus,ForestWetRich
119676,Rumex thyrsiflorus,ForestWetRich
119677,Rumex thyrsiflorus,ForestWetRich
120243,Rumex thyrsiflorus,ForestWetRich
120244,Rumex thyrsiflorus,ForestWetRich
120245,Rumex thyrsiflorus,ForestWetRich
120246,Rumex thyrsiflorus,ForestWetRich
120247,Rumex thyrsiflorus,ForestWetRich
120248,Rumex thyrsiflorus,ForestWetRich
120249,Rumex thyrsiflorus,ForestWetRich
120250,Rumex thyrsiflorus,ForestWetRich
120251,Rumex thyrsiflorus,ForestWetRich
120252,Rumex thyrsiflorus,ForestWetRich
120253,Rumex thyrsiflorus,ForestWetRich
120254,Rumex thyrsiflorus,ForestWetRich
120255,Rumex thyrsiflorus,ForestWetRich
120256,Rumex thyrsiflorus,ForestWetRich
120257,Rumex thyrsiflorus,ForestWetRich
120258,Rumex thyrsiflorus,ForestWetRich
120259,Rumex thyrsiflorus,ForestWetRich
120260,Rumex thyrsiflorus,ForestWetRich
120261,Rumex thyrsiflorus,ForestWetRich
120262,Rumex thyrsiflorus,ForestWetRich
120263,Rumex thyrsiflorus,ForestWetRich
120264,Rumex thyrsiflorus,ForestWetRich
120265,Rumex thyrsiflorus,ForestWetRich
120266,Rumex thyrsiflorus,ForestWetRich
120267,Rumex thyrsiflorus,ForestWetRich
120268,Rumex thyrsiflorus,ForestWetRich
120269,Rumex thyrsiflorus,ForestWetRich
120270,Rumex thyrsiflorus,ForestWetRich
120271,Rumex thyrsiflorus,ForestWetRich
120272,Rumex thyrsiflorus,ForestWetRich
120273,Rumex thyrsiflorus,ForestWetRich
120274,Rumex thyrsiflorus,ForestWetRich
120275,Rumex thyrsiflorus,ForestWetRich
120276,Rumex thyrsiflorus,ForestWetRich
120841,Rumex thyrsiflorus,ForestWetRich
120842,Rumex thyrsiflorus,ForestWetRich
120843,Rumex thyrsiflorus,ForestWetRich
120844,Rumex thyrsiflorus,ForestWetRich
120845,Rumex thyrsiflorus,ForestWetRich
120846,Rumex thyrsiflorus,ForestWetRich
120847,Rumex thyrsiflorus,ForestWetRich
120848,Rumex thyrsiflorus,ForestWetRich
120849,Rumex thyrsiflorus,ForestWetRich
120850,Rumex thyrsiflorus,ForestWetRich
120851,Rumex thyrsiflorus,ForestWetRich
120852,Rumex thyrsiflorus,ForestWetRich
120853,Rumex thyrsiflorus,ForestWetRich
120854,Rumex thyrsiflorus,ForestWetRich
120855,Rumex thyrsiflorus,ForestWetRich
120856,Rumex thyrsiflorus,ForestWetRich
120857,Rumex thyrsiflorus,ForestWetRich
120858,Rumex thyrsiflorus,ForestWetRich
120859,Rumex thyrsiflorus,ForestWetRich
120860,Rumex thyrsiflorus,ForestWetRich
120861,Rumex thyrsiflorus,ForestWetRich
120862,Rumex thyrsiflorus,ForestWetRich
120863,Rumex thyrsiflorus,ForestWetRich
120864,Rumex thyrsiflorus,ForestWetRich
120865,Rumex thyrsiflorus,ForestWetRich
120866,Rumex thyrsiflorus,ForestWetRich
120867,Rumex thyrsiflorus,ForestWetRich
120868,Rumex thyrsiflorus,ForestWetRich
120869,Rumex thyrsiflorus,ForestWetRich
120870,Rumex thyrsiflorus,ForestWetRich
120871,Rumex thyrsiflorus,ForestWetRich
120872,Rumex thyrsiflorus,ForestWetRich
120873,Rumex thyrsiflorus,ForestWetRich
120874,Rumex thyrsiflorus,ForestWetRich
120875,Rumex thyrsiflorus,ForestWetRich
121439,Rumex thyrsiflorus,ForestWetRich
121440,Rumex thyrsiflorus,ForestWetRich
121441,Rumex thyrsiflorus,ForestWetRich
121442,Rumex thyrsiflorus,ForestWetRich
121443,Rumex thyrsiflorus,ForestWetRich
121444,Rumex thyrsiflorus,ForestWetRich
121445,Rumex thyrsiflorus,ForestWetRich
121446,Rumex thyrsiflorus,ForestWetRich
121447,Rumex thyrsiflorus,ForestWetRich
121448,Rumex thyrsiflorus,ForestWetRich
121449,Rumex thyrsiflorus,ForestWetRich
121450,Rumex thyrsiflorus,ForestWetRich
121451,Rumex thyrsiflorus,ForestWetRich
121452,Rumex thyrsiflorus,ForestWetRich
121453,Rumex thyrsiflorus,ForestWetRich
121454,Rumex thyrsiflorus,ForestWetRich
121455,Rumex thyrsiflorus,ForestWetRich
121456,Rumex thyrsiflorus,ForestWetRich
121457,Rumex thyrsiflorus,ForestWetRich
121458,Rumex thyrsiflorus,ForestWetRich
121459,Rumex thyrsiflorus,ForestWetRich
121460,Rumex thyrsiflorus,ForestWetRich
121461,Rumex thyrsiflorus,ForestWetRich
121462,Rumex thyrsiflorus,ForestWetRich
121463,Rumex thyrsiflorus,ForestWetRich
121464,Rumex thyrsiflorus,ForestWetRich
121465,Rumex thyrsiflorus,ForestWetRich
121466,Rumex thyrsiflorus,ForestWetRich
121467,Rumex thyrsiflorus,ForestWetRich
121468,Rumex thyrsiflorus,ForestWetRich
121469,Rumex thyrsiflorus,ForestWetRich
121470,Rumex thyrsiflorus,ForestWetRich
121471,Rumex thyrsiflorus,ForestWetRich
121472,Rumex thyrsiflorus,ForestWetRich
121473,Rumex thyrsiflorus,ForestWetRich
121474,Rumex thyrsiflorus,ForestWetRich
122036,Rumex thyrsiflorus,ForestWetRich
122037,Rumex thyrsiflorus,ForestWetRich
122038,Rumex thyrsiflorus,ForestWetRich
122039,Rumex thyrsiflorus,ForestWetRich
122040,Rumex thyrsiflorus,ForestWetRich
122041,Rumex thyrsiflorus,ForestWetRich
122042,Rumex thyrsiflorus,ForestWetRich
122043,Rumex thyrsiflorus,ForestWetRich
122044,Rumex thyrsiflorus,ForestWetRich
122045,Rumex thyrsiflorus,ForestWetRich
122046,Rumex thyrsiflorus,ForestWetRich
122047,Rumex thyrsiflorus,ForestWetRich
122048,Rumex thyrsiflorus,ForestWetRich
122049,Rumex thyrsiflorus,ForestWetRich
122050,Rumex thyrsiflorus,ForestWetRich
122051,Rumex thyrsiflorus,ForestWetRich
122052,Rumex thyrsiflorus,ForestWetRich
122053,Rumex thyrsiflorus,ForestWetRich
122054,Rumex thyrsiflorus,ForestWetRich
122055,Rumex thyrsiflorus,ForestWetRich
122056,Rumex thyrsiflorus,ForestWetRich
122057,Rumex thyrsiflorus,ForestWetRich
122058,Rumex thyrsiflorus,ForestWetRich
122059,Rumex thyrsiflorus,ForestWetRich
122060,Rumex thyrsiflorus,ForestWetRich
122061,Rumex thyrsiflorus,ForestWetRich
122062,Rumex thyrsiflorus,ForestWetRich
122063,Rumex thyrsiflorus,ForestWetRich
122064,Rumex thyrsiflorus,ForestWetRich
122065,Rumex thyrsiflorus,ForestWetRich
122066,Rumex thyrsiflorus,ForestWetRich
122067,Rumex thyrsiflorus,ForestWetRich
122068,Rumex thyrsiflorus,ForestWetRich
122069,Rumex thyrsiflorus,ForestWetRich
122070,Rumex thyrsiflorus,ForestWetRich
122071,Rumex thyrsiflorus,ForestWetRich
122072,Rumex thyrsiflorus,ForestWetRich
122073,Rumex thyrsiflorus,ForestWetRich
122634,Rumex thyrsiflorus,ForestWetRich
122635,Rumex thyrsiflorus,ForestWetRich
122636,Rumex thyrsiflorus,ForestWetRich
122637,Rumex thyrsiflorus,ForestWetRich
122638,Rumex thyrsiflorus,ForestWetRich
122639,Rumex thyrsiflorus,ForestWetRich
122640,Rumex thyrsiflorus,ForestWetRich
122641,Rumex thyrsiflorus,ForestWetRich
122642,Rumex thyrsiflorus,ForestWetRich
122643,Rumex thyrsiflorus,ForestWetRich
122644,Rumex thyrsiflorus,ForestWetRich
122645,Rumex thyrsiflorus,ForestWetRich
122646,Rumex thyrsiflorus,ForestWetRich
122647,Rumex thyrsiflorus,ForestWetRich
122648,Rumex thyrsiflorus,ForestWetRich
122649,Rumex thyrsiflorus,ForestWetRich
122650,Rumex thyrsiflorus,ForestWetRich
122651,Rumex thyrsiflorus,ForestWetRich
122652,Rumex thyrsiflorus,ForestWetRich
122653,Rumex thyrsiflorus,ForestWetRich
122654,Rumex thyrsiflorus,ForestWetRich
122655,Rumex thyrsiflorus,ForestWetRich
122656,Rumex thyrsiflorus,ForestWetRich
122657,Rumex thyrsiflorus,ForestWetRich
122658,Rumex thyrsiflorus,ForestWetRich
122659,Rumex thyrsiflorus,ForestWetRich
122660,Rumex thyrsiflorus,ForestWetRich
122661,Rumex thyrsiflorus,ForestWetRich
122662,Rumex thyrsiflorus,ForestWetRich
122663,Rumex thyrsiflorus,ForestWetRich
122664,Rumex thyrsiflorus,ForestWetRich
122665,Rumex thyrsiflorus,ForestWetRich
122666,Rumex thyrsiflorus,ForestWetRich
122667,Rumex thyrsiflorus,ForestWetRich
122668,Rumex thyrsiflorus,ForestWetRich
122669,Rumex thyrsiflorus,ForestWetRich
122670,Rumex thyrsiflorus,ForestWetRich
122671,Rumex thyrsiflorus,ForestWetRich
122672,Rumex thyrsiflorus,ForestWetRich
122673,Rumex thyrsiflorus,ForestWetRich
122674,Rumex thyrsiflorus,ForestWetRich
122675,Rumex thyrsiflorus,ForestWetRich
122676,Rumex thyrsiflorus,ForestWetRich
122677,Rumex thyrsiflorus,ForestWetRich
122678,Rumex thyrsiflorus,ForestWetRich
122679,Rumex thyrsiflorus,ForestWetRich
122680,Rumex thyrsiflorus,ForestWetRich
122681,Rumex thyrsiflorus,ForestWetRich
122682,Rumex thyrsiflorus,ForestWetRich
122683,Rumex thyrsiflorus,ForestWetRich
122684,Rumex thyrsiflorus,ForestWetRich
122685,Rumex thyrsiflorus,ForestWetRich
122686,Rumex thyrsiflorus,ForestWetRich
122687,Rumex thyrsiflorus,ForestWetRich
122688,Rumex thyrsiflorus,ForestWetRich
122689,Rumex thyrsiflorus,ForestWetRich
122690,Rumex thyrsiflorus,ForestWetRich
122691,Rumex thyrsiflorus,ForestWetRich
122692,Rumex thyrsiflorus,ForestWetRich
122693,Rumex thyrsiflorus,ForestWetRich
122694,Rumex thyrsiflorus,ForestWetRich
122695,Rumex thyrsiflorus,ForestWetRich
122696,Rumex thyrsiflorus,ForestWetRich
122697,Rumex thyrsiflorus,ForestWetRich
122698,Rumex thyrsiflorus,ForestWetRich
122699,Rumex thyrsiflorus,ForestWetRich
122700,Rumex thyrsiflorus,ForestWetRich
122701,Rumex thyrsiflorus,ForestWetRich
123232,Rumex thyrsiflorus,ForestWetRich
123233,Rumex thyrsiflorus,ForestWetRich
123234,Rumex thyrsiflorus,ForestWetRich
123235,Rumex thyrsiflorus,ForestWetRich
123236,Rumex thyrsiflorus,ForestWetRich
123237,Rumex thyrsiflorus,ForestWetRich
123238,Rumex thyrsiflorus,ForestWetRich
123239,Rumex thyrsiflorus,ForestWetRich
123240,Rumex thyrsiflorus,ForestWetRich
123241,Rumex thyrsiflorus,ForestWetRich
123242,Rumex thyrsiflorus,ForestWetRich
123243,Rumex thyrsiflorus,ForestWetRich
123244,Rumex thyrsiflorus,ForestWetRich
123245,Rumex thyrsiflorus,ForestWetRich
123246,Rumex thyrsiflorus,ForestWetRich
123247,Rumex thyrsiflorus,ForestWetRich
123248,Rumex thyrsiflorus,ForestWetRich
123249,Rumex thyrsiflorus,ForestWetRich
123250,Rumex thyrsiflorus,ForestWetRich
123251,Rumex thyrsiflorus,ForestWetRich
123252,Rumex thyrsiflorus,ForestWetRich
123253,Rumex thyrsiflorus,ForestWetRich
123254,Rumex thyrsiflorus,ForestWetRich
123255,Rumex thyrsiflorus,ForestWetRich
123256,Rumex thyrsiflorus,ForestWetRich
123257,Rumex thyrsiflorus,ForestWetRich
123258,Rumex thyrsiflorus,ForestWetRich
123259,Rumex thyrsiflorus,ForestWetRich
123260,Rumex thyrsiflorus,ForestWetRich
123261,Rumex thyrsiflorus,ForestWetRich
123262,Rumex thyrsiflorus,ForestWetRich
123263,Rumex thyrsiflorus,ForestWetRich
123264,Rumex thyrsiflorus,ForestWetRich
123265,Rumex thyrsiflorus,ForestWetRich
123266,Rumex thyrsiflorus,ForestWetRich
123267,Rumex thyrsiflorus,ForestWetRich
123268,Rumex thyrsiflorus,ForestWetRich
123269,Rumex thyrsiflorus,ForestWetRich
123270,Rumex thyrsiflorus,ForestWetRich
123271,Rumex thyrsiflorus,ForestWetRich
123272,Rumex thyrsiflorus,ForestWetRich
123273,Rumex thyrsiflorus,ForestWetRich
123274,Rumex thyrsiflorus,ForestWetRich
123275,Rumex thyrsiflorus,ForestWetRich
123276,Rumex thyrsiflorus,ForestWetRich
123277,Rumex thyrsiflorus,ForestWetRich
123278,Rumex thyrsiflorus,ForestWetRich
123279,Rumex thyrsiflorus,ForestWetRich
123280,Rumex thyrsiflorus,ForestWetRich
123281,Rumex thyrsiflorus,ForestWetRich
123282,Rumex thyrsiflorus,ForestWetRich
123283,Rumex thyrsiflorus,ForestWetRich
123284,Rumex thyrsiflorus,ForestWetRich
123285,Rumex thyrsiflorus,ForestWetRich
123286,Rumex thyrsiflorus,ForestWetRich
123287,Rumex thyrsiflorus,ForestWetRich
123288,Rumex thyrsiflorus,ForestWetRich
123289,Rumex thyrsiflorus,ForestWetRich
123290,Rumex thyrsiflorus,ForestWetRich
123291,Rumex thyrsiflorus,ForestWetRich
123292,Rumex thyrsiflorus,ForestWetRich
123293,Rumex thyrsiflorus,ForestWetRich
123294,Rumex thyrsiflorus,ForestWetRich
123295,Rumex thyrsiflorus,ForestWetRich
123296,Rumex thyrsiflorus,ForestWetRich
123297,Rumex thyrsiflorus,ForestWetRich
123298,Rumex thyrsiflorus,ForestWetRich
123299,Rumex thyrsiflorus,ForestWetRich
123300,Rumex thyrsiflorus,ForestWetRich
123301,Rumex thyrsiflorus,ForestWetRich
123831,Rumex thyrsiflorus,ForestWetRich
123832,Rumex thyrsiflorus,ForestWetRich
123833,Rumex thyrsiflorus,ForestWetRich
123834,Rumex thyrsiflorus,ForestWetRich
123835,Rumex thyrsiflorus,ForestWetRich
123836,Rumex thyrsiflorus,ForestWetRich
123837,Rumex thyrsiflorus,ForestWetRich
123838,Rumex thyrsiflorus,ForestWetRich
123839,Rumex thyrsiflorus,ForestWetRich
123840,Rumex thyrsiflorus,ForestWetRich
123841,Rumex thyrsiflorus,ForestWetRich
123842,Rumex thyrsiflorus,ForestWetRich
123843,Rumex thyrsiflorus,ForestWetRich
123844,Rumex thyrsiflorus,ForestWetRich
123845,Rumex thyrsiflorus,ForestWetRich
123846,Rumex thyrsiflorus,ForestWetRich
123847,Rumex thyrsiflorus,ForestWetRich
123848,Rumex thyrsiflorus,ForestWetRich
123849,Rumex thyrsiflorus,ForestWetRich
123850,Rumex thyrsiflorus,ForestWetRich
123851,Rumex thyrsiflorus,ForestWetRich
123852,Rumex thyrsiflorus,ForestWetRich
123853,Rumex thyrsiflorus,ForestWetRich
123854,Rumex thyrsiflorus,ForestWetRich
123855,Rumex thyrsiflorus,ForestWetRich
123856,Rumex thyrsiflorus,ForestWetRich
123857,Rumex thyrsiflorus,ForestWetRich
123858,Rumex thyrsiflorus,ForestWetRich
123859,Rumex thyrsiflorus,ForestWetRich
123860,Rumex thyrsiflorus,ForestWetRich
123861,Rumex thyrsiflorus,ForestWetRich
123862,Rumex thyrsiflorus,ForestWetRich
123863,Rumex thyrsiflorus,ForestWetRich
123864,Rumex thyrsiflorus,ForestWetRich
123865,Rumex thyrsiflorus,ForestWetRich
123866,Rumex thyrsiflorus,ForestWetRich
123867,Rumex thyrsiflorus,ForestWetRich
123868,Rumex thyrsiflorus,ForestWetRich
123869,Rumex thyrsiflorus,ForestWetRich
123870,Rumex thyrsiflorus,ForestWetRich
123871,Rumex thyrsiflorus,ForestWetRich
123872,Rumex thyrsiflorus,ForestWetRich
123873,Rumex thyrsiflorus,ForestWetRich
123874,Rumex thyrsiflorus,ForestWetRich
123875,Rumex thyrsiflorus,ForestWetRich
123876,Rumex thyrsiflorus,ForestWetRich
123877,Rumex thyrsiflorus,ForestWetRich
123878,Rumex thyrsiflorus,ForestWetRich
123879,Rumex thyrsiflorus,ForestWetRich
123880,Rumex thyrsiflorus,ForestWetRich
123881,Rumex thyrsiflorus,ForestWetRich
123882,Rumex thyrsiflorus,ForestWetRich
123883,Rumex thyrsiflorus,ForestWetRich
123884,Rumex thyrsiflorus,ForestWetRich
123885,Rumex thyrsiflorus,ForestWetRich
123886,Rumex thyrsiflorus,ForestWetRich
123887,Rumex thyrsiflorus,ForestWetRich
123888,Rumex thyrsiflorus,ForestWetRich
123889,Rumex thyrsiflorus,ForestWetRich
123890,Rumex thyrsiflorus,ForestWetRich
123891,Rumex thyrsiflorus,ForestWetRich
123892,Rumex thyrsiflorus,ForestWetRich
123893,Rumex thyrsiflorus,ForestWetRich
123894,Rumex thyrsiflorus,ForestWetRich
123895,Rumex thyrsiflorus,ForestWetRich
123896,Rumex thyrsiflorus,ForestWetRich
123897,Rumex thyrsiflorus,ForestWetRich
123898,Rumex thyrsiflorus,ForestWetRich
123899,Rumex thyrsiflorus,ForestWetRich
123900,Rumex thyrsiflorus,ForestWetRich
123901,Rumex thyrsiflorus,ForestWetRich
124430,Rumex thyrsiflorus,ForestWetRich
124431,Rumex thyrsiflorus,ForestWetRich
124432,Rumex thyrsiflorus,ForestWetRich
124433,Rumex thyrsiflorus,ForestWetRich
124434,Rumex thyrsiflorus,ForestWetRich
124435,Rumex thyrsiflorus,ForestWetRich
124436,Rumex thyrsiflorus,ForestWetRich
124437,Rumex thyrsiflorus,ForestWetRich
124438,Rumex thyrsiflorus,ForestWetRich
124439,Rumex thyrsiflorus,ForestWetRich
124440,Rumex thyrsiflorus,ForestWetRich
124441,Rumex thyrsiflorus,ForestWetRich
124442,Rumex thyrsiflorus,ForestWetRich
124443,Rumex thyrsiflorus,ForestWetRich
124444,Rumex thyrsiflorus,ForestWetRich
124445,Rumex thyrsiflorus,ForestWetRich
124446,Rumex thyrsiflorus,ForestWetRich
124447,Rumex thyrsiflorus,ForestWetRich
124448,Rumex thyrsiflorus,ForestWetRich
124449,Rumex thyrsiflorus,ForestWetRich
124450,Rumex thyrsiflorus,ForestWetRich
124451,Rumex thyrsiflorus,ForestWetRich
124452,Rumex thyrsiflorus,ForestWetRich
124453,Rumex thyrsiflorus,ForestWetRich
124454,Rumex thyrsiflorus,ForestWetRich
124455,Rumex thyrsiflorus,ForestWetRich
124456,Rumex thyrsiflorus,ForestWetRich
124457,Rumex thyrsiflorus,ForestWetRich
124458,Rumex thyrsiflorus,ForestWetRich
124459,Rumex thyrsiflorus,ForestWetRich
124460,Rumex thyrsiflorus,ForestWetRich
124461,Rumex thyrsiflorus,ForestWetRich
124462,Rumex thyrsiflorus,ForestWetRich
124463,Rumex thyrsiflorus,ForestWetRich
124464,Rumex thyrsiflorus,ForestWetRich
124465,Rumex thyrsiflorus,ForestWetRich
124466,Rumex thyrsiflorus,ForestWetRich
124467,Rumex thyrsiflorus,ForestWetRich
124468,Rumex thyrsiflorus,ForestWetRich
124469,Rumex thyrsiflorus,ForestWetRich
124470,Rumex thyrsiflorus,ForestWetRich
124471,Rumex thyrsiflorus,ForestWetRich
124472,Rumex thyrsiflorus,ForestWetRich
124473,Rumex thyrsiflorus,ForestWetRich
124474,Rumex thyrsiflorus,ForestWetRich
124475,Rumex thyrsiflorus,ForestWetRich
124476,Rumex thyrsiflorus,ForestWetRich
124477,Rumex thyrsiflorus,ForestWetRich
124478,Rumex thyrsiflorus,ForestWetRich
124479,Rumex thyrsiflorus,ForestWetRich
124480,Rumex thyrsiflorus,ForestWetRich
124481,Rumex thyrsiflorus,ForestWetRich
124482,Rumex thyrsiflorus,ForestWetRich
124483,Rumex thyrsiflorus,ForestWetRich
124484,Rumex thyrsiflorus,ForestWetRich
124485,Rumex thyrsiflorus,ForestWetRich
124486,Rumex thyrsiflorus,ForestWetRich
124487,Rumex thyrsiflorus,ForestWetRich
124488,Rumex thyrsiflorus,ForestWetRich
124489,Rumex thyrsiflorus,ForestWetRich
124490,Rumex thyrsiflorus,ForestWetRich
124491,Rumex thyrsiflorus,ForestWetRich
124492,Rumex thyrsiflorus,ForestWetRich
124493,Rumex thyrsiflorus,ForestWetRich
124494,Rumex thyrsiflorus,ForestWetRich
124495,Rumex thyrsiflorus,ForestWetRich
124496,Rumex thyrsiflorus,ForestWetRich
124497,Rumex thyrsiflorus,ForestWetRich
124498,Rumex thyrsiflorus,ForestWetRich
124499,Rumex thyrsiflorus,ForestWetRich
124500,Rumex thyrsiflorus,ForestWetRich
124501,Rumex thyrsiflorus,ForestWetRich
125029,Rumex thyrsiflorus,ForestWetRich
125030,Rumex thyrsiflorus,ForestWetRich
125031,Rumex thyrsiflorus,ForestWetRich
125032,Rumex thyrsiflorus,ForestWetRich
125033,Rumex thyrsiflorus,ForestWetRich
125034,Rumex thyrsiflorus,ForestWetRich
125035,Rumex thyrsiflorus,ForestWetRich
125036,Rumex thyrsiflorus,ForestWetRich
125037,Rumex thyrsiflorus,ForestWetRich
125038,Rumex thyrsiflorus,ForestWetRich
125039,Rumex thyrsiflorus,ForestWetRich
125040,Rumex thyrsiflorus,ForestWetRich
125041,Rumex thyrsiflorus,ForestWetRich
125042,Rumex thyrsiflorus,ForestWetRich
125043,Rumex thyrsiflorus,ForestWetRich
125044,Rumex thyrsiflorus,ForestWetRich
125045,Rumex thyrsiflorus,ForestWetRich
125046,Rumex thyrsiflorus,ForestWetRich
125047,Rumex thyrsiflorus,ForestWetRich
125048,Rumex thyrsiflorus,ForestWetRich
125049,Rumex thyrsiflorus,ForestWetRich
125050,Rumex thyrsiflorus,ForestWetRich
125051,Rumex thyrsiflorus,ForestWetRich
125052,Rumex thyrsiflorus,ForestWetRich
125053,Rumex thyrsiflorus,ForestWetRich
125054,Rumex thyrsiflorus,ForestWetRich
125055,Rumex thyrsiflorus,ForestWetRich
125056,Rumex thyrsiflorus,ForestWetRich
125057,Rumex thyrsiflorus,ForestWetRich
125058,Rumex thyrsiflorus,ForestWetRich
125059,Rumex thyrsiflorus,ForestWetRich
125060,Rumex thyrsiflorus,ForestWetRich
125061,Rumex thyrsiflorus,ForestWetRich
125062,Rumex thyrsiflorus,ForestWetRich
125063,Rumex thyrsiflorus,ForestWetRich
125064,Rumex thyrsiflorus,ForestWetRich
125065,Rumex thyrsiflorus,ForestWetRich
125066,Rumex thyrsiflorus,ForestWetRich
125067,Rumex thyrsiflorus,ForestWetRich
125068,Rumex thyrsiflorus,ForestWetRich
125069,Rumex thyrsiflorus,ForestWetRich
125070,Rumex thyrsiflorus,ForestWetRich
125071,Rumex thyrsiflorus,ForestWetRich
125072,Rumex thyrsiflorus,ForestWetRich
125073,Rumex thyrsiflorus,ForestWetRich
125074,Rumex thyrsiflorus,ForestWetRich
125075,Rumex thyrsiflorus,ForestWetRich
125076,Rumex thyrsiflorus,ForestWetRich
125077,Rumex thyrsiflorus,ForestWetRich
125078,Rumex thyrsiflorus,ForestWetRich
125079,Rumex thyrsiflorus,ForestWetRich
125080,Rumex thyrsiflorus,ForestWetRich
125081,Rumex thyrsiflorus,ForestWetRich
125082,Rumex thyrsiflorus,ForestWetRich
125083,Rumex thyrsiflorus,ForestWetRich
125084,Rumex thyrsiflorus,ForestWetRich
125085,Rumex thyrsiflorus,ForestWetRich
125086,Rumex thyrsiflorus,ForestWetRich
125087,Rumex thyrsiflorus,ForestWetRich
125088,Rumex thyrsiflorus,ForestWetRich
125089,Rumex thyrsiflorus,ForestWetRich
125090,Rumex thyrsiflorus,ForestWetRich
125091,Rumex thyrsiflorus,ForestWetRich
125092,Rumex thyrsiflorus,ForestWetRich
125093,Rumex thyrsiflorus,ForestWetRich
125094,Rumex thyrsiflorus,ForestWetRich
125095,Rumex thyrsiflorus,ForestWetRich
125096,Rumex thyrsiflorus,ForestWetRich
125097,Rumex thyrsiflorus,ForestWetRich
125098,Rumex thyrsiflorus,ForestWetRich
125099,Rumex thyrsiflorus,ForestWetRich
125100,Rumex thyrsiflorus,ForestWetRich
125101,Rumex thyrsiflorus,ForestWetRich
125628,Rumex thyrsiflorus,ForestWetRich
125629,Rumex thyrsiflorus,ForestWetRich
125630,Rumex thyrsiflorus,ForestWetRich
125631,Rumex thyrsiflorus,ForestWetRich
125632,Rumex thyrsiflorus,ForestWetRich
125633,Rumex thyrsiflorus,ForestWetRich
125634,Rumex thyrsiflorus,ForestWetRich
125635,Rumex thyrsiflorus,ForestWetRich
125636,Rumex thyrsiflorus,ForestWetRich
125637,Rumex thyrsiflorus,ForestWetRich
125638,Rumex thyrsiflorus,ForestWetRich
125639,Rumex thyrsiflorus,ForestWetRich
125640,Rumex thyrsiflorus,ForestWetRich
125641,Rumex thyrsiflorus,ForestWetRich
125642,Rumex thyrsiflorus,ForestWetRich
125643,Rumex thyrsiflorus,ForestWetRich
125644,Rumex thyrsiflorus,ForestWetRich
125645,Rumex thyrsiflorus,ForestWetRich
125646,Rumex thyrsiflorus,ForestWetRich
125647,Rumex thyrsiflorus,ForestWetRich
125648,Rumex thyrsiflorus,ForestWetRich
125649,Rumex thyrsiflorus,ForestWetRich
125650,Rumex thyrsiflorus,ForestWetRich
125651,Rumex thyrsiflorus,ForestWetRich
125652,Rumex thyrsiflorus,ForestWetRich
125653,Rumex thyrsiflorus,ForestWetRich
125654,Rumex thyrsiflorus,ForestWetRich
125655,Rumex thyrsiflorus,ForestWetRich
125656,Rumex thyrsiflorus,ForestWetRich
125657,Rumex thyrsiflorus,ForestWetRich
125658,Rumex thyrsiflorus,ForestWetRich
125659,Rumex thyrsiflorus,ForestWetRich
125660,Rumex thyrsiflorus,ForestWetRich
125661,Rumex thyrsiflorus,ForestWetRich
125662,Rumex thyrsiflorus,ForestWetRich
125663,Rumex thyrsiflorus,ForestWetRich
125664,Rumex thyrsiflorus,ForestWetRich
125665,Rumex thyrsiflorus,ForestWetRich
125666,Rumex thyrsiflorus,ForestWetRich
125667,Rumex thyrsiflorus,ForestWetRich
125668,Rumex thyrsiflorus,ForestWetRich
125669,Rumex thyrsiflorus,ForestWetRich
125670,Rumex thyrsiflorus,ForestWetRich
125671,Rumex thyrsiflorus,ForestWetRich
125672,Rumex thyrsiflorus,ForestWetRich
125673,Rumex thyrsiflorus,ForestWetRich
125674,Rumex thyrsiflorus,ForestWetRich
125675,Rumex thyrsiflorus,ForestWetRich
125676,Rumex thyrsiflorus,ForestWetRich
125677,Rumex thyrsiflorus,ForestWetRich
125678,Rumex thyrsiflorus,ForestWetRich
125679,Rumex thyrsiflorus,ForestWetRich
125680,Rumex thyrsiflorus,ForestWetRich
125681,Rumex thyrsiflorus,ForestWetRich
125682,Rumex thyrsiflorus,ForestWetRich
125683,Rumex thyrsiflorus,ForestWetRich
125684,Rumex thyrsiflorus,ForestWetRich
125685,Rumex thyrsiflorus,ForestWetRich
125686,Rumex thyrsiflorus,ForestWetRich
125687,Rumex thyrsiflorus,ForestWetRich
125688,Rumex thyrsiflorus,ForestWetRich
125689,Rumex thyrsiflorus,ForestWetRich
125690,Rumex thyrsiflorus,ForestWetRich
125691,Rumex thyrsiflorus,ForestWetRich
125692,Rumex thyrsiflorus,ForestWetRich
125693,Rumex thyrsiflorus,ForestWetRich
125694,Rumex thyrsiflorus,ForestWetRich
125695,Rumex thyrsiflorus,ForestWetRich
125696,Rumex thyrsiflorus,ForestWetRich
125697,Rumex thyrsiflorus,ForestWetRich
125698,Rumex thyrsiflorus,ForestWetRich
125699,Rumex thyrsiflorus,ForestWetRich
125700,Rumex thyrsiflorus,ForestWetRich
125701,Rumex thyrsiflorus,ForestWetRich
126227,Rumex thyrsiflorus,ForestWetRich
126228,Rumex thyrsiflorus,ForestWetRich
126229,Rumex thyrsiflorus,ForestWetRich
126230,Rumex thyrsiflorus,ForestWetRich
126231,Rumex thyrsiflorus,ForestWetRich
126232,Rumex thyrsiflorus,ForestWetRich
126233,Rumex thyrsiflorus,ForestWetRich
126234,Rumex thyrsiflorus,ForestWetRich
126235,Rumex thyrsiflorus,ForestWetRich
126236,Rumex thyrsiflorus,ForestWetRich
126237,Rumex thyrsiflorus,ForestWetRich
126238,Rumex thyrsiflorus,ForestWetRich
126239,Rumex thyrsiflorus,ForestWetRich
126240,Rumex thyrsiflorus,ForestWetRich
126241,Rumex thyrsiflorus,ForestWetRich
126242,Rumex thyrsiflorus,ForestWetRich
126243,Rumex thyrsiflorus,ForestWetRich
126244,Rumex thyrsiflorus,ForestWetRich
126245,Rumex thyrsiflorus,ForestWetRich
126246,Rumex thyrsiflorus,ForestWetRich
126247,Rumex thyrsiflorus,ForestWetRich
126248,Rumex thyrsiflorus,ForestWetRich
126249,Rumex thyrsiflorus,ForestWetRich
126250,Rumex thyrsiflorus,ForestWetRich
126251,Rumex thyrsiflorus,ForestWetRich
126252,Rumex thyrsiflorus,ForestWetRich
126253,Rumex thyrsiflorus,ForestWetRich
126254,Rumex thyrsiflorus,ForestWetRich
126255,Rumex thyrsiflorus,ForestWetRich
126256,Rumex thyrsiflorus,ForestWetRich
126257,Rumex thyrsiflorus,ForestWetRich
126258,Rumex thyrsiflorus,ForestWetRich
126259,Rumex thyrsiflorus,ForestWetRich
126260,Rumex thyrsiflorus,ForestWetRich
126261,Rumex thyrsiflorus,ForestWetRich
126262,Rumex thyrsiflorus,ForestWetRich
126263,Rumex thyrsiflorus,ForestWetRich
126264,Rumex thyrsiflorus,ForestWetRich
126265,Rumex thyrsiflorus,ForestWetRich
126266,Rumex thyrsiflorus,ForestWetRich
126267,Rumex thyrsiflorus,ForestWetRich
126268,Rumex thyrsiflorus,ForestWetRich
126269,Rumex thyrsiflorus,ForestWetRich
126270,Rumex thyrsiflorus,ForestWetRich
126271,Rumex thyrsiflorus,ForestWetRich
126272,Rumex thyrsiflorus,ForestWetRich
126273,Rumex thyrsiflorus,ForestWetRich
126274,Rumex thyrsiflorus,ForestWetRich
126275,Rumex thyrsiflorus,ForestWetRich
126276,Rumex thyrsiflorus,ForestWetRich
126277,Rumex thyrsiflorus,ForestWetRich
126278,Rumex thyrsiflorus,ForestWetRich
126279,Rumex thyrsiflorus,ForestWetRich
126280,Rumex thyrsiflorus,ForestWetRich
126281,Rumex thyrsiflorus,ForestWetRich
126282,Rumex thyrsiflorus,ForestWetRich
126283,Rumex thyrsiflorus,ForestWetRich
126284,Rumex thyrsiflorus,ForestWetRich
126285,Rumex thyrsiflorus,ForestWetRich
126286,Rumex thyrsiflorus,ForestWetRich
126287,Rumex thyrsiflorus,ForestWetRich
126288,Rumex thyrsiflorus,ForestWetRich
126289,Rumex thyrsiflorus,ForestWetRich
126290,Rumex thyrsiflorus,ForestWetRich
126291,Rumex thyrsiflorus,ForestWetRich
126292,Rumex thyrsiflorus,ForestWetRich
126293,Rumex thyrsiflorus,ForestWetRich
126294,Rumex thyrsiflorus,ForestWetRich
126295,Rumex thyrsiflorus,ForestWetRich
126296,Rumex thyrsiflorus,ForestWetRich
126297,Rumex thyrsiflorus,ForestWetRich
126298,Rumex thyrsiflorus,ForestWetRich
126299,Rumex thyrsiflorus,ForestWetRich
126300,Rumex thyrsiflorus,ForestWetRich
126301,Rumex thyrsiflorus,ForestWetRich
126826,Rumex thyrsiflorus,ForestWetRich
126827,Rumex thyrsiflorus,ForestWetRich
126828,Rumex thyrsiflorus,ForestWetRich
126829,Rumex thyrsiflorus,ForestWetRich
126830,Rumex thyrsiflorus,ForestWetRich
126831,Rumex thyrsiflorus,ForestWetRich
126832,Rumex thyrsiflorus,ForestWetRich
126833,Rumex thyrsiflorus,ForestWetRich
126834,Rumex thyrsiflorus,ForestWetRich
126835,Rumex thyrsiflorus,ForestWetRich
126836,Rumex thyrsiflorus,ForestWetRich
126837,Rumex thyrsiflorus,ForestWetRich
126838,Rumex thyrsiflorus,ForestWetRich
126839,Rumex thyrsiflorus,ForestWetRich
126840,Rumex thyrsiflorus,ForestWetRich
126841,Rumex thyrsiflorus,ForestWetRich
126842,Rumex thyrsiflorus,ForestWetRich
126843,Rumex thyrsiflorus,ForestWetRich
126844,Rumex thyrsiflorus,ForestWetRich
126845,Rumex thyrsiflorus,ForestWetRich
126846,Rumex thyrsiflorus,ForestWetRich
126847,Rumex thyrsiflorus,ForestWetRich
126848,Rumex thyrsiflorus,ForestWetRich
126849,Rumex thyrsiflorus,ForestWetRich
126850,Rumex thyrsiflorus,ForestWetRich
126851,Rumex thyrsiflorus,ForestWetRich
126852,Rumex thyrsiflorus,ForestWetRich
126853,Rumex thyrsiflorus,ForestWetRich
126854,Rumex thyrsiflorus,ForestWetRich
126855,Rumex thyrsiflorus,ForestWetRich
126856,Rumex thyrsiflorus,ForestWetRich
126857,Rumex thyrsiflorus,ForestWetRich
126858,Rumex thyrsiflorus,ForestWetRich
126859,Rumex thyrsiflorus,ForestWetRich
126860,Rumex thyrsiflorus,ForestWetRich
126861,Rumex thyrsiflorus,ForestWetRich
126862,Rumex thyrsiflorus,ForestWetRich
126863,Rumex thyrsiflorus,ForestWetRich
126864,Rumex thyrsiflorus,ForestWetRich
126865,Rumex thyrsiflorus,ForestWetRich
126866,Rumex thyrsiflorus,ForestWetRich
126867,Rumex thyrsiflorus,ForestWetRich
126868,Rumex thyrsiflorus,ForestWetRich
126869,Rumex thyrsiflorus,ForestWetRich
126870,Rumex thyrsiflorus,ForestWetRich
126871,Rumex thyrsiflorus,ForestWetRich
126872,Rumex thyrsiflorus,ForestWetRich
126873,Rumex thyrsiflorus,ForestWetRich
126874,Rumex thyrsiflorus,ForestWetRich
126875,Rumex thyrsiflorus,ForestWetRich
126876,Rumex thyrsiflorus,ForestWetRich
126877,Rumex thyrsiflorus,ForestWetRich
126878,Rumex thyrsiflorus,ForestWetRich
126879,Rumex thyrsiflorus,ForestWetRich
126880,Rumex thyrsiflorus,ForestWetRich
126881,Rumex thyrsiflorus,ForestWetRich
126882,Rumex thyrsiflorus,ForestWetRich
126883,Rumex thyrsiflorus,ForestWetRich
126884,Rumex thyrsiflorus,ForestWetRich
126885,Rumex thyrsiflorus,ForestWetRich
126886,Rumex thyrsiflorus,ForestWetRich
126887,Rumex thyrsiflorus,ForestWetRich
126888,Rumex thyrsiflorus,ForestWetRich
126889,Rumex thyrsiflorus,ForestWetRich
126890,Rumex thyrsiflorus,ForestWetRich
126891,Rumex thyrsiflorus,ForestWetRich
126892,Rumex thyrsiflorus,ForestWetRich
126893,Rumex thyrsiflorus,ForestWetRich
126894,Rumex thyrsiflorus,ForestWetRich
126895,Rumex thyrsiflorus,ForestWetRich
126896,Rumex thyrsiflorus,ForestWetRich
126897,Rumex thyrsiflorus,ForestWetRich
126898,Rumex thyrsiflorus,ForestWetRich
126899,Rumex thyrsiflorus,ForestWetRich
126900,Rumex thyrsiflorus,ForestWetRich
127425,Rumex thyrsiflorus,ForestWetRich
127426,Rumex thyrsiflorus,ForestWetRich
127427,Rumex thyrsiflorus,ForestWetRich
127428,Rumex thyrsiflorus,ForestWetRich
127429,Rumex thyrsiflorus,ForestWetRich
127430,Rumex thyrsiflorus,ForestWetRich
127431,Rumex thyrsiflorus,ForestWetRich
127432,Rumex thyrsiflorus,ForestWetRich
127433,Rumex thyrsiflorus,ForestWetRich
127434,Rumex thyrsiflorus,ForestWetRich
127435,Rumex thyrsiflorus,ForestWetRich
127436,Rumex thyrsiflorus,ForestWetRich
127437,Rumex thyrsiflorus,ForestWetRich
127438,Rumex thyrsiflorus,ForestWetRich
127439,Rumex thyrsiflorus,ForestWetRich
127440,Rumex thyrsiflorus,ForestWetRich
127441,Rumex thyrsiflorus,ForestWetRich
127442,Rumex thyrsiflorus,ForestWetRich
127443,Rumex thyrsiflorus,ForestWetRich
127444,Rumex thyrsiflorus,ForestWetRich
127445,Rumex thyrsiflorus,ForestWetRich
127446,Rumex thyrsiflorus,ForestWetRich
127447,Rumex thyrsiflorus,ForestWetRich
127448,Rumex thyrsiflorus,ForestWetRich
127449,Rumex thyrsiflorus,ForestWetRich
127450,Rumex thyrsiflorus,ForestWetRich
127451,Rumex thyrsiflorus,ForestWetRich
127452,Rumex thyrsiflorus,ForestWetRich
127453,Rumex thyrsiflorus,ForestWetRich
127454,Rumex thyrsiflorus,ForestWetRich
127455,Rumex thyrsiflorus,ForestWetRich
127456,Rumex thyrsiflorus,ForestWetRich
127457,Rumex thyrsiflorus,ForestWetRich
127458,Rumex thyrsiflorus,ForestWetRich
127459,Rumex thyrsiflorus,ForestWetRich
127460,Rumex thyrsiflorus,ForestWetRich
127461,Rumex thyrsiflorus,ForestWetRich
127462,Rumex thyrsiflorus,ForestWetRich
127463,Rumex thyrsiflorus,ForestWetRich
127464,Rumex thyrsiflorus,ForestWetRich
127465,Rumex thyrsiflorus,ForestWetRich
127466,Rumex thyrsiflorus,ForestWetRich
127467,Rumex thyrsiflorus,ForestWetRich
127468,Rumex thyrsiflorus,ForestWetRich
127469,Rumex thyrsiflorus,ForestWetRich
127470,Rumex thyrsiflorus,ForestWetRich
127471,Rumex thyrsiflorus,ForestWetRich
127472,Rumex thyrsiflorus,ForestWetRich
127473,Rumex thyrsiflorus,ForestWetRich
127474,Rumex thyrsiflorus,ForestWetRich
127475,Rumex thyrsiflorus,ForestWetRich
127476,Rumex thyrsiflorus,ForestWetRich
127477,Rumex thyrsiflorus,ForestWetRich
127478,Rumex thyrsiflorus,ForestWetRich
127479,Rumex thyrsiflorus,ForestWetRich
127480,Rumex thyrsiflorus,ForestWetRich
127481,Rumex thyrsiflorus,ForestWetRich
127482,Rumex thyrsiflorus,ForestWetRich
127483,Rumex thyrsiflorus,ForestWetRich
127484,Rumex thyrsiflorus,ForestWetRich
127485,Rumex thyrsiflorus,ForestWetRich
127486,Rumex thyrsiflorus,ForestWetRich
127487,Rumex thyrsiflorus,ForestWetRich
127488,Rumex thyrsiflorus,ForestWetRich
127489,Rumex thyrsiflorus,ForestWetRich
127490,Rumex thyrsiflorus,ForestWetRich
127491,Rumex thyrsiflorus,ForestWetRich
127492,Rumex thyrsiflorus,ForestWetRich
127493,Rumex thyrsiflorus,ForestWetRich
127494,Rumex thyrsiflorus,ForestWetRich
127495,Rumex thyrsiflorus,ForestWetRich
127496,Rumex thyrsiflorus,ForestWetRich
127497,Rumex thyrsiflorus,ForestWetRich
127498,Rumex thyrsiflorus,ForestWetRich
127499,Rumex thyrsiflorus,ForestWetRich
127500,Rumex thyrsiflorus,ForestWetRich
128024,Rumex thyrsiflorus,ForestWetRich
128025,Rumex thyrsiflorus,ForestWetRich
128026,Rumex thyrsiflorus,ForestWetRich
128027,Rumex thyrsiflorus,ForestWetRich
128028,Rumex thyrsiflorus,ForestWetRich
128029,Rumex thyrsiflorus,ForestWetRich
128030,Rumex thyrsiflorus,ForestWetRich
128031,Rumex thyrsiflorus,ForestWetRich
128032,Rumex thyrsiflorus,ForestWetRich
128033,Rumex thyrsiflorus,ForestWetRich
128034,Rumex thyrsiflorus,ForestWetRich
128035,Rumex thyrsiflorus,ForestWetRich
128036,Rumex thyrsiflorus,ForestWetRich
128037,Rumex thyrsiflorus,ForestWetRich
128038,Rumex thyrsiflorus,ForestWetRich
128039,Rumex thyrsiflorus,ForestWetRich
128040,Rumex thyrsiflorus,ForestWetRich
128041,Rumex thyrsiflorus,ForestWetRich
128042,Rumex thyrsiflorus,ForestWetRich
128043,Rumex thyrsiflorus,ForestWetRich
128044,Rumex thyrsiflorus,ForestWetRich
128045,Rumex thyrsiflorus,ForestWetRich
128046,Rumex thyrsiflorus,ForestWetRich
128047,Rumex thyrsiflorus,ForestWetRich
128048,Rumex thyrsiflorus,ForestWetRich
128049,Rumex thyrsiflorus,ForestWetRich
128050,Rumex thyrsiflorus,ForestWetRich
128051,Rumex thyrsiflorus,ForestWetRich
128052,Rumex thyrsiflorus,ForestWetRich
128053,Rumex thyrsiflorus,ForestWetRich
128054,Rumex thyrsiflorus,ForestWetRich
128055,Rumex thyrsiflorus,ForestWetRich
128056,Rumex thyrsiflorus,ForestWetRich
128057,Rumex thyrsiflorus,ForestWetRich
128058,Rumex thyrsiflorus,ForestWetRich
128059,Rumex thyrsiflorus,ForestWetRich
128060,Rumex thyrsiflorus,ForestWetRich
128061,Rumex thyrsiflorus,ForestWetRich
128062,Rumex thyrsiflorus,ForestWetRich
128063,Rumex thyrsiflorus,ForestWetRich
128064,Rumex thyrsiflorus,ForestWetRich
128065,Rumex thyrsiflorus,ForestWetRich
128066,Rumex thyrsiflorus,ForestWetRich
128067,Rumex thyrsiflorus,ForestWetRich
128068,Rumex thyrsiflorus,ForestWetRich
128069,Rumex thyrsiflorus,ForestWetRich
128070,Rumex thyrsiflorus,ForestWetRich
128071,Rumex thyrsiflorus,ForestWetRich
128072,Rumex thyrsiflorus,ForestWetRich
128073,Rumex thyrsiflorus,ForestWetRich
128074,Rumex thyrsiflorus,ForestWetRich
128075,Rumex thyrsiflorus,ForestWetRich
128076,Rumex thyrsiflorus,ForestWetRich
128077,Rumex thyrsiflorus,ForestWetRich
128078,Rumex thyrsiflorus,ForestWetRich
128079,Rumex thyrsiflorus,ForestWetRich
128080,Rumex thyrsiflorus,ForestWetRich
128081,Rumex thyrsiflorus,ForestWetRich
128082,Rumex thyrsiflorus,ForestWetRich
128083,Rumex thyrsiflorus,ForestWetRich
128084,Rumex thyrsiflorus,ForestWetRich
128085,Rumex thyrsiflorus,ForestWetRich
128086,Rumex thyrsiflorus,ForestWetRich
128087,Rumex thyrsiflorus,ForestWetRich
128088,Rumex thyrsiflorus,ForestWetRich
128089,Rumex thyrsiflorus,ForestWetRich
128090,Rumex thyrsiflorus,ForestWetRich
128091,Rumex thyrsiflorus,ForestWetRich
128092,Rumex thyrsiflorus,ForestWetRich
128093,Rumex thyrsiflorus,ForestWetRich
128094,Rumex thyrsiflorus,ForestWetRich
128095,Rumex thyrsiflorus,ForestWetRich
128096,Rumex thyrsiflorus,ForestWetRich
128097,Rumex thyrsiflorus,ForestWetRich
128098,Rumex thyrsiflorus,ForestWetRich
128099,Rumex thyrsiflorus,ForestWetRich
128100,Rumex thyrsiflorus,ForestWetRich
128623,Rumex thyrsiflorus,ForestWetRich
128624,Rumex thyrsiflorus,ForestWetRich
128625,Rumex thyrsiflorus,ForestWetRich
128626,Rumex thyrsiflorus,ForestWetRich
128627,Rumex thyrsiflorus,ForestWetRich
128628,Rumex thyrsiflorus,ForestWetRich
128629,Rumex thyrsiflorus,ForestWetRich
128630,Rumex thyrsiflorus,ForestWetRich
128631,Rumex thyrsiflorus,ForestWetRich
128632,Rumex thyrsiflorus,ForestWetRich
128633,Rumex thyrsiflorus,ForestWetRich
128634,Rumex thyrsiflorus,ForestWetRich
128635,Rumex thyrsiflorus,ForestWetRich
128636,Rumex thyrsiflorus,ForestWetRich
128637,Rumex thyrsiflorus,ForestWetRich
128638,Rumex thyrsiflorus,ForestWetRich
128639,Rumex thyrsiflorus,ForestWetRich
128640,Rumex thyrsiflorus,ForestWetRich
128641,Rumex thyrsiflorus,ForestWetRich
128642,Rumex thyrsiflorus,ForestWetRich
128643,Rumex thyrsiflorus,ForestWetRich
128644,Rumex thyrsiflorus,ForestWetRich
128645,Rumex thyrsiflorus,ForestWetRich
128646,Rumex thyrsiflorus,ForestWetRich
128647,Rumex thyrsiflorus,ForestWetRich
128648,Rumex thyrsiflorus,ForestWetRich
128649,Rumex thyrsiflorus,ForestWetRich
128650,Rumex thyrsiflorus,ForestWetRich
128651,Rumex thyrsiflorus,ForestWetRich
128652,Rumex thyrsiflorus,ForestWetRich
128653,Rumex thyrsiflorus,ForestWetRich
128654,Rumex thyrsiflorus,ForestWetRich
128655,Rumex thyrsiflorus,ForestWetRich
128656,Rumex thyrsiflorus,ForestWetRich
128657,Rumex thyrsiflorus,ForestWetRich
128658,Rumex thyrsiflorus,ForestWetRich
128659,Rumex thyrsiflorus,ForestWetRich
128660,Rumex thyrsiflorus,ForestWetRich
128661,Rumex thyrsiflorus,ForestWetRich
128662,Rumex thyrsiflorus,ForestWetRich
128663,Rumex thyrsiflorus,ForestWetRich
128664,Rumex thyrsiflorus,ForestWetRich
128665,Rumex thyrsiflorus,ForestWetRich
128666,Rumex thyrsiflorus,ForestWetRich
128667,Rumex thyrsiflorus,ForestWetRich
128668,Rumex thyrsiflorus,ForestWetRich
128669,Rumex thyrsiflorus,ForestWetRich
128670,Rumex thyrsiflorus,ForestWetRich
128671,Rumex thyrsiflorus,ForestWetRich
128672,Rumex thyrsiflorus,ForestWetRich
128673,Rumex thyrsiflorus,ForestWetRich
128674,Rumex thyrsiflorus,ForestWetRich
128675,Rumex thyrsiflorus,ForestWetRich
128676,Rumex thyrsiflorus,ForestWetRich
128677,Rumex thyrsiflorus,ForestWetRich
128678,Rumex thyrsiflorus,ForestWetRich
128679,Rumex thyrsiflorus,ForestWetRich
128680,Rumex thyrsiflorus,ForestWetRich
128681,Rumex thyrsiflorus,ForestWetRich
128682,Rumex thyrsiflorus,ForestWetRich
128683,Rumex thyrsiflorus,ForestWetRich
128684,Rumex thyrsiflorus,ForestWetRich
128685,Rumex thyrsiflorus,ForestWetRich
128686,Rumex thyrsiflorus,ForestWetRich
128687,Rumex thyrsiflorus,ForestWetRich
128688,Rumex thyrsiflorus,ForestWetRich
128689,Rumex thyrsiflorus,ForestWetRich
128690,Rumex thyrsiflorus,ForestWetRich
128691,Rumex thyrsiflorus,ForestWetRich
128692,Rumex thyrsiflorus,ForestWetRich
128693,Rumex thyrsiflorus,ForestWetRich
128694,Rumex thyrsiflorus,ForestWetRich
128695,Rumex thyrsiflorus,ForestWetRich
128696,Rumex thyrsiflorus,ForestWetRich
128697,Rumex thyrsiflorus,ForestWetRich
128698,Rumex thyrsiflorus,ForestWetRich
128699,Rumex thyrsiflorus,ForestWetRich
129222,Rumex thyrsiflorus,ForestWetRich
129223,Rumex thyrsiflorus,ForestWetRich
129224,Rumex thyrsiflorus,ForestWetRich
129225,Rumex thyrsiflorus,ForestWetRich
129226,Rumex thyrsiflorus,ForestWetRich
129227,Rumex thyrsiflorus,ForestWetRich
129228,Rumex thyrsiflorus,ForestWetRich
129229,Rumex thyrsiflorus,ForestWetRich
129230,Rumex thyrsiflorus,ForestWetRich
129231,Rumex thyrsiflorus,ForestWetRich
129232,Rumex thyrsiflorus,ForestWetRich
129233,Rumex thyrsiflorus,ForestWetRich
129234,Rumex thyrsiflorus,ForestWetRich
129235,Rumex thyrsiflorus,ForestWetRich
129236,Rumex thyrsiflorus,ForestWetRich
129237,Rumex thyrsiflorus,ForestWetRich
129238,Rumex thyrsiflorus,ForestWetRich
129239,Rumex thyrsiflorus,ForestWetRich
129240,Rumex thyrsiflorus,ForestWetRich
129241,Rumex thyrsiflorus,ForestWetRich
129242,Rumex thyrsiflorus,ForestWetRich
129243,Rumex thyrsiflorus,ForestWetRich
129244,Rumex thyrsiflorus,ForestWetRich
129245,Rumex thyrsiflorus,ForestWetRich
129246,Rumex thyrsiflorus,ForestWetRich
129247,Rumex thyrsiflorus,ForestWetRich
129248,Rumex thyrsiflorus,ForestWetRich
129249,Rumex thyrsiflorus,ForestWetRich
129250,Rumex thyrsiflorus,ForestWetRich
129251,Rumex thyrsiflorus,ForestWetRich
129252,Rumex thyrsiflorus,ForestWetRich
129253,Rumex thyrsiflorus,ForestWetRich
129254,Rumex thyrsiflorus,ForestWetRich
129255,Rumex thyrsiflorus,ForestWetRich
129256,Rumex thyrsiflorus,ForestWetRich
129257,Rumex thyrsiflorus,ForestWetRich
129258,Rumex thyrsiflorus,ForestWetRich
129259,Rumex thyrsiflorus,ForestWetRich
129260,Rumex thyrsiflorus,ForestWetRich
129261,Rumex thyrsiflorus,ForestWetRich
129262,Rumex thyrsiflorus,ForestWetRich
129263,Rumex thyrsiflorus,ForestWetRich
129264,Rumex thyrsiflorus,ForestWetRich
129265,Rumex thyrsiflorus,ForestWetRich
129266,Rumex thyrsiflorus,ForestWetRich
129267,Rumex thyrsiflorus,ForestWetRich
129268,Rumex thyrsiflorus,ForestWetRich
129269,Rumex thyrsiflorus,ForestWetRich
129270,Rumex thyrsiflorus,ForestWetRich
129271,Rumex thyrsiflorus,ForestWetRich
129272,Rumex thyrsiflorus,ForestWetRich
129273,Rumex thyrsiflorus,ForestWetRich
129274,Rumex thyrsiflorus,ForestWetRich
129275,Rumex thyrsiflorus,ForestWetRich
129276,Rumex thyrsiflorus,ForestWetRich
129277,Rumex thyrsiflorus,ForestWetRich
129278,Rumex thyrsiflorus,ForestWetRich
129279,Rumex thyrsiflorus,ForestWetRich
129280,Rumex thyrsiflorus,ForestWetRich
129281,Rumex thyrsiflorus,ForestWetRich
129282,Rumex thyrsiflorus,ForestWetRich
129283,Rumex thyrsiflorus,ForestWetRich
129284,Rumex thyrsiflorus,ForestWetRich
129285,Rumex thyrsiflorus,ForestWetRich
129286,Rumex thyrsiflorus,ForestWetRich
129287,Rumex thyrsiflorus,ForestWetRich
129288,Rumex thyrsiflorus,ForestWetRich
129289,Rumex thyrsiflorus,ForestWetRich
129290,Rumex thyrsiflorus,ForestWetRich
129291,Rumex thyrsiflorus,ForestWetRich
129292,Rumex thyrsiflorus,ForestWetRich
129293,Rumex thyrsiflorus,ForestWetRich
129294,Rumex thyrsiflorus,ForestWetRich
129295,Rumex thyrsiflorus,ForestWetRich
129296,Rumex thyrsiflorus,ForestWetRich
129297,Rumex thyrsiflorus,ForestWetRich
129298,Rumex thyrsiflorus,ForestWetRich
129299,Rumex thyrsiflorus,ForestWetRich
129821,Rumex thyrsiflorus,ForestWetRich
129822,Rumex thyrsiflorus,ForestWetRich
129823,Rumex thyrsiflorus,ForestWetRich
129824,Rumex thyrsiflorus,ForestWetRich
129825,Rumex thyrsiflorus,ForestWetRich
129826,Rumex thyrsiflorus,ForestWetRich
129827,Rumex thyrsiflorus,ForestWetRich
129828,Rumex thyrsiflorus,ForestWetRich
129829,Rumex thyrsiflorus,ForestWetRich
129830,Rumex thyrsiflorus,ForestWetRich
129831,Rumex thyrsiflorus,ForestWetRich
129832,Rumex thyrsiflorus,ForestWetRich
129833,Rumex thyrsiflorus,ForestWetRich
129834,Rumex thyrsiflorus,ForestWetRich
129835,Rumex thyrsiflorus,ForestWetRich
129836,Rumex thyrsiflorus,ForestWetRich
129837,Rumex thyrsiflorus,ForestWetRich
129838,Rumex thyrsiflorus,ForestWetRich
129839,Rumex thyrsiflorus,ForestWetRich
129840,Rumex thyrsiflorus,ForestWetRich
129841,Rumex thyrsiflorus,ForestWetRich
129842,Rumex thyrsiflorus,ForestWetRich
129843,Rumex thyrsiflorus,ForestWetRich
129844,Rumex thyrsiflorus,ForestWetRich
129845,Rumex thyrsiflorus,ForestWetRich
129846,Rumex thyrsiflorus,ForestWetRich
129847,Rumex thyrsiflorus,ForestWetRich
129848,Rumex thyrsiflorus,ForestWetRich
129849,Rumex thyrsiflorus,ForestWetRich
129850,Rumex thyrsiflorus,ForestWetRich
129851,Rumex thyrsiflorus,ForestWetRich
129852,Rumex thyrsiflorus,ForestWetRich
129853,Rumex thyrsiflorus,ForestWetRich
129854,Rumex thyrsiflorus,ForestWetRich
129855,Rumex thyrsiflorus,ForestWetRich
129856,Rumex thyrsiflorus,ForestWetRich
129857,Rumex thyrsiflorus,ForestWetRich
129858,Rumex thyrsiflorus,ForestWetRich
129859,Rumex thyrsiflorus,ForestWetRich
129860,Rumex thyrsiflorus,ForestWetRich
129861,Rumex thyrsiflorus,ForestWetRich
129862,Rumex thyrsiflorus,ForestWetRich
129863,Rumex thyrsiflorus,ForestWetRich
129864,Rumex thyrsiflorus,ForestWetRich
129865,Rumex thyrsiflorus,ForestWetRich
129866,Rumex thyrsiflorus,ForestWetRich
129867,Rumex thyrsiflorus,ForestWetRich
129868,Rumex thyrsiflorus,ForestWetRich
129869,Rumex thyrsiflorus,ForestWetRich
129870,Rumex thyrsiflorus,ForestWetRich
129871,Rumex thyrsiflorus,ForestWetRich
129872,Rumex thyrsiflorus,ForestWetRich
129873,Rumex thyrsiflorus,ForestWetRich
129874,Rumex thyrsiflorus,ForestWetRich
129875,Rumex thyrsiflorus,ForestWetRich
129876,Rumex thyrsiflorus,ForestWetRich
129877,Rumex thyrsiflorus,ForestWetRich
129878,Rumex thyrsiflorus,ForestWetRich
129879,Rumex thyrsiflorus,ForestWetRich
129880,Rumex thyrsiflorus,ForestWetRich
129881,Rumex thyrsiflorus,ForestWetRich
129882,Rumex thyrsiflorus,ForestWetRich
129883,Rumex thyrsiflorus,ForestWetRich
129884,Rumex thyrsiflorus,ForestWetRich
129885,Rumex thyrsiflorus,ForestWetRich
129886,Rumex thyrsiflorus,ForestWetRich
129887,Rumex thyrsiflorus,ForestWetRich
129888,Rumex thyrsiflorus,ForestWetRich
129889,Rumex thyrsiflorus,ForestWetRich
129890,Rumex thyrsiflorus,ForestWetRich
129891,Rumex thyrsiflorus,ForestWetRich
129892,Rumex thyrsiflorus,ForestWetRich
129893,Rumex thyrsiflorus,ForestWetRich
129894,Rumex thyrsiflorus,ForestWetRich
129895,Rumex thyrsiflorus,ForestWetRich
129896,Rumex thyrsiflorus,ForestWetRich
129897,Rumex thyrsiflorus,ForestWetRich
129898,Rumex thyrsiflorus,ForestWetRich
129899,Rumex thyrsiflorus,ForestWetRich
130420,Rumex thyrsiflorus,ForestWetRich
130421,Rumex thyrsiflorus,ForestWetRich
130422,Rumex thyrsiflorus,ForestWetRich
130423,Rumex thyrsiflorus,ForestWetRich
130424,Rumex thyrsiflorus,ForestWetRich
130425,Rumex thyrsiflorus,ForestWetRich
130426,Rumex thyrsiflorus,ForestWetRich
130427,Rumex thyrsiflorus,ForestWetRich
130428,Rumex thyrsiflorus,ForestWetRich
130429,Rumex thyrsiflorus,ForestWetRich
130430,Rumex thyrsiflorus,ForestWetRich
130431,Rumex thyrsiflorus,ForestWetRich
130432,Rumex thyrsiflorus,ForestWetRich
130433,Rumex thyrsiflorus,ForestWetRich
130434,Rumex thyrsiflorus,ForestWetRich
130435,Rumex thyrsiflorus,ForestWetRich
130436,Rumex thyrsiflorus,ForestWetRich
130437,Rumex thyrsiflorus,ForestWetRich
130438,Rumex thyrsiflorus,ForestWetRich
130439,Rumex thyrsiflorus,ForestWetRich
130440,Rumex thyrsiflorus,ForestWetRich
130441,Rumex thyrsiflorus,ForestWetRich
130442,Rumex thyrsiflorus,ForestWetRich
130443,Rumex thyrsiflorus,ForestWetRich
130444,Rumex thyrsiflorus,ForestWetRich
130445,Rumex thyrsiflorus,ForestWetRich
130446,Rumex thyrsiflorus,ForestWetRich
130447,Rumex thyrsiflorus,ForestWetRich
130448,Rumex thyrsiflorus,ForestWetRich
130449,Rumex thyrsiflorus,ForestWetRich
130450,Rumex thyrsiflorus,ForestWetRich
130451,Rumex thyrsiflorus,ForestWetRich
130452,Rumex thyrsiflorus,ForestWetRich
130453,Rumex thyrsiflorus,ForestWetRich
130454,Rumex thyrsiflorus,ForestWetRich
130455,Rumex thyrsiflorus,ForestWetRich
130456,Rumex thyrsiflorus,ForestWetRich
130457,Rumex thyrsiflorus,ForestWetRich
130458,Rumex thyrsiflorus,ForestWetRich
130459,Rumex thyrsiflorus,ForestWetRich
130460,Rumex thyrsiflorus,ForestWetRich
130461,Rumex thyrsiflorus,ForestWetRich
130462,Rumex thyrsiflorus,ForestWetRich
130463,Rumex thyrsiflorus,ForestWetRich
130464,Rumex thyrsiflorus,ForestWetRich
130465,Rumex thyrsiflorus,ForestWetRich
130466,Rumex thyrsiflorus,ForestWetRich
130467,Rumex thyrsiflorus,ForestWetRich
130468,Rumex thyrsiflorus,ForestWetRich
130469,Rumex thyrsiflorus,ForestWetRich
130470,Rumex thyrsiflorus,ForestWetRich
130471,Rumex thyrsiflorus,ForestWetRich
130472,Rumex thyrsiflorus,ForestWetRich
130473,Rumex thyrsiflorus,ForestWetRich
130474,Rumex thyrsiflorus,ForestWetRich
130475,Rumex thyrsiflorus,ForestWetRich
130476,Rumex thyrsiflorus,ForestWetRich
130477,Rumex thyrsiflorus,ForestWetRich
130478,Rumex thyrsiflorus,ForestWetRich
130479,Rumex thyrsiflorus,ForestWetRich
130480,Rumex thyrsiflorus,ForestWetRich
130481,Rumex thyrsiflorus,ForestWetRich
130482,Rumex thyrsiflorus,ForestWetRich
130483,Rumex thyrsiflorus,ForestWetRich
130484,Rumex thyrsiflorus,ForestWetRich
130485,Rumex thyrsiflorus,ForestWetRich
130486,Rumex thyrsiflorus,ForestWetRich
130487,Rumex thyrsiflorus,ForestWetRich
130488,Rumex thyrsiflorus,ForestWetRich
130489,Rumex thyrsiflorus,ForestWetRich
130490,Rumex thyrsiflorus,ForestWetRich
130491,Rumex thyrsiflorus,ForestWetRich
130492,Rumex thyrsiflorus,ForestWetRich
130493,Rumex thyrsiflorus,ForestWetRich
130494,Rumex thyrsiflorus,ForestWetRich
130495,Rumex thyrsiflorus,ForestWetRich
130496,Rumex thyrsiflorus,ForestWetRich
130497,Rumex thyrsiflorus,ForestWetRich
130498,Rumex thyrsiflorus,ForestWetRich
131019,Rumex thyrsiflorus,ForestWetRich
131020,Rumex thyrsiflorus,ForestWetRich
131021,Rumex thyrsiflorus,ForestWetRich
131022,Rumex thyrsiflorus,ForestWetRich
131023,Rumex thyrsiflorus,ForestWetRich
131024,Rumex thyrsiflorus,ForestWetRich
131025,Rumex thyrsiflorus,ForestWetRich
131026,Rumex thyrsiflorus,ForestWetRich
131027,Rumex thyrsiflorus,ForestWetRich
131028,Rumex thyrsiflorus,ForestWetRich
131029,Rumex thyrsiflorus,ForestWetRich
131030,Rumex thyrsiflorus,ForestWetRich
131031,Rumex thyrsiflorus,ForestWetRich
131032,Rumex thyrsiflorus,ForestWetRich
131033,Rumex thyrsiflorus,ForestWetRich
131034,Rumex thyrsiflorus,ForestWetRich
131035,Rumex thyrsiflorus,ForestWetRich
131036,Rumex thyrsiflorus,ForestWetRich
131037,Rumex thyrsiflorus,ForestWetRich
131038,Rumex thyrsiflorus,ForestWetRich
131039,Rumex thyrsiflorus,ForestWetRich
131040,Rumex thyrsiflorus,ForestWetRich
131041,Rumex thyrsiflorus,ForestWetRich
131042,Rumex thyrsiflorus,ForestWetRich
131043,Rumex thyrsiflorus,ForestWetRich
131044,Rumex thyrsiflorus,ForestWetRich
131045,Rumex thyrsiflorus,ForestWetRich
131046,Rumex thyrsiflorus,ForestWetRich
131047,Rumex thyrsiflorus,ForestWetRich
131048,Rumex thyrsiflorus,ForestWetRich
131049,Rumex thyrsiflorus,ForestWetRich
131050,Rumex thyrsiflorus,ForestWetRich
131051,Rumex thyrsiflorus,ForestWetRich
131052,Rumex thyrsiflorus,ForestWetRich
131053,Rumex thyrsiflorus,ForestWetRich
131054,Rumex thyrsiflorus,ForestWetRich
131055,Rumex thyrsiflorus,ForestWetRich
131056,Rumex thyrsiflorus,ForestWetRich
131057,Rumex thyrsiflorus,ForestWetRich
131058,Rumex thyrsiflorus,ForestWetRich
131059,Rumex thyrsiflorus,ForestWetRich
131060,Rumex thyrsiflorus,ForestWetRich
131061,Rumex thyrsiflorus,ForestWetRich
131062,Rumex thyrsiflorus,ForestWetRich
131063,Rumex thyrsiflorus,ForestWetRich
131064,Rumex thyrsiflorus,ForestWetRich
131065,Rumex thyrsiflorus,ForestWetRich
131066,Rumex thyrsiflorus,ForestWetRich
131067,Rumex thyrsiflorus,ForestWetRich
131068,Rumex thyrsiflorus,ForestWetRich
131069,Rumex thyrsiflorus,ForestWetRich
131070,Rumex thyrsiflorus,ForestWetRich
131071,Rumex thyrsiflorus,ForestWetRich
131072,Rumex thyrsiflorus,ForestWetRich
131073,Rumex thyrsiflorus,ForestWetRich
131074,Rumex thyrsiflorus,ForestWetRich
131075,Rumex thyrsiflorus,ForestWetRich
131076,Rumex thyrsiflorus,ForestWetRich
131077,Rumex thyrsiflorus,ForestWetRich
131078,Rumex thyrsiflorus,ForestWetRich
131079,Rumex thyrsiflorus,ForestWetRich
131080,Rumex thyrsiflorus,ForestWetRich
131081,Rumex thyrsiflorus,ForestWetRich
131082,Rumex thyrsiflorus,ForestWetRich
131083,Rumex thyrsiflorus,ForestWetRich
131084,Rumex thyrsiflorus,ForestWetRich
131085,Rumex thyrsiflorus,ForestWetRich
131086,Rumex thyrsiflorus,ForestWetRich
131087,Rumex thyrsiflorus,ForestWetRich
131088,Rumex thyrsiflorus,ForestWetRich
131089,Rumex thyrsiflorus,ForestWetRich
131090,Rumex thyrsiflorus,ForestWetRich
131091,Rumex thyrsiflorus,ForestWetRich
131092,Rumex thyrsiflorus,ForestWetRich
131093,Rumex thyrsiflorus,ForestWetRich
131094,Rumex thyrsiflorus,ForestWetRich
131095,Rumex thyrsiflorus,ForestWetRich
131096,Rumex thyrsiflorus,ForestWetRich
131097,Rumex thyrsiflorus,ForestWetRich
131098,Rumex thyrsiflorus,ForestWetRich
131618,Rumex thyrsiflorus,ForestWetRich
131619,Rumex thyrsiflorus,ForestWetRich
131620,Rumex thyrsiflorus,ForestWetRich
131621,Rumex thyrsiflorus,ForestWetRich
131622,Rumex thyrsiflorus,ForestWetRich
131623,Rumex thyrsiflorus,ForestWetRich
131624,Rumex thyrsiflorus,ForestWetRich
131625,Rumex thyrsiflorus,ForestWetRich
131626,Rumex thyrsiflorus,ForestWetRich
131627,Rumex thyrsiflorus,ForestWetRich
131628,Rumex thyrsiflorus,ForestWetRich
131629,Rumex thyrsiflorus,ForestWetRich
131630,Rumex thyrsiflorus,ForestWetRich
131631,Rumex thyrsiflorus,ForestWetRich
131632,Rumex thyrsiflorus,ForestWetRich
131633,Rumex thyrsiflorus,ForestWetRich
131634,Rumex thyrsiflorus,ForestWetRich
131635,Rumex thyrsiflorus,ForestWetRich
131636,Rumex thyrsiflorus,ForestWetRich
131637,Rumex thyrsiflorus,ForestWetRich
131638,Rumex thyrsiflorus,ForestWetRich
131639,Rumex thyrsiflorus,ForestWetRich
131640,Rumex thyrsiflorus,ForestWetRich
131641,Rumex thyrsiflorus,ForestWetRich
131642,Rumex thyrsiflorus,ForestWetRich
131643,Rumex thyrsiflorus,ForestWetRich
131644,Rumex thyrsiflorus,ForestWetRich
131645,Rumex thyrsiflorus,ForestWetRich
131646,Rumex thyrsiflorus,ForestWetRich
131647,Rumex thyrsiflorus,ForestWetRich
131648,Rumex thyrsiflorus,ForestWetRich
131649,Rumex thyrsiflorus,ForestWetRich
131650,Rumex thyrsiflorus,ForestWetRich
131651,Rumex thyrsiflorus,ForestWetRich
131652,Rumex thyrsiflorus,ForestWetRich
131653,Rumex thyrsiflorus,ForestWetRich
131654,Rumex thyrsiflorus,ForestWetRich
131655,Rumex thyrsiflorus,ForestWetRich
131656,Rumex thyrsiflorus,ForestWetRich
131657,Rumex thyrsiflorus,ForestWetRich
131658,Rumex thyrsiflorus,ForestWetRich
131659,Rumex thyrsiflorus,ForestWetRich
131660,Rumex thyrsiflorus,ForestWetRich
131661,Rumex thyrsiflorus,ForestWetRich
131662,Rumex thyrsiflorus,ForestWetRich
131663,Rumex thyrsiflorus,ForestWetRich
131664,Rumex thyrsiflorus,ForestWetRich
131665,Rumex thyrsiflorus,ForestWetRich
131666,Rumex thyrsiflorus,ForestWetRich
131667,Rumex thyrsiflorus,ForestWetRich
131668,Rumex thyrsiflorus,ForestWetRich
131669,Rumex thyrsiflorus,ForestWetRich
131670,Rumex thyrsiflorus,ForestWetRich
131671,Rumex thyrsiflorus,ForestWetRich
131672,Rumex thyrsiflorus,ForestWetRich
131673,Rumex thyrsiflorus,ForestWetRich
131674,Rumex thyrsiflorus,ForestWetRich
131675,Rumex thyrsiflorus,ForestWetRich
131676,Rumex thyrsiflorus,ForestWetRich
131677,Rumex thyrsiflorus,ForestWetRich
131678,Rumex thyrsiflorus,ForestWetRich
131679,Rumex thyrsiflorus,ForestWetRich
131680,Rumex thyrsiflorus,ForestWetRich
131681,Rumex thyrsiflorus,ForestWetRich
131682,Rumex thyrsiflorus,ForestWetRich
131683,Rumex thyrsiflorus,ForestWetRich
131684,Rumex thyrsiflorus,ForestWetRich
131685,Rumex thyrsiflorus,ForestWetRich
131686,Rumex thyrsiflorus,ForestWetRich
131687,Rumex thyrsiflorus,ForestWetRich
131688,Rumex thyrsiflorus,ForestWetRich
131689,Rumex thyrsiflorus,ForestWetRich
131690,Rumex thyrsiflorus,ForestWetRich
131691,Rumex thyrsiflorus,ForestWetRich
131692,Rumex thyrsiflorus,ForestWetRich
131693,Rumex thyrsiflorus,ForestWetRich
131694,Rumex thyrsiflorus,ForestWetRich
131695,Rumex thyrsiflorus,ForestWetRich
131696,Rumex thyrsiflorus,ForestWetRich
131697,Rumex thyrsiflorus,ForestWetRich
132217,Rumex thyrsiflorus,ForestWetRich
132218,Rumex thyrsiflorus,ForestWetRich
132219,Rumex thyrsiflorus,ForestWetRich
132220,Rumex thyrsiflorus,ForestWetRich
132221,Rumex thyrsiflorus,ForestWetRich
132222,Rumex thyrsiflorus,ForestWetRich
132223,Rumex thyrsiflorus,ForestWetRich
132224,Rumex thyrsiflorus,ForestWetRich
132225,Rumex thyrsiflorus,ForestWetRich
132226,Rumex thyrsiflorus,ForestWetRich
132227,Rumex thyrsiflorus,ForestWetRich
132228,Rumex thyrsiflorus,ForestWetRich
132229,Rumex thyrsiflorus,ForestWetRich
132230,Rumex thyrsiflorus,ForestWetRich
132231,Rumex thyrsiflorus,ForestWetRich
132232,Rumex thyrsiflorus,ForestWetRich
132233,Rumex thyrsiflorus,ForestWetRich
132234,Rumex thyrsiflorus,ForestWetRich
132235,Rumex thyrsiflorus,ForestWetRich
132236,Rumex thyrsiflorus,ForestWetRich
132237,Rumex thyrsiflorus,ForestWetRich
132238,Rumex thyrsiflorus,ForestWetRich
132239,Rumex thyrsiflorus,ForestWetRich
132240,Rumex thyrsiflorus,ForestWetRich
132241,Rumex thyrsiflorus,ForestWetRich
132242,Rumex thyrsiflorus,ForestWetRich
132243,Rumex thyrsiflorus,ForestWetRich
132244,Rumex thyrsiflorus,ForestWetRich
132245,Rumex thyrsiflorus,ForestWetRich
132246,Rumex thyrsiflorus,ForestWetRich
132247,Rumex thyrsiflorus,ForestWetRich
132248,Rumex thyrsiflorus,ForestWetRich
132249,Rumex thyrsiflorus,ForestWetRich
132250,Rumex thyrsiflorus,ForestWetRich
132251,Rumex thyrsiflorus,ForestWetRich
132252,Rumex thyrsiflorus,ForestWetRich
132253,Rumex thyrsiflorus,ForestWetRich
132254,Rumex thyrsiflorus,ForestWetRich
132255,Rumex thyrsiflorus,ForestWetRich
132256,Rumex thyrsiflorus,ForestWetRich
132257,Rumex thyrsiflorus,ForestWetRich
132258,Rumex thyrsiflorus,ForestWetRich
132259,Rumex thyrsiflorus,ForestWetRich
132260,Rumex thyrsiflorus,ForestWetRich
132261,Rumex thyrsiflorus,ForestWetRich
132262,Rumex thyrsiflorus,ForestWetRich
132263,Rumex thyrsiflorus,ForestWetRich
132264,Rumex thyrsiflorus,ForestWetRich
132265,Rumex thyrsiflorus,ForestWetRich
132266,Rumex thyrsiflorus,ForestWetRich
132267,Rumex thyrsiflorus,ForestWetRich
132268,Rumex thyrsiflorus,ForestWetRich
132269,Rumex thyrsiflorus,ForestWetRich
132270,Rumex thyrsiflorus,ForestWetRich
132271,Rumex thyrsiflorus,ForestWetRich
132272,Rumex thyrsiflorus,ForestWetRich
132273,Rumex thyrsiflorus,ForestWetRich
132274,Rumex thyrsiflorus,ForestWetRich
132275,Rumex thyrsiflorus,ForestWetRich
132276,Rumex thyrsiflorus,ForestWetRich
132277,Rumex thyrsiflorus,ForestWetRich
132278,Rumex thyrsiflorus,ForestWetRich
132279,Rumex thyrsiflorus,ForestWetRich
132280,Rumex thyrsiflorus,ForestWetRich
132281,Rumex thyrsiflorus,ForestWetRich
132282,Rumex thyrsiflorus,ForestWetRich
132283,Rumex thyrsiflorus,ForestWetRich
132284,Rumex thyrsiflorus,ForestWetRich
132285,Rumex thyrsiflorus,ForestWetRich
132286,Rumex thyrsiflorus,ForestWetRich
132287,Rumex thyrsiflorus,ForestWetRich
132288,Rumex thyrsiflorus,ForestWetRich
132289,Rumex thyrsiflorus,ForestWetRich
132290,Rumex thyrsiflorus,ForestWetRich
132291,Rumex thyrsiflorus,ForestWetRich
132292,Rumex thyrsiflorus,ForestWetRich
132293,Rumex thyrsiflorus,ForestWetRich
132294,Rumex thyrsiflorus,ForestWetRich
132295,Rumex thyrsiflorus,ForestWetRich
132296,Rumex thyrsiflorus,ForestWetRich
132816,Rumex thyrsiflorus,ForestWetRich
132817,Rumex thyrsiflorus,ForestWetRich
132818,Rumex thyrsiflorus,ForestWetRich
132819,Rumex thyrsiflorus,ForestWetRich
132820,Rumex thyrsiflorus,ForestWetRich
132821,Rumex thyrsiflorus,ForestWetRich
132822,Rumex thyrsiflorus,ForestWetRich
132823,Rumex thyrsiflorus,ForestWetRich
132824,Rumex thyrsiflorus,ForestWetRich
132825,Rumex thyrsiflorus,ForestWetRich
132826,Rumex thyrsiflorus,ForestWetRich
132827,Rumex thyrsiflorus,ForestWetRich
132828,Rumex thyrsiflorus,ForestWetRich
132829,Rumex thyrsiflorus,ForestWetRich
132830,Rumex thyrsiflorus,ForestWetRich
132831,Rumex thyrsiflorus,ForestWetRich
132832,Rumex thyrsiflorus,ForestWetRich
132833,Rumex thyrsiflorus,ForestWetRich
132834,Rumex thyrsiflorus,ForestWetRich
132835,Rumex thyrsiflorus,ForestWetRich
132836,Rumex thyrsiflorus,ForestWetRich
132837,Rumex thyrsiflorus,ForestWetRich
132838,Rumex thyrsiflorus,ForestWetRich
132839,Rumex thyrsiflorus,ForestWetRich
132840,Rumex thyrsiflorus,ForestWetRich
132841,Rumex thyrsiflorus,ForestWetRich
132842,Rumex thyrsiflorus,ForestWetRich
132843,Rumex thyrsiflorus,ForestWetRich
132844,Rumex thyrsiflorus,ForestWetRich
132845,Rumex thyrsiflorus,ForestWetRich
132846,Rumex thyrsiflorus,ForestWetRich
132847,Rumex thyrsiflorus,ForestWetRich
132848,Rumex thyrsiflorus,ForestWetRich
132849,Rumex thyrsiflorus,ForestWetRich
132850,Rumex thyrsiflorus,ForestWetRich
132851,Rumex thyrsiflorus,ForestWetRich
132852,Rumex thyrsiflorus,ForestWetRich
132853,Rumex thyrsiflorus,ForestWetRich
132854,Rumex thyrsiflorus,ForestWetRich
132855,Rumex thyrsiflorus,ForestWetRich
132856,Rumex thyrsiflorus,ForestWetRich
132857,Rumex thyrsiflorus,ForestWetRich
132858,Rumex thyrsiflorus,ForestWetRich
132859,Rumex thyrsiflorus,ForestWetRich
132860,Rumex thyrsiflorus,ForestWetRich
132861,Rumex thyrsiflorus,ForestWetRich
132862,Rumex thyrsiflorus,ForestWetRich
132863,Rumex thyrsiflorus,ForestWetRich
132864,Rumex thyrsiflorus,ForestWetRich
132865,Rumex thyrsiflorus,ForestWetRich
132866,Rumex thyrsiflorus,ForestWetRich
132867,Rumex thyrsiflorus,ForestWetRich
132868,Rumex thyrsiflorus,ForestWetRich
132869,Rumex thyrsiflorus,ForestWetRich
132870,Rumex thyrsiflorus,ForestWetRich
132871,Rumex thyrsiflorus,ForestWetRich
132872,Rumex thyrsiflorus,ForestWetRich
132873,Rumex thyrsiflorus,ForestWetRich
132874,Rumex thyrsiflorus,ForestWetRich
132875,Rumex thyrsiflorus,ForestWetRich
132876,Rumex thyrsiflorus,ForestWetRich
132877,Rumex thyrsiflorus,ForestWetRich
132878,Rumex thyrsiflorus,ForestWetRich
132879,Rumex thyrsiflorus,ForestWetRich
132880,Rumex thyrsiflorus,ForestWetRich
132881,Rumex thyrsiflorus,ForestWetRich
132882,Rumex thyrsiflorus,ForestWetRich
132883,Rumex thyrsiflorus,ForestWetRich
132884,Rumex thyrsiflorus,ForestWetRich
132885,Rumex thyrsiflorus,ForestWetRich
132886,Rumex thyrsiflorus,ForestWetRich
132887,Rumex thyrsiflorus,ForestWetRich
132888,Rumex thyrsiflorus,ForestWetRich
132889,Rumex thyrsiflorus,ForestWetRich
132890,Rumex thyrsiflorus,ForestWetRich
132891,Rumex thyrsiflorus,ForestWetRich
132892,Rumex thyrsiflorus,ForestWetRich
132893,Rumex thyrsiflorus,ForestWetRich
132894,Rumex thyrsiflorus,ForestWetRich
132895,Rumex thyrsiflorus,ForestWetRich
133415,Rumex thyrsiflorus,ForestWetRich
133416,Rumex thyrsiflorus,ForestWetRich
133417,Rumex thyrsiflorus,ForestWetRich
133418,Rumex thyrsiflorus,ForestWetRich
133419,Rumex thyrsiflorus,ForestWetRich
133420,Rumex thyrsiflorus,ForestWetRich
133421,Rumex thyrsiflorus,ForestWetRich
133422,Rumex thyrsiflorus,ForestWetRich
133423,Rumex thyrsiflorus,ForestWetRich
133424,Rumex thyrsiflorus,ForestWetRich
133425,Rumex thyrsiflorus,ForestWetRich
133426,Rumex thyrsiflorus,ForestWetRich
133427,Rumex thyrsiflorus,ForestWetRich
133428,Rumex thyrsiflorus,ForestWetRich
133429,Rumex thyrsiflorus,ForestWetRich
133430,Rumex thyrsiflorus,ForestWetRich
133431,Rumex thyrsiflorus,ForestWetRich
133432,Rumex thyrsiflorus,ForestWetRich
133433,Rumex thyrsiflorus,ForestWetRich
133434,Rumex thyrsiflorus,ForestWetRich
133435,Rumex thyrsiflorus,ForestWetRich
133436,Rumex thyrsiflorus,ForestWetRich
133437,Rumex thyrsiflorus,ForestWetRich
133438,Rumex thyrsiflorus,ForestWetRich
133439,Rumex thyrsiflorus,ForestWetRich
133440,Rumex thyrsiflorus,ForestWetRich
133441,Rumex thyrsiflorus,ForestWetRich
133442,Rumex thyrsiflorus,ForestWetRich
133443,Rumex thyrsiflorus,ForestWetRich
133444,Rumex thyrsiflorus,ForestWetRich
133445,Rumex thyrsiflorus,ForestWetRich
133446,Rumex thyrsiflorus,ForestWetRich
133447,Rumex thyrsiflorus,ForestWetRich
133448,Rumex thyrsiflorus,ForestWetRich
133449,Rumex thyrsiflorus,ForestWetRich
133450,Rumex thyrsiflorus,ForestWetRich
133451,Rumex thyrsiflorus,ForestWetRich
133452,Rumex thyrsiflorus,ForestWetRich
133453,Rumex thyrsiflorus,ForestWetRich
133454,Rumex thyrsiflorus,ForestWetRich
133455,Rumex thyrsiflorus,ForestWetRich
133456,Rumex thyrsiflorus,ForestWetRich
133457,Rumex thyrsiflorus,ForestWetRich
133458,Rumex thyrsiflorus,ForestWetRich
133459,Rumex thyrsiflorus,ForestWetRich
133460,Rumex thyrsiflorus,ForestWetRich
133461,Rumex thyrsiflorus,ForestWetRich
133462,Rumex thyrsiflorus,ForestWetRich
133463,Rumex thyrsiflorus,ForestWetRich
133464,Rumex thyrsiflorus,ForestWetRich
133465,Rumex thyrsiflorus,ForestWetRich
133466,Rumex thyrsiflorus,ForestWetRich
133467,Rumex thyrsiflorus,ForestWetRich
133468,Rumex thyrsiflorus,ForestWetRich
133469,Rumex thyrsiflorus,ForestWetRich
133470,Rumex thyrsiflorus,ForestWetRich
133471,Rumex thyrsiflorus,ForestWetRich
133472,Rumex thyrsiflorus,ForestWetRich
133473,Rumex thyrsiflorus,ForestWetRich
133474,Rumex thyrsiflorus,ForestWetRich
133475,Rumex thyrsiflorus,ForestWetRich
133476,Rumex thyrsiflorus,ForestWetRich
133477,Rumex thyrsiflorus,ForestWetRich
133478,Rumex thyrsiflorus,ForestWetRich
133479,Rumex thyrsiflorus,ForestWetRich
133480,Rumex thyrsiflorus,ForestWetRich
133481,Rumex thyrsiflorus,ForestWetRich
133482,Rumex thyrsiflorus,ForestWetRich
133483,Rumex thyrsiflorus,ForestWetRich
133484,Rumex thyrsiflorus,ForestWetRich
133485,Rumex thyrsiflorus,ForestWetRich
133486,Rumex thyrsiflorus,ForestWetRich
133487,Rumex thyrsiflorus,ForestWetRich
133488,Rumex thyrsiflorus,ForestWetRich
133489,Rumex thyrsiflorus,ForestWetRich
133490,Rumex thyrsiflorus,ForestWetRich
133491,Rumex thyrsiflorus,ForestWetRich
133492,Rumex thyrsiflorus,ForestWetRich
133493,Rumex thyrsiflorus,ForestWetRich
133494,Rumex thyrsiflorus,ForestWetRich
134014,Rumex thyrsiflorus,ForestWetRich
134015,Rumex thyrsiflorus,ForestWetRich
134016,Rumex thyrsiflorus,ForestWetRich
134017,Rumex thyrsiflorus,ForestWetRich
134018,Rumex thyrsiflorus,ForestWetRich
134019,Rumex thyrsiflorus,ForestWetRich
134020,Rumex thyrsiflorus,ForestWetRich
134021,Rumex thyrsiflorus,ForestWetRich
134022,Rumex thyrsiflorus,ForestWetRich
134023,Rumex thyrsiflorus,ForestWetRich
134024,Rumex thyrsiflorus,ForestWetRich
134025,Rumex thyrsiflorus,ForestWetRich
134026,Rumex thyrsiflorus,ForestWetRich
134027,Rumex thyrsiflorus,ForestWetRich
134028,Rumex thyrsiflorus,ForestWetRich
134029,Rumex thyrsiflorus,ForestWetRich
134030,Rumex thyrsiflorus,ForestWetRich
134031,Rumex thyrsiflorus,ForestWetRich
134032,Rumex thyrsiflorus,ForestWetRich
134033,Rumex thyrsiflorus,ForestWetRich
134034,Rumex thyrsiflorus,ForestWetRich
134035,Rumex thyrsiflorus,ForestWetRich
134036,Rumex thyrsiflorus,ForestWetRich
134037,Rumex thyrsiflorus,ForestWetRich
134038,Rumex thyrsiflorus,ForestWetRich
134039,Rumex thyrsiflorus,ForestWetRich
134040,Rumex thyrsiflorus,ForestWetRich
134041,Rumex thyrsiflorus,ForestWetRich
134042,Rumex thyrsiflorus,ForestWetRich
134043,Rumex thyrsiflorus,ForestWetRich
134044,Rumex thyrsiflorus,ForestWetRich
134045,Rumex thyrsiflorus,ForestWetRich
134046,Rumex thyrsiflorus,ForestWetRich
134047,Rumex thyrsiflorus,ForestWetRich
134048,Rumex thyrsiflorus,ForestWetRich
134049,Rumex thyrsiflorus,ForestWetRich
134050,Rumex thyrsiflorus,ForestWetRich
134051,Rumex thyrsiflorus,ForestWetRich
134052,Rumex thyrsiflorus,ForestWetRich
134053,Rumex thyrsiflorus,ForestWetRich
134054,Rumex thyrsiflorus,ForestWetRich
134055,Rumex thyrsiflorus,ForestWetRich
134056,Rumex thyrsiflorus,ForestWetRich
134057,Rumex thyrsiflorus,ForestWetRich
134058,Rumex thyrsiflorus,ForestWetRich
134059,Rumex thyrsiflorus,ForestWetRich
134060,Rumex thyrsiflorus,ForestWetRich
134061,Rumex thyrsiflorus,ForestWetRich
134062,Rumex thyrsiflorus,ForestWetRich
134063,Rumex thyrsiflorus,ForestWetRich
134064,Rumex thyrsiflorus,ForestWetRich
134065,Rumex thyrsiflorus,ForestWetRich
134066,Rumex thyrsiflorus,ForestWetRich
134067,Rumex thyrsiflorus,ForestWetRich
134068,Rumex thyrsiflorus,ForestWetRich
134069,Rumex thyrsiflorus,ForestWetRich
134070,Rumex thyrsiflorus,ForestWetRich
134071,Rumex thyrsiflorus,ForestWetRich
134072,Rumex thyrsiflorus,ForestWetRich
134073,Rumex thyrsiflorus,ForestWetRich
134074,Rumex thyrsiflorus,ForestWetRich
134075,Rumex thyrsiflorus,ForestWetRich
134076,Rumex thyrsiflorus,ForestWetRich
134077,Rumex thyrsiflorus,ForestWetRich
134078,Rumex thyrsiflorus,ForestWetRich
134079,Rumex thyrsiflorus,ForestWetRich
134080,Rumex thyrsiflorus,ForestWetRich
134081,Rumex thyrsiflorus,ForestWetRich
134082,Rumex thyrsiflorus,ForestWetRich
134083,Rumex thyrsiflorus,ForestWetRich
134084,Rumex thyrsiflorus,ForestWetRich
134085,Rumex thyrsiflorus,ForestWetRich
134086,Rumex thyrsiflorus,ForestWetRich
134087,Rumex thyrsiflorus,ForestWetRich
134088,Rumex thyrsiflorus,ForestWetRich
134089,Rumex thyrsiflorus,ForestWetRich
134090,Rumex thyrsiflorus,ForestWetRich
134091,Rumex thyrsiflorus,ForestWetRich
134092,Rumex thyrsiflorus,ForestWetRich
134093,Rumex thyrsiflorus,ForestWetRich
146613,Rumex thyrsiflorus,ForestWetRich
146614,Rumex thyrsiflorus,ForestWetRich
146615,Rumex thyrsiflorus,ForestWetRich
146616,Rumex thyrsiflorus,ForestWetRich
146617,Rumex thyrsiflorus,ForestWetRich
146618,Rumex thyrsiflorus,ForestWetRich
146619,Rumex thyrsiflorus,ForestWetRich
146620,Rumex thyrsiflorus,ForestWetRich
146621,Rumex thyrsiflorus,ForestWetRich
146622,Rumex thyrsiflorus,ForestWetRich
146623,Rumex thyrsiflorus,ForestWetRich
146624,Rumex thyrsiflorus,ForestWetRich
146625,Rumex thyrsiflorus,ForestWetRich
146626,Rumex thyrsiflorus,ForestWetRich
146627,Rumex thyrsiflorus,ForestWetRich
146628,Rumex thyrsiflorus,ForestWetRich
146629,Rumex thyrsiflorus,ForestWetRich
146630,Rumex thyrsiflorus,ForestWetRich
146631,Rumex thyrsiflorus,ForestWetRich
146632,Rumex thyrsiflorus,ForestWetRich
146653,Rumex thyrsiflorus,ForestWetRich
146654,Rumex thyrsiflorus,ForestWetRich
146655,Rumex thyrsiflorus,ForestWetRich
146656,Rumex thyrsiflorus,ForestWetRich
146657,Rumex thyrsiflorus,ForestWetRich
146658,Rumex thyrsiflorus,ForestWetRich
146659,Rumex thyrsiflorus,ForestWetRich
146660,Rumex thyrsiflorus,ForestWetRich
146661,Rumex thyrsiflorus,ForestWetRich
146662,Rumex thyrsiflorus,ForestWetRich
146663,Rumex thyrsiflorus,ForestWetRich
146664,Rumex thyrsiflorus,ForestWetRich
146665,Rumex thyrsiflorus,ForestWetRich
146666,Rumex thyrsiflorus,ForestWetRich
146667,Rumex thyrsiflorus,ForestWetRich
146668,Rumex thyrsiflorus,ForestWetRich
146669,Rumex thyrsiflorus,ForestWetRich
146670,Rumex thyrsiflorus,ForestWetRich
146671,Rumex thyrsiflorus,ForestWetRich
146672,Rumex thyrsiflorus,ForestWetRich
147212,Rumex thyrsiflorus,ForestWetRich
147213,Rumex thyrsiflorus,ForestWetRich
147214,Rumex thyrsiflorus,ForestWetRich
147215,Rumex thyrsiflorus,ForestWetRich
147216,Rumex thyrsiflorus,ForestWetRich
147217,Rumex thyrsiflorus,ForestWetRich
147218,Rumex thyrsiflorus,ForestWetRich
147219,Rumex thyrsiflorus,ForestWetRich
147220,Rumex thyrsiflorus,ForestWetRich
147221,Rumex thyrsiflorus,ForestWetRich
147222,Rumex thyrsiflorus,ForestWetRich
147223,Rumex thyrsiflorus,ForestWetRich
147224,Rumex thyrsiflorus,ForestWetRich
147225,Rumex thyrsiflorus,ForestWetRich
147226,Rumex thyrsiflorus,ForestWetRich
147227,Rumex thyrsiflorus,ForestWetRich
147228,Rumex thyrsiflorus,ForestWetRich
147229,Rumex thyrsiflorus,ForestWetRich
147230,Rumex thyrsiflorus,ForestWetRich
147231,Rumex thyrsiflorus,ForestWetRich
147252,Rumex thyrsiflorus,ForestWetRich
147253,Rumex thyrsiflorus,ForestWetRich
147254,Rumex thyrsiflorus,ForestWetRich
147255,Rumex thyrsiflorus,ForestWetRich
147256,Rumex thyrsiflorus,ForestWetRich
147257,Rumex thyrsiflorus,ForestWetRich
147258,Rumex thyrsiflorus,ForestWetRich
147259,Rumex thyrsiflorus,ForestWetRich
147260,Rumex thyrsiflorus,ForestWetRich
147261,Rumex thyrsiflorus,ForestWetRich
147262,Rumex thyrsiflorus,ForestWetRich
147263,Rumex thyrsiflorus,ForestWetRich
147264,Rumex thyrsiflorus,ForestWetRich
147265,Rumex thyrsiflorus,ForestWetRich
147266,Rumex thyrsiflorus,ForestWetRich
147267,Rumex thyrsiflorus,ForestWetRich
147268,Rumex thyrsiflorus,ForestWetRich
147269,Rumex thyrsiflorus,ForestWetRich
147270,Rumex thyrsiflorus,ForestWetRich
147271,Rumex thyrsiflorus,ForestWetRich
147811,Rumex thyrsiflorus,ForestWetRich
147812,Rumex thyrsiflorus,ForestWetRich
147813,Rumex thyrsiflorus,ForestWetRich
147814,Rumex thyrsiflorus,ForestWetRich
147815,Rumex thyrsiflorus,ForestWetRich
147816,Rumex thyrsiflorus,ForestWetRich
147817,Rumex thyrsiflorus,ForestWetRich
147818,Rumex thyrsiflorus,ForestWetRich
147819,Rumex thyrsiflorus,ForestWetRich
147820,Rumex thyrsiflorus,ForestWetRich
147821,Rumex thyrsiflorus,ForestWetRich
147822,Rumex thyrsiflorus,ForestWetRich
147823,Rumex thyrsiflorus,ForestWetRich
147824,Rumex thyrsiflorus,ForestWetRich
147825,Rumex thyrsiflorus,ForestWetRich
147826,Rumex thyrsiflorus,ForestWetRich
147827,Rumex thyrsiflorus,ForestWetRich
147828,Rumex thyrsiflorus,ForestWetRich
147829,Rumex thyrsiflorus,ForestWetRich
147830,Rumex thyrsiflorus,ForestWetRich
147851,Rumex thyrsiflorus,ForestWetRich
147852,Rumex thyrsiflorus,ForestWetRich
147853,Rumex thyrsiflorus,ForestWetRich
147854,Rumex thyrsiflorus,ForestWetRich
147855,Rumex thyrsiflorus,ForestWetRich
147856,Rumex thyrsiflorus,ForestWetRich
147857,Rumex thyrsiflorus,ForestWetRich
147858,Rumex thyrsiflorus,ForestWetRich
147859,Rumex thyrsiflorus,ForestWetRich
147860,Rumex thyrsiflorus,ForestWetRich
147861,Rumex thyrsiflorus,ForestWetRich
147862,Rumex thyrsiflorus,ForestWetRich
147863,Rumex thyrsiflorus,ForestWetRich
147864,Rumex thyrsiflorus,ForestWetRich
147865,Rumex thyrsiflorus,ForestWetRich
147866,Rumex thyrsiflorus,ForestWetRich
147867,Rumex thyrsiflorus,ForestWetRich
147868,Rumex thyrsiflorus,ForestWetRich
147869,Rumex thyrsiflorus,ForestWetRich
147870,Rumex thyrsiflorus,ForestWetRich
148410,Rumex thyrsiflorus,ForestWetRich
148411,Rumex thyrsiflorus,ForestWetRich
148412,Rumex thyrsiflorus,ForestWetRich
148413,Rumex thyrsiflorus,ForestWetRich
148414,Rumex thyrsiflorus,ForestWetRich
148415,Rumex thyrsiflorus,ForestWetRich
148416,Rumex thyrsiflorus,ForestWetRich
148417,Rumex thyrsiflorus,ForestWetRich
148418,Rumex thyrsiflorus,ForestWetRich
148419,Rumex thyrsiflorus,ForestWetRich
148420,Rumex thyrsiflorus,ForestWetRich
148421,Rumex thyrsiflorus,ForestWetRich
148422,Rumex thyrsiflorus,ForestWetRich
148423,Rumex thyrsiflorus,ForestWetRich
148424,Rumex thyrsiflorus,ForestWetRich
148425,Rumex thyrsiflorus,ForestWetRich
148426,Rumex thyrsiflorus,ForestWetRich
148427,Rumex thyrsiflorus,ForestWetRich
148428,Rumex thyrsiflorus,ForestWetRich
148429,Rumex thyrsiflorus,ForestWetRich
148450,Rumex thyrsiflorus,ForestWetRich
148451,Rumex thyrsiflorus,ForestWetRich
148452,Rumex thyrsiflorus,ForestWetRich
148453,Rumex thyrsiflorus,ForestWetRich
148454,Rumex thyrsiflorus,ForestWetRich
148455,Rumex thyrsiflorus,ForestWetRich
148456,Rumex thyrsiflorus,ForestWetRich
148457,Rumex thyrsiflorus,ForestWetRich
148458,Rumex thyrsiflorus,ForestWetRich
148459,Rumex thyrsiflorus,ForestWetRich
148460,Rumex thyrsiflorus,ForestWetRich
148461,Rumex thyrsiflorus,ForestWetRich
148462,Rumex thyrsiflorus,ForestWetRich
148463,Rumex thyrsiflorus,ForestWetRich
148464,Rumex thyrsiflorus,ForestWetRich
148465,Rumex thyrsiflorus,ForestWetRich
148466,Rumex thyrsiflorus,ForestWetRich
148467,Rumex thyrsiflorus,ForestWetRich
148468,Rumex thyrsiflorus,ForestWetRich
148469,Rumex thyrsiflorus,ForestWetRich
149009,Rumex thyrsiflorus,ForestWetRich
149010,Rumex thyrsiflorus,ForestWetRich
149011,Rumex thyrsiflorus,ForestWetRich
149012,Rumex thyrsiflorus,ForestWetRich
149013,Rumex thyrsiflorus,ForestWetRich
149014,Rumex thyrsiflorus,ForestWetRich
149015,Rumex thyrsiflorus,ForestWetRich
149016,Rumex thyrsiflorus,ForestWetRich
149017,Rumex thyrsiflorus,ForestWetRich
149018,Rumex thyrsiflorus,ForestWetRich
149019,Rumex thyrsiflorus,ForestWetRich
149020,Rumex thyrsiflorus,ForestWetRich
149021,Rumex thyrsiflorus,ForestWetRich
149022,Rumex thyrsiflorus,ForestWetRich
149023,Rumex thyrsiflorus,ForestWetRich
149024,Rumex thyrsiflorus,ForestWetRich
149025,Rumex thyrsiflorus,ForestWetRich
149026,Rumex thyrsiflorus,ForestWetRich
149027,Rumex thyrsiflorus,ForestWetRich
149028,Rumex thyrsiflorus,ForestWetRich
149049,Rumex thyrsiflorus,ForestWetRich
149050,Rumex thyrsiflorus,ForestWetRich
149051,Rumex thyrsiflorus,ForestWetRich
149052,Rumex thyrsiflorus,ForestWetRich
149053,Rumex thyrsiflorus,ForestWetRich
149054,Rumex thyrsiflorus,ForestWetRich
149055,Rumex thyrsiflorus,ForestWetRich
149056,Rumex thyrsiflorus,ForestWetRich
149057,Rumex thyrsiflorus,ForestWetRich
149058,Rumex thyrsiflorus,ForestWetRich
149059,Rumex thyrsiflorus,ForestWetRich
149060,Rumex thyrsiflorus,ForestWetRich
149061,Rumex thyrsiflorus,ForestWetRich
149062,Rumex thyrsiflorus,ForestWetRich
149063,Rumex thyrsiflorus,ForestWetRich
149064,Rumex thyrsiflorus,ForestWetRich
149065,Rumex thyrsiflorus,ForestWetRich
149066,Rumex thyrsiflorus,ForestWetRich
149067,Rumex thyrsiflorus,ForestWetRich
149068,Rumex thyrsiflorus,ForestWetRich
149608,Rumex thyrsiflorus,ForestWetRich
149609,Rumex thyrsiflorus,ForestWetRich
149610,Rumex thyrsiflorus,ForestWetRich
149611,Rumex thyrsiflorus,ForestWetRich
149612,Rumex thyrsiflorus,ForestWetRich
149613,Rumex thyrsiflorus,ForestWetRich
149614,Rumex thyrsiflorus,ForestWetRich
149615,Rumex thyrsiflorus,ForestWetRich
149616,Rumex thyrsiflorus,ForestWetRich
149617,Rumex thyrsiflorus,ForestWetRich
149618,Rumex thyrsiflorus,ForestWetRich
149619,Rumex thyrsiflorus,ForestWetRich
149620,Rumex thyrsiflorus,ForestWetRich
149621,Rumex thyrsiflorus,ForestWetRich
149622,Rumex thyrsiflorus,ForestWetRich
149623,Rumex thyrsiflorus,ForestWetRich
149624,Rumex thyrsiflorus,ForestWetRich
149625,Rumex thyrsiflorus,ForestWetRich
149626,Rumex thyrsiflorus,ForestWetRich
149627,Rumex thyrsiflorus,ForestWetRich
149648,Rumex thyrsiflorus,ForestWetRich
149649,Rumex thyrsiflorus,ForestWetRich
149650,Rumex thyrsiflorus,ForestWetRich
149651,Rumex thyrsiflorus,ForestWetRich
149652,Rumex thyrsiflorus,ForestWetRich
149653,Rumex thyrsiflorus,ForestWetRich
149654,Rumex thyrsiflorus,ForestWetRich
149655,Rumex thyrsiflorus,ForestWetRich
149656,Rumex thyrsiflorus,ForestWetRich
149657,Rumex thyrsiflorus,ForestWetRich
149658,Rumex thyrsiflorus,ForestWetRich
149659,Rumex thyrsiflorus,ForestWetRich
149660,Rumex thyrsiflorus,ForestWetRich
149661,Rumex thyrsiflorus,ForestWetRich
149662,Rumex thyrsiflorus,ForestWetRich
149663,Rumex thyrsiflorus,ForestWetRich
149664,Rumex thyrsiflorus,ForestWetRich
149665,Rumex thyrsiflorus,ForestWetRich
149666,Rumex thyrsiflorus,ForestWetRich
149667,Rumex thyrsiflorus,ForestWetRich
150207,Rumex thyrsiflorus,ForestWetRich
150208,Rumex thyrsiflorus,ForestWetRich
150209,Rumex thyrsiflorus,ForestWetRich
150210,Rumex thyrsiflorus,ForestWetRich
150211,Rumex thyrsiflorus,ForestWetRich
150212,Rumex thyrsiflorus,ForestWetRich
150213,Rumex thyrsiflorus,ForestWetRich
150214,Rumex thyrsiflorus,ForestWetRich
150215,Rumex thyrsiflorus,ForestWetRich
150216,Rumex thyrsiflorus,ForestWetRich
150217,Rumex thyrsiflorus,ForestWetRich
150218,Rumex thyrsiflorus,ForestWetRich
150219,Rumex thyrsiflorus,ForestWetRich
150220,Rumex thyrsiflorus,ForestWetRich
150221,Rumex thyrsiflorus,ForestWetRich
150222,Rumex thyrsiflorus,ForestWetRich
150223,Rumex thyrsiflorus,ForestWetRich
150224,Rumex thyrsiflorus,ForestWetRich
150225,Rumex thyrsiflorus,ForestWetRich
150226,Rumex thyrsiflorus,ForestWetRich
150247,Rumex thyrsiflorus,ForestWetRich
150248,Rumex thyrsiflorus,ForestWetRich
150249,Rumex thyrsiflorus,ForestWetRich
150250,Rumex thyrsiflorus,ForestWetRich
150251,Rumex thyrsiflorus,ForestWetRich
150252,Rumex thyrsiflorus,ForestWetRich
150253,Rumex thyrsiflorus,ForestWetRich
150254,Rumex thyrsiflorus,ForestWetRich
150255,Rumex thyrsiflorus,ForestWetRich
150256,Rumex thyrsiflorus,ForestWetRich
150257,Rumex thyrsiflorus,ForestWetRich
150258,Rumex thyrsiflorus,ForestWetRich
150259,Rumex thyrsiflorus,ForestWetRich
150260,Rumex thyrsiflorus,ForestWetRich
150261,Rumex thyrsiflorus,ForestWetRich
150262,Rumex thyrsiflorus,ForestWetRich
150263,Rumex thyrsiflorus,ForestWetRich
150264,Rumex thyrsiflorus,ForestWetRich
150265,Rumex thyrsiflorus,ForestWetRich
150266,Rumex thyrsiflorus,ForestWetRich
150806,Rumex thyrsiflorus,ForestWetRich
150807,Rumex thyrsiflorus,ForestWetRich
150808,Rumex thyrsiflorus,ForestWetRich
150809,Rumex thyrsiflorus,ForestWetRich
150810,Rumex thyrsiflorus,ForestWetRich
150811,Rumex thyrsiflorus,ForestWetRich
150812,Rumex thyrsiflorus,ForestWetRich
150813,Rumex thyrsiflorus,ForestWetRich
150814,Rumex thyrsiflorus,ForestWetRich
150815,Rumex thyrsiflorus,ForestWetRich
150816,Rumex thyrsiflorus,ForestWetRich
150817,Rumex thyrsiflorus,ForestWetRich
150818,Rumex thyrsiflorus,ForestWetRich
150819,Rumex thyrsiflorus,ForestWetRich
150820,Rumex thyrsiflorus,ForestWetRich
150821,Rumex thyrsiflorus,ForestWetRich
150822,Rumex thyrsiflorus,ForestWetRich
150823,Rumex thyrsiflorus,ForestWetRich
150824,Rumex thyrsiflorus,ForestWetRich
150825,Rumex thyrsiflorus,ForestWetRich
150846,Rumex thyrsiflorus,ForestWetRich
150847,Rumex thyrsiflorus,ForestWetRich
150848,Rumex thyrsiflorus,ForestWetRich
150849,Rumex thyrsiflorus,ForestWetRich
150850,Rumex thyrsiflorus,ForestWetRich
150851,Rumex thyrsiflorus,ForestWetRich
150852,Rumex thyrsiflorus,ForestWetRich
150853,Rumex thyrsiflorus,ForestWetRich
150854,Rumex thyrsiflorus,ForestWetRich
150855,Rumex thyrsiflorus,ForestWetRich
150856,Rumex thyrsiflorus,ForestWetRich
150857,Rumex thyrsiflorus,ForestWetRich
150858,Rumex thyrsiflorus,ForestWetRich
150859,Rumex thyrsiflorus,ForestWetRich
150860,Rumex thyrsiflorus,ForestWetRich
150861,Rumex thyrsiflorus,ForestWetRich
150862,Rumex thyrsiflorus,ForestWetRich
150863,Rumex thyrsiflorus,ForestWetRich
150864,Rumex thyrsiflorus,ForestWetRich
150865,Rumex thyrsiflorus,ForestWetRich
151405,Rumex thyrsiflorus,ForestWetRich
151406,Rumex thyrsiflorus,ForestWetRich
151407,Rumex thyrsiflorus,ForestWetRich
151408,Rumex thyrsiflorus,ForestWetRich
151409,Rumex thyrsiflorus,ForestWetRich
151410,Rumex thyrsiflorus,ForestWetRich
151411,Rumex thyrsiflorus,ForestWetRich
151412,Rumex thyrsiflorus,ForestWetRich
151413,Rumex thyrsiflorus,ForestWetRich
151414,Rumex thyrsiflorus,ForestWetRich
151415,Rumex thyrsiflorus,ForestWetRich
151416,Rumex thyrsiflorus,ForestWetRich
151417,Rumex thyrsiflorus,ForestWetRich
151418,Rumex thyrsiflorus,ForestWetRich
151419,Rumex thyrsiflorus,ForestWetRich
151420,Rumex thyrsiflorus,ForestWetRich
151421,Rumex thyrsiflorus,ForestWetRich
151422,Rumex thyrsiflorus,ForestWetRich
151423,Rumex thyrsiflorus,ForestWetRich
151424,Rumex thyrsiflorus,ForestWetRich
151445,Rumex thyrsiflorus,ForestWetRich
151446,Rumex thyrsiflorus,ForestWetRich
151447,Rumex thyrsiflorus,ForestWetRich
151448,Rumex thyrsiflorus,ForestWetRich
151449,Rumex thyrsiflorus,ForestWetRich
151450,Rumex thyrsiflorus,ForestWetRich
151451,Rumex thyrsiflorus,ForestWetRich
151452,Rumex thyrsiflorus,ForestWetRich
151453,Rumex thyrsiflorus,ForestWetRich
151454,Rumex thyrsiflorus,ForestWetRich
151455,Rumex thyrsiflorus,ForestWetRich
151456,Rumex thyrsiflorus,ForestWetRich
151457,Rumex thyrsiflorus,ForestWetRich
151458,Rumex thyrsiflorus,ForestWetRich
151459,Rumex thyrsiflorus,ForestWetRich
151460,Rumex thyrsiflorus,ForestWetRich
151461,Rumex thyrsiflorus,ForestWetRich
151462,Rumex thyrsiflorus,ForestWetRich
151463,Rumex thyrsiflorus,ForestWetRich
151464,Rumex thyrsiflorus,ForestWetRich
152004,Rumex thyrsiflorus,ForestWetRich
152005,Rumex thyrsiflorus,ForestWetRich
152006,Rumex thyrsiflorus,ForestWetRich
152007,Rumex thyrsiflorus,ForestWetRich
152008,Rumex thyrsiflorus,ForestWetRich
152009,Rumex thyrsiflorus,ForestWetRich
152010,Rumex thyrsiflorus,ForestWetRich
152011,Rumex thyrsiflorus,ForestWetRich
152012,Rumex thyrsiflorus,ForestWetRich
152013,Rumex thyrsiflorus,ForestWetRich
152014,Rumex thyrsiflorus,ForestWetRich
152015,Rumex thyrsiflorus,ForestWetRich
152016,Rumex thyrsiflorus,ForestWetRich
152017,Rumex thyrsiflorus,ForestWetRich
152018,Rumex thyrsiflorus,ForestWetRich
152019,Rumex thyrsiflorus,ForestWetRich
152020,Rumex thyrsiflorus,ForestWetRich
152021,Rumex thyrsiflorus,ForestWetRich
152022,Rumex thyrsiflorus,ForestWetRich
152023,Rumex thyrsiflorus,ForestWetRich
152044,Rumex thyrsiflorus,ForestWetRich
152045,Rumex thyrsiflorus,ForestWetRich
152046,Rumex thyrsiflorus,ForestWetRich
152047,Rumex thyrsiflorus,ForestWetRich
152048,Rumex thyrsiflorus,ForestWetRich
152049,Rumex thyrsiflorus,ForestWetRich
152050,Rumex thyrsiflorus,ForestWetRich
152051,Rumex thyrsiflorus,ForestWetRich
152052,Rumex thyrsiflorus,ForestWetRich
152053,Rumex thyrsiflorus,ForestWetRich
152054,Rumex thyrsiflorus,ForestWetRich
152055,Rumex thyrsiflorus,ForestWetRich
152056,Rumex thyrsiflorus,ForestWetRich
152057,Rumex thyrsiflorus,ForestWetRich
152058,Rumex thyrsiflorus,ForestWetRich
152059,Rumex thyrsiflorus,ForestWetRich
152060,Rumex thyrsiflorus,ForestWetRich
152061,Rumex thyrsiflorus,ForestWetRich
152062,Rumex thyrsiflorus,ForestWetRich
152063,Rumex thyrsiflorus,ForestWetRich
152603,Rumex thyrsiflorus,ForestWetRich
152604,Rumex thyrsiflorus,ForestWetRich
152605,Rumex thyrsiflorus,ForestWetRich
152606,Rumex thyrsiflorus,ForestWetRich
152607,Rumex thyrsiflorus,ForestWetRich
152608,Rumex thyrsiflorus,ForestWetRich
152609,Rumex thyrsiflorus,ForestWetRich
152610,Rumex thyrsiflorus,ForestWetRich
152611,Rumex thyrsiflorus,ForestWetRich
152612,Rumex thyrsiflorus,ForestWetRich
152613,Rumex thyrsiflorus,ForestWetRich
152614,Rumex thyrsiflorus,ForestWetRich
152615,Rumex thyrsiflorus,ForestWetRich
152616,Rumex thyrsiflorus,ForestWetRich
152617,Rumex thyrsiflorus,ForestWetRich
152618,Rumex thyrsiflorus,ForestWetRich
152619,Rumex thyrsiflorus,ForestWetRich
152620,Rumex thyrsiflorus,ForestWetRich
152621,Rumex thyrsiflorus,ForestWetRich
152622,Rumex thyrsiflorus,ForestWetRich
152643,Rumex thyrsiflorus,ForestWetRich
152644,Rumex thyrsiflorus,ForestWetRich
152645,Rumex thyrsiflorus,ForestWetRich
152646,Rumex thyrsiflorus,ForestWetRich
152647,Rumex thyrsiflorus,ForestWetRich
152648,Rumex thyrsiflorus,ForestWetRich
152649,Rumex thyrsiflorus,ForestWetRich
152650,Rumex thyrsiflorus,ForestWetRich
152651,Rumex thyrsiflorus,ForestWetRich
152652,Rumex thyrsiflorus,ForestWetRich
152653,Rumex thyrsiflorus,ForestWetRich
152654,Rumex thyrsiflorus,ForestWetRich
152655,Rumex thyrsiflorus,ForestWetRich
152656,Rumex thyrsiflorus,ForestWetRich
152657,Rumex thyrsiflorus,ForestWetRich
152658,Rumex thyrsiflorus,ForestWetRich
152659,Rumex thyrsiflorus,ForestWetRich
152660,Rumex thyrsiflorus,ForestWetRich
152661,Rumex thyrsiflorus,ForestWetRich
152662,Rumex thyrsiflorus,ForestWetRich
153202,Rumex thyrsiflorus,ForestWetRich
153203,Rumex thyrsiflorus,ForestWetRich
153204,Rumex thyrsiflorus,ForestWetRich
153205,Rumex thyrsiflorus,ForestWetRich
153206,Rumex thyrsiflorus,ForestWetRich
153207,Rumex thyrsiflorus,ForestWetRich
153208,Rumex thyrsiflorus,ForestWetRich
153209,Rumex thyrsiflorus,ForestWetRich
153210,Rumex thyrsiflorus,ForestWetRich
153211,Rumex thyrsiflorus,ForestWetRich
153212,Rumex thyrsiflorus,ForestWetRich
153213,Rumex thyrsiflorus,ForestWetRich
153214,Rumex thyrsiflorus,ForestWetRich
153215,Rumex thyrsiflorus,ForestWetRich
153216,Rumex thyrsiflorus,ForestWetRich
153217,Rumex thyrsiflorus,ForestWetRich
153218,Rumex thyrsiflorus,ForestWetRich
153219,Rumex thyrsiflorus,ForestWetRich
153220,Rumex thyrsiflorus,ForestWetRich
153221,Rumex thyrsiflorus,ForestWetRich
153242,Rumex thyrsiflorus,ForestWetRich
153243,Rumex thyrsiflorus,ForestWetRich
153244,Rumex thyrsiflorus,ForestWetRich
153245,Rumex thyrsiflorus,ForestWetRich
153246,Rumex thyrsiflorus,ForestWetRich
153247,Rumex thyrsiflorus,ForestWetRich
153248,Rumex thyrsiflorus,ForestWetRich
153249,Rumex thyrsiflorus,ForestWetRich
153250,Rumex thyrsiflorus,ForestWetRich
153251,Rumex thyrsiflorus,ForestWetRich
153252,Rumex thyrsiflorus,ForestWetRich
153253,Rumex thyrsiflorus,ForestWetRich
153254,Rumex thyrsiflorus,ForestWetRich
153255,Rumex thyrsiflorus,ForestWetRich
153256,Rumex thyrsiflorus,ForestWetRich
153257,Rumex thyrsiflorus,ForestWetRich
153258,Rumex thyrsiflorus,ForestWetRich
153259,Rumex thyrsiflorus,ForestWetRich
153260,Rumex thyrsiflorus,ForestWetRich
153261,Rumex thyrsiflorus,ForestWetRich
153801,Rumex thyrsiflorus,ForestWetRich
153802,Rumex thyrsiflorus,ForestWetRich
153803,Rumex thyrsiflorus,ForestWetRich
153804,Rumex thyrsiflorus,ForestWetRich
153805,Rumex thyrsiflorus,ForestWetRich
153806,Rumex thyrsiflorus,ForestWetRich
153807,Rumex thyrsiflorus,ForestWetRich
153808,Rumex thyrsiflorus,ForestWetRich
153809,Rumex thyrsiflorus,ForestWetRich
153810,Rumex thyrsiflorus,ForestWetRich
153811,Rumex thyrsiflorus,ForestWetRich
153812,Rumex thyrsiflorus,ForestWetRich
153813,Rumex thyrsiflorus,ForestWetRich
153814,Rumex thyrsiflorus,ForestWetRich
153815,Rumex thyrsiflorus,ForestWetRich
153816,Rumex thyrsiflorus,ForestWetRich
153817,Rumex thyrsiflorus,ForestWetRich
153818,Rumex thyrsiflorus,ForestWetRich
153819,Rumex thyrsiflorus,ForestWetRich
153820,Rumex thyrsiflorus,ForestWetRich
153841,Rumex thyrsiflorus,ForestWetRich
153842,Rumex thyrsiflorus,ForestWetRich
153843,Rumex thyrsiflorus,ForestWetRich
153844,Rumex thyrsiflorus,ForestWetRich
153845,Rumex thyrsiflorus,ForestWetRich
153846,Rumex thyrsiflorus,ForestWetRich
153847,Rumex thyrsiflorus,ForestWetRich
153848,Rumex thyrsiflorus,ForestWetRich
153849,Rumex thyrsiflorus,ForestWetRich
153850,Rumex thyrsiflorus,ForestWetRich
153851,Rumex thyrsiflorus,ForestWetRich
153852,Rumex thyrsiflorus,ForestWetRich
153853,Rumex thyrsiflorus,ForestWetRich
153854,Rumex thyrsiflorus,ForestWetRich
153855,Rumex thyrsiflorus,ForestWetRich
153856,Rumex thyrsiflorus,ForestWetRich
153857,Rumex thyrsiflorus,ForestWetRich
153858,Rumex thyrsiflorus,ForestWetRich
153859,Rumex thyrsiflorus,ForestWetRich
153860,Rumex thyrsiflorus,ForestWetRich
154400,Rumex thyrsiflorus,ForestWetRich
154401,Rumex thyrsiflorus,ForestWetRich
154402,Rumex thyrsiflorus,ForestWetRich
154403,Rumex thyrsiflorus,ForestWetRich
154404,Rumex thyrsiflorus,ForestWetRich
154405,Rumex thyrsiflorus,ForestWetRich
154406,Rumex thyrsiflorus,ForestWetRich
154407,Rumex thyrsiflorus,ForestWetRich
154408,Rumex thyrsiflorus,ForestWetRich
154409,Rumex thyrsiflorus,ForestWetRich
154410,Rumex thyrsiflorus,ForestWetRich
154411,Rumex thyrsiflorus,ForestWetRich
154412,Rumex thyrsiflorus,ForestWetRich
154413,Rumex thyrsiflorus,ForestWetRich
154414,Rumex thyrsiflorus,ForestWetRich
154415,Rumex thyrsiflorus,ForestWetRich
154416,Rumex thyrsiflorus,ForestWetRich
154417,Rumex thyrsiflorus,ForestWetRich
154418,Rumex thyrsiflorus,ForestWetRich
154419,Rumex thyrsiflorus,ForestWetRich
154440,Rumex thyrsiflorus,ForestWetRich
154441,Rumex thyrsiflorus,ForestWetRich
154442,Rumex thyrsiflorus,ForestWetRich
154443,Rumex thyrsiflorus,ForestWetRich
154444,Rumex thyrsiflorus,ForestWetRich
154445,Rumex thyrsiflorus,ForestWetRich
154446,Rumex thyrsiflorus,ForestWetRich
154447,Rumex thyrsiflorus,ForestWetRich
154448,Rumex thyrsiflorus,ForestWetRich
154449,Rumex thyrsiflorus,ForestWetRich
154450,Rumex thyrsiflorus,ForestWetRich
154451,Rumex thyrsiflorus,ForestWetRich
154452,Rumex thyrsiflorus,ForestWetRich
154453,Rumex thyrsiflorus,ForestWetRich
154454,Rumex thyrsiflorus,ForestWetRich
154455,Rumex thyrsiflorus,ForestWetRich
154456,Rumex thyrsiflorus,ForestWetRich
154457,Rumex thyrsiflorus,ForestWetRich
154458,Rumex thyrsiflorus,ForestWetRich
154459,Rumex thyrsiflorus,ForestWetRich
154999,Rumex thyrsiflorus,ForestWetRich
155000,Rumex thyrsiflorus,ForestWetRich
155001,Rumex thyrsiflorus,ForestWetRich
155002,Rumex thyrsiflorus,ForestWetRich
155003,Rumex thyrsiflorus,ForestWetRich
155004,Rumex thyrsiflorus,ForestWetRich
155005,Rumex thyrsiflorus,ForestWetRich
155006,Rumex thyrsiflorus,ForestWetRich
155007,Rumex thyrsiflorus,ForestWetRich
155008,Rumex thyrsiflorus,ForestWetRich
155009,Rumex thyrsiflorus,ForestWetRich
155010,Rumex thyrsiflorus,ForestWetRich
155011,Rumex thyrsiflorus,ForestWetRich
155012,Rumex thyrsiflorus,ForestWetRich
155013,Rumex thyrsiflorus,ForestWetRich
155014,Rumex thyrsiflorus,ForestWetRich
155015,Rumex thyrsiflorus,ForestWetRich
155016,Rumex thyrsiflorus,ForestWetRich
155017,Rumex thyrsiflorus,ForestWetRich
155018,Rumex thyrsiflorus,ForestWetRich
155039,Rumex thyrsiflorus,ForestWetRich
155040,Rumex thyrsiflorus,ForestWetRich
155041,Rumex thyrsiflorus,ForestWetRich
155042,Rumex thyrsiflorus,ForestWetRich
155043,Rumex thyrsiflorus,ForestWetRich
155044,Rumex thyrsiflorus,ForestWetRich
155045,Rumex thyrsiflorus,ForestWetRich
155046,Rumex thyrsiflorus,ForestWetRich
155047,Rumex thyrsiflorus,ForestWetRich
155048,Rumex thyrsiflorus,ForestWetRich
155049,Rumex thyrsiflorus,ForestWetRich
155050,Rumex thyrsiflorus,ForestWetRich
155051,Rumex thyrsiflorus,ForestWetRich
155052,Rumex thyrsiflorus,ForestWetRich
155053,Rumex thyrsiflorus,ForestWetRich
155054,Rumex thyrsiflorus,ForestWetRich
155055,Rumex thyrsiflorus,ForestWetRich
155056,Rumex thyrsiflorus,ForestWetRich
155057,Rumex thyrsiflorus,ForestWetRich
155058,Rumex thyrsiflorus,ForestWetRich
155598,Rumex thyrsiflorus,ForestWetRich
155599,Rumex thyrsiflorus,ForestWetRich
155600,Rumex thyrsiflorus,ForestWetRich
155601,Rumex thyrsiflorus,ForestWetRich
155602,Rumex thyrsiflorus,ForestWetRich
155603,Rumex thyrsiflorus,ForestWetRich
155604,Rumex thyrsiflorus,ForestWetRich
155605,Rumex thyrsiflorus,ForestWetRich
155606,Rumex thyrsiflorus,ForestWetRich
155607,Rumex thyrsiflorus,ForestWetRich
155608,Rumex thyrsiflorus,ForestWetRich
155609,Rumex thyrsiflorus,ForestWetRich
155610,Rumex thyrsiflorus,ForestWetRich
155611,Rumex thyrsiflorus,ForestWetRich
155612,Rumex thyrsiflorus,ForestWetRich
155613,Rumex thyrsiflorus,ForestWetRich
155614,Rumex thyrsiflorus,ForestWetRich
155615,Rumex thyrsiflorus,ForestWetRich
155616,Rumex thyrsiflorus,ForestWetRich
155617,Rumex thyrsiflorus,ForestWetRich
155638,Rumex thyrsiflorus,ForestWetRich
155639,Rumex thyrsiflorus,ForestWetRich
155640,Rumex thyrsiflorus,ForestWetRich
155641,Rumex thyrsiflorus,ForestWetRich
155642,Rumex thyrsiflorus,ForestWetRich
155643,Rumex thyrsiflorus,ForestWetRich
155644,Rumex thyrsiflorus,ForestWetRich
155645,Rumex thyrsiflorus,ForestWetRich
155646,Rumex thyrsiflorus,ForestWetRich
155647,Rumex thyrsiflorus,ForestWetRich
155648,Rumex thyrsiflorus,ForestWetRich
155649,Rumex thyrsiflorus,ForestWetRich
155650,Rumex thyrsiflorus,ForestWetRich
155651,Rumex thyrsiflorus,ForestWetRich
155652,Rumex thyrsiflorus,ForestWetRich
155653,Rumex thyrsiflorus,ForestWetRich
155654,Rumex thyrsiflorus,ForestWetRich
155655,Rumex thyrsiflorus,ForestWetRich
155656,Rumex thyrsiflorus,ForestWetRich
155657,Rumex thyrsiflorus,ForestWetRich
156197,Rumex thyrsiflorus,ForestWetRich
156198,Rumex thyrsiflorus,ForestWetRich
156199,Rumex thyrsiflorus,ForestWetRich
156200,Rumex thyrsiflorus,ForestWetRich
156201,Rumex thyrsiflorus,ForestWetRich
156202,Rumex thyrsiflorus,ForestWetRich
156203,Rumex thyrsiflorus,ForestWetRich
156204,Rumex thyrsiflorus,ForestWetRich
156205,Rumex thyrsiflorus,ForestWetRich
156206,Rumex thyrsiflorus,ForestWetRich
156207,Rumex thyrsiflorus,ForestWetRich
156208,Rumex thyrsiflorus,ForestWetRich
156209,Rumex thyrsiflorus,ForestWetRich
156210,Rumex thyrsiflorus,ForestWetRich
156211,Rumex thyrsiflorus,ForestWetRich
156212,Rumex thyrsiflorus,ForestWetRich
156213,Rumex thyrsiflorus,ForestWetRich
156214,Rumex thyrsiflorus,ForestWetRich
156215,Rumex thyrsiflorus,ForestWetRich
156216,Rumex thyrsiflorus,ForestWetRich
156237,Rumex thyrsiflorus,ForestWetRich
156238,Rumex thyrsiflorus,ForestWetRich
156239,Rumex thyrsiflorus,ForestWetRich
156240,Rumex thyrsiflorus,ForestWetRich
156241,Rumex thyrsiflorus,ForestWetRich
156242,Rumex thyrsiflorus,ForestWetRich
156243,Rumex thyrsiflorus,ForestWetRich
156244,Rumex thyrsiflorus,ForestWetRich
156245,Rumex thyrsiflorus,ForestWetRich
156246,Rumex thyrsiflorus,ForestWetRich
156247,Rumex thyrsiflorus,ForestWetRich
156248,Rumex thyrsiflorus,ForestWetRich
156249,Rumex thyrsiflorus,ForestWetRich
156250,Rumex thyrsiflorus,ForestWetRich
156251,Rumex thyrsiflorus,ForestWetRich
156252,Rumex thyrsiflorus,ForestWetRich
156253,Rumex thyrsiflorus,ForestWetRich
156254,Rumex thyrsiflorus,ForestWetRich
156255,Rumex thyrsiflorus,ForestWetRich
156256,Rumex thyrsiflorus,ForestWetRich
156796,Rumex thyrsiflorus,ForestWetRich
156797,Rumex thyrsiflorus,ForestWetRich
156798,Rumex thyrsiflorus,ForestWetRich
156799,Rumex thyrsiflorus,ForestWetRich
156800,Rumex thyrsiflorus,ForestWetRich
156801,Rumex thyrsiflorus,ForestWetRich
156802,Rumex thyrsiflorus,ForestWetRich
156803,Rumex thyrsiflorus,ForestWetRich
156804,Rumex thyrsiflorus,ForestWetRich
156805,Rumex thyrsiflorus,ForestWetRich
156806,Rumex thyrsiflorus,ForestWetRich
156807,Rumex thyrsiflorus,ForestWetRich
156808,Rumex thyrsiflorus,ForestWetRich
156809,Rumex thyrsiflorus,ForestWetRich
156810,Rumex thyrsiflorus,ForestWetRich
156811,Rumex thyrsiflorus,ForestWetRich
156812,Rumex thyrsiflorus,ForestWetRich
156813,Rumex thyrsiflorus,ForestWetRich
156814,Rumex thyrsiflorus,ForestWetRich
156815,Rumex thyrsiflorus,ForestWetRich
156836,Rumex thyrsiflorus,ForestWetRich
156837,Rumex thyrsiflorus,ForestWetRich
156838,Rumex thyrsiflorus,ForestWetRich
156839,Rumex thyrsiflorus,ForestWetRich
156840,Rumex thyrsiflorus,ForestWetRich
156841,Rumex thyrsiflorus,ForestWetRich
156842,Rumex thyrsiflorus,ForestWetRich
156843,Rumex thyrsiflorus,ForestWetRich
156844,Rumex thyrsiflorus,ForestWetRich
156845,Rumex thyrsiflorus,ForestWetRich
156846,Rumex thyrsiflorus,ForestWetRich
156847,Rumex thyrsiflorus,ForestWetRich
156848,Rumex thyrsiflorus,ForestWetRich
156849,Rumex thyrsiflorus,ForestWetRich
156850,Rumex thyrsiflorus,ForestWetRich
156851,Rumex thyrsiflorus,ForestWetRich
156852,Rumex thyrsiflorus,ForestWetRich
156853,Rumex thyrsiflorus,ForestWetRich
156854,Rumex thyrsiflorus,ForestWetRich
156855,Rumex thyrsiflorus,ForestWetRich
157395,Rumex thyrsiflorus,ForestWetRich
157396,Rumex thyrsiflorus,ForestWetRich
157397,Rumex thyrsiflorus,ForestWetRich
157398,Rumex thyrsiflorus,ForestWetRich
157399,Rumex thyrsiflorus,ForestWetRich
157400,Rumex thyrsiflorus,ForestWetRich
157401,Rumex thyrsiflorus,ForestWetRich
157402,Rumex thyrsiflorus,ForestWetRich
157403,Rumex thyrsiflorus,ForestWetRich
157404,Rumex thyrsiflorus,ForestWetRich
157405,Rumex thyrsiflorus,ForestWetRich
157406,Rumex thyrsiflorus,ForestWetRich
157407,Rumex thyrsiflorus,ForestWetRich
157408,Rumex thyrsiflorus,ForestWetRich
157409,Rumex thyrsiflorus,ForestWetRich
157410,Rumex thyrsiflorus,ForestWetRich
157411,Rumex thyrsiflorus,ForestWetRich
157412,Rumex thyrsiflorus,ForestWetRich
157413,Rumex thyrsiflorus,ForestWetRich
157414,Rumex thyrsiflorus,ForestWetRich
157435,Rumex thyrsiflorus,ForestWetRich
157436,Rumex thyrsiflorus,ForestWetRich
157437,Rumex thyrsiflorus,ForestWetRich
157438,Rumex thyrsiflorus,ForestWetRich
157439,Rumex thyrsiflorus,ForestWetRich
157440,Rumex thyrsiflorus,ForestWetRich
157441,Rumex thyrsiflorus,ForestWetRich
157442,Rumex thyrsiflorus,ForestWetRich
157443,Rumex thyrsiflorus,ForestWetRich
157444,Rumex thyrsiflorus,ForestWetRich
157445,Rumex thyrsiflorus,ForestWetRich
157446,Rumex thyrsiflorus,ForestWetRich
157447,Rumex thyrsiflorus,ForestWetRich
157448,Rumex thyrsiflorus,ForestWetRich
157449,Rumex thyrsiflorus,ForestWetRich
157450,Rumex thyrsiflorus,ForestWetRich
157451,Rumex thyrsiflorus,ForestWetRich
157452,Rumex thyrsiflorus,ForestWetRich
157453,Rumex thyrsiflorus,ForestWetRich
157454,Rumex thyrsiflorus,ForestWetRich
157994,Rumex thyrsiflorus,ForestWetRich
157995,Rumex thyrsiflorus,ForestWetRich
157996,Rumex thyrsiflorus,ForestWetRich
157997,Rumex thyrsiflorus,ForestWetRich
157998,Rumex thyrsiflorus,ForestWetRich
157999,Rumex thyrsiflorus,ForestWetRich
158000,Rumex thyrsiflorus,ForestWetRich
158001,Rumex thyrsiflorus,ForestWetRich
158002,Rumex thyrsiflorus,ForestWetRich
158003,Rumex thyrsiflorus,ForestWetRich
158004,Rumex thyrsiflorus,ForestWetRich
158005,Rumex thyrsiflorus,ForestWetRich
158006,Rumex thyrsiflorus,ForestWetRich
158007,Rumex thyrsiflorus,ForestWetRich
158008,Rumex thyrsiflorus,ForestWetRich
158009,Rumex thyrsiflorus,ForestWetRich
158010,Rumex thyrsiflorus,ForestWetRich
158011,Rumex thyrsiflorus,ForestWetRich
158012,Rumex thyrsiflorus,ForestWetRich
158013,Rumex thyrsiflorus,ForestWetRich
158034,Rumex thyrsiflorus,ForestWetRich
158035,Rumex thyrsiflorus,ForestWetRich
158036,Rumex thyrsiflorus,ForestWetRich
158037,Rumex thyrsiflorus,ForestWetRich
158038,Rumex thyrsiflorus,ForestWetRich
158039,Rumex thyrsiflorus,ForestWetRich
158040,Rumex thyrsiflorus,ForestWetRich
158041,Rumex thyrsiflorus,ForestWetRich
158042,Rumex thyrsiflorus,ForestWetRich
158043,Rumex thyrsiflorus,ForestWetRich
158044,Rumex thyrsiflorus,ForestWetRich
158045,Rumex thyrsiflorus,ForestWetRich
158046,Rumex thyrsiflorus,ForestWetRich
158047,Rumex thyrsiflorus,ForestWetRich
158048,Rumex thyrsiflorus,ForestWetRich
158049,Rumex thyrsiflorus,ForestWetRich
158050,Rumex thyrsiflorus,ForestWetRich
158051,Rumex thyrsiflorus,ForestWetRich
158052,Rumex thyrsiflorus,ForestWetRich
158053,Rumex thyrsiflorus,ForestWetRich
158573,Rumex thyrsiflorus,ForestWetRich
158574,Rumex thyrsiflorus,ForestWetRich
158575,Rumex thyrsiflorus,ForestWetRich
158576,Rumex thyrsiflorus,ForestWetRich
158577,Rumex thyrsiflorus,ForestWetRich
158578,Rumex thyrsiflorus,ForestWetRich
158579,Rumex thyrsiflorus,ForestWetRich
158580,Rumex thyrsiflorus,ForestWetRich
158581,Rumex thyrsiflorus,ForestWetRich
158582,Rumex thyrsiflorus,ForestWetRich
158583,Rumex thyrsiflorus,ForestWetRich
158584,Rumex thyrsiflorus,ForestWetRich
158585,Rumex thyrsiflorus,ForestWetRich
158586,Rumex thyrsiflorus,ForestWetRich
158587,Rumex thyrsiflorus,ForestWetRich
158588,Rumex thyrsiflorus,ForestWetRich
158589,Rumex thyrsiflorus,ForestWetRich
158590,Rumex thyrsiflorus,ForestWetRich
158591,Rumex thyrsiflorus,ForestWetRich
158592,Rumex thyrsiflorus,ForestWetRich
158593,Rumex thyrsiflorus,ForestWetRich
158594,Rumex thyrsiflorus,ForestWetRich
158595,Rumex thyrsiflorus,ForestWetRich
158596,Rumex thyrsiflorus,ForestWetRich
158597,Rumex thyrsiflorus,ForestWetRich
158598,Rumex thyrsiflorus,ForestWetRich
158599,Rumex thyrsiflorus,ForestWetRich
158600,Rumex thyrsiflorus,ForestWetRich
158601,Rumex thyrsiflorus,ForestWetRich
158602,Rumex thyrsiflorus,ForestWetRich
158603,Rumex thyrsiflorus,ForestWetRich
158604,Rumex thyrsiflorus,ForestWetRich
158605,Rumex thyrsiflorus,ForestWetRich
158606,Rumex thyrsiflorus,ForestWetRich
158607,Rumex thyrsiflorus,ForestWetRich
158608,Rumex thyrsiflorus,ForestWetRich
158609,Rumex thyrsiflorus,ForestWetRich
158610,Rumex thyrsiflorus,ForestWetRich
158611,Rumex thyrsiflorus,ForestWetRich
158612,Rumex thyrsiflorus,ForestWetRich
158613,Rumex thyrsiflorus,ForestWetRich
158614,Rumex thyrsiflorus,ForestWetRich
158615,Rumex thyrsiflorus,ForestWetRich
158616,Rumex thyrsiflorus,ForestWetRich
158617,Rumex thyrsiflorus,ForestWetRich
158618,Rumex thyrsiflorus,ForestWetRich
158619,Rumex thyrsiflorus,ForestWetRich
158620,Rumex thyrsiflorus,ForestWetRich
158621,Rumex thyrsiflorus,ForestWetRich
158622,Rumex thyrsiflorus,ForestWetRich
158623,Rumex thyrsiflorus,ForestWetRich
158624,Rumex thyrsiflorus,ForestWetRich
158625,Rumex thyrsiflorus,ForestWetRich
158626,Rumex thyrsiflorus,ForestWetRich
158627,Rumex thyrsiflorus,ForestWetRich
158628,Rumex thyrsiflorus,ForestWetRich
158629,Rumex thyrsiflorus,ForestWetRich
158630,Rumex thyrsiflorus,ForestWetRich
158631,Rumex thyrsiflorus,ForestWetRich
158632,Rumex thyrsiflorus,ForestWetRich
159172,Rumex thyrsiflorus,ForestWetRich
159173,Rumex thyrsiflorus,ForestWetRich
159174,Rumex thyrsiflorus,ForestWetRich
159175,Rumex thyrsiflorus,ForestWetRich
159176,Rumex thyrsiflorus,ForestWetRich
159177,Rumex thyrsiflorus,ForestWetRich
159178,Rumex thyrsiflorus,ForestWetRich
159179,Rumex thyrsiflorus,ForestWetRich
159180,Rumex thyrsiflorus,ForestWetRich
159181,Rumex thyrsiflorus,ForestWetRich
159182,Rumex thyrsiflorus,ForestWetRich
159183,Rumex thyrsiflorus,ForestWetRich
159184,Rumex thyrsiflorus,ForestWetRich
159185,Rumex thyrsiflorus,ForestWetRich
159186,Rumex thyrsiflorus,ForestWetRich
159187,Rumex thyrsiflorus,ForestWetRich
159188,Rumex thyrsiflorus,ForestWetRich
159189,Rumex thyrsiflorus,ForestWetRich
159190,Rumex thyrsiflorus,ForestWetRich
159191,Rumex thyrsiflorus,ForestWetRich
159192,Rumex thyrsiflorus,ForestWetRich
159193,Rumex thyrsiflorus,ForestWetRich
159194,Rumex thyrsiflorus,ForestWetRich
159195,Rumex thyrsiflorus,ForestWetRich
159196,Rumex thyrsiflorus,ForestWetRich
159197,Rumex thyrsiflorus,ForestWetRich
159198,Rumex thyrsiflorus,ForestWetRich
159199,Rumex thyrsiflorus,ForestWetRich
159200,Rumex thyrsiflorus,ForestWetRich
159201,Rumex thyrsiflorus,ForestWetRich
159202,Rumex thyrsiflorus,ForestWetRich
159203,Rumex thyrsiflorus,ForestWetRich
159204,Rumex thyrsiflorus,ForestWetRich
159205,Rumex thyrsiflorus,ForestWetRich
159206,Rumex thyrsiflorus,ForestWetRich
159207,Rumex thyrsiflorus,ForestWetRich
159208,Rumex thyrsiflorus,ForestWetRich
159209,Rumex thyrsiflorus,ForestWetRich
159210,Rumex thyrsiflorus,ForestWetRich
159211,Rumex thyrsiflorus,ForestWetRich
159212,Rumex thyrsiflorus,ForestWetRich
159213,Rumex thyrsiflorus,ForestWetRich
159214,Rumex thyrsiflorus,ForestWetRich
159215,Rumex thyrsiflorus,ForestWetRich
159216,Rumex thyrsiflorus,ForestWetRich
159217,Rumex thyrsiflorus,ForestWetRich
159218,Rumex thyrsiflorus,ForestWetRich
159219,Rumex thyrsiflorus,ForestWetRich
159220,Rumex thyrsiflorus,ForestWetRich
159221,Rumex thyrsiflorus,ForestWetRich
159222,Rumex thyrsiflorus,ForestWetRich
159223,Rumex thyrsiflorus,ForestWetRich
159224,Rumex thyrsiflorus,ForestWetRich
159225,Rumex thyrsiflorus,ForestWetRich
159226,Rumex thyrsiflorus,ForestWetRich
159227,Rumex thyrsiflorus,ForestWetRich
159228,Rumex thyrsiflorus,ForestWetRich
159229,Rumex thyrsiflorus,ForestWetRich
159230,Rumex thyrsiflorus,ForestWetRich
159231,Rumex thyrsiflorus,ForestWetRich
159771,Rumex thyrsiflorus,ForestWetRich
159772,Rumex thyrsiflorus,ForestWetRich
159773,Rumex thyrsiflorus,ForestWetRich
159774,Rumex thyrsiflorus,ForestWetRich
159775,Rumex thyrsiflorus,ForestWetRich
159776,Rumex thyrsiflorus,ForestWetRich
159777,Rumex thyrsiflorus,ForestWetRich
159778,Rumex thyrsiflorus,ForestWetRich
159779,Rumex thyrsiflorus,ForestWetRich
159780,Rumex thyrsiflorus,ForestWetRich
159781,Rumex thyrsiflorus,ForestWetRich
159782,Rumex thyrsiflorus,ForestWetRich
159783,Rumex thyrsiflorus,ForestWetRich
159784,Rumex thyrsiflorus,ForestWetRich
159785,Rumex thyrsiflorus,ForestWetRich
159786,Rumex thyrsiflorus,ForestWetRich
159787,Rumex thyrsiflorus,ForestWetRich
159788,Rumex thyrsiflorus,ForestWetRich
159789,Rumex thyrsiflorus,ForestWetRich
159790,Rumex thyrsiflorus,ForestWetRich
159791,Rumex thyrsiflorus,ForestWetRich
159792,Rumex thyrsiflorus,ForestWetRich
159793,Rumex thyrsiflorus,ForestWetRich
159794,Rumex thyrsiflorus,ForestWetRich
159795,Rumex thyrsiflorus,ForestWetRich
159796,Rumex thyrsiflorus,ForestWetRich
159797,Rumex thyrsiflorus,ForestWetRich
159798,Rumex thyrsiflorus,ForestWetRich
159799,Rumex thyrsiflorus,ForestWetRich
159800,Rumex thyrsiflorus,ForestWetRich
159801,Rumex thyrsiflorus,ForestWetRich
159802,Rumex thyrsiflorus,ForestWetRich
159803,Rumex thyrsiflorus,ForestWetRich
159804,Rumex thyrsiflorus,ForestWetRich
159805,Rumex thyrsiflorus,ForestWetRich
159806,Rumex thyrsiflorus,ForestWetRich
159807,Rumex thyrsiflorus,ForestWetRich
159808,Rumex thyrsiflorus,ForestWetRich
159809,Rumex thyrsiflorus,ForestWetRich
159810,Rumex thyrsiflorus,ForestWetRich
159811,Rumex thyrsiflorus,ForestWetRich
159812,Rumex thyrsiflorus,ForestWetRich
159813,Rumex thyrsiflorus,ForestWetRich
159814,Rumex thyrsiflorus,ForestWetRich
159815,Rumex thyrsiflorus,ForestWetRich
159816,Rumex thyrsiflorus,ForestWetRich
159817,Rumex thyrsiflorus,ForestWetRich
159818,Rumex thyrsiflorus,ForestWetRich
159819,Rumex thyrsiflorus,ForestWetRich
159820,Rumex thyrsiflorus,ForestWetRich
159821,Rumex thyrsiflorus,ForestWetRich
159822,Rumex thyrsiflorus,ForestWetRich
159823,Rumex thyrsiflorus,ForestWetRich
159824,Rumex thyrsiflorus,ForestWetRich
159825,Rumex thyrsiflorus,ForestWetRich
159826,Rumex thyrsiflorus,ForestWetRich
159827,Rumex thyrsiflorus,ForestWetRich
159828,Rumex thyrsiflorus,ForestWetRich
159829,Rumex thyrsiflorus,ForestWetRich
159830,Rumex thyrsiflorus,ForestWetRich
160370,Rumex thyrsiflorus,ForestWetRich
160371,Rumex thyrsiflorus,ForestWetRich
160372,Rumex thyrsiflorus,ForestWetRich
160373,Rumex thyrsiflorus,ForestWetRich
160374,Rumex thyrsiflorus,ForestWetRich
160375,Rumex thyrsiflorus,ForestWetRich
160376,Rumex thyrsiflorus,ForestWetRich
160377,Rumex thyrsiflorus,ForestWetRich
160378,Rumex thyrsiflorus,ForestWetRich
160379,Rumex thyrsiflorus,ForestWetRich
160380,Rumex thyrsiflorus,ForestWetRich
160381,Rumex thyrsiflorus,ForestWetRich
160382,Rumex thyrsiflorus,ForestWetRich
160383,Rumex thyrsiflorus,ForestWetRich
160384,Rumex thyrsiflorus,ForestWetRich
160385,Rumex thyrsiflorus,ForestWetRich
160386,Rumex thyrsiflorus,ForestWetRich
160387,Rumex thyrsiflorus,ForestWetRich
160388,Rumex thyrsiflorus,ForestWetRich
160389,Rumex thyrsiflorus,ForestWetRich
160390,Rumex thyrsiflorus,ForestWetRich
160391,Rumex thyrsiflorus,ForestWetRich
160392,Rumex thyrsiflorus,ForestWetRich
160393,Rumex thyrsiflorus,ForestWetRich
160394,Rumex thyrsiflorus,ForestWetRich
160395,Rumex thyrsiflorus,ForestWetRich
160396,Rumex thyrsiflorus,ForestWetRich
160397,Rumex thyrsiflorus,ForestWetRich
160398,Rumex thyrsiflorus,ForestWetRich
160399,Rumex thyrsiflorus,ForestWetRich
160400,Rumex thyrsiflorus,ForestWetRich
160401,Rumex thyrsiflorus,ForestWetRich
160402,Rumex thyrsiflorus,ForestWetRich
160403,Rumex thyrsiflorus,ForestWetRich
160404,Rumex thyrsiflorus,ForestWetRich
160405,Rumex thyrsiflorus,ForestWetRich
160406,Rumex thyrsiflorus,ForestWetRich
160407,Rumex thyrsiflorus,ForestWetRich
160408,Rumex thyrsiflorus,ForestWetRich
160409,Rumex thyrsiflorus,ForestWetRich
160410,Rumex thyrsiflorus,ForestWetRich
160411,Rumex thyrsiflorus,ForestWetRich
160412,Rumex thyrsiflorus,ForestWetRich
160413,Rumex thyrsiflorus,ForestWetRich
160414,Rumex thyrsiflorus,ForestWetRich
160415,Rumex thyrsiflorus,ForestWetRich
160416,Rumex thyrsiflorus,ForestWetRich
160417,Rumex thyrsiflorus,ForestWetRich
160418,Rumex thyrsiflorus,ForestWetRich
160419,Rumex thyrsiflorus,ForestWetRich
160420,Rumex thyrsiflorus,ForestWetRich
160421,Rumex thyrsiflorus,ForestWetRich
160422,Rumex thyrsiflorus,ForestWetRich
160423,Rumex thyrsiflorus,ForestWetRich
160424,Rumex thyrsiflorus,ForestWetRich
160425,Rumex thyrsiflorus,ForestWetRich
160426,Rumex thyrsiflorus,ForestWetRich
160427,Rumex thyrsiflorus,ForestWetRich
160428,Rumex thyrsiflorus,ForestWetRich
160429,Rumex thyrsiflorus,ForestWetRich
160969,Rumex thyrsiflorus,ForestWetRich
160970,Rumex thyrsiflorus,ForestWetRich
160971,Rumex thyrsiflorus,ForestWetRich
160972,Rumex thyrsiflorus,ForestWetRich
160973,Rumex thyrsiflorus,ForestWetRich
160974,Rumex thyrsiflorus,ForestWetRich
160975,Rumex thyrsiflorus,ForestWetRich
160976,Rumex thyrsiflorus,ForestWetRich
160977,Rumex thyrsiflorus,ForestWetRich
160978,Rumex thyrsiflorus,ForestWetRich
160979,Rumex thyrsiflorus,ForestWetRich
160980,Rumex thyrsiflorus,ForestWetRich
160981,Rumex thyrsiflorus,ForestWetRich
160982,Rumex thyrsiflorus,ForestWetRich
160983,Rumex thyrsiflorus,ForestWetRich
160984,Rumex thyrsiflorus,ForestWetRich
160985,Rumex thyrsiflorus,ForestWetRich
160986,Rumex thyrsiflorus,ForestWetRich
160987,Rumex thyrsiflorus,ForestWetRich
160988,Rumex thyrsiflorus,ForestWetRich
160989,Rumex thyrsiflorus,ForestWetRich
160990,Rumex thyrsiflorus,ForestWetRich
160991,Rumex thyrsiflorus,ForestWetRich
160992,Rumex thyrsiflorus,ForestWetRich
160993,Rumex thyrsiflorus,ForestWetRich
160994,Rumex thyrsiflorus,ForestWetRich
160995,Rumex thyrsiflorus,ForestWetRich
160996,Rumex thyrsiflorus,ForestWetRich
160997,Rumex thyrsiflorus,ForestWetRich
160998,Rumex thyrsiflorus,ForestWetRich
160999,Rumex thyrsiflorus,ForestWetRich
161000,Rumex thyrsiflorus,ForestWetRich
161001,Rumex thyrsiflorus,ForestWetRich
161002,Rumex thyrsiflorus,ForestWetRich
161003,Rumex thyrsiflorus,ForestWetRich
161004,Rumex thyrsiflorus,ForestWetRich
161005,Rumex thyrsiflorus,ForestWetRich
161006,Rumex thyrsiflorus,ForestWetRich
161007,Rumex thyrsiflorus,ForestWetRich
161008,Rumex thyrsiflorus,ForestWetRich
161009,Rumex thyrsiflorus,ForestWetRich
161010,Rumex thyrsiflorus,ForestWetRich
161011,Rumex thyrsiflorus,ForestWetRich
161012,Rumex thyrsiflorus,ForestWetRich
161013,Rumex thyrsiflorus,ForestWetRich
161014,Rumex thyrsiflorus,ForestWetRich
161015,Rumex thyrsiflorus,ForestWetRich
161016,Rumex thyrsiflorus,ForestWetRich
161017,Rumex thyrsiflorus,ForestWetRich
161018,Rumex thyrsiflorus,ForestWetRich
161019,Rumex thyrsiflorus,ForestWetRich
161020,Rumex thyrsiflorus,ForestWetRich
161021,Rumex thyrsiflorus,ForestWetRich
161022,Rumex thyrsiflorus,ForestWetRich
161023,Rumex thyrsiflorus,ForestWetRich
161024,Rumex thyrsiflorus,ForestWetRich
161025,Rumex thyrsiflorus,ForestWetRich
161026,Rumex thyrsiflorus,ForestWetRich
161027,Rumex thyrsiflorus,ForestWetRich
161028,Rumex thyrsiflorus,ForestWetRich
161568,Rumex thyrsiflorus,ForestWetRich
161569,Rumex thyrsiflorus,ForestWetRich
161570,Rumex thyrsiflorus,ForestWetRich
161571,Rumex thyrsiflorus,ForestWetRich
161572,Rumex thyrsiflorus,ForestWetRich
161573,Rumex thyrsiflorus,ForestWetRich
161574,Rumex thyrsiflorus,ForestWetRich
161575,Rumex thyrsiflorus,ForestWetRich
161576,Rumex thyrsiflorus,ForestWetRich
161577,Rumex thyrsiflorus,ForestWetRich
161578,Rumex thyrsiflorus,ForestWetRich
161579,Rumex thyrsiflorus,ForestWetRich
161580,Rumex thyrsiflorus,ForestWetRich
161581,Rumex thyrsiflorus,ForestWetRich
161582,Rumex thyrsiflorus,ForestWetRich
161583,Rumex thyrsiflorus,ForestWetRich
161584,Rumex thyrsiflorus,ForestWetRich
161585,Rumex thyrsiflorus,ForestWetRich
161586,Rumex thyrsiflorus,ForestWetRich
161587,Rumex thyrsiflorus,ForestWetRich
161588,Rumex thyrsiflorus,ForestWetRich
161589,Rumex thyrsiflorus,ForestWetRich
161590,Rumex thyrsiflorus,ForestWetRich
161591,Rumex thyrsiflorus,ForestWetRich
161592,Rumex thyrsiflorus,ForestWetRich
161593,Rumex thyrsiflorus,ForestWetRich
161594,Rumex thyrsiflorus,ForestWetRich
161595,Rumex thyrsiflorus,ForestWetRich
161596,Rumex thyrsiflorus,ForestWetRich
161597,Rumex thyrsiflorus,ForestWetRich
161598,Rumex thyrsiflorus,ForestWetRich
161599,Rumex thyrsiflorus,ForestWetRich
161600,Rumex thyrsiflorus,ForestWetRich
161601,Rumex thyrsiflorus,ForestWetRich
161602,Rumex thyrsiflorus,ForestWetRich
161603,Rumex thyrsiflorus,ForestWetRich
161604,Rumex thyrsiflorus,ForestWetRich
161605,Rumex thyrsiflorus,ForestWetRich
161606,Rumex thyrsiflorus,ForestWetRich
161607,Rumex thyrsiflorus,ForestWetRich
161608,Rumex thyrsiflorus,ForestWetRich
161609,Rumex thyrsiflorus,ForestWetRich
161610,Rumex thyrsiflorus,ForestWetRich
161611,Rumex thyrsiflorus,ForestWetRich
161612,Rumex thyrsiflorus,ForestWetRich
161613,Rumex thyrsiflorus,ForestWetRich
161614,Rumex thyrsiflorus,ForestWetRich
161615,Rumex thyrsiflorus,ForestWetRich
161616,Rumex thyrsiflorus,ForestWetRich
161617,Rumex thyrsiflorus,ForestWetRich
161618,Rumex thyrsiflorus,ForestWetRich
161619,Rumex thyrsiflorus,ForestWetRich
161620,Rumex thyrsiflorus,ForestWetRich
161621,Rumex thyrsiflorus,ForestWetRich
161622,Rumex thyrsiflorus,ForestWetRich
161623,Rumex thyrsiflorus,ForestWetRich
161624,Rumex thyrsiflorus,ForestWetRich
161625,Rumex thyrsiflorus,ForestWetRich
161626,Rumex thyrsiflorus,ForestWetRich
161627,Rumex thyrsiflorus,ForestWetRich
162167,Rumex thyrsiflorus,ForestWetRich
162168,Rumex thyrsiflorus,ForestWetRich
162169,Rumex thyrsiflorus,ForestWetRich
162170,Rumex thyrsiflorus,ForestWetRich
162171,Rumex thyrsiflorus,ForestWetRich
162172,Rumex thyrsiflorus,ForestWetRich
162173,Rumex thyrsiflorus,ForestWetRich
162174,Rumex thyrsiflorus,ForestWetRich
162175,Rumex thyrsiflorus,ForestWetRich
162176,Rumex thyrsiflorus,ForestWetRich
162177,Rumex thyrsiflorus,ForestWetRich
162178,Rumex thyrsiflorus,ForestWetRich
162179,Rumex thyrsiflorus,ForestWetRich
162180,Rumex thyrsiflorus,ForestWetRich
162181,Rumex thyrsiflorus,ForestWetRich
162182,Rumex thyrsiflorus,ForestWetRich
162183,Rumex thyrsiflorus,ForestWetRich
162184,Rumex thyrsiflorus,ForestWetRich
162185,Rumex thyrsiflorus,ForestWetRich
162186,Rumex thyrsiflorus,ForestWetRich
162187,Rumex thyrsiflorus,ForestWetRich
162188,Rumex thyrsiflorus,ForestWetRich
162189,Rumex thyrsiflorus,ForestWetRich
162190,Rumex thyrsiflorus,ForestWetRich
162191,Rumex thyrsiflorus,ForestWetRich
162192,Rumex thyrsiflorus,ForestWetRich
162193,Rumex thyrsiflorus,ForestWetRich
162194,Rumex thyrsiflorus,ForestWetRich
162195,Rumex thyrsiflorus,ForestWetRich
162196,Rumex thyrsiflorus,ForestWetRich
162197,Rumex thyrsiflorus,ForestWetRich
162198,Rumex thyrsiflorus,ForestWetRich
162199,Rumex thyrsiflorus,ForestWetRich
162200,Rumex thyrsiflorus,ForestWetRich
162201,Rumex thyrsiflorus,ForestWetRich
162202,Rumex thyrsiflorus,ForestWetRich
162203,Rumex thyrsiflorus,ForestWetRich
162204,Rumex thyrsiflorus,ForestWetRich
162205,Rumex thyrsiflorus,ForestWetRich
162206,Rumex thyrsiflorus,ForestWetRich
162207,Rumex thyrsiflorus,ForestWetRich
162208,Rumex thyrsiflorus,ForestWetRich
162209,Rumex thyrsiflorus,ForestWetRich
162210,Rumex thyrsiflorus,ForestWetRich
162211,Rumex thyrsiflorus,ForestWetRich
162212,Rumex thyrsiflorus,ForestWetRich
162213,Rumex thyrsiflorus,ForestWetRich
162214,Rumex thyrsiflorus,ForestWetRich
162215,Rumex thyrsiflorus,ForestWetRich
162216,Rumex thyrsiflorus,ForestWetRich
162217,Rumex thyrsiflorus,ForestWetRich
162218,Rumex thyrsiflorus,ForestWetRich
162219,Rumex thyrsiflorus,ForestWetRich
162220,Rumex thyrsiflorus,ForestWetRich
162221,Rumex thyrsiflorus,ForestWetRich
162222,Rumex thyrsiflorus,ForestWetRich
162223,Rumex thyrsiflorus,ForestWetRich
162224,Rumex thyrsiflorus,ForestWetRich
162225,Rumex thyrsiflorus,ForestWetRich
162226,Rumex thyrsiflorus,ForestWetRich
162766,Rumex thyrsiflorus,ForestWetRich
162767,Rumex thyrsiflorus,ForestWetRich
162768,Rumex thyrsiflorus,ForestWetRich
162769,Rumex thyrsiflorus,ForestWetRich
162770,Rumex thyrsiflorus,ForestWetRich
162771,Rumex thyrsiflorus,ForestWetRich
162772,Rumex thyrsiflorus,ForestWetRich
162773,Rumex thyrsiflorus,ForestWetRich
162774,Rumex thyrsiflorus,ForestWetRich
162775,Rumex thyrsiflorus,ForestWetRich
162776,Rumex thyrsiflorus,ForestWetRich
162777,Rumex thyrsiflorus,ForestWetRich
162778,Rumex thyrsiflorus,ForestWetRich
162779,Rumex thyrsiflorus,ForestWetRich
162780,Rumex thyrsiflorus,ForestWetRich
162781,Rumex thyrsiflorus,ForestWetRich
162782,Rumex thyrsiflorus,ForestWetRich
162783,Rumex thyrsiflorus,ForestWetRich
162784,Rumex thyrsiflorus,ForestWetRich
162785,Rumex thyrsiflorus,ForestWetRich
162786,Rumex thyrsiflorus,ForestWetRich
162787,Rumex thyrsiflorus,ForestWetRich
162788,Rumex thyrsiflorus,ForestWetRich
162789,Rumex thyrsiflorus,ForestWetRich
162790,Rumex thyrsiflorus,ForestWetRich
162791,Rumex thyrsiflorus,ForestWetRich
162792,Rumex thyrsiflorus,ForestWetRich
162793,Rumex thyrsiflorus,ForestWetRich
162794,Rumex thyrsiflorus,ForestWetRich
162795,Rumex thyrsiflorus,ForestWetRich
162796,Rumex thyrsiflorus,ForestWetRich
162797,Rumex thyrsiflorus,ForestWetRich
162798,Rumex thyrsiflorus,ForestWetRich
162799,Rumex thyrsiflorus,ForestWetRich
162800,Rumex thyrsiflorus,ForestWetRich
162801,Rumex thyrsiflorus,ForestWetRich
162802,Rumex thyrsiflorus,ForestWetRich
162803,Rumex thyrsiflorus,ForestWetRich
162804,Rumex thyrsiflorus,ForestWetRich
162805,Rumex thyrsiflorus,ForestWetRich
162806,Rumex thyrsiflorus,ForestWetRich
162807,Rumex thyrsiflorus,ForestWetRich
162808,Rumex thyrsiflorus,ForestWetRich
162809,Rumex thyrsiflorus,ForestWetRich
162810,Rumex thyrsiflorus,ForestWetRich
162811,Rumex thyrsiflorus,ForestWetRich
162812,Rumex thyrsiflorus,ForestWetRich
162813,Rumex thyrsiflorus,ForestWetRich
162814,Rumex thyrsiflorus,ForestWetRich
162815,Rumex thyrsiflorus,ForestWetRich
162816,Rumex thyrsiflorus,ForestWetRich
162817,Rumex thyrsiflorus,ForestWetRich
162818,Rumex thyrsiflorus,ForestWetRich
162819,Rumex thyrsiflorus,ForestWetRich
162820,Rumex thyrsiflorus,ForestWetRich
162821,Rumex thyrsiflorus,ForestWetRich
162822,Rumex thyrsiflorus,ForestWetRich
162823,Rumex thyrsiflorus,ForestWetRich
162824,Rumex thyrsiflorus,ForestWetRich
162825,Rumex thyrsiflorus,ForestWetRich
163365,Rumex thyrsiflorus,ForestWetRich
163366,Rumex thyrsiflorus,ForestWetRich
163367,Rumex thyrsiflorus,ForestWetRich
163368,Rumex thyrsiflorus,ForestWetRich
163369,Rumex thyrsiflorus,ForestWetRich
163370,Rumex thyrsiflorus,ForestWetRich
163371,Rumex thyrsiflorus,ForestWetRich
163372,Rumex thyrsiflorus,ForestWetRich
163373,Rumex thyrsiflorus,ForestWetRich
163374,Rumex thyrsiflorus,ForestWetRich
163375,Rumex thyrsiflorus,ForestWetRich
163376,Rumex thyrsiflorus,ForestWetRich
163377,Rumex thyrsiflorus,ForestWetRich
163378,Rumex thyrsiflorus,ForestWetRich
163379,Rumex thyrsiflorus,ForestWetRich
163380,Rumex thyrsiflorus,ForestWetRich
163381,Rumex thyrsiflorus,ForestWetRich
163382,Rumex thyrsiflorus,ForestWetRich
163383,Rumex thyrsiflorus,ForestWetRich
163384,Rumex thyrsiflorus,ForestWetRich
163385,Rumex thyrsiflorus,ForestWetRich
163386,Rumex thyrsiflorus,ForestWetRich
163387,Rumex thyrsiflorus,ForestWetRich
163388,Rumex thyrsiflorus,ForestWetRich
163389,Rumex thyrsiflorus,ForestWetRich
163390,Rumex thyrsiflorus,ForestWetRich
163391,Rumex thyrsiflorus,ForestWetRich
163392,Rumex thyrsiflorus,ForestWetRich
163393,Rumex thyrsiflorus,ForestWetRich
163394,Rumex thyrsiflorus,ForestWetRich
163395,Rumex thyrsiflorus,ForestWetRich
163396,Rumex thyrsiflorus,ForestWetRich
163397,Rumex thyrsiflorus,ForestWetRich
163398,Rumex thyrsiflorus,ForestWetRich
163399,Rumex thyrsiflorus,ForestWetRich
163400,Rumex thyrsiflorus,ForestWetRich
163401,Rumex thyrsiflorus,ForestWetRich
163402,Rumex thyrsiflorus,ForestWetRich
163403,Rumex thyrsiflorus,ForestWetRich
163404,Rumex thyrsiflorus,ForestWetRich
163405,Rumex thyrsiflorus,ForestWetRich
163406,Rumex thyrsiflorus,ForestWetRich
163407,Rumex thyrsiflorus,ForestWetRich
163408,Rumex thyrsiflorus,ForestWetRich
163409,Rumex thyrsiflorus,ForestWetRich
163410,Rumex thyrsiflorus,ForestWetRich
163411,Rumex thyrsiflorus,ForestWetRich
163412,Rumex thyrsiflorus,ForestWetRich
163413,Rumex thyrsiflorus,ForestWetRich
163414,Rumex thyrsiflorus,ForestWetRich
163415,Rumex thyrsiflorus,ForestWetRich
163416,Rumex thyrsiflorus,ForestWetRich
163417,Rumex thyrsiflorus,ForestWetRich
163418,Rumex thyrsiflorus,ForestWetRich
163419,Rumex thyrsiflorus,ForestWetRich
163420,Rumex thyrsiflorus,ForestWetRich
163421,Rumex thyrsiflorus,ForestWetRich
163422,Rumex thyrsiflorus,ForestWetRich
163423,Rumex thyrsiflorus,ForestWetRich
163424,Rumex thyrsiflorus,ForestWetRich
163964,Rumex thyrsiflorus,ForestWetRich
163965,Rumex thyrsiflorus,ForestWetRich
163966,Rumex thyrsiflorus,ForestWetRich
163967,Rumex thyrsiflorus,ForestWetRich
163968,Rumex thyrsiflorus,ForestWetRich
163969,Rumex thyrsiflorus,ForestWetRich
163970,Rumex thyrsiflorus,ForestWetRich
163971,Rumex thyrsiflorus,ForestWetRich
163972,Rumex thyrsiflorus,ForestWetRich
163973,Rumex thyrsiflorus,ForestWetRich
163974,Rumex thyrsiflorus,ForestWetRich
163975,Rumex thyrsiflorus,ForestWetRich
163976,Rumex thyrsiflorus,ForestWetRich
163977,Rumex thyrsiflorus,ForestWetRich
163978,Rumex thyrsiflorus,ForestWetRich
163979,Rumex thyrsiflorus,ForestWetRich
163980,Rumex thyrsiflorus,ForestWetRich
163981,Rumex thyrsiflorus,ForestWetRich
163982,Rumex thyrsiflorus,ForestWetRich
163983,Rumex thyrsiflorus,ForestWetRich
163984,Rumex thyrsiflorus,ForestWetRich
163985,Rumex thyrsiflorus,ForestWetRich
163986,Rumex thyrsiflorus,ForestWetRich
163987,Rumex thyrsiflorus,ForestWetRich
163988,Rumex thyrsiflorus,ForestWetRich
163989,Rumex thyrsiflorus,ForestWetRich
163990,Rumex thyrsiflorus,ForestWetRich
163991,Rumex thyrsiflorus,ForestWetRich
163992,Rumex thyrsiflorus,ForestWetRich
163993,Rumex thyrsiflorus,ForestWetRich
163994,Rumex thyrsiflorus,ForestWetRich
163995,Rumex thyrsiflorus,ForestWetRich
163996,Rumex thyrsiflorus,ForestWetRich
163997,Rumex thyrsiflorus,ForestWetRich
163998,Rumex thyrsiflorus,ForestWetRich
163999,Rumex thyrsiflorus,ForestWetRich
164000,Rumex thyrsiflorus,ForestWetRich
164001,Rumex thyrsiflorus,ForestWetRich
164002,Rumex thyrsiflorus,ForestWetRich
164003,Rumex thyrsiflorus,ForestWetRich
164004,Rumex thyrsiflorus,ForestWetRich
164005,Rumex thyrsiflorus,ForestWetRich
164006,Rumex thyrsiflorus,ForestWetRich
164007,Rumex thyrsiflorus,ForestWetRich
164008,Rumex thyrsiflorus,ForestWetRich
164009,Rumex thyrsiflorus,ForestWetRich
164010,Rumex thyrsiflorus,ForestWetRich
164011,Rumex thyrsiflorus,ForestWetRich
164012,Rumex thyrsiflorus,ForestWetRich
164013,Rumex thyrsiflorus,ForestWetRich
164014,Rumex thyrsiflorus,ForestWetRich
164015,Rumex thyrsiflorus,ForestWetRich
164016,Rumex thyrsiflorus,ForestWetRich
164017,Rumex thyrsiflorus,ForestWetRich
164018,Rumex thyrsiflorus,ForestWetRich
164019,Rumex thyrsiflorus,ForestWetRich
164020,Rumex thyrsiflorus,ForestWetRich
164021,Rumex thyrsiflorus,ForestWetRich
164022,Rumex thyrsiflorus,ForestWetRich
164023,Rumex thyrsiflorus,ForestWetRich
164563,Rumex thyrsiflorus,ForestWetRich
164564,Rumex thyrsiflorus,ForestWetRich
164565,Rumex thyrsiflorus,ForestWetRich
164566,Rumex thyrsiflorus,ForestWetRich
164567,Rumex thyrsiflorus,ForestWetRich
164568,Rumex thyrsiflorus,ForestWetRich
164569,Rumex thyrsiflorus,ForestWetRich
164570,Rumex thyrsiflorus,ForestWetRich
164571,Rumex thyrsiflorus,ForestWetRich
164572,Rumex thyrsiflorus,ForestWetRich
164573,Rumex thyrsiflorus,ForestWetRich
164574,Rumex thyrsiflorus,ForestWetRich
164575,Rumex thyrsiflorus,ForestWetRich
164576,Rumex thyrsiflorus,ForestWetRich
164577,Rumex thyrsiflorus,ForestWetRich
164578,Rumex thyrsiflorus,ForestWetRich
164579,Rumex thyrsiflorus,ForestWetRich
164580,Rumex thyrsiflorus,ForestWetRich
164581,Rumex thyrsiflorus,ForestWetRich
164582,Rumex thyrsiflorus,ForestWetRich
164583,Rumex thyrsiflorus,ForestWetRich
164584,Rumex thyrsiflorus,ForestWetRich
164585,Rumex thyrsiflorus,ForestWetRich
164586,Rumex thyrsiflorus,ForestWetRich
164587,Rumex thyrsiflorus,ForestWetRich
164588,Rumex thyrsiflorus,ForestWetRich
164589,Rumex thyrsiflorus,ForestWetRich
164590,Rumex thyrsiflorus,ForestWetRich
164591,Rumex thyrsiflorus,ForestWetRich
164592,Rumex thyrsiflorus,ForestWetRich
164593,Rumex thyrsiflorus,ForestWetRich
164594,Rumex thyrsiflorus,ForestWetRich
164595,Rumex thyrsiflorus,ForestWetRich
164596,Rumex thyrsiflorus,ForestWetRich
164597,Rumex thyrsiflorus,ForestWetRich
164598,Rumex thyrsiflorus,ForestWetRich
164599,Rumex thyrsiflorus,ForestWetRich
164600,Rumex thyrsiflorus,ForestWetRich
164601,Rumex thyrsiflorus,ForestWetRich
164602,Rumex thyrsiflorus,ForestWetRich
164603,Rumex thyrsiflorus,ForestWetRich
164604,Rumex thyrsiflorus,ForestWetRich
164605,Rumex thyrsiflorus,ForestWetRich
164606,Rumex thyrsiflorus,ForestWetRich
164607,Rumex thyrsiflorus,ForestWetRich
164608,Rumex thyrsiflorus,ForestWetRich
164609,Rumex thyrsiflorus,ForestWetRich
164610,Rumex thyrsiflorus,ForestWetRich
164611,Rumex thyrsiflorus,ForestWetRich
164612,Rumex thyrsiflorus,ForestWetRich
164613,Rumex thyrsiflorus,ForestWetRich
164614,Rumex thyrsiflorus,ForestWetRich
164615,Rumex thyrsiflorus,ForestWetRich
164616,Rumex thyrsiflorus,ForestWetRich
164617,Rumex thyrsiflorus,ForestWetRich
164618,Rumex thyrsiflorus,ForestWetRich
164619,Rumex thyrsiflorus,ForestWetRich
164620,Rumex thyrsiflorus,ForestWetRich
164621,Rumex thyrsiflorus,ForestWetRich
164622,Rumex thyrsiflorus,ForestWetRich
165162,Rumex thyrsiflorus,ForestWetRich
165163,Rumex thyrsiflorus,ForestWetRich
165164,Rumex thyrsiflorus,ForestWetRich
165165,Rumex thyrsiflorus,ForestWetRich
165166,Rumex thyrsiflorus,ForestWetRich
165167,Rumex thyrsiflorus,ForestWetRich
165168,Rumex thyrsiflorus,ForestWetRich
165169,Rumex thyrsiflorus,ForestWetRich
165170,Rumex thyrsiflorus,ForestWetRich
165171,Rumex thyrsiflorus,ForestWetRich
165172,Rumex thyrsiflorus,ForestWetRich
165173,Rumex thyrsiflorus,ForestWetRich
165174,Rumex thyrsiflorus,ForestWetRich
165175,Rumex thyrsiflorus,ForestWetRich
165176,Rumex thyrsiflorus,ForestWetRich
165177,Rumex thyrsiflorus,ForestWetRich
165178,Rumex thyrsiflorus,ForestWetRich
165179,Rumex thyrsiflorus,ForestWetRich
165180,Rumex thyrsiflorus,ForestWetRich
165181,Rumex thyrsiflorus,ForestWetRich
165182,Rumex thyrsiflorus,ForestWetRich
165183,Rumex thyrsiflorus,ForestWetRich
165184,Rumex thyrsiflorus,ForestWetRich
165185,Rumex thyrsiflorus,ForestWetRich
165186,Rumex thyrsiflorus,ForestWetRich
165187,Rumex thyrsiflorus,ForestWetRich
165188,Rumex thyrsiflorus,ForestWetRich
165189,Rumex thyrsiflorus,ForestWetRich
165190,Rumex thyrsiflorus,ForestWetRich
165191,Rumex thyrsiflorus,ForestWetRich
165192,Rumex thyrsiflorus,ForestWetRich
165193,Rumex thyrsiflorus,ForestWetRich
165194,Rumex thyrsiflorus,ForestWetRich
165195,Rumex thyrsiflorus,ForestWetRich
165196,Rumex thyrsiflorus,ForestWetRich
165197,Rumex thyrsiflorus,ForestWetRich
165198,Rumex thyrsiflorus,ForestWetRich
165199,Rumex thyrsiflorus,ForestWetRich
165200,Rumex thyrsiflorus,ForestWetRich
165201,Rumex thyrsiflorus,ForestWetRich
165202,Rumex thyrsiflorus,ForestWetRich
165203,Rumex thyrsiflorus,ForestWetRich
165204,Rumex thyrsiflorus,ForestWetRich
165205,Rumex thyrsiflorus,ForestWetRich
165206,Rumex thyrsiflorus,ForestWetRich
165207,Rumex thyrsiflorus,ForestWetRich
165208,Rumex thyrsiflorus,ForestWetRich
165209,Rumex thyrsiflorus,ForestWetRich
165210,Rumex thyrsiflorus,ForestWetRich
165211,Rumex thyrsiflorus,ForestWetRich
165212,Rumex thyrsiflorus,ForestWetRich
165213,Rumex thyrsiflorus,ForestWetRich
165214,Rumex thyrsiflorus,ForestWetRich
165215,Rumex thyrsiflorus,ForestWetRich
165216,Rumex thyrsiflorus,ForestWetRich
165217,Rumex thyrsiflorus,ForestWetRich
165218,Rumex thyrsiflorus,ForestWetRich
165219,Rumex thyrsiflorus,ForestWetRich
165220,Rumex thyrsiflorus,ForestWetRich
165221,Rumex thyrsiflorus,ForestWetRich
165761,Rumex thyrsiflorus,ForestWetRich
165762,Rumex thyrsiflorus,ForestWetRich
165763,Rumex thyrsiflorus,ForestWetRich
165764,Rumex thyrsiflorus,ForestWetRich
165765,Rumex thyrsiflorus,ForestWetRich
165766,Rumex thyrsiflorus,ForestWetRich
165767,Rumex thyrsiflorus,ForestWetRich
165768,Rumex thyrsiflorus,ForestWetRich
165769,Rumex thyrsiflorus,ForestWetRich
165770,Rumex thyrsiflorus,ForestWetRich
165771,Rumex thyrsiflorus,ForestWetRich
165772,Rumex thyrsiflorus,ForestWetRich
165773,Rumex thyrsiflorus,ForestWetRich
165774,Rumex thyrsiflorus,ForestWetRich
165775,Rumex thyrsiflorus,ForestWetRich
165776,Rumex thyrsiflorus,ForestWetRich
165777,Rumex thyrsiflorus,ForestWetRich
165778,Rumex thyrsiflorus,ForestWetRich
165779,Rumex thyrsiflorus,ForestWetRich
165780,Rumex thyrsiflorus,ForestWetRich
165781,Rumex thyrsiflorus,ForestWetRich
165782,Rumex thyrsiflorus,ForestWetRich
165783,Rumex thyrsiflorus,ForestWetRich
165784,Rumex thyrsiflorus,ForestWetRich
165785,Rumex thyrsiflorus,ForestWetRich
165786,Rumex thyrsiflorus,ForestWetRich
165787,Rumex thyrsiflorus,ForestWetRich
165788,Rumex thyrsiflorus,ForestWetRich
165789,Rumex thyrsiflorus,ForestWetRich
165790,Rumex thyrsiflorus,ForestWetRich
165791,Rumex thyrsiflorus,ForestWetRich
165792,Rumex thyrsiflorus,ForestWetRich
165793,Rumex thyrsiflorus,ForestWetRich
165794,Rumex thyrsiflorus,ForestWetRich
165795,Rumex thyrsiflorus,ForestWetRich
165796,Rumex thyrsiflorus,ForestWetRich
165797,Rumex thyrsiflorus,ForestWetRich
165798,Rumex thyrsiflorus,ForestWetRich
165799,Rumex thyrsiflorus,ForestWetRich
165800,Rumex thyrsiflorus,ForestWetRich
165801,Rumex thyrsiflorus,ForestWetRich
165802,Rumex thyrsiflorus,ForestWetRich
165803,Rumex thyrsiflorus,ForestWetRich
165804,Rumex thyrsiflorus,ForestWetRich
165805,Rumex thyrsiflorus,ForestWetRich
165806,Rumex thyrsiflorus,ForestWetRich
165807,Rumex thyrsiflorus,ForestWetRich
165808,Rumex thyrsiflorus,ForestWetRich
165809,Rumex thyrsiflorus,ForestWetRich
165810,Rumex thyrsiflorus,ForestWetRich
165811,Rumex thyrsiflorus,ForestWetRich
165812,Rumex thyrsiflorus,ForestWetRich
165813,Rumex thyrsiflorus,ForestWetRich
165814,Rumex thyrsiflorus,ForestWetRich
165815,Rumex thyrsiflorus,ForestWetRich
165816,Rumex thyrsiflorus,ForestWetRich
165817,Rumex thyrsiflorus,ForestWetRich
165818,Rumex thyrsiflorus,ForestWetRich
165819,Rumex thyrsiflorus,ForestWetRich
165820,Rumex thyrsiflorus,ForestWetRich
166361,Rumex thyrsiflorus,ForestWetRich
166362,Rumex thyrsiflorus,ForestWetRich
166363,Rumex thyrsiflorus,ForestWetRich
166364,Rumex thyrsiflorus,ForestWetRich
166365,Rumex thyrsiflorus,ForestWetRich
166366,Rumex thyrsiflorus,ForestWetRich
166367,Rumex thyrsiflorus,ForestWetRich
166368,Rumex thyrsiflorus,ForestWetRich
166369,Rumex thyrsiflorus,ForestWetRich
166370,Rumex thyrsiflorus,ForestWetRich
166371,Rumex thyrsiflorus,ForestWetRich
166372,Rumex thyrsiflorus,ForestWetRich
166373,Rumex thyrsiflorus,ForestWetRich
166374,Rumex thyrsiflorus,ForestWetRich
166375,Rumex thyrsiflorus,ForestWetRich
166376,Rumex thyrsiflorus,ForestWetRich
166377,Rumex thyrsiflorus,ForestWetRich
166378,Rumex thyrsiflorus,ForestWetRich
166379,Rumex thyrsiflorus,ForestWetRich
166380,Rumex thyrsiflorus,ForestWetRich
166381,Rumex thyrsiflorus,ForestWetRich
166382,Rumex thyrsiflorus,ForestWetRich
166383,Rumex thyrsiflorus,ForestWetRich
166384,Rumex thyrsiflorus,ForestWetRich
166385,Rumex thyrsiflorus,ForestWetRich
166386,Rumex thyrsiflorus,ForestWetRich
166387,Rumex thyrsiflorus,ForestWetRich
166388,Rumex thyrsiflorus,ForestWetRich
166389,Rumex thyrsiflorus,ForestWetRich
166390,Rumex thyrsiflorus,ForestWetRich
166391,Rumex thyrsiflorus,ForestWetRich
166392,Rumex thyrsiflorus,ForestWetRich
166393,Rumex thyrsiflorus,ForestWetRich
166394,Rumex thyrsiflorus,ForestWetRich
166395,Rumex thyrsiflorus,ForestWetRich
166396,Rumex thyrsiflorus,ForestWetRich
166397,Rumex thyrsiflorus,ForestWetRich
166398,Rumex thyrsiflorus,ForestWetRich
166399,Rumex thyrsiflorus,ForestWetRich
166400,Rumex thyrsiflorus,ForestWetRich
166401,Rumex thyrsiflorus,ForestWetRich
166402,Rumex thyrsiflorus,ForestWetRich
166403,Rumex thyrsiflorus,ForestWetRich
166404,Rumex thyrsiflorus,ForestWetRich
166405,Rumex thyrsiflorus,ForestWetRich
166406,Rumex thyrsiflorus,ForestWetRich
166407,Rumex thyrsiflorus,ForestWetRich
166408,Rumex thyrsiflorus,ForestWetRich
166409,Rumex thyrsiflorus,ForestWetRich
166410,Rumex thyrsiflorus,ForestWetRich
166411,Rumex thyrsiflorus,ForestWetRich
166412,Rumex thyrsiflorus,ForestWetRich
166413,Rumex thyrsiflorus,ForestWetRich
166414,Rumex thyrsiflorus,ForestWetRich
166415,Rumex thyrsiflorus,ForestWetRich
166416,Rumex thyrsiflorus,ForestWetRich
166417,Rumex thyrsiflorus,ForestWetRich
166418,Rumex thyrsiflorus,ForestWetRich
166419,Rumex thyrsiflorus,ForestWetRich
166961,Rumex thyrsiflorus,ForestWetRich
166962,Rumex thyrsiflorus,ForestWetRich
166963,Rumex thyrsiflorus,ForestWetRich
166964,Rumex thyrsiflorus,ForestWetRich
166965,Rumex thyrsiflorus,ForestWetRich
166966,Rumex thyrsiflorus,ForestWetRich
166967,Rumex thyrsiflorus,ForestWetRich
166968,Rumex thyrsiflorus,ForestWetRich
166969,Rumex thyrsiflorus,ForestWetRich
166970,Rumex thyrsiflorus,ForestWetRich
166971,Rumex thyrsiflorus,ForestWetRich
166972,Rumex thyrsiflorus,ForestWetRich
166973,Rumex thyrsiflorus,ForestWetRich
166974,Rumex thyrsiflorus,ForestWetRich
166975,Rumex thyrsiflorus,ForestWetRich
166976,Rumex thyrsiflorus,ForestWetRich
166977,Rumex thyrsiflorus,ForestWetRich
166978,Rumex thyrsiflorus,ForestWetRich
166979,Rumex thyrsiflorus,ForestWetRich
166980,Rumex thyrsiflorus,ForestWetRich
166981,Rumex thyrsiflorus,ForestWetRich
166982,Rumex thyrsiflorus,ForestWetRich
166983,Rumex thyrsiflorus,ForestWetRich
166984,Rumex thyrsiflorus,ForestWetRich
166985,Rumex thyrsiflorus,ForestWetRich
166986,Rumex thyrsiflorus,ForestWetRich
166987,Rumex thyrsiflorus,ForestWetRich
166988,Rumex thyrsiflorus,ForestWetRich
166989,Rumex thyrsiflorus,ForestWetRich
166990,Rumex thyrsiflorus,ForestWetRich
166991,Rumex thyrsiflorus,ForestWetRich
166992,Rumex thyrsiflorus,ForestWetRich
166993,Rumex thyrsiflorus,ForestWetRich
166994,Rumex thyrsiflorus,ForestWetRich
166995,Rumex thyrsiflorus,ForestWetRich
166996,Rumex thyrsiflorus,ForestWetRich
166997,Rumex thyrsiflorus,ForestWetRich
166998,Rumex thyrsiflorus,ForestWetRich
166999,Rumex thyrsiflorus,ForestWetRich
167000,Rumex thyrsiflorus,ForestWetRich
167001,Rumex thyrsiflorus,ForestWetRich
167002,Rumex thyrsiflorus,ForestWetRich
167003,Rumex thyrsiflorus,ForestWetRich
167004,Rumex thyrsiflorus,ForestWetRich
167005,Rumex thyrsiflorus,ForestWetRich
167006,Rumex thyrsiflorus,ForestWetRich
167007,Rumex thyrsiflorus,ForestWetRich
167008,Rumex thyrsiflorus,ForestWetRich
167009,Rumex thyrsiflorus,ForestWetRich
167010,Rumex thyrsiflorus,ForestWetRich
167011,Rumex thyrsiflorus,ForestWetRich
167012,Rumex thyrsiflorus,ForestWetRich
167013,Rumex thyrsiflorus,ForestWetRich
167014,Rumex thyrsiflorus,ForestWetRich
167015,Rumex thyrsiflorus,ForestWetRich
167016,Rumex thyrsiflorus,ForestWetRich
167017,Rumex thyrsiflorus,ForestWetRich
167018,Rumex thyrsiflorus,ForestWetRich
167561,Rumex thyrsiflorus,ForestWetRich
167562,Rumex thyrsiflorus,ForestWetRich
167563,Rumex thyrsiflorus,ForestWetRich
167564,Rumex thyrsiflorus,ForestWetRich
167565,Rumex thyrsiflorus,ForestWetRich
167566,Rumex thyrsiflorus,ForestWetRich
167567,Rumex thyrsiflorus,ForestWetRich
167568,Rumex thyrsiflorus,ForestWetRich
167569,Rumex thyrsiflorus,ForestWetRich
167570,Rumex thyrsiflorus,ForestWetRich
167571,Rumex thyrsiflorus,ForestWetRich
167572,Rumex thyrsiflorus,ForestWetRich
167573,Rumex thyrsiflorus,ForestWetRich
167574,Rumex thyrsiflorus,ForestWetRich
167575,Rumex thyrsiflorus,ForestWetRich
167576,Rumex thyrsiflorus,ForestWetRich
167577,Rumex thyrsiflorus,ForestWetRich
167578,Rumex thyrsiflorus,ForestWetRich
167579,Rumex thyrsiflorus,ForestWetRich
167580,Rumex thyrsiflorus,ForestWetRich
167581,Rumex thyrsiflorus,ForestWetRich
167582,Rumex thyrsiflorus,ForestWetRich
167583,Rumex thyrsiflorus,ForestWetRich
167584,Rumex thyrsiflorus,ForestWetRich
167585,Rumex thyrsiflorus,ForestWetRich
167586,Rumex thyrsiflorus,ForestWetRich
167587,Rumex thyrsiflorus,ForestWetRich
167588,Rumex thyrsiflorus,ForestWetRich
167589,Rumex thyrsiflorus,ForestWetRich
167590,Rumex thyrsiflorus,ForestWetRich
167591,Rumex thyrsiflorus,ForestWetRich
167592,Rumex thyrsiflorus,ForestWetRich
167593,Rumex thyrsiflorus,ForestWetRich
167594,Rumex thyrsiflorus,ForestWetRich
167595,Rumex thyrsiflorus,ForestWetRich
167596,Rumex thyrsiflorus,ForestWetRich
167597,Rumex thyrsiflorus,ForestWetRich
167598,Rumex thyrsiflorus,ForestWetRich
167599,Rumex thyrsiflorus,ForestWetRich
167600,Rumex thyrsiflorus,ForestWetRich
167601,Rumex thyrsiflorus,ForestWetRich
167602,Rumex thyrsiflorus,ForestWetRich
167603,Rumex thyrsiflorus,ForestWetRich
167604,Rumex thyrsiflorus,ForestWetRich
167605,Rumex thyrsiflorus,ForestWetRich
167606,Rumex thyrsiflorus,ForestWetRich
167607,Rumex thyrsiflorus,ForestWetRich
167608,Rumex thyrsiflorus,ForestWetRich
167609,Rumex thyrsiflorus,ForestWetRich
167610,Rumex thyrsiflorus,ForestWetRich
167611,Rumex thyrsiflorus,ForestWetRich
167612,Rumex thyrsiflorus,ForestWetRich
167613,Rumex thyrsiflorus,ForestWetRich
167614,Rumex thyrsiflorus,ForestWetRich
167615,Rumex thyrsiflorus,ForestWetRich
167616,Rumex thyrsiflorus,ForestWetRich
167617,Rumex thyrsiflorus,ForestWetRich
168162,Rumex thyrsiflorus,ForestWetRich
168163,Rumex thyrsiflorus,ForestWetRich
168164,Rumex thyrsiflorus,ForestWetRich
168165,Rumex thyrsiflorus,ForestWetRich
168166,Rumex thyrsiflorus,ForestWetRich
168167,Rumex thyrsiflorus,ForestWetRich
168168,Rumex thyrsiflorus,ForestWetRich
168169,Rumex thyrsiflorus,ForestWetRich
168170,Rumex thyrsiflorus,ForestWetRich
168171,Rumex thyrsiflorus,ForestWetRich
168172,Rumex thyrsiflorus,ForestWetRich
168173,Rumex thyrsiflorus,ForestWetRich
168174,Rumex thyrsiflorus,ForestWetRich
168175,Rumex thyrsiflorus,ForestWetRich
168176,Rumex thyrsiflorus,ForestWetRich
168177,Rumex thyrsiflorus,ForestWetRich
168178,Rumex thyrsiflorus,ForestWetRich
168179,Rumex thyrsiflorus,ForestWetRich
168180,Rumex thyrsiflorus,ForestWetRich
168181,Rumex thyrsiflorus,ForestWetRich
168182,Rumex thyrsiflorus,ForestWetRich
168183,Rumex thyrsiflorus,ForestWetRich
168184,Rumex thyrsiflorus,ForestWetRich
168185,Rumex thyrsiflorus,ForestWetRich
168186,Rumex thyrsiflorus,ForestWetRich
168187,Rumex thyrsiflorus,ForestWetRich
168188,Rumex thyrsiflorus,ForestWetRich
168189,Rumex thyrsiflorus,ForestWetRich
168190,Rumex thyrsiflorus,ForestWetRich
168191,Rumex thyrsiflorus,ForestWetRich
168192,Rumex thyrsiflorus,ForestWetRich
168193,Rumex thyrsiflorus,ForestWetRich
168194,Rumex thyrsiflorus,ForestWetRich
168195,Rumex thyrsiflorus,ForestWetRich
168196,Rumex thyrsiflorus,ForestWetRich
168197,Rumex thyrsiflorus,ForestWetRich
168198,Rumex thyrsiflorus,ForestWetRich
168199,Rumex thyrsiflorus,ForestWetRich
168200,Rumex thyrsiflorus,ForestWetRich
168201,Rumex thyrsiflorus,ForestWetRich
168202,Rumex thyrsiflorus,ForestWetRich
168203,Rumex thyrsiflorus,ForestWetRich
168204,Rumex thyrsiflorus,ForestWetRich
168205,Rumex thyrsiflorus,ForestWetRich
168206,Rumex thyrsiflorus,ForestWetRich
168207,Rumex thyrsiflorus,ForestWetRich
168208,Rumex thyrsiflorus,ForestWetRich
168209,Rumex thyrsiflorus,ForestWetRich
168210,Rumex thyrsiflorus,ForestWetRich
168211,Rumex thyrsiflorus,ForestWetRich
168212,Rumex thyrsiflorus,ForestWetRich
168213,Rumex thyrsiflorus,ForestWetRich
168214,Rumex thyrsiflorus,ForestWetRich
168215,Rumex thyrsiflorus,ForestWetRich
168216,Rumex thyrsiflorus,ForestWetRich
168762,Rumex thyrsiflorus,ForestWetRich
168763,Rumex thyrsiflorus,ForestWetRich
168764,Rumex thyrsiflorus,ForestWetRich
168765,Rumex thyrsiflorus,ForestWetRich
168766,Rumex thyrsiflorus,ForestWetRich
168767,Rumex thyrsiflorus,ForestWetRich
168768,Rumex thyrsiflorus,ForestWetRich
168769,Rumex thyrsiflorus,ForestWetRich
168770,Rumex thyrsiflorus,ForestWetRich
168771,Rumex thyrsiflorus,ForestWetRich
168772,Rumex thyrsiflorus,ForestWetRich
168773,Rumex thyrsiflorus,ForestWetRich
168774,Rumex thyrsiflorus,ForestWetRich
168775,Rumex thyrsiflorus,ForestWetRich
168776,Rumex thyrsiflorus,ForestWetRich
168777,Rumex thyrsiflorus,ForestWetRich
168778,Rumex thyrsiflorus,ForestWetRich
168779,Rumex thyrsiflorus,ForestWetRich
168780,Rumex thyrsiflorus,ForestWetRich
168781,Rumex thyrsiflorus,ForestWetRich
168782,Rumex thyrsiflorus,ForestWetRich
168783,Rumex thyrsiflorus,ForestWetRich
168784,Rumex thyrsiflorus,ForestWetRich
168785,Rumex thyrsiflorus,ForestWetRich
168786,Rumex thyrsiflorus,ForestWetRich
168787,Rumex thyrsiflorus,ForestWetRich
168788,Rumex thyrsiflorus,ForestWetRich
168789,Rumex thyrsiflorus,ForestWetRich
168790,Rumex thyrsiflorus,ForestWetRich
168791,Rumex thyrsiflorus,ForestWetRich
168792,Rumex thyrsiflorus,ForestWetRich
168793,Rumex thyrsiflorus,ForestWetRich
168794,Rumex thyrsiflorus,ForestWetRich
168795,Rumex thyrsiflorus,ForestWetRich
168796,Rumex thyrsiflorus,ForestWetRich
168797,Rumex thyrsiflorus,ForestWetRich
168798,Rumex thyrsiflorus,ForestWetRich
168799,Rumex thyrsiflorus,ForestWetRich
168800,Rumex thyrsiflorus,ForestWetRich
168801,Rumex thyrsiflorus,ForestWetRich
168802,Rumex thyrsiflorus,ForestWetRich
168803,Rumex thyrsiflorus,ForestWetRich
168804,Rumex thyrsiflorus,ForestWetRich
168805,Rumex thyrsiflorus,ForestWetRich
168806,Rumex thyrsiflorus,ForestWetRich
168807,Rumex thyrsiflorus,ForestWetRich
168808,Rumex thyrsiflorus,ForestWetRich
168809,Rumex thyrsiflorus,ForestWetRich
168810,Rumex thyrsiflorus,ForestWetRich
168811,Rumex thyrsiflorus,ForestWetRich
168812,Rumex thyrsiflorus,ForestWetRich
168813,Rumex thyrsiflorus,ForestWetRich
168814,Rumex thyrsiflorus,ForestWetRich
168815,Rumex thyrsiflorus,ForestWetRich
169362,Rumex thyrsiflorus,ForestWetRich
169363,Rumex thyrsiflorus,ForestWetRich
169364,Rumex thyrsiflorus,ForestWetRich
169365,Rumex thyrsiflorus,ForestWetRich
169366,Rumex thyrsiflorus,ForestWetRich
169367,Rumex thyrsiflorus,ForestWetRich
169368,Rumex thyrsiflorus,ForestWetRich
169369,Rumex thyrsiflorus,ForestWetRich
169370,Rumex thyrsiflorus,ForestWetRich
169371,Rumex thyrsiflorus,ForestWetRich
169372,Rumex thyrsiflorus,ForestWetRich
169373,Rumex thyrsiflorus,ForestWetRich
169374,Rumex thyrsiflorus,ForestWetRich
169375,Rumex thyrsiflorus,ForestWetRich
169376,Rumex thyrsiflorus,ForestWetRich
169377,Rumex thyrsiflorus,ForestWetRich
169378,Rumex thyrsiflorus,ForestWetRich
169379,Rumex thyrsiflorus,ForestWetRich
169380,Rumex thyrsiflorus,ForestWetRich
169381,Rumex thyrsiflorus,ForestWetRich
169382,Rumex thyrsiflorus,ForestWetRich
169383,Rumex thyrsiflorus,ForestWetRich
169384,Rumex thyrsiflorus,ForestWetRich
169385,Rumex thyrsiflorus,ForestWetRich
169386,Rumex thyrsiflorus,ForestWetRich
169387,Rumex thyrsiflorus,ForestWetRich
169388,Rumex thyrsiflorus,ForestWetRich
169389,Rumex thyrsiflorus,ForestWetRich
169390,Rumex thyrsiflorus,ForestWetRich
169391,Rumex thyrsiflorus,ForestWetRich
169392,Rumex thyrsiflorus,ForestWetRich
169393,Rumex thyrsiflorus,ForestWetRich
169394,Rumex thyrsiflorus,ForestWetRich
169395,Rumex thyrsiflorus,ForestWetRich
169396,Rumex thyrsiflorus,ForestWetRich
169397,Rumex thyrsiflorus,ForestWetRich
169398,Rumex thyrsiflorus,ForestWetRich
169399,Rumex thyrsiflorus,ForestWetRich
169400,Rumex thyrsiflorus,ForestWetRich
169401,Rumex thyrsiflorus,ForestWetRich
169402,Rumex thyrsiflorus,ForestWetRich
169403,Rumex thyrsiflorus,ForestWetRich
169404,Rumex thyrsiflorus,ForestWetRich
169405,Rumex thyrsiflorus,ForestWetRich
169406,Rumex thyrsiflorus,ForestWetRich
169407,Rumex thyrsiflorus,ForestWetRich
169408,Rumex thyrsiflorus,ForestWetRich
169409,Rumex thyrsiflorus,ForestWetRich
169410,Rumex thyrsiflorus,ForestWetRich
169411,Rumex thyrsiflorus,ForestWetRich
169412,Rumex thyrsiflorus,ForestWetRich
169413,Rumex thyrsiflorus,ForestWetRich
169414,Rumex thyrsiflorus,ForestWetRich
169963,Rumex thyrsiflorus,ForestWetRich
169964,Rumex thyrsiflorus,ForestWetRich
169965,Rumex thyrsiflorus,ForestWetRich
169966,Rumex thyrsiflorus,ForestWetRich
169967,Rumex thyrsiflorus,ForestWetRich
169968,Rumex thyrsiflorus,ForestWetRich
169969,Rumex thyrsiflorus,ForestWetRich
169970,Rumex thyrsiflorus,ForestWetRich
169971,Rumex thyrsiflorus,ForestWetRich
169972,Rumex thyrsiflorus,ForestWetRich
169973,Rumex thyrsiflorus,ForestWetRich
169974,Rumex thyrsiflorus,ForestWetRich
169975,Rumex thyrsiflorus,ForestWetRich
169976,Rumex thyrsiflorus,ForestWetRich
169977,Rumex thyrsiflorus,ForestWetRich
169978,Rumex thyrsiflorus,ForestWetRich
169979,Rumex thyrsiflorus,ForestWetRich
169980,Rumex thyrsiflorus,ForestWetRich
169981,Rumex thyrsiflorus,ForestWetRich
169982,Rumex thyrsiflorus,ForestWetRich
169983,Rumex thyrsiflorus,ForestWetRich
169984,Rumex thyrsiflorus,ForestWetRich
169985,Rumex thyrsiflorus,ForestWetRich
169986,Rumex thyrsiflorus,ForestWetRich
169987,Rumex thyrsiflorus,ForestWetRich
169988,Rumex thyrsiflorus,ForestWetRich
169989,Rumex thyrsiflorus,ForestWetRich
169990,Rumex thyrsiflorus,ForestWetRich
169991,Rumex thyrsiflorus,ForestWetRich
169992,Rumex thyrsiflorus,ForestWetRich
169993,Rumex thyrsiflorus,ForestWetRich
169994,Rumex thyrsiflorus,ForestWetRich
169995,Rumex thyrsiflorus,ForestWetRich
169996,Rumex thyrsiflorus,ForestWetRich
169997,Rumex thyrsiflorus,ForestWetRich
169998,Rumex thyrsiflorus,ForestWetRich
169999,Rumex thyrsiflorus,ForestWetRich
170000,Rumex thyrsiflorus,ForestWetRich
170001,Rumex thyrsiflorus,ForestWetRich
170002,Rumex thyrsiflorus,ForestWetRich
170003,Rumex thyrsiflorus,ForestWetRich
170004,Rumex thyrsiflorus,ForestWetRich
170005,Rumex thyrsiflorus,ForestWetRich
170006,Rumex thyrsiflorus,ForestWetRich
170007,Rumex thyrsiflorus,ForestWetRich
170008,Rumex thyrsiflorus,ForestWetRich
170009,Rumex thyrsiflorus,ForestWetRich
170010,Rumex thyrsiflorus,ForestWetRich
170011,Rumex thyrsiflorus,ForestWetRich
170012,Rumex thyrsiflorus,ForestWetRich
170013,Rumex thyrsiflorus,ForestWetRich
170593,Rumex thyrsiflorus,ForestWetRich
170594,Rumex thyrsiflorus,ForestWetRich
170595,Rumex thyrsiflorus,ForestWetRich
170596,Rumex thyrsiflorus,ForestWetRich
170597,Rumex thyrsiflorus,ForestWetRich
170598,Rumex thyrsiflorus,ForestWetRich
170599,Rumex thyrsiflorus,ForestWetRich
170600,Rumex thyrsiflorus,ForestWetRich
170601,Rumex thyrsiflorus,ForestWetRich
170602,Rumex thyrsiflorus,ForestWetRich
170603,Rumex thyrsiflorus,ForestWetRich
170604,Rumex thyrsiflorus,ForestWetRich
170605,Rumex thyrsiflorus,ForestWetRich
170606,Rumex thyrsiflorus,ForestWetRich
170607,Rumex thyrsiflorus,ForestWetRich
170608,Rumex thyrsiflorus,ForestWetRich
170609,Rumex thyrsiflorus,ForestWetRich
170610,Rumex thyrsiflorus,ForestWetRich
170611,Rumex thyrsiflorus,ForestWetRich
170612,Rumex thyrsiflorus,ForestWetRich
171192,Rumex thyrsiflorus,ForestWetRich
171193,Rumex thyrsiflorus,ForestWetRich
171194,Rumex thyrsiflorus,ForestWetRich
171195,Rumex thyrsiflorus,ForestWetRich
171196,Rumex thyrsiflorus,ForestWetRich
171197,Rumex thyrsiflorus,ForestWetRich
171198,Rumex thyrsiflorus,ForestWetRich
171199,Rumex thyrsiflorus,ForestWetRich
171200,Rumex thyrsiflorus,ForestWetRich
171201,Rumex thyrsiflorus,ForestWetRich
171202,Rumex thyrsiflorus,ForestWetRich
171203,Rumex thyrsiflorus,ForestWetRich
171204,Rumex thyrsiflorus,ForestWetRich
171205,Rumex thyrsiflorus,ForestWetRich
171206,Rumex thyrsiflorus,ForestWetRich
171207,Rumex thyrsiflorus,ForestWetRich
171208,Rumex thyrsiflorus,ForestWetRich
171209,Rumex thyrsiflorus,ForestWetRich
171791,Rumex thyrsiflorus,ForestWetRich
171792,Rumex thyrsiflorus,ForestWetRich
171793,Rumex thyrsiflorus,ForestWetRich
171794,Rumex thyrsiflorus,ForestWetRich
171795,Rumex thyrsiflorus,ForestWetRich
171796,Rumex thyrsiflorus,ForestWetRich
171797,Rumex thyrsiflorus,ForestWetRich
171798,Rumex thyrsiflorus,ForestWetRich
171799,Rumex thyrsiflorus,ForestWetRich
171800,Rumex thyrsiflorus,ForestWetRich
171801,Rumex thyrsiflorus,ForestWetRich
171802,Rumex thyrsiflorus,ForestWetRich
171803,Rumex thyrsiflorus,ForestWetRich
171804,Rumex thyrsiflorus,ForestWetRich
171805,Rumex thyrsiflorus,ForestWetRich
171806,Rumex thyrsiflorus,ForestWetRich
172390,Rumex thyrsiflorus,ForestWetRich
172391,Rumex thyrsiflorus,ForestWetRich
172392,Rumex thyrsiflorus,ForestWetRich
172393,Rumex thyrsiflorus,ForestWetRich
172394,Rumex thyrsiflorus,ForestWetRich
172395,Rumex thyrsiflorus,ForestWetRich
172396,Rumex thyrsiflorus,ForestWetRich
172397,Rumex thyrsiflorus,ForestWetRich
172398,Rumex thyrsiflorus,ForestWetRich
172399,Rumex thyrsiflorus,ForestWetRich
172400,Rumex thyrsiflorus,ForestWetRich
172401,Rumex thyrsiflorus,ForestWetRich
172402,Rumex thyrsiflorus,ForestWetRich
172989,Rumex thyrsiflorus,ForestWetRich
172990,Rumex thyrsiflorus,ForestWetRich
172991,Rumex thyrsiflorus,ForestWetRich
172992,Rumex thyrsiflorus,ForestWetRich
172993,Rumex thyrsiflorus,ForestWetRich
172994,Rumex thyrsiflorus,ForestWetRich
172995,Rumex thyrsiflorus,ForestWetRich
172996,Rumex thyrsiflorus,ForestWetRich
172997,Rumex thyrsiflorus,ForestWetRich
172998,Rumex thyrsiflorus,ForestWetRich
172999,Rumex thyrsiflorus,ForestWetRich
173588,Rumex thyrsiflorus,ForestWetRich
173589,Rumex thyrsiflorus,ForestWetRich
173590,Rumex thyrsiflorus,ForestWetRich
173591,Rumex thyrsiflorus,ForestWetRich
173592,Rumex thyrsiflorus,ForestWetRich
173593,Rumex thyrsiflorus,ForestWetRich
173594,Rumex thyrsiflorus,ForestWetRich
174187,Rumex thyrsiflorus,ForestWetRich
174188,Rumex thyrsiflorus,ForestWetRich
174189,Rumex thyrsiflorus,ForestWetRich
64989,Rumex thyrsiflorus,ForestWetRich
64990,Rumex thyrsiflorus,ForestWetRich
65579,Rumex thyrsiflorus,ForestWetRich
65580,Rumex thyrsiflorus,ForestWetRich
65581,Rumex thyrsiflorus,ForestWetRich
65582,Rumex thyrsiflorus,ForestWetRich
65583,Rumex thyrsiflorus,ForestWetRich
65584,Rumex thyrsiflorus,ForestWetRich
65585,Rumex thyrsiflorus,ForestWetRich
65586,Rumex thyrsiflorus,ForestWetRich
65587,Rumex thyrsiflorus,ForestWetRich
65588,Rumex thyrsiflorus,ForestWetRich
65589,Rumex thyrsiflorus,ForestWetRich
65590,Rumex thyrsiflorus,ForestWetRich
65591,Rumex thyrsiflorus,ForestWetRich
65592,Rumex thyrsiflorus,ForestWetRich
65593,Rumex thyrsiflorus,ForestWetRich
65594,Rumex thyrsiflorus,ForestWetRich
65595,Rumex thyrsiflorus,ForestWetRich
65596,Rumex thyrsiflorus,ForestWetRich
65597,Rumex thyrsiflorus,ForestWetRich
65598,Rumex thyrsiflorus,ForestWetRich
66174,Rumex thyrsiflorus,ForestWetRich
66175,Rumex thyrsiflorus,ForestWetRich
66176,Rumex thyrsiflorus,ForestWetRich
66177,Rumex thyrsiflorus,ForestWetRich
66178,Rumex thyrsiflorus,ForestWetRich
66179,Rumex thyrsiflorus,ForestWetRich
66180,Rumex thyrsiflorus,ForestWetRich
66181,Rumex thyrsiflorus,ForestWetRich
66182,Rumex thyrsiflorus,ForestWetRich
66183,Rumex thyrsiflorus,ForestWetRich
66184,Rumex thyrsiflorus,ForestWetRich
66185,Rumex thyrsiflorus,ForestWetRich
66186,Rumex thyrsiflorus,ForestWetRich
66187,Rumex thyrsiflorus,ForestWetRich
66188,Rumex thyrsiflorus,ForestWetRich
66189,Rumex thyrsiflorus,ForestWetRich
66190,Rumex thyrsiflorus,ForestWetRich
66191,Rumex thyrsiflorus,ForestWetRich
66192,Rumex thyrsiflorus,ForestWetRich
66193,Rumex thyrsiflorus,ForestWetRich
66194,Rumex thyrsiflorus,ForestWetRich
66195,Rumex thyrsiflorus,ForestWetRich
66196,Rumex thyrsiflorus,ForestWetRich
66197,Rumex thyrsiflorus,ForestWetRich
66198,Rumex thyrsiflorus,ForestWetRich
66199,Rumex thyrsiflorus,ForestWetRich
66200,Rumex thyrsiflorus,ForestWetRich
66201,Rumex thyrsiflorus,ForestWetRich
66770,Rumex thyrsiflorus,ForestWetRich
66771,Rumex thyrsiflorus,ForestWetRich
66772,Rumex thyrsiflorus,ForestWetRich
66773,Rumex thyrsiflorus,ForestWetRich
66774,Rumex thyrsiflorus,ForestWetRich
66775,Rumex thyrsiflorus,ForestWetRich
66776,Rumex thyrsiflorus,ForestWetRich
66777,Rumex thyrsiflorus,ForestWetRich
66778,Rumex thyrsiflorus,ForestWetRich
66779,Rumex thyrsiflorus,ForestWetRich
66780,Rumex thyrsiflorus,ForestWetRich
66781,Rumex thyrsiflorus,ForestWetRich
66782,Rumex thyrsiflorus,ForestWetRich
66783,Rumex thyrsiflorus,ForestWetRich
66784,Rumex thyrsiflorus,ForestWetRich
66785,Rumex thyrsiflorus,ForestWetRich
66786,Rumex thyrsiflorus,ForestWetRich
66787,Rumex thyrsiflorus,ForestWetRich
66788,Rumex thyrsiflorus,ForestWetRich
66789,Rumex thyrsiflorus,ForestWetRich
66790,Rumex thyrsiflorus,ForestWetRich
66791,Rumex thyrsiflorus,ForestWetRich
66792,Rumex thyrsiflorus,ForestWetRich
66793,Rumex thyrsiflorus,ForestWetRich
66794,Rumex thyrsiflorus,ForestWetRich
66795,Rumex thyrsiflorus,ForestWetRich
66796,Rumex thyrsiflorus,ForestWetRich
66797,Rumex thyrsiflorus,ForestWetRich
66798,Rumex thyrsiflorus,ForestWetRich
66799,Rumex thyrsiflorus,ForestWetRich
66800,Rumex thyrsiflorus,ForestWetRich
66801,Rumex thyrsiflorus,ForestWetRich
66802,Rumex thyrsiflorus,ForestWetRich
66803,Rumex thyrsiflorus,ForestWetRich
67367,Rumex thyrsiflorus,ForestWetRich
67368,Rumex thyrsiflorus,ForestWetRich
67369,Rumex thyrsiflorus,ForestWetRich
67370,Rumex thyrsiflorus,ForestWetRich
67371,Rumex thyrsiflorus,ForestWetRich
67372,Rumex thyrsiflorus,ForestWetRich
67373,Rumex thyrsiflorus,ForestWetRich
67374,Rumex thyrsiflorus,ForestWetRich
67375,Rumex thyrsiflorus,ForestWetRich
67376,Rumex thyrsiflorus,ForestWetRich
67377,Rumex thyrsiflorus,ForestWetRich
67378,Rumex thyrsiflorus,ForestWetRich
67379,Rumex thyrsiflorus,ForestWetRich
67380,Rumex thyrsiflorus,ForestWetRich
67381,Rumex thyrsiflorus,ForestWetRich
67382,Rumex thyrsiflorus,ForestWetRich
67383,Rumex thyrsiflorus,ForestWetRich
67384,Rumex thyrsiflorus,ForestWetRich
67385,Rumex thyrsiflorus,ForestWetRich
67386,Rumex thyrsiflorus,ForestWetRich
67387,Rumex thyrsiflorus,ForestWetRich
67388,Rumex thyrsiflorus,ForestWetRich
67389,Rumex thyrsiflorus,ForestWetRich
67390,Rumex thyrsiflorus,ForestWetRich
67391,Rumex thyrsiflorus,ForestWetRich
67392,Rumex thyrsiflorus,ForestWetRich
67393,Rumex thyrsiflorus,ForestWetRich
67394,Rumex thyrsiflorus,ForestWetRich
67395,Rumex thyrsiflorus,ForestWetRich
67396,Rumex thyrsiflorus,ForestWetRich
67397,Rumex thyrsiflorus,ForestWetRich
67398,Rumex thyrsiflorus,ForestWetRich
67399,Rumex thyrsiflorus,ForestWetRich
67400,Rumex thyrsiflorus,ForestWetRich
67401,Rumex thyrsiflorus,ForestWetRich
67402,Rumex thyrsiflorus,ForestWetRich
67403,Rumex thyrsiflorus,ForestWetRich
67404,Rumex thyrsiflorus,ForestWetRich
67964,Rumex thyrsiflorus,ForestWetRich
67965,Rumex thyrsiflorus,ForestWetRich
67966,Rumex thyrsiflorus,ForestWetRich
67967,Rumex thyrsiflorus,ForestWetRich
67968,Rumex thyrsiflorus,ForestWetRich
67969,Rumex thyrsiflorus,ForestWetRich
67970,Rumex thyrsiflorus,ForestWetRich
67971,Rumex thyrsiflorus,ForestWetRich
67972,Rumex thyrsiflorus,ForestWetRich
67973,Rumex thyrsiflorus,ForestWetRich
67974,Rumex thyrsiflorus,ForestWetRich
67975,Rumex thyrsiflorus,ForestWetRich
67976,Rumex thyrsiflorus,ForestWetRich
67977,Rumex thyrsiflorus,ForestWetRich
67978,Rumex thyrsiflorus,ForestWetRich
67979,Rumex thyrsiflorus,ForestWetRich
67980,Rumex thyrsiflorus,ForestWetRich
67981,Rumex thyrsiflorus,ForestWetRich
67982,Rumex thyrsiflorus,ForestWetRich
67983,Rumex thyrsiflorus,ForestWetRich
67984,Rumex thyrsiflorus,ForestWetRich
67985,Rumex thyrsiflorus,ForestWetRich
67986,Rumex thyrsiflorus,ForestWetRich
67987,Rumex thyrsiflorus,ForestWetRich
67988,Rumex thyrsiflorus,ForestWetRich
67989,Rumex thyrsiflorus,ForestWetRich
67990,Rumex thyrsiflorus,ForestWetRich
67991,Rumex thyrsiflorus,ForestWetRich
67992,Rumex thyrsiflorus,ForestWetRich
67993,Rumex thyrsiflorus,ForestWetRich
67994,Rumex thyrsiflorus,ForestWetRich
67995,Rumex thyrsiflorus,ForestWetRich
67996,Rumex thyrsiflorus,ForestWetRich
67997,Rumex thyrsiflorus,ForestWetRich
67998,Rumex thyrsiflorus,ForestWetRich
67999,Rumex thyrsiflorus,ForestWetRich
68000,Rumex thyrsiflorus,ForestWetRich
68001,Rumex thyrsiflorus,ForestWetRich
68002,Rumex thyrsiflorus,ForestWetRich
68003,Rumex thyrsiflorus,ForestWetRich
68563,Rumex thyrsiflorus,ForestWetRich
68564,Rumex thyrsiflorus,ForestWetRich
68565,Rumex thyrsiflorus,ForestWetRich
68566,Rumex thyrsiflorus,ForestWetRich
68567,Rumex thyrsiflorus,ForestWetRich
68568,Rumex thyrsiflorus,ForestWetRich
68569,Rumex thyrsiflorus,ForestWetRich
68570,Rumex thyrsiflorus,ForestWetRich
68571,Rumex thyrsiflorus,ForestWetRich
68572,Rumex thyrsiflorus,ForestWetRich
68573,Rumex thyrsiflorus,ForestWetRich
68574,Rumex thyrsiflorus,ForestWetRich
68575,Rumex thyrsiflorus,ForestWetRich
68576,Rumex thyrsiflorus,ForestWetRich
68577,Rumex thyrsiflorus,ForestWetRich
68578,Rumex thyrsiflorus,ForestWetRich
68579,Rumex thyrsiflorus,ForestWetRich
68580,Rumex thyrsiflorus,ForestWetRich
68581,Rumex thyrsiflorus,ForestWetRich
68582,Rumex thyrsiflorus,ForestWetRich
68583,Rumex thyrsiflorus,ForestWetRich
68584,Rumex thyrsiflorus,ForestWetRich
68585,Rumex thyrsiflorus,ForestWetRich
68586,Rumex thyrsiflorus,ForestWetRich
68587,Rumex thyrsiflorus,ForestWetRich
68588,Rumex thyrsiflorus,ForestWetRich
68589,Rumex thyrsiflorus,ForestWetRich
68590,Rumex thyrsiflorus,ForestWetRich
68591,Rumex thyrsiflorus,ForestWetRich
68592,Rumex thyrsiflorus,ForestWetRich
68593,Rumex thyrsiflorus,ForestWetRich
68594,Rumex thyrsiflorus,ForestWetRich
68595,Rumex thyrsiflorus,ForestWetRich
68596,Rumex thyrsiflorus,ForestWetRich
68597,Rumex thyrsiflorus,ForestWetRich
68598,Rumex thyrsiflorus,ForestWetRich
68599,Rumex thyrsiflorus,ForestWetRich
68600,Rumex thyrsiflorus,ForestWetRich
68601,Rumex thyrsiflorus,ForestWetRich
68602,Rumex thyrsiflorus,ForestWetRich
69162,Rumex thyrsiflorus,ForestWetRich
69163,Rumex thyrsiflorus,ForestWetRich
69164,Rumex thyrsiflorus,ForestWetRich
69165,Rumex thyrsiflorus,ForestWetRich
69166,Rumex thyrsiflorus,ForestWetRich
69167,Rumex thyrsiflorus,ForestWetRich
69168,Rumex thyrsiflorus,ForestWetRich
69169,Rumex thyrsiflorus,ForestWetRich
69170,Rumex thyrsiflorus,ForestWetRich
69171,Rumex thyrsiflorus,ForestWetRich
69172,Rumex thyrsiflorus,ForestWetRich
69173,Rumex thyrsiflorus,ForestWetRich
69174,Rumex thyrsiflorus,ForestWetRich
69175,Rumex thyrsiflorus,ForestWetRich
69176,Rumex thyrsiflorus,ForestWetRich
69177,Rumex thyrsiflorus,ForestWetRich
69178,Rumex thyrsiflorus,ForestWetRich
69179,Rumex thyrsiflorus,ForestWetRich
69180,Rumex thyrsiflorus,ForestWetRich
69181,Rumex thyrsiflorus,ForestWetRich
69182,Rumex thyrsiflorus,ForestWetRich
69183,Rumex thyrsiflorus,ForestWetRich
69184,Rumex thyrsiflorus,ForestWetRich
69185,Rumex thyrsiflorus,ForestWetRich
69186,Rumex thyrsiflorus,ForestWetRich
69187,Rumex thyrsiflorus,ForestWetRich
69188,Rumex thyrsiflorus,ForestWetRich
69189,Rumex thyrsiflorus,ForestWetRich
69190,Rumex thyrsiflorus,ForestWetRich
69191,Rumex thyrsiflorus,ForestWetRich
69192,Rumex thyrsiflorus,ForestWetRich
69193,Rumex thyrsiflorus,ForestWetRich
69194,Rumex thyrsiflorus,ForestWetRich
69195,Rumex thyrsiflorus,ForestWetRich
69196,Rumex thyrsiflorus,ForestWetRich
69197,Rumex thyrsiflorus,ForestWetRich
69198,Rumex thyrsiflorus,ForestWetRich
69199,Rumex thyrsiflorus,ForestWetRich
69200,Rumex thyrsiflorus,ForestWetRich
69201,Rumex thyrsiflorus,ForestWetRich
69761,Rumex thyrsiflorus,ForestWetRich
69762,Rumex thyrsiflorus,ForestWetRich
69763,Rumex thyrsiflorus,ForestWetRich
69764,Rumex thyrsiflorus,ForestWetRich
69765,Rumex thyrsiflorus,ForestWetRich
69766,Rumex thyrsiflorus,ForestWetRich
69767,Rumex thyrsiflorus,ForestWetRich
69768,Rumex thyrsiflorus,ForestWetRich
69769,Rumex thyrsiflorus,ForestWetRich
69770,Rumex thyrsiflorus,ForestWetRich
69771,Rumex thyrsiflorus,ForestWetRich
69772,Rumex thyrsiflorus,ForestWetRich
69773,Rumex thyrsiflorus,ForestWetRich
69774,Rumex thyrsiflorus,ForestWetRich
69775,Rumex thyrsiflorus,ForestWetRich
69776,Rumex thyrsiflorus,ForestWetRich
69777,Rumex thyrsiflorus,ForestWetRich
69778,Rumex thyrsiflorus,ForestWetRich
69779,Rumex thyrsiflorus,ForestWetRich
69780,Rumex thyrsiflorus,ForestWetRich
69781,Rumex thyrsiflorus,ForestWetRich
69782,Rumex thyrsiflorus,ForestWetRich
69783,Rumex thyrsiflorus,ForestWetRich
69784,Rumex thyrsiflorus,ForestWetRich
69785,Rumex thyrsiflorus,ForestWetRich
69786,Rumex thyrsiflorus,ForestWetRich
69787,Rumex thyrsiflorus,ForestWetRich
69788,Rumex thyrsiflorus,ForestWetRich
69789,Rumex thyrsiflorus,ForestWetRich
69790,Rumex thyrsiflorus,ForestWetRich
69791,Rumex thyrsiflorus,ForestWetRich
69792,Rumex thyrsiflorus,ForestWetRich
69793,Rumex thyrsiflorus,ForestWetRich
69794,Rumex thyrsiflorus,ForestWetRich
69795,Rumex thyrsiflorus,ForestWetRich
69796,Rumex thyrsiflorus,ForestWetRich
69797,Rumex thyrsiflorus,ForestWetRich
69798,Rumex thyrsiflorus,ForestWetRich
69799,Rumex thyrsiflorus,ForestWetRich
69800,Rumex thyrsiflorus,ForestWetRich
70360,Rumex thyrsiflorus,ForestWetRich
70361,Rumex thyrsiflorus,ForestWetRich
70362,Rumex thyrsiflorus,ForestWetRich
70363,Rumex thyrsiflorus,ForestWetRich
70364,Rumex thyrsiflorus,ForestWetRich
70365,Rumex thyrsiflorus,ForestWetRich
70366,Rumex thyrsiflorus,ForestWetRich
70367,Rumex thyrsiflorus,ForestWetRich
70368,Rumex thyrsiflorus,ForestWetRich
70369,Rumex thyrsiflorus,ForestWetRich
70370,Rumex thyrsiflorus,ForestWetRich
70371,Rumex thyrsiflorus,ForestWetRich
70372,Rumex thyrsiflorus,ForestWetRich
70373,Rumex thyrsiflorus,ForestWetRich
70374,Rumex thyrsiflorus,ForestWetRich
70375,Rumex thyrsiflorus,ForestWetRich
70376,Rumex thyrsiflorus,ForestWetRich
70377,Rumex thyrsiflorus,ForestWetRich
70378,Rumex thyrsiflorus,ForestWetRich
70379,Rumex thyrsiflorus,ForestWetRich
70380,Rumex thyrsiflorus,ForestWetRich
70381,Rumex thyrsiflorus,ForestWetRich
70382,Rumex thyrsiflorus,ForestWetRich
70383,Rumex thyrsiflorus,ForestWetRich
70384,Rumex thyrsiflorus,ForestWetRich
70385,Rumex thyrsiflorus,ForestWetRich
70386,Rumex thyrsiflorus,ForestWetRich
70387,Rumex thyrsiflorus,ForestWetRich
70388,Rumex thyrsiflorus,ForestWetRich
70389,Rumex thyrsiflorus,ForestWetRich
70390,Rumex thyrsiflorus,ForestWetRich
70391,Rumex thyrsiflorus,ForestWetRich
70392,Rumex thyrsiflorus,ForestWetRich
70393,Rumex thyrsiflorus,ForestWetRich
70394,Rumex thyrsiflorus,ForestWetRich
70395,Rumex thyrsiflorus,ForestWetRich
70396,Rumex thyrsiflorus,ForestWetRich
70397,Rumex thyrsiflorus,ForestWetRich
70398,Rumex thyrsiflorus,ForestWetRich
70399,Rumex thyrsiflorus,ForestWetRich
70959,Rumex thyrsiflorus,ForestWetRich
70960,Rumex thyrsiflorus,ForestWetRich
70961,Rumex thyrsiflorus,ForestWetRich
70962,Rumex thyrsiflorus,ForestWetRich
70963,Rumex thyrsiflorus,ForestWetRich
70964,Rumex thyrsiflorus,ForestWetRich
70965,Rumex thyrsiflorus,ForestWetRich
70966,Rumex thyrsiflorus,ForestWetRich
70967,Rumex thyrsiflorus,ForestWetRich
70968,Rumex thyrsiflorus,ForestWetRich
70969,Rumex thyrsiflorus,ForestWetRich
70970,Rumex thyrsiflorus,ForestWetRich
70971,Rumex thyrsiflorus,ForestWetRich
70972,Rumex thyrsiflorus,ForestWetRich
70973,Rumex thyrsiflorus,ForestWetRich
70974,Rumex thyrsiflorus,ForestWetRich
70975,Rumex thyrsiflorus,ForestWetRich
70976,Rumex thyrsiflorus,ForestWetRich
70977,Rumex thyrsiflorus,ForestWetRich
70978,Rumex thyrsiflorus,ForestWetRich
70979,Rumex thyrsiflorus,ForestWetRich
70980,Rumex thyrsiflorus,ForestWetRich
70981,Rumex thyrsiflorus,ForestWetRich
70982,Rumex thyrsiflorus,ForestWetRich
70983,Rumex thyrsiflorus,ForestWetRich
70984,Rumex thyrsiflorus,ForestWetRich
70985,Rumex thyrsiflorus,ForestWetRich
70986,Rumex thyrsiflorus,ForestWetRich
70987,Rumex thyrsiflorus,ForestWetRich
70988,Rumex thyrsiflorus,ForestWetRich
70989,Rumex thyrsiflorus,ForestWetRich
70990,Rumex thyrsiflorus,ForestWetRich
70991,Rumex thyrsiflorus,ForestWetRich
70992,Rumex thyrsiflorus,ForestWetRich
70993,Rumex thyrsiflorus,ForestWetRich
70994,Rumex thyrsiflorus,ForestWetRich
70995,Rumex thyrsiflorus,ForestWetRich
70996,Rumex thyrsiflorus,ForestWetRich
70997,Rumex thyrsiflorus,ForestWetRich
70998,Rumex thyrsiflorus,ForestWetRich
71558,Rumex thyrsiflorus,ForestWetRich
71559,Rumex thyrsiflorus,ForestWetRich
71560,Rumex thyrsiflorus,ForestWetRich
71561,Rumex thyrsiflorus,ForestWetRich
71562,Rumex thyrsiflorus,ForestWetRich
71563,Rumex thyrsiflorus,ForestWetRich
71564,Rumex thyrsiflorus,ForestWetRich
71565,Rumex thyrsiflorus,ForestWetRich
71566,Rumex thyrsiflorus,ForestWetRich
71567,Rumex thyrsiflorus,ForestWetRich
71568,Rumex thyrsiflorus,ForestWetRich
71569,Rumex thyrsiflorus,ForestWetRich
71570,Rumex thyrsiflorus,ForestWetRich
71571,Rumex thyrsiflorus,ForestWetRich
71572,Rumex thyrsiflorus,ForestWetRich
71573,Rumex thyrsiflorus,ForestWetRich
71574,Rumex thyrsiflorus,ForestWetRich
71575,Rumex thyrsiflorus,ForestWetRich
71576,Rumex thyrsiflorus,ForestWetRich
71577,Rumex thyrsiflorus,ForestWetRich
71578,Rumex thyrsiflorus,ForestWetRich
71579,Rumex thyrsiflorus,ForestWetRich
71580,Rumex thyrsiflorus,ForestWetRich
71581,Rumex thyrsiflorus,ForestWetRich
71582,Rumex thyrsiflorus,ForestWetRich
71583,Rumex thyrsiflorus,ForestWetRich
71584,Rumex thyrsiflorus,ForestWetRich
71585,Rumex thyrsiflorus,ForestWetRich
71586,Rumex thyrsiflorus,ForestWetRich
71587,Rumex thyrsiflorus,ForestWetRich
71588,Rumex thyrsiflorus,ForestWetRich
71589,Rumex thyrsiflorus,ForestWetRich
71590,Rumex thyrsiflorus,ForestWetRich
71591,Rumex thyrsiflorus,ForestWetRich
71592,Rumex thyrsiflorus,ForestWetRich
71593,Rumex thyrsiflorus,ForestWetRich
71594,Rumex thyrsiflorus,ForestWetRich
71595,Rumex thyrsiflorus,ForestWetRich
71596,Rumex thyrsiflorus,ForestWetRich
71597,Rumex thyrsiflorus,ForestWetRich
72157,Rumex thyrsiflorus,ForestWetRich
72158,Rumex thyrsiflorus,ForestWetRich
72159,Rumex thyrsiflorus,ForestWetRich
72160,Rumex thyrsiflorus,ForestWetRich
72161,Rumex thyrsiflorus,ForestWetRich
72162,Rumex thyrsiflorus,ForestWetRich
72163,Rumex thyrsiflorus,ForestWetRich
72164,Rumex thyrsiflorus,ForestWetRich
72165,Rumex thyrsiflorus,ForestWetRich
72166,Rumex thyrsiflorus,ForestWetRich
72167,Rumex thyrsiflorus,ForestWetRich
72168,Rumex thyrsiflorus,ForestWetRich
72169,Rumex thyrsiflorus,ForestWetRich
72170,Rumex thyrsiflorus,ForestWetRich
72171,Rumex thyrsiflorus,ForestWetRich
72172,Rumex thyrsiflorus,ForestWetRich
72173,Rumex thyrsiflorus,ForestWetRich
72174,Rumex thyrsiflorus,ForestWetRich
72175,Rumex thyrsiflorus,ForestWetRich
72176,Rumex thyrsiflorus,ForestWetRich
72177,Rumex thyrsiflorus,ForestWetRich
72178,Rumex thyrsiflorus,ForestWetRich
72179,Rumex thyrsiflorus,ForestWetRich
72180,Rumex thyrsiflorus,ForestWetRich
72181,Rumex thyrsiflorus,ForestWetRich
72182,Rumex thyrsiflorus,ForestWetRich
72183,Rumex thyrsiflorus,ForestWetRich
72184,Rumex thyrsiflorus,ForestWetRich
72185,Rumex thyrsiflorus,ForestWetRich
72186,Rumex thyrsiflorus,ForestWetRich
72187,Rumex thyrsiflorus,ForestWetRich
72188,Rumex thyrsiflorus,ForestWetRich
72189,Rumex thyrsiflorus,ForestWetRich
72190,Rumex thyrsiflorus,ForestWetRich
72191,Rumex thyrsiflorus,ForestWetRich
72192,Rumex thyrsiflorus,ForestWetRich
72193,Rumex thyrsiflorus,ForestWetRich
72194,Rumex thyrsiflorus,ForestWetRich
72195,Rumex thyrsiflorus,ForestWetRich
72196,Rumex thyrsiflorus,ForestWetRich
72756,Rumex thyrsiflorus,ForestWetRich
72757,Rumex thyrsiflorus,ForestWetRich
72758,Rumex thyrsiflorus,ForestWetRich
72759,Rumex thyrsiflorus,ForestWetRich
72760,Rumex thyrsiflorus,ForestWetRich
72761,Rumex thyrsiflorus,ForestWetRich
72762,Rumex thyrsiflorus,ForestWetRich
72763,Rumex thyrsiflorus,ForestWetRich
72764,Rumex thyrsiflorus,ForestWetRich
72765,Rumex thyrsiflorus,ForestWetRich
72766,Rumex thyrsiflorus,ForestWetRich
72767,Rumex thyrsiflorus,ForestWetRich
72768,Rumex thyrsiflorus,ForestWetRich
72769,Rumex thyrsiflorus,ForestWetRich
72770,Rumex thyrsiflorus,ForestWetRich
72771,Rumex thyrsiflorus,ForestWetRich
72772,Rumex thyrsiflorus,ForestWetRich
72773,Rumex thyrsiflorus,ForestWetRich
72774,Rumex thyrsiflorus,ForestWetRich
72775,Rumex thyrsiflorus,ForestWetRich
72776,Rumex thyrsiflorus,ForestWetRich
72777,Rumex thyrsiflorus,ForestWetRich
72778,Rumex thyrsiflorus,ForestWetRich
72779,Rumex thyrsiflorus,ForestWetRich
72780,Rumex thyrsiflorus,ForestWetRich
72781,Rumex thyrsiflorus,ForestWetRich
72782,Rumex thyrsiflorus,ForestWetRich
72783,Rumex thyrsiflorus,ForestWetRich
72784,Rumex thyrsiflorus,ForestWetRich
72785,Rumex thyrsiflorus,ForestWetRich
72786,Rumex thyrsiflorus,ForestWetRich
72787,Rumex thyrsiflorus,ForestWetRich
72788,Rumex thyrsiflorus,ForestWetRich
72789,Rumex thyrsiflorus,ForestWetRich
72790,Rumex thyrsiflorus,ForestWetRich
72791,Rumex thyrsiflorus,ForestWetRich
72792,Rumex thyrsiflorus,ForestWetRich
72793,Rumex thyrsiflorus,ForestWetRich
72794,Rumex thyrsiflorus,ForestWetRich
72795,Rumex thyrsiflorus,ForestWetRich
73355,Rumex thyrsiflorus,ForestWetRich
73356,Rumex thyrsiflorus,ForestWetRich
73357,Rumex thyrsiflorus,ForestWetRich
73358,Rumex thyrsiflorus,ForestWetRich
73359,Rumex thyrsiflorus,ForestWetRich
73360,Rumex thyrsiflorus,ForestWetRich
73361,Rumex thyrsiflorus,ForestWetRich
73362,Rumex thyrsiflorus,ForestWetRich
73363,Rumex thyrsiflorus,ForestWetRich
73364,Rumex thyrsiflorus,ForestWetRich
73365,Rumex thyrsiflorus,ForestWetRich
73366,Rumex thyrsiflorus,ForestWetRich
73367,Rumex thyrsiflorus,ForestWetRich
73368,Rumex thyrsiflorus,ForestWetRich
73369,Rumex thyrsiflorus,ForestWetRich
73370,Rumex thyrsiflorus,ForestWetRich
73371,Rumex thyrsiflorus,ForestWetRich
73372,Rumex thyrsiflorus,ForestWetRich
73373,Rumex thyrsiflorus,ForestWetRich
73374,Rumex thyrsiflorus,ForestWetRich
73375,Rumex thyrsiflorus,ForestWetRich
73376,Rumex thyrsiflorus,ForestWetRich
73377,Rumex thyrsiflorus,ForestWetRich
73378,Rumex thyrsiflorus,ForestWetRich
73379,Rumex thyrsiflorus,ForestWetRich
73380,Rumex thyrsiflorus,ForestWetRich
73381,Rumex thyrsiflorus,ForestWetRich
73382,Rumex thyrsiflorus,ForestWetRich
73383,Rumex thyrsiflorus,ForestWetRich
73384,Rumex thyrsiflorus,ForestWetRich
73385,Rumex thyrsiflorus,ForestWetRich
73386,Rumex thyrsiflorus,ForestWetRich
73387,Rumex thyrsiflorus,ForestWetRich
73388,Rumex thyrsiflorus,ForestWetRich
73389,Rumex thyrsiflorus,ForestWetRich
73390,Rumex thyrsiflorus,ForestWetRich
73391,Rumex thyrsiflorus,ForestWetRich
73392,Rumex thyrsiflorus,ForestWetRich
73393,Rumex thyrsiflorus,ForestWetRich
73394,Rumex thyrsiflorus,ForestWetRich
73954,Rumex thyrsiflorus,ForestWetRich
73955,Rumex thyrsiflorus,ForestWetRich
73956,Rumex thyrsiflorus,ForestWetRich
73957,Rumex thyrsiflorus,ForestWetRich
73958,Rumex thyrsiflorus,ForestWetRich
73959,Rumex thyrsiflorus,ForestWetRich
73960,Rumex thyrsiflorus,ForestWetRich
73961,Rumex thyrsiflorus,ForestWetRich
73962,Rumex thyrsiflorus,ForestWetRich
73963,Rumex thyrsiflorus,ForestWetRich
73964,Rumex thyrsiflorus,ForestWetRich
73965,Rumex thyrsiflorus,ForestWetRich
73966,Rumex thyrsiflorus,ForestWetRich
73967,Rumex thyrsiflorus,ForestWetRich
73968,Rumex thyrsiflorus,ForestWetRich
73969,Rumex thyrsiflorus,ForestWetRich
73970,Rumex thyrsiflorus,ForestWetRich
73971,Rumex thyrsiflorus,ForestWetRich
73972,Rumex thyrsiflorus,ForestWetRich
73973,Rumex thyrsiflorus,ForestWetRich
73974,Rumex thyrsiflorus,ForestWetRich
73975,Rumex thyrsiflorus,ForestWetRich
73976,Rumex thyrsiflorus,ForestWetRich
73977,Rumex thyrsiflorus,ForestWetRich
73978,Rumex thyrsiflorus,ForestWetRich
73979,Rumex thyrsiflorus,ForestWetRich
73980,Rumex thyrsiflorus,ForestWetRich
73981,Rumex thyrsiflorus,ForestWetRich
73982,Rumex thyrsiflorus,ForestWetRich
73983,Rumex thyrsiflorus,ForestWetRich
73984,Rumex thyrsiflorus,ForestWetRich
73985,Rumex thyrsiflorus,ForestWetRich
73986,Rumex thyrsiflorus,ForestWetRich
73987,Rumex thyrsiflorus,ForestWetRich
73988,Rumex thyrsiflorus,ForestWetRich
73989,Rumex thyrsiflorus,ForestWetRich
73990,Rumex thyrsiflorus,ForestWetRich
73991,Rumex thyrsiflorus,ForestWetRich
73992,Rumex thyrsiflorus,ForestWetRich
73993,Rumex thyrsiflorus,ForestWetRich
74538,Rumex thyrsiflorus,ForestWetRich
74539,Rumex thyrsiflorus,ForestWetRich
74540,Rumex thyrsiflorus,ForestWetRich
74541,Rumex thyrsiflorus,ForestWetRich
74542,Rumex thyrsiflorus,ForestWetRich
74543,Rumex thyrsiflorus,ForestWetRich
74544,Rumex thyrsiflorus,ForestWetRich
74545,Rumex thyrsiflorus,ForestWetRich
74546,Rumex thyrsiflorus,ForestWetRich
74547,Rumex thyrsiflorus,ForestWetRich
74548,Rumex thyrsiflorus,ForestWetRich
74549,Rumex thyrsiflorus,ForestWetRich
74550,Rumex thyrsiflorus,ForestWetRich
74551,Rumex thyrsiflorus,ForestWetRich
74552,Rumex thyrsiflorus,ForestWetRich
74553,Rumex thyrsiflorus,ForestWetRich
74554,Rumex thyrsiflorus,ForestWetRich
74555,Rumex thyrsiflorus,ForestWetRich
74556,Rumex thyrsiflorus,ForestWetRich
74557,Rumex thyrsiflorus,ForestWetRich
74558,Rumex thyrsiflorus,ForestWetRich
74559,Rumex thyrsiflorus,ForestWetRich
74560,Rumex thyrsiflorus,ForestWetRich
74561,Rumex thyrsiflorus,ForestWetRich
74562,Rumex thyrsiflorus,ForestWetRich
74563,Rumex thyrsiflorus,ForestWetRich
74564,Rumex thyrsiflorus,ForestWetRich
74565,Rumex thyrsiflorus,ForestWetRich
74566,Rumex thyrsiflorus,ForestWetRich
74567,Rumex thyrsiflorus,ForestWetRich
74568,Rumex thyrsiflorus,ForestWetRich
74569,Rumex thyrsiflorus,ForestWetRich
74570,Rumex thyrsiflorus,ForestWetRich
74571,Rumex thyrsiflorus,ForestWetRich
74572,Rumex thyrsiflorus,ForestWetRich
74573,Rumex thyrsiflorus,ForestWetRich
74574,Rumex thyrsiflorus,ForestWetRich
74575,Rumex thyrsiflorus,ForestWetRich
74576,Rumex thyrsiflorus,ForestWetRich
74577,Rumex thyrsiflorus,ForestWetRich
74578,Rumex thyrsiflorus,ForestWetRich
74579,Rumex thyrsiflorus,ForestWetRich
74580,Rumex thyrsiflorus,ForestWetRich
74581,Rumex thyrsiflorus,ForestWetRich
74582,Rumex thyrsiflorus,ForestWetRich
74583,Rumex thyrsiflorus,ForestWetRich
74584,Rumex thyrsiflorus,ForestWetRich
74585,Rumex thyrsiflorus,ForestWetRich
74586,Rumex thyrsiflorus,ForestWetRich
74587,Rumex thyrsiflorus,ForestWetRich
74588,Rumex thyrsiflorus,ForestWetRich
74589,Rumex thyrsiflorus,ForestWetRich
74590,Rumex thyrsiflorus,ForestWetRich
74591,Rumex thyrsiflorus,ForestWetRich
74592,Rumex thyrsiflorus,ForestWetRich
74593,Rumex thyrsiflorus,ForestWetRich
74594,Rumex thyrsiflorus,ForestWetRich
74595,Rumex thyrsiflorus,ForestWetRich
74596,Rumex thyrsiflorus,ForestWetRich
74597,Rumex thyrsiflorus,ForestWetRich
74598,Rumex thyrsiflorus,ForestWetRich
74599,Rumex thyrsiflorus,ForestWetRich
74600,Rumex thyrsiflorus,ForestWetRich
74601,Rumex thyrsiflorus,ForestWetRich
74602,Rumex thyrsiflorus,ForestWetRich
74603,Rumex thyrsiflorus,ForestWetRich
74604,Rumex thyrsiflorus,ForestWetRich
74605,Rumex thyrsiflorus,ForestWetRich
74606,Rumex thyrsiflorus,ForestWetRich
74607,Rumex thyrsiflorus,ForestWetRich
74608,Rumex thyrsiflorus,ForestWetRich
74609,Rumex thyrsiflorus,ForestWetRich
74610,Rumex thyrsiflorus,ForestWetRich
75136,Rumex thyrsiflorus,ForestWetRich
75137,Rumex thyrsiflorus,ForestWetRich
75138,Rumex thyrsiflorus,ForestWetRich
75139,Rumex thyrsiflorus,ForestWetRich
75140,Rumex thyrsiflorus,ForestWetRich
75141,Rumex thyrsiflorus,ForestWetRich
75142,Rumex thyrsiflorus,ForestWetRich
75143,Rumex thyrsiflorus,ForestWetRich
75144,Rumex thyrsiflorus,ForestWetRich
75145,Rumex thyrsiflorus,ForestWetRich
75146,Rumex thyrsiflorus,ForestWetRich
75147,Rumex thyrsiflorus,ForestWetRich
75148,Rumex thyrsiflorus,ForestWetRich
75149,Rumex thyrsiflorus,ForestWetRich
75150,Rumex thyrsiflorus,ForestWetRich
75151,Rumex thyrsiflorus,ForestWetRich
75152,Rumex thyrsiflorus,ForestWetRich
75153,Rumex thyrsiflorus,ForestWetRich
75154,Rumex thyrsiflorus,ForestWetRich
75155,Rumex thyrsiflorus,ForestWetRich
75156,Rumex thyrsiflorus,ForestWetRich
75157,Rumex thyrsiflorus,ForestWetRich
75158,Rumex thyrsiflorus,ForestWetRich
75159,Rumex thyrsiflorus,ForestWetRich
75160,Rumex thyrsiflorus,ForestWetRich
75161,Rumex thyrsiflorus,ForestWetRich
75162,Rumex thyrsiflorus,ForestWetRich
75163,Rumex thyrsiflorus,ForestWetRich
75164,Rumex thyrsiflorus,ForestWetRich
75165,Rumex thyrsiflorus,ForestWetRich
75166,Rumex thyrsiflorus,ForestWetRich
75167,Rumex thyrsiflorus,ForestWetRich
75168,Rumex thyrsiflorus,ForestWetRich
75169,Rumex thyrsiflorus,ForestWetRich
75170,Rumex thyrsiflorus,ForestWetRich
75171,Rumex thyrsiflorus,ForestWetRich
75172,Rumex thyrsiflorus,ForestWetRich
75173,Rumex thyrsiflorus,ForestWetRich
75174,Rumex thyrsiflorus,ForestWetRich
75175,Rumex thyrsiflorus,ForestWetRich
75176,Rumex thyrsiflorus,ForestWetRich
75177,Rumex thyrsiflorus,ForestWetRich
75178,Rumex thyrsiflorus,ForestWetRich
75179,Rumex thyrsiflorus,ForestWetRich
75180,Rumex thyrsiflorus,ForestWetRich
75181,Rumex thyrsiflorus,ForestWetRich
75182,Rumex thyrsiflorus,ForestWetRich
75183,Rumex thyrsiflorus,ForestWetRich
75184,Rumex thyrsiflorus,ForestWetRich
75185,Rumex thyrsiflorus,ForestWetRich
75186,Rumex thyrsiflorus,ForestWetRich
75187,Rumex thyrsiflorus,ForestWetRich
75188,Rumex thyrsiflorus,ForestWetRich
75189,Rumex thyrsiflorus,ForestWetRich
75190,Rumex thyrsiflorus,ForestWetRich
75191,Rumex thyrsiflorus,ForestWetRich
75192,Rumex thyrsiflorus,ForestWetRich
75193,Rumex thyrsiflorus,ForestWetRich
75194,Rumex thyrsiflorus,ForestWetRich
75195,Rumex thyrsiflorus,ForestWetRich
75196,Rumex thyrsiflorus,ForestWetRich
75197,Rumex thyrsiflorus,ForestWetRich
75198,Rumex thyrsiflorus,ForestWetRich
75199,Rumex thyrsiflorus,ForestWetRich
75200,Rumex thyrsiflorus,ForestWetRich
75201,Rumex thyrsiflorus,ForestWetRich
75202,Rumex thyrsiflorus,ForestWetRich
75203,Rumex thyrsiflorus,ForestWetRich
75204,Rumex thyrsiflorus,ForestWetRich
75205,Rumex thyrsiflorus,ForestWetRich
75206,Rumex thyrsiflorus,ForestWetRich
75207,Rumex thyrsiflorus,ForestWetRich
75208,Rumex thyrsiflorus,ForestWetRich
75209,Rumex thyrsiflorus,ForestWetRich
75210,Rumex thyrsiflorus,ForestWetRich
75734,Rumex thyrsiflorus,ForestWetRich
75735,Rumex thyrsiflorus,ForestWetRich
75736,Rumex thyrsiflorus,ForestWetRich
75737,Rumex thyrsiflorus,ForestWetRich
75738,Rumex thyrsiflorus,ForestWetRich
75739,Rumex thyrsiflorus,ForestWetRich
75740,Rumex thyrsiflorus,ForestWetRich
75741,Rumex thyrsiflorus,ForestWetRich
75742,Rumex thyrsiflorus,ForestWetRich
75743,Rumex thyrsiflorus,ForestWetRich
75744,Rumex thyrsiflorus,ForestWetRich
75745,Rumex thyrsiflorus,ForestWetRich
75746,Rumex thyrsiflorus,ForestWetRich
75747,Rumex thyrsiflorus,ForestWetRich
75748,Rumex thyrsiflorus,ForestWetRich
75749,Rumex thyrsiflorus,ForestWetRich
75750,Rumex thyrsiflorus,ForestWetRich
75751,Rumex thyrsiflorus,ForestWetRich
75752,Rumex thyrsiflorus,ForestWetRich
75753,Rumex thyrsiflorus,ForestWetRich
75754,Rumex thyrsiflorus,ForestWetRich
75755,Rumex thyrsiflorus,ForestWetRich
75756,Rumex thyrsiflorus,ForestWetRich
75757,Rumex thyrsiflorus,ForestWetRich
75758,Rumex thyrsiflorus,ForestWetRich
75759,Rumex thyrsiflorus,ForestWetRich
75760,Rumex thyrsiflorus,ForestWetRich
75761,Rumex thyrsiflorus,ForestWetRich
75762,Rumex thyrsiflorus,ForestWetRich
75763,Rumex thyrsiflorus,ForestWetRich
75764,Rumex thyrsiflorus,ForestWetRich
75765,Rumex thyrsiflorus,ForestWetRich
75766,Rumex thyrsiflorus,ForestWetRich
75767,Rumex thyrsiflorus,ForestWetRich
75768,Rumex thyrsiflorus,ForestWetRich
75769,Rumex thyrsiflorus,ForestWetRich
75770,Rumex thyrsiflorus,ForestWetRich
75771,Rumex thyrsiflorus,ForestWetRich
75772,Rumex thyrsiflorus,ForestWetRich
75773,Rumex thyrsiflorus,ForestWetRich
75774,Rumex thyrsiflorus,ForestWetRich
75775,Rumex thyrsiflorus,ForestWetRich
75776,Rumex thyrsiflorus,ForestWetRich
75777,Rumex thyrsiflorus,ForestWetRich
75778,Rumex thyrsiflorus,ForestWetRich
75779,Rumex thyrsiflorus,ForestWetRich
75780,Rumex thyrsiflorus,ForestWetRich
75781,Rumex thyrsiflorus,ForestWetRich
75782,Rumex thyrsiflorus,ForestWetRich
75783,Rumex thyrsiflorus,ForestWetRich
75784,Rumex thyrsiflorus,ForestWetRich
75785,Rumex thyrsiflorus,ForestWetRich
75786,Rumex thyrsiflorus,ForestWetRich
75787,Rumex thyrsiflorus,ForestWetRich
75788,Rumex thyrsiflorus,ForestWetRich
75789,Rumex thyrsiflorus,ForestWetRich
75790,Rumex thyrsiflorus,ForestWetRich
75791,Rumex thyrsiflorus,ForestWetRich
75792,Rumex thyrsiflorus,ForestWetRich
75793,Rumex thyrsiflorus,ForestWetRich
75794,Rumex thyrsiflorus,ForestWetRich
75795,Rumex thyrsiflorus,ForestWetRich
75796,Rumex thyrsiflorus,ForestWetRich
75797,Rumex thyrsiflorus,ForestWetRich
75798,Rumex thyrsiflorus,ForestWetRich
75799,Rumex thyrsiflorus,ForestWetRich
75800,Rumex thyrsiflorus,ForestWetRich
75801,Rumex thyrsiflorus,ForestWetRich
75802,Rumex thyrsiflorus,ForestWetRich
75803,Rumex thyrsiflorus,ForestWetRich
75804,Rumex thyrsiflorus,ForestWetRich
75805,Rumex thyrsiflorus,ForestWetRich
75806,Rumex thyrsiflorus,ForestWetRich
75807,Rumex thyrsiflorus,ForestWetRich
75808,Rumex thyrsiflorus,ForestWetRich
75809,Rumex thyrsiflorus,ForestWetRich
75810,Rumex thyrsiflorus,ForestWetRich
76332,Rumex thyrsiflorus,ForestWetRich
76333,Rumex thyrsiflorus,ForestWetRich
76334,Rumex thyrsiflorus,ForestWetRich
76335,Rumex thyrsiflorus,ForestWetRich
76336,Rumex thyrsiflorus,ForestWetRich
76337,Rumex thyrsiflorus,ForestWetRich
76338,Rumex thyrsiflorus,ForestWetRich
76339,Rumex thyrsiflorus,ForestWetRich
76340,Rumex thyrsiflorus,ForestWetRich
76341,Rumex thyrsiflorus,ForestWetRich
76342,Rumex thyrsiflorus,ForestWetRich
76343,Rumex thyrsiflorus,ForestWetRich
76344,Rumex thyrsiflorus,ForestWetRich
76345,Rumex thyrsiflorus,ForestWetRich
76346,Rumex thyrsiflorus,ForestWetRich
76347,Rumex thyrsiflorus,ForestWetRich
76348,Rumex thyrsiflorus,ForestWetRich
76349,Rumex thyrsiflorus,ForestWetRich
76350,Rumex thyrsiflorus,ForestWetRich
76351,Rumex thyrsiflorus,ForestWetRich
76352,Rumex thyrsiflorus,ForestWetRich
76353,Rumex thyrsiflorus,ForestWetRich
76354,Rumex thyrsiflorus,ForestWetRich
76355,Rumex thyrsiflorus,ForestWetRich
76356,Rumex thyrsiflorus,ForestWetRich
76357,Rumex thyrsiflorus,ForestWetRich
76358,Rumex thyrsiflorus,ForestWetRich
76359,Rumex thyrsiflorus,ForestWetRich
76360,Rumex thyrsiflorus,ForestWetRich
76361,Rumex thyrsiflorus,ForestWetRich
76362,Rumex thyrsiflorus,ForestWetRich
76363,Rumex thyrsiflorus,ForestWetRich
76364,Rumex thyrsiflorus,ForestWetRich
76365,Rumex thyrsiflorus,ForestWetRich
76366,Rumex thyrsiflorus,ForestWetRich
76367,Rumex thyrsiflorus,ForestWetRich
76368,Rumex thyrsiflorus,ForestWetRich
76369,Rumex thyrsiflorus,ForestWetRich
76370,Rumex thyrsiflorus,ForestWetRich
76371,Rumex thyrsiflorus,ForestWetRich
76372,Rumex thyrsiflorus,ForestWetRich
76373,Rumex thyrsiflorus,ForestWetRich
76374,Rumex thyrsiflorus,ForestWetRich
76375,Rumex thyrsiflorus,ForestWetRich
76376,Rumex thyrsiflorus,ForestWetRich
76377,Rumex thyrsiflorus,ForestWetRich
76378,Rumex thyrsiflorus,ForestWetRich
76379,Rumex thyrsiflorus,ForestWetRich
76380,Rumex thyrsiflorus,ForestWetRich
76381,Rumex thyrsiflorus,ForestWetRich
76382,Rumex thyrsiflorus,ForestWetRich
76383,Rumex thyrsiflorus,ForestWetRich
76384,Rumex thyrsiflorus,ForestWetRich
76385,Rumex thyrsiflorus,ForestWetRich
76386,Rumex thyrsiflorus,ForestWetRich
76387,Rumex thyrsiflorus,ForestWetRich
76388,Rumex thyrsiflorus,ForestWetRich
76389,Rumex thyrsiflorus,ForestWetRich
76390,Rumex thyrsiflorus,ForestWetRich
76391,Rumex thyrsiflorus,ForestWetRich
76392,Rumex thyrsiflorus,ForestWetRich
76393,Rumex thyrsiflorus,ForestWetRich
76394,Rumex thyrsiflorus,ForestWetRich
76395,Rumex thyrsiflorus,ForestWetRich
76396,Rumex thyrsiflorus,ForestWetRich
76397,Rumex thyrsiflorus,ForestWetRich
76398,Rumex thyrsiflorus,ForestWetRich
76399,Rumex thyrsiflorus,ForestWetRich
76400,Rumex thyrsiflorus,ForestWetRich
76401,Rumex thyrsiflorus,ForestWetRich
76402,Rumex thyrsiflorus,ForestWetRich
76403,Rumex thyrsiflorus,ForestWetRich
76404,Rumex thyrsiflorus,ForestWetRich
76405,Rumex thyrsiflorus,ForestWetRich
76406,Rumex thyrsiflorus,ForestWetRich
76407,Rumex thyrsiflorus,ForestWetRich
76408,Rumex thyrsiflorus,ForestWetRich
76409,Rumex thyrsiflorus,ForestWetRich
76930,Rumex thyrsiflorus,ForestWetRich
76931,Rumex thyrsiflorus,ForestWetRich
76932,Rumex thyrsiflorus,ForestWetRich
76933,Rumex thyrsiflorus,ForestWetRich
76934,Rumex thyrsiflorus,ForestWetRich
76935,Rumex thyrsiflorus,ForestWetRich
76936,Rumex thyrsiflorus,ForestWetRich
76937,Rumex thyrsiflorus,ForestWetRich
76938,Rumex thyrsiflorus,ForestWetRich
76939,Rumex thyrsiflorus,ForestWetRich
76940,Rumex thyrsiflorus,ForestWetRich
76941,Rumex thyrsiflorus,ForestWetRich
76942,Rumex thyrsiflorus,ForestWetRich
76943,Rumex thyrsiflorus,ForestWetRich
76944,Rumex thyrsiflorus,ForestWetRich
76945,Rumex thyrsiflorus,ForestWetRich
76946,Rumex thyrsiflorus,ForestWetRich
76947,Rumex thyrsiflorus,ForestWetRich
76948,Rumex thyrsiflorus,ForestWetRich
76949,Rumex thyrsiflorus,ForestWetRich
76950,Rumex thyrsiflorus,ForestWetRich
76951,Rumex thyrsiflorus,ForestWetRich
76952,Rumex thyrsiflorus,ForestWetRich
76953,Rumex thyrsiflorus,ForestWetRich
76954,Rumex thyrsiflorus,ForestWetRich
76955,Rumex thyrsiflorus,ForestWetRich
76956,Rumex thyrsiflorus,ForestWetRich
76957,Rumex thyrsiflorus,ForestWetRich
76958,Rumex thyrsiflorus,ForestWetRich
76959,Rumex thyrsiflorus,ForestWetRich
76960,Rumex thyrsiflorus,ForestWetRich
76961,Rumex thyrsiflorus,ForestWetRich
76962,Rumex thyrsiflorus,ForestWetRich
76963,Rumex thyrsiflorus,ForestWetRich
76964,Rumex thyrsiflorus,ForestWetRich
76965,Rumex thyrsiflorus,ForestWetRich
76966,Rumex thyrsiflorus,ForestWetRich
76967,Rumex thyrsiflorus,ForestWetRich
76968,Rumex thyrsiflorus,ForestWetRich
76969,Rumex thyrsiflorus,ForestWetRich
76970,Rumex thyrsiflorus,ForestWetRich
76971,Rumex thyrsiflorus,ForestWetRich
76972,Rumex thyrsiflorus,ForestWetRich
76973,Rumex thyrsiflorus,ForestWetRich
76974,Rumex thyrsiflorus,ForestWetRich
76975,Rumex thyrsiflorus,ForestWetRich
76976,Rumex thyrsiflorus,ForestWetRich
76977,Rumex thyrsiflorus,ForestWetRich
76978,Rumex thyrsiflorus,ForestWetRich
76979,Rumex thyrsiflorus,ForestWetRich
76980,Rumex thyrsiflorus,ForestWetRich
76981,Rumex thyrsiflorus,ForestWetRich
76982,Rumex thyrsiflorus,ForestWetRich
76983,Rumex thyrsiflorus,ForestWetRich
76984,Rumex thyrsiflorus,ForestWetRich
76985,Rumex thyrsiflorus,ForestWetRich
76986,Rumex thyrsiflorus,ForestWetRich
76987,Rumex thyrsiflorus,ForestWetRich
76988,Rumex thyrsiflorus,ForestWetRich
76989,Rumex thyrsiflorus,ForestWetRich
76990,Rumex thyrsiflorus,ForestWetRich
76991,Rumex thyrsiflorus,ForestWetRich
76992,Rumex thyrsiflorus,ForestWetRich
76993,Rumex thyrsiflorus,ForestWetRich
76994,Rumex thyrsiflorus,ForestWetRich
76995,Rumex thyrsiflorus,ForestWetRich
76996,Rumex thyrsiflorus,ForestWetRich
76997,Rumex thyrsiflorus,ForestWetRich
76998,Rumex thyrsiflorus,ForestWetRich
76999,Rumex thyrsiflorus,ForestWetRich
77000,Rumex thyrsiflorus,ForestWetRich
77001,Rumex thyrsiflorus,ForestWetRich
77002,Rumex thyrsiflorus,ForestWetRich
77003,Rumex thyrsiflorus,ForestWetRich
77004,Rumex thyrsiflorus,ForestWetRich
77005,Rumex thyrsiflorus,ForestWetRich
77006,Rumex thyrsiflorus,ForestWetRich
77007,Rumex thyrsiflorus,ForestWetRich
77008,Rumex thyrsiflorus,ForestWetRich
77529,Rumex thyrsiflorus,ForestWetRich
77530,Rumex thyrsiflorus,ForestWetRich
77531,Rumex thyrsiflorus,ForestWetRich
77532,Rumex thyrsiflorus,ForestWetRich
77533,Rumex thyrsiflorus,ForestWetRich
77534,Rumex thyrsiflorus,ForestWetRich
77535,Rumex thyrsiflorus,ForestWetRich
77536,Rumex thyrsiflorus,ForestWetRich
77537,Rumex thyrsiflorus,ForestWetRich
77538,Rumex thyrsiflorus,ForestWetRich
77539,Rumex thyrsiflorus,ForestWetRich
77540,Rumex thyrsiflorus,ForestWetRich
77541,Rumex thyrsiflorus,ForestWetRich
77542,Rumex thyrsiflorus,ForestWetRich
77543,Rumex thyrsiflorus,ForestWetRich
77544,Rumex thyrsiflorus,ForestWetRich
77545,Rumex thyrsiflorus,ForestWetRich
77546,Rumex thyrsiflorus,ForestWetRich
77547,Rumex thyrsiflorus,ForestWetRich
77548,Rumex thyrsiflorus,ForestWetRich
77549,Rumex thyrsiflorus,ForestWetRich
77550,Rumex thyrsiflorus,ForestWetRich
77551,Rumex thyrsiflorus,ForestWetRich
77552,Rumex thyrsiflorus,ForestWetRich
77553,Rumex thyrsiflorus,ForestWetRich
77554,Rumex thyrsiflorus,ForestWetRich
77555,Rumex thyrsiflorus,ForestWetRich
77556,Rumex thyrsiflorus,ForestWetRich
77557,Rumex thyrsiflorus,ForestWetRich
77558,Rumex thyrsiflorus,ForestWetRich
77559,Rumex thyrsiflorus,ForestWetRich
77560,Rumex thyrsiflorus,ForestWetRich
77561,Rumex thyrsiflorus,ForestWetRich
77562,Rumex thyrsiflorus,ForestWetRich
77563,Rumex thyrsiflorus,ForestWetRich
77564,Rumex thyrsiflorus,ForestWetRich
77565,Rumex thyrsiflorus,ForestWetRich
77566,Rumex thyrsiflorus,ForestWetRich
77567,Rumex thyrsiflorus,ForestWetRich
77568,Rumex thyrsiflorus,ForestWetRich
77569,Rumex thyrsiflorus,ForestWetRich
77570,Rumex thyrsiflorus,ForestWetRich
77571,Rumex thyrsiflorus,ForestWetRich
77572,Rumex thyrsiflorus,ForestWetRich
77573,Rumex thyrsiflorus,ForestWetRich
77574,Rumex thyrsiflorus,ForestWetRich
77575,Rumex thyrsiflorus,ForestWetRich
77576,Rumex thyrsiflorus,ForestWetRich
77577,Rumex thyrsiflorus,ForestWetRich
77578,Rumex thyrsiflorus,ForestWetRich
77579,Rumex thyrsiflorus,ForestWetRich
77580,Rumex thyrsiflorus,ForestWetRich
77581,Rumex thyrsiflorus,ForestWetRich
77582,Rumex thyrsiflorus,ForestWetRich
77583,Rumex thyrsiflorus,ForestWetRich
77584,Rumex thyrsiflorus,ForestWetRich
77585,Rumex thyrsiflorus,ForestWetRich
77586,Rumex thyrsiflorus,ForestWetRich
77587,Rumex thyrsiflorus,ForestWetRich
77588,Rumex thyrsiflorus,ForestWetRich
77589,Rumex thyrsiflorus,ForestWetRich
77590,Rumex thyrsiflorus,ForestWetRich
77591,Rumex thyrsiflorus,ForestWetRich
77592,Rumex thyrsiflorus,ForestWetRich
77593,Rumex thyrsiflorus,ForestWetRich
77594,Rumex thyrsiflorus,ForestWetRich
77595,Rumex thyrsiflorus,ForestWetRich
77596,Rumex thyrsiflorus,ForestWetRich
77597,Rumex thyrsiflorus,ForestWetRich
77598,Rumex thyrsiflorus,ForestWetRich
77599,Rumex thyrsiflorus,ForestWetRich
77600,Rumex thyrsiflorus,ForestWetRich
77601,Rumex thyrsiflorus,ForestWetRich
77602,Rumex thyrsiflorus,ForestWetRich
77603,Rumex thyrsiflorus,ForestWetRich
77604,Rumex thyrsiflorus,ForestWetRich
77605,Rumex thyrsiflorus,ForestWetRich
77606,Rumex thyrsiflorus,ForestWetRich
77607,Rumex thyrsiflorus,ForestWetRich
78127,Rumex thyrsiflorus,ForestWetRich
78128,Rumex thyrsiflorus,ForestWetRich
78129,Rumex thyrsiflorus,ForestWetRich
78130,Rumex thyrsiflorus,ForestWetRich
78131,Rumex thyrsiflorus,ForestWetRich
78132,Rumex thyrsiflorus,ForestWetRich
78133,Rumex thyrsiflorus,ForestWetRich
78134,Rumex thyrsiflorus,ForestWetRich
78135,Rumex thyrsiflorus,ForestWetRich
78136,Rumex thyrsiflorus,ForestWetRich
78137,Rumex thyrsiflorus,ForestWetRich
78138,Rumex thyrsiflorus,ForestWetRich
78139,Rumex thyrsiflorus,ForestWetRich
78140,Rumex thyrsiflorus,ForestWetRich
78141,Rumex thyrsiflorus,ForestWetRich
78142,Rumex thyrsiflorus,ForestWetRich
78143,Rumex thyrsiflorus,ForestWetRich
78144,Rumex thyrsiflorus,ForestWetRich
78145,Rumex thyrsiflorus,ForestWetRich
78146,Rumex thyrsiflorus,ForestWetRich
78147,Rumex thyrsiflorus,ForestWetRich
78148,Rumex thyrsiflorus,ForestWetRich
78149,Rumex thyrsiflorus,ForestWetRich
78150,Rumex thyrsiflorus,ForestWetRich
78151,Rumex thyrsiflorus,ForestWetRich
78152,Rumex thyrsiflorus,ForestWetRich
78153,Rumex thyrsiflorus,ForestWetRich
78154,Rumex thyrsiflorus,ForestWetRich
78155,Rumex thyrsiflorus,ForestWetRich
78156,Rumex thyrsiflorus,ForestWetRich
78157,Rumex thyrsiflorus,ForestWetRich
78158,Rumex thyrsiflorus,ForestWetRich
78159,Rumex thyrsiflorus,ForestWetRich
78160,Rumex thyrsiflorus,ForestWetRich
78161,Rumex thyrsiflorus,ForestWetRich
78162,Rumex thyrsiflorus,ForestWetRich
78163,Rumex thyrsiflorus,ForestWetRich
78164,Rumex thyrsiflorus,ForestWetRich
78165,Rumex thyrsiflorus,ForestWetRich
78166,Rumex thyrsiflorus,ForestWetRich
78167,Rumex thyrsiflorus,ForestWetRich
78168,Rumex thyrsiflorus,ForestWetRich
78169,Rumex thyrsiflorus,ForestWetRich
78170,Rumex thyrsiflorus,ForestWetRich
78171,Rumex thyrsiflorus,ForestWetRich
78172,Rumex thyrsiflorus,ForestWetRich
78173,Rumex thyrsiflorus,ForestWetRich
78174,Rumex thyrsiflorus,ForestWetRich
78175,Rumex thyrsiflorus,ForestWetRich
78176,Rumex thyrsiflorus,ForestWetRich
78177,Rumex thyrsiflorus,ForestWetRich
78178,Rumex thyrsiflorus,ForestWetRich
78179,Rumex thyrsiflorus,ForestWetRich
78180,Rumex thyrsiflorus,ForestWetRich
78181,Rumex thyrsiflorus,ForestWetRich
78182,Rumex thyrsiflorus,ForestWetRich
78183,Rumex thyrsiflorus,ForestWetRich
78184,Rumex thyrsiflorus,ForestWetRich
78185,Rumex thyrsiflorus,ForestWetRich
78186,Rumex thyrsiflorus,ForestWetRich
78187,Rumex thyrsiflorus,ForestWetRich
78188,Rumex thyrsiflorus,ForestWetRich
78189,Rumex thyrsiflorus,ForestWetRich
78190,Rumex thyrsiflorus,ForestWetRich
78191,Rumex thyrsiflorus,ForestWetRich
78192,Rumex thyrsiflorus,ForestWetRich
78193,Rumex thyrsiflorus,ForestWetRich
78194,Rumex thyrsiflorus,ForestWetRich
78195,Rumex thyrsiflorus,ForestWetRich
78196,Rumex thyrsiflorus,ForestWetRich
78197,Rumex thyrsiflorus,ForestWetRich
78198,Rumex thyrsiflorus,ForestWetRich
78199,Rumex thyrsiflorus,ForestWetRich
78200,Rumex thyrsiflorus,ForestWetRich
78201,Rumex thyrsiflorus,ForestWetRich
78202,Rumex thyrsiflorus,ForestWetRich
78203,Rumex thyrsiflorus,ForestWetRich
78204,Rumex thyrsiflorus,ForestWetRich
78205,Rumex thyrsiflorus,ForestWetRich
78206,Rumex thyrsiflorus,ForestWetRich
78725,Rumex thyrsiflorus,ForestWetRich
78726,Rumex thyrsiflorus,ForestWetRich
78727,Rumex thyrsiflorus,ForestWetRich
78728,Rumex thyrsiflorus,ForestWetRich
78729,Rumex thyrsiflorus,ForestWetRich
78730,Rumex thyrsiflorus,ForestWetRich
78731,Rumex thyrsiflorus,ForestWetRich
78732,Rumex thyrsiflorus,ForestWetRich
78733,Rumex thyrsiflorus,ForestWetRich
78734,Rumex thyrsiflorus,ForestWetRich
78735,Rumex thyrsiflorus,ForestWetRich
78736,Rumex thyrsiflorus,ForestWetRich
78737,Rumex thyrsiflorus,ForestWetRich
78738,Rumex thyrsiflorus,ForestWetRich
78739,Rumex thyrsiflorus,ForestWetRich
78740,Rumex thyrsiflorus,ForestWetRich
78741,Rumex thyrsiflorus,ForestWetRich
78742,Rumex thyrsiflorus,ForestWetRich
78743,Rumex thyrsiflorus,ForestWetRich
78744,Rumex thyrsiflorus,ForestWetRich
78745,Rumex thyrsiflorus,ForestWetRich
78746,Rumex thyrsiflorus,ForestWetRich
78747,Rumex thyrsiflorus,ForestWetRich
78748,Rumex thyrsiflorus,ForestWetRich
78749,Rumex thyrsiflorus,ForestWetRich
78750,Rumex thyrsiflorus,ForestWetRich
78751,Rumex thyrsiflorus,ForestWetRich
78752,Rumex thyrsiflorus,ForestWetRich
78753,Rumex thyrsiflorus,ForestWetRich
78754,Rumex thyrsiflorus,ForestWetRich
78755,Rumex thyrsiflorus,ForestWetRich
78756,Rumex thyrsiflorus,ForestWetRich
78757,Rumex thyrsiflorus,ForestWetRich
78758,Rumex thyrsiflorus,ForestWetRich
78759,Rumex thyrsiflorus,ForestWetRich
78760,Rumex thyrsiflorus,ForestWetRich
78761,Rumex thyrsiflorus,ForestWetRich
78762,Rumex thyrsiflorus,ForestWetRich
78763,Rumex thyrsiflorus,ForestWetRich
78764,Rumex thyrsiflorus,ForestWetRich
78765,Rumex thyrsiflorus,ForestWetRich
78766,Rumex thyrsiflorus,ForestWetRich
78767,Rumex thyrsiflorus,ForestWetRich
78768,Rumex thyrsiflorus,ForestWetRich
78769,Rumex thyrsiflorus,ForestWetRich
78770,Rumex thyrsiflorus,ForestWetRich
78771,Rumex thyrsiflorus,ForestWetRich
78772,Rumex thyrsiflorus,ForestWetRich
78773,Rumex thyrsiflorus,ForestWetRich
78774,Rumex thyrsiflorus,ForestWetRich
78775,Rumex thyrsiflorus,ForestWetRich
78776,Rumex thyrsiflorus,ForestWetRich
78777,Rumex thyrsiflorus,ForestWetRich
78778,Rumex thyrsiflorus,ForestWetRich
78779,Rumex thyrsiflorus,ForestWetRich
78780,Rumex thyrsiflorus,ForestWetRich
78781,Rumex thyrsiflorus,ForestWetRich
78782,Rumex thyrsiflorus,ForestWetRich
78783,Rumex thyrsiflorus,ForestWetRich
78784,Rumex thyrsiflorus,ForestWetRich
78785,Rumex thyrsiflorus,ForestWetRich
78786,Rumex thyrsiflorus,ForestWetRich
78787,Rumex thyrsiflorus,ForestWetRich
78788,Rumex thyrsiflorus,ForestWetRich
78789,Rumex thyrsiflorus,ForestWetRich
78790,Rumex thyrsiflorus,ForestWetRich
78791,Rumex thyrsiflorus,ForestWetRich
78792,Rumex thyrsiflorus,ForestWetRich
78793,Rumex thyrsiflorus,ForestWetRich
78794,Rumex thyrsiflorus,ForestWetRich
78795,Rumex thyrsiflorus,ForestWetRich
78796,Rumex thyrsiflorus,ForestWetRich
78797,Rumex thyrsiflorus,ForestWetRich
78798,Rumex thyrsiflorus,ForestWetRich
78799,Rumex thyrsiflorus,ForestWetRich
78800,Rumex thyrsiflorus,ForestWetRich
78801,Rumex thyrsiflorus,ForestWetRich
78802,Rumex thyrsiflorus,ForestWetRich
78803,Rumex thyrsiflorus,ForestWetRich
78804,Rumex thyrsiflorus,ForestWetRich
78805,Rumex thyrsiflorus,ForestWetRich
79324,Rumex thyrsiflorus,ForestWetRich
79325,Rumex thyrsiflorus,ForestWetRich
79326,Rumex thyrsiflorus,ForestWetRich
79327,Rumex thyrsiflorus,ForestWetRich
79328,Rumex thyrsiflorus,ForestWetRich
79329,Rumex thyrsiflorus,ForestWetRich
79330,Rumex thyrsiflorus,ForestWetRich
79331,Rumex thyrsiflorus,ForestWetRich
79332,Rumex thyrsiflorus,ForestWetRich
79333,Rumex thyrsiflorus,ForestWetRich
79334,Rumex thyrsiflorus,ForestWetRich
79335,Rumex thyrsiflorus,ForestWetRich
79336,Rumex thyrsiflorus,ForestWetRich
79337,Rumex thyrsiflorus,ForestWetRich
79338,Rumex thyrsiflorus,ForestWetRich
79339,Rumex thyrsiflorus,ForestWetRich
79340,Rumex thyrsiflorus,ForestWetRich
79341,Rumex thyrsiflorus,ForestWetRich
79342,Rumex thyrsiflorus,ForestWetRich
79343,Rumex thyrsiflorus,ForestWetRich
79344,Rumex thyrsiflorus,ForestWetRich
79345,Rumex thyrsiflorus,ForestWetRich
79346,Rumex thyrsiflorus,ForestWetRich
79347,Rumex thyrsiflorus,ForestWetRich
79348,Rumex thyrsiflorus,ForestWetRich
79349,Rumex thyrsiflorus,ForestWetRich
79350,Rumex thyrsiflorus,ForestWetRich
79351,Rumex thyrsiflorus,ForestWetRich
79352,Rumex thyrsiflorus,ForestWetRich
79353,Rumex thyrsiflorus,ForestWetRich
79354,Rumex thyrsiflorus,ForestWetRich
79355,Rumex thyrsiflorus,ForestWetRich
79356,Rumex thyrsiflorus,ForestWetRich
79357,Rumex thyrsiflorus,ForestWetRich
79358,Rumex thyrsiflorus,ForestWetRich
79359,Rumex thyrsiflorus,ForestWetRich
79360,Rumex thyrsiflorus,ForestWetRich
79361,Rumex thyrsiflorus,ForestWetRich
79362,Rumex thyrsiflorus,ForestWetRich
79363,Rumex thyrsiflorus,ForestWetRich
79364,Rumex thyrsiflorus,ForestWetRich
79365,Rumex thyrsiflorus,ForestWetRich
79366,Rumex thyrsiflorus,ForestWetRich
79367,Rumex thyrsiflorus,ForestWetRich
79368,Rumex thyrsiflorus,ForestWetRich
79369,Rumex thyrsiflorus,ForestWetRich
79370,Rumex thyrsiflorus,ForestWetRich
79371,Rumex thyrsiflorus,ForestWetRich
79372,Rumex thyrsiflorus,ForestWetRich
79373,Rumex thyrsiflorus,ForestWetRich
79374,Rumex thyrsiflorus,ForestWetRich
79375,Rumex thyrsiflorus,ForestWetRich
79376,Rumex thyrsiflorus,ForestWetRich
79377,Rumex thyrsiflorus,ForestWetRich
79378,Rumex thyrsiflorus,ForestWetRich
79379,Rumex thyrsiflorus,ForestWetRich
79380,Rumex thyrsiflorus,ForestWetRich
79381,Rumex thyrsiflorus,ForestWetRich
79382,Rumex thyrsiflorus,ForestWetRich
79383,Rumex thyrsiflorus,ForestWetRich
79384,Rumex thyrsiflorus,ForestWetRich
79385,Rumex thyrsiflorus,ForestWetRich
79386,Rumex thyrsiflorus,ForestWetRich
79387,Rumex thyrsiflorus,ForestWetRich
79388,Rumex thyrsiflorus,ForestWetRich
79389,Rumex thyrsiflorus,ForestWetRich
79390,Rumex thyrsiflorus,ForestWetRich
79391,Rumex thyrsiflorus,ForestWetRich
79392,Rumex thyrsiflorus,ForestWetRich
79393,Rumex thyrsiflorus,ForestWetRich
79394,Rumex thyrsiflorus,ForestWetRich
79395,Rumex thyrsiflorus,ForestWetRich
79396,Rumex thyrsiflorus,ForestWetRich
79397,Rumex thyrsiflorus,ForestWetRich
79398,Rumex thyrsiflorus,ForestWetRich
79399,Rumex thyrsiflorus,ForestWetRich
79400,Rumex thyrsiflorus,ForestWetRich
79401,Rumex thyrsiflorus,ForestWetRich
79402,Rumex thyrsiflorus,ForestWetRich
79403,Rumex thyrsiflorus,ForestWetRich
79404,Rumex thyrsiflorus,ForestWetRich
79922,Rumex thyrsiflorus,ForestWetRich
79923,Rumex thyrsiflorus,ForestWetRich
79924,Rumex thyrsiflorus,ForestWetRich
79925,Rumex thyrsiflorus,ForestWetRich
79926,Rumex thyrsiflorus,ForestWetRich
79927,Rumex thyrsiflorus,ForestWetRich
79928,Rumex thyrsiflorus,ForestWetRich
79929,Rumex thyrsiflorus,ForestWetRich
79930,Rumex thyrsiflorus,ForestWetRich
79931,Rumex thyrsiflorus,ForestWetRich
79932,Rumex thyrsiflorus,ForestWetRich
79933,Rumex thyrsiflorus,ForestWetRich
79934,Rumex thyrsiflorus,ForestWetRich
79935,Rumex thyrsiflorus,ForestWetRich
79936,Rumex thyrsiflorus,ForestWetRich
79937,Rumex thyrsiflorus,ForestWetRich
79938,Rumex thyrsiflorus,ForestWetRich
79939,Rumex thyrsiflorus,ForestWetRich
79940,Rumex thyrsiflorus,ForestWetRich
79941,Rumex thyrsiflorus,ForestWetRich
79942,Rumex thyrsiflorus,ForestWetRich
79943,Rumex thyrsiflorus,ForestWetRich
79944,Rumex thyrsiflorus,ForestWetRich
79945,Rumex thyrsiflorus,ForestWetRich
79946,Rumex thyrsiflorus,ForestWetRich
79947,Rumex thyrsiflorus,ForestWetRich
79948,Rumex thyrsiflorus,ForestWetRich
79949,Rumex thyrsiflorus,ForestWetRich
79950,Rumex thyrsiflorus,ForestWetRich
79951,Rumex thyrsiflorus,ForestWetRich
79952,Rumex thyrsiflorus,ForestWetRich
79953,Rumex thyrsiflorus,ForestWetRich
79954,Rumex thyrsiflorus,ForestWetRich
79955,Rumex thyrsiflorus,ForestWetRich
79956,Rumex thyrsiflorus,ForestWetRich
79957,Rumex thyrsiflorus,ForestWetRich
79958,Rumex thyrsiflorus,ForestWetRich
79959,Rumex thyrsiflorus,ForestWetRich
79960,Rumex thyrsiflorus,ForestWetRich
79961,Rumex thyrsiflorus,ForestWetRich
79962,Rumex thyrsiflorus,ForestWetRich
79963,Rumex thyrsiflorus,ForestWetRich
79964,Rumex thyrsiflorus,ForestWetRich
79965,Rumex thyrsiflorus,ForestWetRich
79966,Rumex thyrsiflorus,ForestWetRich
79967,Rumex thyrsiflorus,ForestWetRich
79968,Rumex thyrsiflorus,ForestWetRich
79969,Rumex thyrsiflorus,ForestWetRich
79970,Rumex thyrsiflorus,ForestWetRich
79971,Rumex thyrsiflorus,ForestWetRich
79972,Rumex thyrsiflorus,ForestWetRich
79973,Rumex thyrsiflorus,ForestWetRich
79974,Rumex thyrsiflorus,ForestWetRich
79975,Rumex thyrsiflorus,ForestWetRich
79976,Rumex thyrsiflorus,ForestWetRich
79977,Rumex thyrsiflorus,ForestWetRich
79978,Rumex thyrsiflorus,ForestWetRich
79979,Rumex thyrsiflorus,ForestWetRich
79980,Rumex thyrsiflorus,ForestWetRich
79981,Rumex thyrsiflorus,ForestWetRich
79982,Rumex thyrsiflorus,ForestWetRich
79983,Rumex thyrsiflorus,ForestWetRich
79984,Rumex thyrsiflorus,ForestWetRich
79985,Rumex thyrsiflorus,ForestWetRich
79986,Rumex thyrsiflorus,ForestWetRich
79987,Rumex thyrsiflorus,ForestWetRich
79988,Rumex thyrsiflorus,ForestWetRich
79989,Rumex thyrsiflorus,ForestWetRich
79990,Rumex thyrsiflorus,ForestWetRich
79991,Rumex thyrsiflorus,ForestWetRich
79992,Rumex thyrsiflorus,ForestWetRich
79993,Rumex thyrsiflorus,ForestWetRich
79994,Rumex thyrsiflorus,ForestWetRich
79995,Rumex thyrsiflorus,ForestWetRich
79996,Rumex thyrsiflorus,ForestWetRich
79997,Rumex thyrsiflorus,ForestWetRich
79998,Rumex thyrsiflorus,ForestWetRich
79999,Rumex thyrsiflorus,ForestWetRich
80000,Rumex thyrsiflorus,ForestWetRich
80001,Rumex thyrsiflorus,ForestWetRich
80002,Rumex thyrsiflorus,ForestWetRich
80003,Rumex thyrsiflorus,ForestWetRich
80520,Rumex thyrsiflorus,ForestWetRich
80521,Rumex thyrsiflorus,ForestWetRich
80522,Rumex thyrsiflorus,ForestWetRich
80523,Rumex thyrsiflorus,ForestWetRich
80524,Rumex thyrsiflorus,ForestWetRich
80525,Rumex thyrsiflorus,ForestWetRich
80526,Rumex thyrsiflorus,ForestWetRich
80527,Rumex thyrsiflorus,ForestWetRich
80528,Rumex thyrsiflorus,ForestWetRich
80529,Rumex thyrsiflorus,ForestWetRich
80530,Rumex thyrsiflorus,ForestWetRich
80531,Rumex thyrsiflorus,ForestWetRich
80532,Rumex thyrsiflorus,ForestWetRich
80533,Rumex thyrsiflorus,ForestWetRich
80534,Rumex thyrsiflorus,ForestWetRich
80535,Rumex thyrsiflorus,ForestWetRich
80536,Rumex thyrsiflorus,ForestWetRich
80537,Rumex thyrsiflorus,ForestWetRich
80538,Rumex thyrsiflorus,ForestWetRich
80539,Rumex thyrsiflorus,ForestWetRich
80540,Rumex thyrsiflorus,ForestWetRich
80541,Rumex thyrsiflorus,ForestWetRich
80542,Rumex thyrsiflorus,ForestWetRich
80543,Rumex thyrsiflorus,ForestWetRich
80544,Rumex thyrsiflorus,ForestWetRich
80545,Rumex thyrsiflorus,ForestWetRich
80546,Rumex thyrsiflorus,ForestWetRich
80547,Rumex thyrsiflorus,ForestWetRich
80548,Rumex thyrsiflorus,ForestWetRich
80549,Rumex thyrsiflorus,ForestWetRich
80550,Rumex thyrsiflorus,ForestWetRich
80551,Rumex thyrsiflorus,ForestWetRich
80552,Rumex thyrsiflorus,ForestWetRich
80553,Rumex thyrsiflorus,ForestWetRich
80554,Rumex thyrsiflorus,ForestWetRich
80555,Rumex thyrsiflorus,ForestWetRich
80556,Rumex thyrsiflorus,ForestWetRich
80557,Rumex thyrsiflorus,ForestWetRich
80558,Rumex thyrsiflorus,ForestWetRich
80559,Rumex thyrsiflorus,ForestWetRich
80560,Rumex thyrsiflorus,ForestWetRich
80561,Rumex thyrsiflorus,ForestWetRich
80562,Rumex thyrsiflorus,ForestWetRich
80563,Rumex thyrsiflorus,ForestWetRich
80564,Rumex thyrsiflorus,ForestWetRich
80565,Rumex thyrsiflorus,ForestWetRich
80566,Rumex thyrsiflorus,ForestWetRich
80567,Rumex thyrsiflorus,ForestWetRich
80568,Rumex thyrsiflorus,ForestWetRich
80569,Rumex thyrsiflorus,ForestWetRich
80570,Rumex thyrsiflorus,ForestWetRich
80571,Rumex thyrsiflorus,ForestWetRich
80572,Rumex thyrsiflorus,ForestWetRich
80573,Rumex thyrsiflorus,ForestWetRich
80574,Rumex thyrsiflorus,ForestWetRich
80575,Rumex thyrsiflorus,ForestWetRich
80576,Rumex thyrsiflorus,ForestWetRich
80577,Rumex thyrsiflorus,ForestWetRich
80578,Rumex thyrsiflorus,ForestWetRich
80579,Rumex thyrsiflorus,ForestWetRich
80580,Rumex thyrsiflorus,ForestWetRich
80581,Rumex thyrsiflorus,ForestWetRich
80582,Rumex thyrsiflorus,ForestWetRich
80583,Rumex thyrsiflorus,ForestWetRich
80584,Rumex thyrsiflorus,ForestWetRich
80585,Rumex thyrsiflorus,ForestWetRich
80586,Rumex thyrsiflorus,ForestWetRich
80587,Rumex thyrsiflorus,ForestWetRich
80588,Rumex thyrsiflorus,ForestWetRich
80589,Rumex thyrsiflorus,ForestWetRich
80590,Rumex thyrsiflorus,ForestWetRich
80591,Rumex thyrsiflorus,ForestWetRich
80592,Rumex thyrsiflorus,ForestWetRich
80593,Rumex thyrsiflorus,ForestWetRich
80594,Rumex thyrsiflorus,ForestWetRich
80595,Rumex thyrsiflorus,ForestWetRich
80596,Rumex thyrsiflorus,ForestWetRich
80597,Rumex thyrsiflorus,ForestWetRich
80598,Rumex thyrsiflorus,ForestWetRich
80599,Rumex thyrsiflorus,ForestWetRich
80600,Rumex thyrsiflorus,ForestWetRich
80601,Rumex thyrsiflorus,ForestWetRich
80602,Rumex thyrsiflorus,ForestWetRich
81119,Rumex thyrsiflorus,ForestWetRich
81120,Rumex thyrsiflorus,ForestWetRich
81121,Rumex thyrsiflorus,ForestWetRich
81122,Rumex thyrsiflorus,ForestWetRich
81123,Rumex thyrsiflorus,ForestWetRich
81124,Rumex thyrsiflorus,ForestWetRich
81125,Rumex thyrsiflorus,ForestWetRich
81126,Rumex thyrsiflorus,ForestWetRich
81127,Rumex thyrsiflorus,ForestWetRich
81128,Rumex thyrsiflorus,ForestWetRich
81129,Rumex thyrsiflorus,ForestWetRich
81130,Rumex thyrsiflorus,ForestWetRich
81131,Rumex thyrsiflorus,ForestWetRich
81132,Rumex thyrsiflorus,ForestWetRich
81133,Rumex thyrsiflorus,ForestWetRich
81134,Rumex thyrsiflorus,ForestWetRich
81135,Rumex thyrsiflorus,ForestWetRich
81136,Rumex thyrsiflorus,ForestWetRich
81137,Rumex thyrsiflorus,ForestWetRich
81138,Rumex thyrsiflorus,ForestWetRich
81139,Rumex thyrsiflorus,ForestWetRich
81140,Rumex thyrsiflorus,ForestWetRich
81141,Rumex thyrsiflorus,ForestWetRich
81142,Rumex thyrsiflorus,ForestWetRich
81143,Rumex thyrsiflorus,ForestWetRich
81144,Rumex thyrsiflorus,ForestWetRich
81145,Rumex thyrsiflorus,ForestWetRich
81146,Rumex thyrsiflorus,ForestWetRich
81147,Rumex thyrsiflorus,ForestWetRich
81148,Rumex thyrsiflorus,ForestWetRich
81149,Rumex thyrsiflorus,ForestWetRich
81150,Rumex thyrsiflorus,ForestWetRich
81151,Rumex thyrsiflorus,ForestWetRich
81152,Rumex thyrsiflorus,ForestWetRich
81153,Rumex thyrsiflorus,ForestWetRich
81154,Rumex thyrsiflorus,ForestWetRich
81155,Rumex thyrsiflorus,ForestWetRich
81156,Rumex thyrsiflorus,ForestWetRich
81157,Rumex thyrsiflorus,ForestWetRich
81158,Rumex thyrsiflorus,ForestWetRich
81159,Rumex thyrsiflorus,ForestWetRich
81160,Rumex thyrsiflorus,ForestWetRich
81161,Rumex thyrsiflorus,ForestWetRich
81162,Rumex thyrsiflorus,ForestWetRich
81163,Rumex thyrsiflorus,ForestWetRich
81164,Rumex thyrsiflorus,ForestWetRich
81165,Rumex thyrsiflorus,ForestWetRich
81166,Rumex thyrsiflorus,ForestWetRich
81167,Rumex thyrsiflorus,ForestWetRich
81168,Rumex thyrsiflorus,ForestWetRich
81169,Rumex thyrsiflorus,ForestWetRich
81170,Rumex thyrsiflorus,ForestWetRich
81171,Rumex thyrsiflorus,ForestWetRich
81172,Rumex thyrsiflorus,ForestWetRich
81173,Rumex thyrsiflorus,ForestWetRich
81174,Rumex thyrsiflorus,ForestWetRich
81175,Rumex thyrsiflorus,ForestWetRich
81176,Rumex thyrsiflorus,ForestWetRich
81177,Rumex thyrsiflorus,ForestWetRich
81178,Rumex thyrsiflorus,ForestWetRich
81179,Rumex thyrsiflorus,ForestWetRich
81180,Rumex thyrsiflorus,ForestWetRich
81181,Rumex thyrsiflorus,ForestWetRich
81182,Rumex thyrsiflorus,ForestWetRich
81183,Rumex thyrsiflorus,ForestWetRich
81184,Rumex thyrsiflorus,ForestWetRich
81185,Rumex thyrsiflorus,ForestWetRich
81186,Rumex thyrsiflorus,ForestWetRich
81187,Rumex thyrsiflorus,ForestWetRich
81188,Rumex thyrsiflorus,ForestWetRich
81189,Rumex thyrsiflorus,ForestWetRich
81190,Rumex thyrsiflorus,ForestWetRich
81191,Rumex thyrsiflorus,ForestWetRich
81192,Rumex thyrsiflorus,ForestWetRich
81193,Rumex thyrsiflorus,ForestWetRich
81194,Rumex thyrsiflorus,ForestWetRich
81195,Rumex thyrsiflorus,ForestWetRich
81196,Rumex thyrsiflorus,ForestWetRich
81197,Rumex thyrsiflorus,ForestWetRich
81198,Rumex thyrsiflorus,ForestWetRich
81199,Rumex thyrsiflorus,ForestWetRich
81200,Rumex thyrsiflorus,ForestWetRich
81201,Rumex thyrsiflorus,ForestWetRich
81717,Rumex thyrsiflorus,ForestWetRich
81718,Rumex thyrsiflorus,ForestWetRich
81719,Rumex thyrsiflorus,ForestWetRich
81720,Rumex thyrsiflorus,ForestWetRich
81721,Rumex thyrsiflorus,ForestWetRich
81722,Rumex thyrsiflorus,ForestWetRich
81723,Rumex thyrsiflorus,ForestWetRich
81724,Rumex thyrsiflorus,ForestWetRich
81725,Rumex thyrsiflorus,ForestWetRich
81726,Rumex thyrsiflorus,ForestWetRich
81727,Rumex thyrsiflorus,ForestWetRich
81728,Rumex thyrsiflorus,ForestWetRich
81729,Rumex thyrsiflorus,ForestWetRich
81730,Rumex thyrsiflorus,ForestWetRich
81731,Rumex thyrsiflorus,ForestWetRich
81732,Rumex thyrsiflorus,ForestWetRich
81733,Rumex thyrsiflorus,ForestWetRich
81734,Rumex thyrsiflorus,ForestWetRich
81735,Rumex thyrsiflorus,ForestWetRich
81736,Rumex thyrsiflorus,ForestWetRich
81737,Rumex thyrsiflorus,ForestWetRich
81738,Rumex thyrsiflorus,ForestWetRich
81739,Rumex thyrsiflorus,ForestWetRich
81740,Rumex thyrsiflorus,ForestWetRich
81741,Rumex thyrsiflorus,ForestWetRich
81742,Rumex thyrsiflorus,ForestWetRich
81743,Rumex thyrsiflorus,ForestWetRich
81744,Rumex thyrsiflorus,ForestWetRich
81745,Rumex thyrsiflorus,ForestWetRich
81746,Rumex thyrsiflorus,ForestWetRich
81747,Rumex thyrsiflorus,ForestWetRich
81748,Rumex thyrsiflorus,ForestWetRich
81749,Rumex thyrsiflorus,ForestWetRich
81750,Rumex thyrsiflorus,ForestWetRich
81751,Rumex thyrsiflorus,ForestWetRich
81752,Rumex thyrsiflorus,ForestWetRich
81753,Rumex thyrsiflorus,ForestWetRich
81754,Rumex thyrsiflorus,ForestWetRich
81755,Rumex thyrsiflorus,ForestWetRich
81756,Rumex thyrsiflorus,ForestWetRich
81757,Rumex thyrsiflorus,ForestWetRich
81758,Rumex thyrsiflorus,ForestWetRich
81759,Rumex thyrsiflorus,ForestWetRich
81760,Rumex thyrsiflorus,ForestWetRich
81761,Rumex thyrsiflorus,ForestWetRich
81762,Rumex thyrsiflorus,ForestWetRich
81763,Rumex thyrsiflorus,ForestWetRich
81764,Rumex thyrsiflorus,ForestWetRich
81765,Rumex thyrsiflorus,ForestWetRich
81766,Rumex thyrsiflorus,ForestWetRich
81767,Rumex thyrsiflorus,ForestWetRich
81768,Rumex thyrsiflorus,ForestWetRich
81769,Rumex thyrsiflorus,ForestWetRich
81770,Rumex thyrsiflorus,ForestWetRich
81771,Rumex thyrsiflorus,ForestWetRich
81772,Rumex thyrsiflorus,ForestWetRich
81773,Rumex thyrsiflorus,ForestWetRich
81774,Rumex thyrsiflorus,ForestWetRich
81775,Rumex thyrsiflorus,ForestWetRich
81776,Rumex thyrsiflorus,ForestWetRich
81777,Rumex thyrsiflorus,ForestWetRich
81778,Rumex thyrsiflorus,ForestWetRich
81779,Rumex thyrsiflorus,ForestWetRich
81780,Rumex thyrsiflorus,ForestWetRich
81781,Rumex thyrsiflorus,ForestWetRich
81782,Rumex thyrsiflorus,ForestWetRich
81783,Rumex thyrsiflorus,ForestWetRich
81784,Rumex thyrsiflorus,ForestWetRich
81785,Rumex thyrsiflorus,ForestWetRich
81786,Rumex thyrsiflorus,ForestWetRich
81787,Rumex thyrsiflorus,ForestWetRich
81788,Rumex thyrsiflorus,ForestWetRich
81789,Rumex thyrsiflorus,ForestWetRich
81790,Rumex thyrsiflorus,ForestWetRich
81791,Rumex thyrsiflorus,ForestWetRich
81792,Rumex thyrsiflorus,ForestWetRich
81793,Rumex thyrsiflorus,ForestWetRich
81794,Rumex thyrsiflorus,ForestWetRich
81795,Rumex thyrsiflorus,ForestWetRich
81796,Rumex thyrsiflorus,ForestWetRich
81797,Rumex thyrsiflorus,ForestWetRich
81798,Rumex thyrsiflorus,ForestWetRich
81799,Rumex thyrsiflorus,ForestWetRich
81800,Rumex thyrsiflorus,ForestWetRich
82316,Rumex thyrsiflorus,ForestWetRich
82317,Rumex thyrsiflorus,ForestWetRich
82318,Rumex thyrsiflorus,ForestWetRich
82319,Rumex thyrsiflorus,ForestWetRich
82320,Rumex thyrsiflorus,ForestWetRich
82321,Rumex thyrsiflorus,ForestWetRich
82322,Rumex thyrsiflorus,ForestWetRich
82323,Rumex thyrsiflorus,ForestWetRich
82324,Rumex thyrsiflorus,ForestWetRich
82325,Rumex thyrsiflorus,ForestWetRich
82326,Rumex thyrsiflorus,ForestWetRich
82327,Rumex thyrsiflorus,ForestWetRich
82328,Rumex thyrsiflorus,ForestWetRich
82329,Rumex thyrsiflorus,ForestWetRich
82330,Rumex thyrsiflorus,ForestWetRich
82331,Rumex thyrsiflorus,ForestWetRich
82332,Rumex thyrsiflorus,ForestWetRich
82333,Rumex thyrsiflorus,ForestWetRich
82334,Rumex thyrsiflorus,ForestWetRich
82335,Rumex thyrsiflorus,ForestWetRich
82336,Rumex thyrsiflorus,ForestWetRich
82337,Rumex thyrsiflorus,ForestWetRich
82338,Rumex thyrsiflorus,ForestWetRich
82339,Rumex thyrsiflorus,ForestWetRich
82340,Rumex thyrsiflorus,ForestWetRich
82341,Rumex thyrsiflorus,ForestWetRich
82342,Rumex thyrsiflorus,ForestWetRich
82343,Rumex thyrsiflorus,ForestWetRich
82344,Rumex thyrsiflorus,ForestWetRich
82345,Rumex thyrsiflorus,ForestWetRich
82346,Rumex thyrsiflorus,ForestWetRich
82347,Rumex thyrsiflorus,ForestWetRich
82348,Rumex thyrsiflorus,ForestWetRich
82349,Rumex thyrsiflorus,ForestWetRich
82350,Rumex thyrsiflorus,ForestWetRich
82351,Rumex thyrsiflorus,ForestWetRich
82352,Rumex thyrsiflorus,ForestWetRich
82353,Rumex thyrsiflorus,ForestWetRich
82354,Rumex thyrsiflorus,ForestWetRich
82355,Rumex thyrsiflorus,ForestWetRich
82356,Rumex thyrsiflorus,ForestWetRich
82357,Rumex thyrsiflorus,ForestWetRich
82358,Rumex thyrsiflorus,ForestWetRich
82359,Rumex thyrsiflorus,ForestWetRich
82360,Rumex thyrsiflorus,ForestWetRich
82361,Rumex thyrsiflorus,ForestWetRich
82362,Rumex thyrsiflorus,ForestWetRich
82363,Rumex thyrsiflorus,ForestWetRich
82364,Rumex thyrsiflorus,ForestWetRich
82365,Rumex thyrsiflorus,ForestWetRich
82366,Rumex thyrsiflorus,ForestWetRich
82367,Rumex thyrsiflorus,ForestWetRich
82368,Rumex thyrsiflorus,ForestWetRich
82369,Rumex thyrsiflorus,ForestWetRich
82370,Rumex thyrsiflorus,ForestWetRich
82371,Rumex thyrsiflorus,ForestWetRich
82372,Rumex thyrsiflorus,ForestWetRich
82373,Rumex thyrsiflorus,ForestWetRich
82374,Rumex thyrsiflorus,ForestWetRich
82375,Rumex thyrsiflorus,ForestWetRich
82376,Rumex thyrsiflorus,ForestWetRich
82377,Rumex thyrsiflorus,ForestWetRich
82378,Rumex thyrsiflorus,ForestWetRich
82379,Rumex thyrsiflorus,ForestWetRich
82380,Rumex thyrsiflorus,ForestWetRich
82381,Rumex thyrsiflorus,ForestWetRich
82382,Rumex thyrsiflorus,ForestWetRich
82383,Rumex thyrsiflorus,ForestWetRich
82384,Rumex thyrsiflorus,ForestWetRich
82385,Rumex thyrsiflorus,ForestWetRich
82386,Rumex thyrsiflorus,ForestWetRich
82387,Rumex thyrsiflorus,ForestWetRich
82388,Rumex thyrsiflorus,ForestWetRich
82389,Rumex thyrsiflorus,ForestWetRich
82390,Rumex thyrsiflorus,ForestWetRich
82391,Rumex thyrsiflorus,ForestWetRich
82392,Rumex thyrsiflorus,ForestWetRich
82393,Rumex thyrsiflorus,ForestWetRich
82394,Rumex thyrsiflorus,ForestWetRich
82395,Rumex thyrsiflorus,ForestWetRich
82396,Rumex thyrsiflorus,ForestWetRich
82397,Rumex thyrsiflorus,ForestWetRich
82398,Rumex thyrsiflorus,ForestWetRich
82399,Rumex thyrsiflorus,ForestWetRich
82915,Rumex thyrsiflorus,ForestWetRich
82916,Rumex thyrsiflorus,ForestWetRich
82917,Rumex thyrsiflorus,ForestWetRich
82918,Rumex thyrsiflorus,ForestWetRich
82919,Rumex thyrsiflorus,ForestWetRich
82920,Rumex thyrsiflorus,ForestWetRich
82921,Rumex thyrsiflorus,ForestWetRich
82922,Rumex thyrsiflorus,ForestWetRich
82923,Rumex thyrsiflorus,ForestWetRich
82924,Rumex thyrsiflorus,ForestWetRich
82925,Rumex thyrsiflorus,ForestWetRich
82926,Rumex thyrsiflorus,ForestWetRich
82927,Rumex thyrsiflorus,ForestWetRich
82928,Rumex thyrsiflorus,ForestWetRich
82929,Rumex thyrsiflorus,ForestWetRich
82930,Rumex thyrsiflorus,ForestWetRich
82931,Rumex thyrsiflorus,ForestWetRich
82932,Rumex thyrsiflorus,ForestWetRich
82933,Rumex thyrsiflorus,ForestWetRich
82934,Rumex thyrsiflorus,ForestWetRich
82935,Rumex thyrsiflorus,ForestWetRich
82936,Rumex thyrsiflorus,ForestWetRich
82937,Rumex thyrsiflorus,ForestWetRich
82938,Rumex thyrsiflorus,ForestWetRich
82939,Rumex thyrsiflorus,ForestWetRich
82940,Rumex thyrsiflorus,ForestWetRich
82941,Rumex thyrsiflorus,ForestWetRich
82942,Rumex thyrsiflorus,ForestWetRich
82943,Rumex thyrsiflorus,ForestWetRich
82944,Rumex thyrsiflorus,ForestWetRich
82945,Rumex thyrsiflorus,ForestWetRich
82946,Rumex thyrsiflorus,ForestWetRich
82947,Rumex thyrsiflorus,ForestWetRich
82948,Rumex thyrsiflorus,ForestWetRich
82949,Rumex thyrsiflorus,ForestWetRich
82950,Rumex thyrsiflorus,ForestWetRich
82951,Rumex thyrsiflorus,ForestWetRich
82952,Rumex thyrsiflorus,ForestWetRich
82953,Rumex thyrsiflorus,ForestWetRich
82954,Rumex thyrsiflorus,ForestWetRich
82955,Rumex thyrsiflorus,ForestWetRich
82956,Rumex thyrsiflorus,ForestWetRich
82957,Rumex thyrsiflorus,ForestWetRich
82958,Rumex thyrsiflorus,ForestWetRich
82959,Rumex thyrsiflorus,ForestWetRich
82960,Rumex thyrsiflorus,ForestWetRich
82961,Rumex thyrsiflorus,ForestWetRich
82962,Rumex thyrsiflorus,ForestWetRich
82963,Rumex thyrsiflorus,ForestWetRich
82964,Rumex thyrsiflorus,ForestWetRich
82965,Rumex thyrsiflorus,ForestWetRich
82966,Rumex thyrsiflorus,ForestWetRich
82967,Rumex thyrsiflorus,ForestWetRich
82968,Rumex thyrsiflorus,ForestWetRich
82969,Rumex thyrsiflorus,ForestWetRich
82970,Rumex thyrsiflorus,ForestWetRich
82971,Rumex thyrsiflorus,ForestWetRich
82972,Rumex thyrsiflorus,ForestWetRich
82973,Rumex thyrsiflorus,ForestWetRich
82974,Rumex thyrsiflorus,ForestWetRich
82975,Rumex thyrsiflorus,ForestWetRich
82976,Rumex thyrsiflorus,ForestWetRich
82977,Rumex thyrsiflorus,ForestWetRich
82978,Rumex thyrsiflorus,ForestWetRich
82979,Rumex thyrsiflorus,ForestWetRich
82980,Rumex thyrsiflorus,ForestWetRich
82981,Rumex thyrsiflorus,ForestWetRich
82982,Rumex thyrsiflorus,ForestWetRich
82983,Rumex thyrsiflorus,ForestWetRich
82984,Rumex thyrsiflorus,ForestWetRich
82985,Rumex thyrsiflorus,ForestWetRich
82986,Rumex thyrsiflorus,ForestWetRich
82987,Rumex thyrsiflorus,ForestWetRich
82988,Rumex thyrsiflorus,ForestWetRich
82989,Rumex thyrsiflorus,ForestWetRich
82990,Rumex thyrsiflorus,ForestWetRich
82991,Rumex thyrsiflorus,ForestWetRich
82992,Rumex thyrsiflorus,ForestWetRich
82993,Rumex thyrsiflorus,ForestWetRich
82994,Rumex thyrsiflorus,ForestWetRich
82995,Rumex thyrsiflorus,ForestWetRich
82996,Rumex thyrsiflorus,ForestWetRich
82997,Rumex thyrsiflorus,ForestWetRich
82998,Rumex thyrsiflorus,ForestWetRich
83513,Rumex thyrsiflorus,ForestWetRich
83514,Rumex thyrsiflorus,ForestWetRich
83515,Rumex thyrsiflorus,ForestWetRich
83516,Rumex thyrsiflorus,ForestWetRich
83517,Rumex thyrsiflorus,ForestWetRich
83518,Rumex thyrsiflorus,ForestWetRich
83519,Rumex thyrsiflorus,ForestWetRich
83520,Rumex thyrsiflorus,ForestWetRich
83521,Rumex thyrsiflorus,ForestWetRich
83522,Rumex thyrsiflorus,ForestWetRich
83523,Rumex thyrsiflorus,ForestWetRich
83524,Rumex thyrsiflorus,ForestWetRich
83525,Rumex thyrsiflorus,ForestWetRich
83526,Rumex thyrsiflorus,ForestWetRich
83527,Rumex thyrsiflorus,ForestWetRich
83528,Rumex thyrsiflorus,ForestWetRich
83529,Rumex thyrsiflorus,ForestWetRich
83530,Rumex thyrsiflorus,ForestWetRich
83531,Rumex thyrsiflorus,ForestWetRich
83532,Rumex thyrsiflorus,ForestWetRich
83533,Rumex thyrsiflorus,ForestWetRich
83534,Rumex thyrsiflorus,ForestWetRich
83535,Rumex thyrsiflorus,ForestWetRich
83536,Rumex thyrsiflorus,ForestWetRich
83537,Rumex thyrsiflorus,ForestWetRich
83538,Rumex thyrsiflorus,ForestWetRich
83539,Rumex thyrsiflorus,ForestWetRich
83540,Rumex thyrsiflorus,ForestWetRich
83541,Rumex thyrsiflorus,ForestWetRich
83542,Rumex thyrsiflorus,ForestWetRich
83543,Rumex thyrsiflorus,ForestWetRich
83544,Rumex thyrsiflorus,ForestWetRich
83545,Rumex thyrsiflorus,ForestWetRich
83546,Rumex thyrsiflorus,ForestWetRich
83547,Rumex thyrsiflorus,ForestWetRich
83548,Rumex thyrsiflorus,ForestWetRich
83549,Rumex thyrsiflorus,ForestWetRich
83550,Rumex thyrsiflorus,ForestWetRich
83551,Rumex thyrsiflorus,ForestWetRich
83552,Rumex thyrsiflorus,ForestWetRich
83553,Rumex thyrsiflorus,ForestWetRich
83554,Rumex thyrsiflorus,ForestWetRich
83555,Rumex thyrsiflorus,ForestWetRich
83556,Rumex thyrsiflorus,ForestWetRich
83557,Rumex thyrsiflorus,ForestWetRich
83558,Rumex thyrsiflorus,ForestWetRich
83559,Rumex thyrsiflorus,ForestWetRich
83560,Rumex thyrsiflorus,ForestWetRich
83561,Rumex thyrsiflorus,ForestWetRich
83562,Rumex thyrsiflorus,ForestWetRich
83563,Rumex thyrsiflorus,ForestWetRich
83564,Rumex thyrsiflorus,ForestWetRich
83565,Rumex thyrsiflorus,ForestWetRich
83566,Rumex thyrsiflorus,ForestWetRich
83567,Rumex thyrsiflorus,ForestWetRich
83568,Rumex thyrsiflorus,ForestWetRich
83569,Rumex thyrsiflorus,ForestWetRich
83570,Rumex thyrsiflorus,ForestWetRich
83571,Rumex thyrsiflorus,ForestWetRich
83572,Rumex thyrsiflorus,ForestWetRich
83573,Rumex thyrsiflorus,ForestWetRich
83574,Rumex thyrsiflorus,ForestWetRich
83575,Rumex thyrsiflorus,ForestWetRich
83576,Rumex thyrsiflorus,ForestWetRich
83577,Rumex thyrsiflorus,ForestWetRich
83578,Rumex thyrsiflorus,ForestWetRich
83579,Rumex thyrsiflorus,ForestWetRich
83580,Rumex thyrsiflorus,ForestWetRich
83581,Rumex thyrsiflorus,ForestWetRich
83582,Rumex thyrsiflorus,ForestWetRich
83583,Rumex thyrsiflorus,ForestWetRich
83584,Rumex thyrsiflorus,ForestWetRich
83585,Rumex thyrsiflorus,ForestWetRich
83586,Rumex thyrsiflorus,ForestWetRich
83587,Rumex thyrsiflorus,ForestWetRich
83588,Rumex thyrsiflorus,ForestWetRich
83589,Rumex thyrsiflorus,ForestWetRich
83590,Rumex thyrsiflorus,ForestWetRich
83591,Rumex thyrsiflorus,ForestWetRich
83592,Rumex thyrsiflorus,ForestWetRich
83593,Rumex thyrsiflorus,ForestWetRich
83594,Rumex thyrsiflorus,ForestWetRich
83595,Rumex thyrsiflorus,ForestWetRich
83596,Rumex thyrsiflorus,ForestWetRich
83597,Rumex thyrsiflorus,ForestWetRich
84112,Rumex thyrsiflorus,ForestWetRich
84113,Rumex thyrsiflorus,ForestWetRich
84114,Rumex thyrsiflorus,ForestWetRich
84115,Rumex thyrsiflorus,ForestWetRich
84116,Rumex thyrsiflorus,ForestWetRich
84117,Rumex thyrsiflorus,ForestWetRich
84118,Rumex thyrsiflorus,ForestWetRich
84119,Rumex thyrsiflorus,ForestWetRich
84120,Rumex thyrsiflorus,ForestWetRich
84121,Rumex thyrsiflorus,ForestWetRich
84122,Rumex thyrsiflorus,ForestWetRich
84123,Rumex thyrsiflorus,ForestWetRich
84124,Rumex thyrsiflorus,ForestWetRich
84125,Rumex thyrsiflorus,ForestWetRich
84126,Rumex thyrsiflorus,ForestWetRich
84127,Rumex thyrsiflorus,ForestWetRich
84128,Rumex thyrsiflorus,ForestWetRich
84129,Rumex thyrsiflorus,ForestWetRich
84130,Rumex thyrsiflorus,ForestWetRich
84131,Rumex thyrsiflorus,ForestWetRich
84132,Rumex thyrsiflorus,ForestWetRich
84133,Rumex thyrsiflorus,ForestWetRich
84134,Rumex thyrsiflorus,ForestWetRich
84135,Rumex thyrsiflorus,ForestWetRich
84136,Rumex thyrsiflorus,ForestWetRich
84137,Rumex thyrsiflorus,ForestWetRich
84138,Rumex thyrsiflorus,ForestWetRich
84139,Rumex thyrsiflorus,ForestWetRich
84140,Rumex thyrsiflorus,ForestWetRich
84141,Rumex thyrsiflorus,ForestWetRich
84142,Rumex thyrsiflorus,ForestWetRich
84143,Rumex thyrsiflorus,ForestWetRich
84144,Rumex thyrsiflorus,ForestWetRich
84145,Rumex thyrsiflorus,ForestWetRich
84146,Rumex thyrsiflorus,ForestWetRich
84147,Rumex thyrsiflorus,ForestWetRich
84148,Rumex thyrsiflorus,ForestWetRich
84149,Rumex thyrsiflorus,ForestWetRich
84150,Rumex thyrsiflorus,ForestWetRich
84151,Rumex thyrsiflorus,ForestWetRich
84152,Rumex thyrsiflorus,ForestWetRich
84153,Rumex thyrsiflorus,ForestWetRich
84154,Rumex thyrsiflorus,ForestWetRich
84155,Rumex thyrsiflorus,ForestWetRich
84156,Rumex thyrsiflorus,ForestWetRich
84157,Rumex thyrsiflorus,ForestWetRich
84158,Rumex thyrsiflorus,ForestWetRich
84159,Rumex thyrsiflorus,ForestWetRich
84160,Rumex thyrsiflorus,ForestWetRich
84161,Rumex thyrsiflorus,ForestWetRich
84162,Rumex thyrsiflorus,ForestWetRich
84163,Rumex thyrsiflorus,ForestWetRich
84164,Rumex thyrsiflorus,ForestWetRich
84165,Rumex thyrsiflorus,ForestWetRich
84166,Rumex thyrsiflorus,ForestWetRich
84167,Rumex thyrsiflorus,ForestWetRich
84168,Rumex thyrsiflorus,ForestWetRich
84169,Rumex thyrsiflorus,ForestWetRich
84170,Rumex thyrsiflorus,ForestWetRich
84171,Rumex thyrsiflorus,ForestWetRich
84172,Rumex thyrsiflorus,ForestWetRich
84173,Rumex thyrsiflorus,ForestWetRich
84174,Rumex thyrsiflorus,ForestWetRich
84175,Rumex thyrsiflorus,ForestWetRich
84176,Rumex thyrsiflorus,ForestWetRich
84177,Rumex thyrsiflorus,ForestWetRich
84178,Rumex thyrsiflorus,ForestWetRich
84179,Rumex thyrsiflorus,ForestWetRich
84180,Rumex thyrsiflorus,ForestWetRich
84181,Rumex thyrsiflorus,ForestWetRich
84182,Rumex thyrsiflorus,ForestWetRich
84183,Rumex thyrsiflorus,ForestWetRich
84184,Rumex thyrsiflorus,ForestWetRich
84185,Rumex thyrsiflorus,ForestWetRich
84186,Rumex thyrsiflorus,ForestWetRich
84187,Rumex thyrsiflorus,ForestWetRich
84188,Rumex thyrsiflorus,ForestWetRich
84189,Rumex thyrsiflorus,ForestWetRich
84190,Rumex thyrsiflorus,ForestWetRich
84191,Rumex thyrsiflorus,ForestWetRich
84192,Rumex thyrsiflorus,ForestWetRich
84193,Rumex thyrsiflorus,ForestWetRich
84194,Rumex thyrsiflorus,ForestWetRich
84195,Rumex thyrsiflorus,ForestWetRich
84196,Rumex thyrsiflorus,ForestWetRich
84710,Rumex thyrsiflorus,ForestWetRich
84711,Rumex thyrsiflorus,ForestWetRich
84712,Rumex thyrsiflorus,ForestWetRich
84713,Rumex thyrsiflorus,ForestWetRich
84714,Rumex thyrsiflorus,ForestWetRich
84715,Rumex thyrsiflorus,ForestWetRich
84716,Rumex thyrsiflorus,ForestWetRich
84717,Rumex thyrsiflorus,ForestWetRich
84718,Rumex thyrsiflorus,ForestWetRich
84719,Rumex thyrsiflorus,ForestWetRich
84720,Rumex thyrsiflorus,ForestWetRich
84721,Rumex thyrsiflorus,ForestWetRich
84722,Rumex thyrsiflorus,ForestWetRich
84723,Rumex thyrsiflorus,ForestWetRich
84724,Rumex thyrsiflorus,ForestWetRich
84725,Rumex thyrsiflorus,ForestWetRich
84726,Rumex thyrsiflorus,ForestWetRich
84727,Rumex thyrsiflorus,ForestWetRich
84728,Rumex thyrsiflorus,ForestWetRich
84729,Rumex thyrsiflorus,ForestWetRich
84730,Rumex thyrsiflorus,ForestWetRich
84731,Rumex thyrsiflorus,ForestWetRich
84732,Rumex thyrsiflorus,ForestWetRich
84733,Rumex thyrsiflorus,ForestWetRich
84734,Rumex thyrsiflorus,ForestWetRich
84735,Rumex thyrsiflorus,ForestWetRich
84736,Rumex thyrsiflorus,ForestWetRich
84737,Rumex thyrsiflorus,ForestWetRich
84738,Rumex thyrsiflorus,ForestWetRich
84739,Rumex thyrsiflorus,ForestWetRich
84740,Rumex thyrsiflorus,ForestWetRich
84741,Rumex thyrsiflorus,ForestWetRich
84742,Rumex thyrsiflorus,ForestWetRich
84743,Rumex thyrsiflorus,ForestWetRich
84744,Rumex thyrsiflorus,ForestWetRich
84745,Rumex thyrsiflorus,ForestWetRich
84746,Rumex thyrsiflorus,ForestWetRich
84747,Rumex thyrsiflorus,ForestWetRich
84748,Rumex thyrsiflorus,ForestWetRich
84749,Rumex thyrsiflorus,ForestWetRich
84750,Rumex thyrsiflorus,ForestWetRich
84751,Rumex thyrsiflorus,ForestWetRich
84752,Rumex thyrsiflorus,ForestWetRich
84753,Rumex thyrsiflorus,ForestWetRich
84754,Rumex thyrsiflorus,ForestWetRich
84755,Rumex thyrsiflorus,ForestWetRich
84756,Rumex thyrsiflorus,ForestWetRich
84757,Rumex thyrsiflorus,ForestWetRich
84758,Rumex thyrsiflorus,ForestWetRich
84759,Rumex thyrsiflorus,ForestWetRich
84760,Rumex thyrsiflorus,ForestWetRich
84761,Rumex thyrsiflorus,ForestWetRich
84762,Rumex thyrsiflorus,ForestWetRich
84763,Rumex thyrsiflorus,ForestWetRich
84764,Rumex thyrsiflorus,ForestWetRich
84765,Rumex thyrsiflorus,ForestWetRich
84766,Rumex thyrsiflorus,ForestWetRich
84767,Rumex thyrsiflorus,ForestWetRich
84768,Rumex thyrsiflorus,ForestWetRich
84769,Rumex thyrsiflorus,ForestWetRich
84770,Rumex thyrsiflorus,ForestWetRich
84771,Rumex thyrsiflorus,ForestWetRich
84772,Rumex thyrsiflorus,ForestWetRich
84773,Rumex thyrsiflorus,ForestWetRich
84774,Rumex thyrsiflorus,ForestWetRich
84775,Rumex thyrsiflorus,ForestWetRich
84776,Rumex thyrsiflorus,ForestWetRich
84777,Rumex thyrsiflorus,ForestWetRich
84778,Rumex thyrsiflorus,ForestWetRich
84779,Rumex thyrsiflorus,ForestWetRich
84780,Rumex thyrsiflorus,ForestWetRich
84781,Rumex thyrsiflorus,ForestWetRich
84782,Rumex thyrsiflorus,ForestWetRich
84783,Rumex thyrsiflorus,ForestWetRich
84784,Rumex thyrsiflorus,ForestWetRich
84785,Rumex thyrsiflorus,ForestWetRich
84786,Rumex thyrsiflorus,ForestWetRich
84787,Rumex thyrsiflorus,ForestWetRich
84788,Rumex thyrsiflorus,ForestWetRich
84789,Rumex thyrsiflorus,ForestWetRich
84790,Rumex thyrsiflorus,ForestWetRich
84791,Rumex thyrsiflorus,ForestWetRich
84792,Rumex thyrsiflorus,ForestWetRich
84793,Rumex thyrsiflorus,ForestWetRich
84794,Rumex thyrsiflorus,ForestWetRich
84795,Rumex thyrsiflorus,ForestWetRich
85309,Rumex thyrsiflorus,ForestWetRich
85310,Rumex thyrsiflorus,ForestWetRich
85311,Rumex thyrsiflorus,ForestWetRich
85312,Rumex thyrsiflorus,ForestWetRich
85313,Rumex thyrsiflorus,ForestWetRich
85314,Rumex thyrsiflorus,ForestWetRich
85315,Rumex thyrsiflorus,ForestWetRich
85316,Rumex thyrsiflorus,ForestWetRich
85317,Rumex thyrsiflorus,ForestWetRich
85318,Rumex thyrsiflorus,ForestWetRich
85319,Rumex thyrsiflorus,ForestWetRich
85320,Rumex thyrsiflorus,ForestWetRich
85321,Rumex thyrsiflorus,ForestWetRich
85322,Rumex thyrsiflorus,ForestWetRich
85323,Rumex thyrsiflorus,ForestWetRich
85324,Rumex thyrsiflorus,ForestWetRich
85325,Rumex thyrsiflorus,ForestWetRich
85326,Rumex thyrsiflorus,ForestWetRich
85327,Rumex thyrsiflorus,ForestWetRich
85328,Rumex thyrsiflorus,ForestWetRich
85329,Rumex thyrsiflorus,ForestWetRich
85330,Rumex thyrsiflorus,ForestWetRich
85331,Rumex thyrsiflorus,ForestWetRich
85332,Rumex thyrsiflorus,ForestWetRich
85333,Rumex thyrsiflorus,ForestWetRich
85334,Rumex thyrsiflorus,ForestWetRich
85335,Rumex thyrsiflorus,ForestWetRich
85336,Rumex thyrsiflorus,ForestWetRich
85337,Rumex thyrsiflorus,ForestWetRich
85338,Rumex thyrsiflorus,ForestWetRich
85339,Rumex thyrsiflorus,ForestWetRich
85340,Rumex thyrsiflorus,ForestWetRich
85341,Rumex thyrsiflorus,ForestWetRich
85342,Rumex thyrsiflorus,ForestWetRich
85343,Rumex thyrsiflorus,ForestWetRich
85344,Rumex thyrsiflorus,ForestWetRich
85345,Rumex thyrsiflorus,ForestWetRich
85346,Rumex thyrsiflorus,ForestWetRich
85347,Rumex thyrsiflorus,ForestWetRich
85348,Rumex thyrsiflorus,ForestWetRich
85349,Rumex thyrsiflorus,ForestWetRich
85350,Rumex thyrsiflorus,ForestWetRich
85351,Rumex thyrsiflorus,ForestWetRich
85352,Rumex thyrsiflorus,ForestWetRich
85353,Rumex thyrsiflorus,ForestWetRich
85354,Rumex thyrsiflorus,ForestWetRich
85355,Rumex thyrsiflorus,ForestWetRich
85356,Rumex thyrsiflorus,ForestWetRich
85357,Rumex thyrsiflorus,ForestWetRich
85358,Rumex thyrsiflorus,ForestWetRich
85359,Rumex thyrsiflorus,ForestWetRich
85360,Rumex thyrsiflorus,ForestWetRich
85361,Rumex thyrsiflorus,ForestWetRich
85362,Rumex thyrsiflorus,ForestWetRich
85363,Rumex thyrsiflorus,ForestWetRich
85364,Rumex thyrsiflorus,ForestWetRich
85365,Rumex thyrsiflorus,ForestWetRich
85366,Rumex thyrsiflorus,ForestWetRich
85367,Rumex thyrsiflorus,ForestWetRich
85368,Rumex thyrsiflorus,ForestWetRich
85369,Rumex thyrsiflorus,ForestWetRich
85370,Rumex thyrsiflorus,ForestWetRich
85371,Rumex thyrsiflorus,ForestWetRich
85372,Rumex thyrsiflorus,ForestWetRich
85373,Rumex thyrsiflorus,ForestWetRich
85374,Rumex thyrsiflorus,ForestWetRich
85375,Rumex thyrsiflorus,ForestWetRich
85376,Rumex thyrsiflorus,ForestWetRich
85377,Rumex thyrsiflorus,ForestWetRich
85378,Rumex thyrsiflorus,ForestWetRich
85379,Rumex thyrsiflorus,ForestWetRich
85380,Rumex thyrsiflorus,ForestWetRich
85381,Rumex thyrsiflorus,ForestWetRich
85382,Rumex thyrsiflorus,ForestWetRich
85383,Rumex thyrsiflorus,ForestWetRich
85384,Rumex thyrsiflorus,ForestWetRich
85385,Rumex thyrsiflorus,ForestWetRich
85386,Rumex thyrsiflorus,ForestWetRich
85387,Rumex thyrsiflorus,ForestWetRich
85388,Rumex thyrsiflorus,ForestWetRich
85389,Rumex thyrsiflorus,ForestWetRich
85390,Rumex thyrsiflorus,ForestWetRich
85391,Rumex thyrsiflorus,ForestWetRich
85392,Rumex thyrsiflorus,ForestWetRich
85393,Rumex thyrsiflorus,ForestWetRich
85394,Rumex thyrsiflorus,ForestWetRich
85908,Rumex thyrsiflorus,ForestWetRich
85909,Rumex thyrsiflorus,ForestWetRich
85910,Rumex thyrsiflorus,ForestWetRich
85911,Rumex thyrsiflorus,ForestWetRich
85912,Rumex thyrsiflorus,ForestWetRich
85913,Rumex thyrsiflorus,ForestWetRich
85914,Rumex thyrsiflorus,ForestWetRich
85915,Rumex thyrsiflorus,ForestWetRich
85916,Rumex thyrsiflorus,ForestWetRich
85917,Rumex thyrsiflorus,ForestWetRich
85918,Rumex thyrsiflorus,ForestWetRich
85919,Rumex thyrsiflorus,ForestWetRich
85920,Rumex thyrsiflorus,ForestWetRich
85921,Rumex thyrsiflorus,ForestWetRich
85922,Rumex thyrsiflorus,ForestWetRich
85923,Rumex thyrsiflorus,ForestWetRich
85924,Rumex thyrsiflorus,ForestWetRich
85925,Rumex thyrsiflorus,ForestWetRich
85926,Rumex thyrsiflorus,ForestWetRich
85927,Rumex thyrsiflorus,ForestWetRich
85928,Rumex thyrsiflorus,ForestWetRich
85929,Rumex thyrsiflorus,ForestWetRich
85930,Rumex thyrsiflorus,ForestWetRich
85931,Rumex thyrsiflorus,ForestWetRich
85932,Rumex thyrsiflorus,ForestWetRich
85933,Rumex thyrsiflorus,ForestWetRich
85934,Rumex thyrsiflorus,ForestWetRich
85935,Rumex thyrsiflorus,ForestWetRich
85936,Rumex thyrsiflorus,ForestWetRich
85937,Rumex thyrsiflorus,ForestWetRich
85938,Rumex thyrsiflorus,ForestWetRich
85939,Rumex thyrsiflorus,ForestWetRich
85940,Rumex thyrsiflorus,ForestWetRich
85941,Rumex thyrsiflorus,ForestWetRich
85942,Rumex thyrsiflorus,ForestWetRich
85943,Rumex thyrsiflorus,ForestWetRich
85944,Rumex thyrsiflorus,ForestWetRich
85945,Rumex thyrsiflorus,ForestWetRich
85946,Rumex thyrsiflorus,ForestWetRich
85947,Rumex thyrsiflorus,ForestWetRich
85948,Rumex thyrsiflorus,ForestWetRich
85949,Rumex thyrsiflorus,ForestWetRich
85950,Rumex thyrsiflorus,ForestWetRich
85951,Rumex thyrsiflorus,ForestWetRich
85952,Rumex thyrsiflorus,ForestWetRich
85953,Rumex thyrsiflorus,ForestWetRich
85954,Rumex thyrsiflorus,ForestWetRich
85955,Rumex thyrsiflorus,ForestWetRich
85956,Rumex thyrsiflorus,ForestWetRich
85957,Rumex thyrsiflorus,ForestWetRich
85958,Rumex thyrsiflorus,ForestWetRich
85959,Rumex thyrsiflorus,ForestWetRich
85960,Rumex thyrsiflorus,ForestWetRich
85961,Rumex thyrsiflorus,ForestWetRich
85962,Rumex thyrsiflorus,ForestWetRich
85963,Rumex thyrsiflorus,ForestWetRich
85964,Rumex thyrsiflorus,ForestWetRich
85965,Rumex thyrsiflorus,ForestWetRich
85966,Rumex thyrsiflorus,ForestWetRich
85967,Rumex thyrsiflorus,ForestWetRich
85968,Rumex thyrsiflorus,ForestWetRich
85969,Rumex thyrsiflorus,ForestWetRich
85970,Rumex thyrsiflorus,ForestWetRich
85971,Rumex thyrsiflorus,ForestWetRich
85972,Rumex thyrsiflorus,ForestWetRich
85973,Rumex thyrsiflorus,ForestWetRich
85974,Rumex thyrsiflorus,ForestWetRich
85975,Rumex thyrsiflorus,ForestWetRich
85976,Rumex thyrsiflorus,ForestWetRich
85977,Rumex thyrsiflorus,ForestWetRich
85978,Rumex thyrsiflorus,ForestWetRich
85979,Rumex thyrsiflorus,ForestWetRich
85980,Rumex thyrsiflorus,ForestWetRich
85981,Rumex thyrsiflorus,ForestWetRich
85982,Rumex thyrsiflorus,ForestWetRich
85983,Rumex thyrsiflorus,ForestWetRich
85984,Rumex thyrsiflorus,ForestWetRich
85985,Rumex thyrsiflorus,ForestWetRich
85986,Rumex thyrsiflorus,ForestWetRich
85987,Rumex thyrsiflorus,ForestWetRich
85988,Rumex thyrsiflorus,ForestWetRich
85989,Rumex thyrsiflorus,ForestWetRich
85990,Rumex thyrsiflorus,ForestWetRich
85991,Rumex thyrsiflorus,ForestWetRich
85992,Rumex thyrsiflorus,ForestWetRich
85993,Rumex thyrsiflorus,ForestWetRich
86506,Rumex thyrsiflorus,ForestWetRich
86507,Rumex thyrsiflorus,ForestWetRich
86508,Rumex thyrsiflorus,ForestWetRich
86509,Rumex thyrsiflorus,ForestWetRich
86510,Rumex thyrsiflorus,ForestWetRich
86511,Rumex thyrsiflorus,ForestWetRich
86512,Rumex thyrsiflorus,ForestWetRich
86513,Rumex thyrsiflorus,ForestWetRich
86514,Rumex thyrsiflorus,ForestWetRich
86515,Rumex thyrsiflorus,ForestWetRich
86516,Rumex thyrsiflorus,ForestWetRich
86517,Rumex thyrsiflorus,ForestWetRich
86518,Rumex thyrsiflorus,ForestWetRich
86519,Rumex thyrsiflorus,ForestWetRich
86520,Rumex thyrsiflorus,ForestWetRich
86521,Rumex thyrsiflorus,ForestWetRich
86522,Rumex thyrsiflorus,ForestWetRich
86523,Rumex thyrsiflorus,ForestWetRich
86524,Rumex thyrsiflorus,ForestWetRich
86525,Rumex thyrsiflorus,ForestWetRich
86526,Rumex thyrsiflorus,ForestWetRich
86527,Rumex thyrsiflorus,ForestWetRich
86528,Rumex thyrsiflorus,ForestWetRich
86529,Rumex thyrsiflorus,ForestWetRich
86530,Rumex thyrsiflorus,ForestWetRich
86531,Rumex thyrsiflorus,ForestWetRich
86532,Rumex thyrsiflorus,ForestWetRich
86533,Rumex thyrsiflorus,ForestWetRich
86534,Rumex thyrsiflorus,ForestWetRich
86535,Rumex thyrsiflorus,ForestWetRich
86536,Rumex thyrsiflorus,ForestWetRich
86537,Rumex thyrsiflorus,ForestWetRich
86538,Rumex thyrsiflorus,ForestWetRich
86539,Rumex thyrsiflorus,ForestWetRich
86540,Rumex thyrsiflorus,ForestWetRich
86541,Rumex thyrsiflorus,ForestWetRich
86542,Rumex thyrsiflorus,ForestWetRich
86543,Rumex thyrsiflorus,ForestWetRich
86544,Rumex thyrsiflorus,ForestWetRich
86545,Rumex thyrsiflorus,ForestWetRich
86546,Rumex thyrsiflorus,ForestWetRich
86547,Rumex thyrsiflorus,ForestWetRich
86548,Rumex thyrsiflorus,ForestWetRich
86549,Rumex thyrsiflorus,ForestWetRich
86550,Rumex thyrsiflorus,ForestWetRich
86551,Rumex thyrsiflorus,ForestWetRich
86552,Rumex thyrsiflorus,ForestWetRich
86553,Rumex thyrsiflorus,ForestWetRich
86554,Rumex thyrsiflorus,ForestWetRich
86555,Rumex thyrsiflorus,ForestWetRich
86556,Rumex thyrsiflorus,ForestWetRich
86557,Rumex thyrsiflorus,ForestWetRich
86558,Rumex thyrsiflorus,ForestWetRich
86559,Rumex thyrsiflorus,ForestWetRich
86560,Rumex thyrsiflorus,ForestWetRich
86561,Rumex thyrsiflorus,ForestWetRich
86562,Rumex thyrsiflorus,ForestWetRich
86563,Rumex thyrsiflorus,ForestWetRich
86564,Rumex thyrsiflorus,ForestWetRich
86565,Rumex thyrsiflorus,ForestWetRich
86566,Rumex thyrsiflorus,ForestWetRich
86567,Rumex thyrsiflorus,ForestWetRich
86568,Rumex thyrsiflorus,ForestWetRich
86569,Rumex thyrsiflorus,ForestWetRich
86570,Rumex thyrsiflorus,ForestWetRich
86571,Rumex thyrsiflorus,ForestWetRich
86572,Rumex thyrsiflorus,ForestWetRich
86573,Rumex thyrsiflorus,ForestWetRich
86574,Rumex thyrsiflorus,ForestWetRich
86575,Rumex thyrsiflorus,ForestWetRich
86576,Rumex thyrsiflorus,ForestWetRich
86577,Rumex thyrsiflorus,ForestWetRich
86578,Rumex thyrsiflorus,ForestWetRich
86579,Rumex thyrsiflorus,ForestWetRich
86580,Rumex thyrsiflorus,ForestWetRich
86581,Rumex thyrsiflorus,ForestWetRich
86582,Rumex thyrsiflorus,ForestWetRich
86583,Rumex thyrsiflorus,ForestWetRich
86584,Rumex thyrsiflorus,ForestWetRich
86585,Rumex thyrsiflorus,ForestWetRich
86586,Rumex thyrsiflorus,ForestWetRich
86587,Rumex thyrsiflorus,ForestWetRich
86588,Rumex thyrsiflorus,ForestWetRich
86589,Rumex thyrsiflorus,ForestWetRich
86590,Rumex thyrsiflorus,ForestWetRich
86591,Rumex thyrsiflorus,ForestWetRich
86592,Rumex thyrsiflorus,ForestWetRich
86593,Rumex thyrsiflorus,ForestWetRich
86594,Rumex thyrsiflorus,ForestWetRich
86595,Rumex thyrsiflorus,ForestWetRich
86596,Rumex thyrsiflorus,ForestWetRich
86597,Rumex thyrsiflorus,ForestWetRich
86598,Rumex thyrsiflorus,ForestWetRich
86599,Rumex thyrsiflorus,ForestWetRich
86600,Rumex thyrsiflorus,ForestWetRich
86601,Rumex thyrsiflorus,ForestWetRich
87105,Rumex thyrsiflorus,ForestWetRich
87106,Rumex thyrsiflorus,ForestWetRich
87107,Rumex thyrsiflorus,ForestWetRich
87108,Rumex thyrsiflorus,ForestWetRich
87109,Rumex thyrsiflorus,ForestWetRich
87110,Rumex thyrsiflorus,ForestWetRich
87111,Rumex thyrsiflorus,ForestWetRich
87112,Rumex thyrsiflorus,ForestWetRich
87113,Rumex thyrsiflorus,ForestWetRich
87114,Rumex thyrsiflorus,ForestWetRich
87115,Rumex thyrsiflorus,ForestWetRich
87116,Rumex thyrsiflorus,ForestWetRich
87117,Rumex thyrsiflorus,ForestWetRich
87118,Rumex thyrsiflorus,ForestWetRich
87119,Rumex thyrsiflorus,ForestWetRich
87120,Rumex thyrsiflorus,ForestWetRich
87121,Rumex thyrsiflorus,ForestWetRich
87122,Rumex thyrsiflorus,ForestWetRich
87123,Rumex thyrsiflorus,ForestWetRich
87124,Rumex thyrsiflorus,ForestWetRich
87125,Rumex thyrsiflorus,ForestWetRich
87126,Rumex thyrsiflorus,ForestWetRich
87127,Rumex thyrsiflorus,ForestWetRich
87128,Rumex thyrsiflorus,ForestWetRich
87129,Rumex thyrsiflorus,ForestWetRich
87130,Rumex thyrsiflorus,ForestWetRich
87131,Rumex thyrsiflorus,ForestWetRich
87132,Rumex thyrsiflorus,ForestWetRich
87133,Rumex thyrsiflorus,ForestWetRich
87134,Rumex thyrsiflorus,ForestWetRich
87135,Rumex thyrsiflorus,ForestWetRich
87136,Rumex thyrsiflorus,ForestWetRich
87137,Rumex thyrsiflorus,ForestWetRich
87138,Rumex thyrsiflorus,ForestWetRich
87139,Rumex thyrsiflorus,ForestWetRich
87140,Rumex thyrsiflorus,ForestWetRich
87141,Rumex thyrsiflorus,ForestWetRich
87142,Rumex thyrsiflorus,ForestWetRich
87143,Rumex thyrsiflorus,ForestWetRich
87144,Rumex thyrsiflorus,ForestWetRich
87145,Rumex thyrsiflorus,ForestWetRich
87146,Rumex thyrsiflorus,ForestWetRich
87147,Rumex thyrsiflorus,ForestWetRich
87148,Rumex thyrsiflorus,ForestWetRich
87149,Rumex thyrsiflorus,ForestWetRich
87150,Rumex thyrsiflorus,ForestWetRich
87151,Rumex thyrsiflorus,ForestWetRich
87152,Rumex thyrsiflorus,ForestWetRich
87153,Rumex thyrsiflorus,ForestWetRich
87154,Rumex thyrsiflorus,ForestWetRich
87155,Rumex thyrsiflorus,ForestWetRich
87156,Rumex thyrsiflorus,ForestWetRich
87157,Rumex thyrsiflorus,ForestWetRich
87158,Rumex thyrsiflorus,ForestWetRich
87159,Rumex thyrsiflorus,ForestWetRich
87160,Rumex thyrsiflorus,ForestWetRich
87161,Rumex thyrsiflorus,ForestWetRich
87162,Rumex thyrsiflorus,ForestWetRich
87163,Rumex thyrsiflorus,ForestWetRich
87164,Rumex thyrsiflorus,ForestWetRich
87165,Rumex thyrsiflorus,ForestWetRich
87166,Rumex thyrsiflorus,ForestWetRich
87167,Rumex thyrsiflorus,ForestWetRich
87168,Rumex thyrsiflorus,ForestWetRich
87169,Rumex thyrsiflorus,ForestWetRich
87170,Rumex thyrsiflorus,ForestWetRich
87171,Rumex thyrsiflorus,ForestWetRich
87172,Rumex thyrsiflorus,ForestWetRich
87173,Rumex thyrsiflorus,ForestWetRich
87174,Rumex thyrsiflorus,ForestWetRich
87175,Rumex thyrsiflorus,ForestWetRich
87176,Rumex thyrsiflorus,ForestWetRich
87177,Rumex thyrsiflorus,ForestWetRich
87178,Rumex thyrsiflorus,ForestWetRich
87179,Rumex thyrsiflorus,ForestWetRich
87180,Rumex thyrsiflorus,ForestWetRich
87181,Rumex thyrsiflorus,ForestWetRich
87182,Rumex thyrsiflorus,ForestWetRich
87183,Rumex thyrsiflorus,ForestWetRich
87184,Rumex thyrsiflorus,ForestWetRich
87185,Rumex thyrsiflorus,ForestWetRich
87186,Rumex thyrsiflorus,ForestWetRich
87187,Rumex thyrsiflorus,ForestWetRich
87188,Rumex thyrsiflorus,ForestWetRich
87189,Rumex thyrsiflorus,ForestWetRich
87190,Rumex thyrsiflorus,ForestWetRich
87191,Rumex thyrsiflorus,ForestWetRich
87192,Rumex thyrsiflorus,ForestWetRich
87193,Rumex thyrsiflorus,ForestWetRich
87194,Rumex thyrsiflorus,ForestWetRich
87195,Rumex thyrsiflorus,ForestWetRich
87196,Rumex thyrsiflorus,ForestWetRich
87197,Rumex thyrsiflorus,ForestWetRich
87198,Rumex thyrsiflorus,ForestWetRich
87199,Rumex thyrsiflorus,ForestWetRich
87200,Rumex thyrsiflorus,ForestWetRich
87704,Rumex thyrsiflorus,ForestWetRich
87705,Rumex thyrsiflorus,ForestWetRich
87706,Rumex thyrsiflorus,ForestWetRich
87707,Rumex thyrsiflorus,ForestWetRich
87708,Rumex thyrsiflorus,ForestWetRich
87709,Rumex thyrsiflorus,ForestWetRich
87710,Rumex thyrsiflorus,ForestWetRich
87711,Rumex thyrsiflorus,ForestWetRich
87712,Rumex thyrsiflorus,ForestWetRich
87713,Rumex thyrsiflorus,ForestWetRich
87714,Rumex thyrsiflorus,ForestWetRich
87715,Rumex thyrsiflorus,ForestWetRich
87716,Rumex thyrsiflorus,ForestWetRich
87717,Rumex thyrsiflorus,ForestWetRich
87718,Rumex thyrsiflorus,ForestWetRich
87719,Rumex thyrsiflorus,ForestWetRich
87720,Rumex thyrsiflorus,ForestWetRich
87721,Rumex thyrsiflorus,ForestWetRich
87722,Rumex thyrsiflorus,ForestWetRich
87723,Rumex thyrsiflorus,ForestWetRich
87724,Rumex thyrsiflorus,ForestWetRich
87725,Rumex thyrsiflorus,ForestWetRich
87726,Rumex thyrsiflorus,ForestWetRich
87727,Rumex thyrsiflorus,ForestWetRich
87728,Rumex thyrsiflorus,ForestWetRich
87729,Rumex thyrsiflorus,ForestWetRich
87730,Rumex thyrsiflorus,ForestWetRich
87731,Rumex thyrsiflorus,ForestWetRich
87732,Rumex thyrsiflorus,ForestWetRich
87733,Rumex thyrsiflorus,ForestWetRich
87734,Rumex thyrsiflorus,ForestWetRich
87735,Rumex thyrsiflorus,ForestWetRich
87736,Rumex thyrsiflorus,ForestWetRich
87737,Rumex thyrsiflorus,ForestWetRich
87738,Rumex thyrsiflorus,ForestWetRich
87739,Rumex thyrsiflorus,ForestWetRich
87740,Rumex thyrsiflorus,ForestWetRich
87741,Rumex thyrsiflorus,ForestWetRich
87742,Rumex thyrsiflorus,ForestWetRich
87743,Rumex thyrsiflorus,ForestWetRich
87744,Rumex thyrsiflorus,ForestWetRich
87745,Rumex thyrsiflorus,ForestWetRich
87746,Rumex thyrsiflorus,ForestWetRich
87747,Rumex thyrsiflorus,ForestWetRich
87748,Rumex thyrsiflorus,ForestWetRich
87749,Rumex thyrsiflorus,ForestWetRich
87750,Rumex thyrsiflorus,ForestWetRich
87751,Rumex thyrsiflorus,ForestWetRich
87752,Rumex thyrsiflorus,ForestWetRich
87753,Rumex thyrsiflorus,ForestWetRich
87754,Rumex thyrsiflorus,ForestWetRich
87755,Rumex thyrsiflorus,ForestWetRich
87756,Rumex thyrsiflorus,ForestWetRich
87757,Rumex thyrsiflorus,ForestWetRich
87758,Rumex thyrsiflorus,ForestWetRich
87759,Rumex thyrsiflorus,ForestWetRich
87760,Rumex thyrsiflorus,ForestWetRich
87761,Rumex thyrsiflorus,ForestWetRich
87762,Rumex thyrsiflorus,ForestWetRich
87763,Rumex thyrsiflorus,ForestWetRich
87764,Rumex thyrsiflorus,ForestWetRich
87765,Rumex thyrsiflorus,ForestWetRich
87766,Rumex thyrsiflorus,ForestWetRich
87767,Rumex thyrsiflorus,ForestWetRich
87768,Rumex thyrsiflorus,ForestWetRich
87769,Rumex thyrsiflorus,ForestWetRich
87770,Rumex thyrsiflorus,ForestWetRich
87771,Rumex thyrsiflorus,ForestWetRich
87772,Rumex thyrsiflorus,ForestWetRich
87773,Rumex thyrsiflorus,ForestWetRich
87774,Rumex thyrsiflorus,ForestWetRich
87775,Rumex thyrsiflorus,ForestWetRich
87776,Rumex thyrsiflorus,ForestWetRich
87777,Rumex thyrsiflorus,ForestWetRich
87778,Rumex thyrsiflorus,ForestWetRich
87779,Rumex thyrsiflorus,ForestWetRich
87780,Rumex thyrsiflorus,ForestWetRich
87781,Rumex thyrsiflorus,ForestWetRich
87782,Rumex thyrsiflorus,ForestWetRich
87783,Rumex thyrsiflorus,ForestWetRich
87784,Rumex thyrsiflorus,ForestWetRich
87785,Rumex thyrsiflorus,ForestWetRich
87786,Rumex thyrsiflorus,ForestWetRich
87787,Rumex thyrsiflorus,ForestWetRich
87788,Rumex thyrsiflorus,ForestWetRich
87789,Rumex thyrsiflorus,ForestWetRich
87790,Rumex thyrsiflorus,ForestWetRich
87791,Rumex thyrsiflorus,ForestWetRich
87792,Rumex thyrsiflorus,ForestWetRich
87793,Rumex thyrsiflorus,ForestWetRich
87794,Rumex thyrsiflorus,ForestWetRich
87795,Rumex thyrsiflorus,ForestWetRich
87796,Rumex thyrsiflorus,ForestWetRich
87797,Rumex thyrsiflorus,ForestWetRich
87798,Rumex thyrsiflorus,ForestWetRich
87799,Rumex thyrsiflorus,ForestWetRich
87800,Rumex thyrsiflorus,ForestWetRich
88303,Rumex thyrsiflorus,ForestWetRich
88304,Rumex thyrsiflorus,ForestWetRich
88305,Rumex thyrsiflorus,ForestWetRich
88306,Rumex thyrsiflorus,ForestWetRich
88307,Rumex thyrsiflorus,ForestWetRich
88308,Rumex thyrsiflorus,ForestWetRich
88309,Rumex thyrsiflorus,ForestWetRich
88310,Rumex thyrsiflorus,ForestWetRich
88311,Rumex thyrsiflorus,ForestWetRich
88312,Rumex thyrsiflorus,ForestWetRich
88313,Rumex thyrsiflorus,ForestWetRich
88314,Rumex thyrsiflorus,ForestWetRich
88315,Rumex thyrsiflorus,ForestWetRich
88316,Rumex thyrsiflorus,ForestWetRich
88317,Rumex thyrsiflorus,ForestWetRich
88318,Rumex thyrsiflorus,ForestWetRich
88319,Rumex thyrsiflorus,ForestWetRich
88320,Rumex thyrsiflorus,ForestWetRich
88321,Rumex thyrsiflorus,ForestWetRich
88322,Rumex thyrsiflorus,ForestWetRich
88323,Rumex thyrsiflorus,ForestWetRich
88324,Rumex thyrsiflorus,ForestWetRich
88325,Rumex thyrsiflorus,ForestWetRich
88326,Rumex thyrsiflorus,ForestWetRich
88327,Rumex thyrsiflorus,ForestWetRich
88328,Rumex thyrsiflorus,ForestWetRich
88329,Rumex thyrsiflorus,ForestWetRich
88330,Rumex thyrsiflorus,ForestWetRich
88331,Rumex thyrsiflorus,ForestWetRich
88332,Rumex thyrsiflorus,ForestWetRich
88333,Rumex thyrsiflorus,ForestWetRich
88334,Rumex thyrsiflorus,ForestWetRich
88335,Rumex thyrsiflorus,ForestWetRich
88336,Rumex thyrsiflorus,ForestWetRich
88337,Rumex thyrsiflorus,ForestWetRich
88338,Rumex thyrsiflorus,ForestWetRich
88339,Rumex thyrsiflorus,ForestWetRich
88340,Rumex thyrsiflorus,ForestWetRich
88341,Rumex thyrsiflorus,ForestWetRich
88342,Rumex thyrsiflorus,ForestWetRich
88343,Rumex thyrsiflorus,ForestWetRich
88344,Rumex thyrsiflorus,ForestWetRich
88345,Rumex thyrsiflorus,ForestWetRich
88346,Rumex thyrsiflorus,ForestWetRich
88347,Rumex thyrsiflorus,ForestWetRich
88348,Rumex thyrsiflorus,ForestWetRich
88349,Rumex thyrsiflorus,ForestWetRich
88350,Rumex thyrsiflorus,ForestWetRich
88351,Rumex thyrsiflorus,ForestWetRich
88352,Rumex thyrsiflorus,ForestWetRich
88353,Rumex thyrsiflorus,ForestWetRich
88354,Rumex thyrsiflorus,ForestWetRich
88355,Rumex thyrsiflorus,ForestWetRich
88356,Rumex thyrsiflorus,ForestWetRich
88357,Rumex thyrsiflorus,ForestWetRich
88358,Rumex thyrsiflorus,ForestWetRich
88359,Rumex thyrsiflorus,ForestWetRich
88360,Rumex thyrsiflorus,ForestWetRich
88361,Rumex thyrsiflorus,ForestWetRich
88362,Rumex thyrsiflorus,ForestWetRich
88363,Rumex thyrsiflorus,ForestWetRich
88364,Rumex thyrsiflorus,ForestWetRich
88365,Rumex thyrsiflorus,ForestWetRich
88366,Rumex thyrsiflorus,ForestWetRich
88367,Rumex thyrsiflorus,ForestWetRich
88368,Rumex thyrsiflorus,ForestWetRich
88369,Rumex thyrsiflorus,ForestWetRich
88370,Rumex thyrsiflorus,ForestWetRich
88371,Rumex thyrsiflorus,ForestWetRich
88372,Rumex thyrsiflorus,ForestWetRich
88373,Rumex thyrsiflorus,ForestWetRich
88374,Rumex thyrsiflorus,ForestWetRich
88375,Rumex thyrsiflorus,ForestWetRich
88376,Rumex thyrsiflorus,ForestWetRich
88377,Rumex thyrsiflorus,ForestWetRich
88378,Rumex thyrsiflorus,ForestWetRich
88379,Rumex thyrsiflorus,ForestWetRich
88380,Rumex thyrsiflorus,ForestWetRich
88381,Rumex thyrsiflorus,ForestWetRich
88382,Rumex thyrsiflorus,ForestWetRich
88383,Rumex thyrsiflorus,ForestWetRich
88384,Rumex thyrsiflorus,ForestWetRich
88385,Rumex thyrsiflorus,ForestWetRich
88386,Rumex thyrsiflorus,ForestWetRich
88387,Rumex thyrsiflorus,ForestWetRich
88388,Rumex thyrsiflorus,ForestWetRich
88389,Rumex thyrsiflorus,ForestWetRich
88390,Rumex thyrsiflorus,ForestWetRich
88391,Rumex thyrsiflorus,ForestWetRich
88392,Rumex thyrsiflorus,ForestWetRich
88393,Rumex thyrsiflorus,ForestWetRich
88394,Rumex thyrsiflorus,ForestWetRich
88395,Rumex thyrsiflorus,ForestWetRich
88396,Rumex thyrsiflorus,ForestWetRich
88397,Rumex thyrsiflorus,ForestWetRich
88398,Rumex thyrsiflorus,ForestWetRich
88399,Rumex thyrsiflorus,ForestWetRich
88901,Rumex thyrsiflorus,ForestWetRich
88902,Rumex thyrsiflorus,ForestWetRich
88903,Rumex thyrsiflorus,ForestWetRich
88904,Rumex thyrsiflorus,ForestWetRich
88905,Rumex thyrsiflorus,ForestWetRich
88906,Rumex thyrsiflorus,ForestWetRich
88907,Rumex thyrsiflorus,ForestWetRich
88908,Rumex thyrsiflorus,ForestWetRich
88909,Rumex thyrsiflorus,ForestWetRich
88910,Rumex thyrsiflorus,ForestWetRich
88911,Rumex thyrsiflorus,ForestWetRich
88912,Rumex thyrsiflorus,ForestWetRich
88913,Rumex thyrsiflorus,ForestWetRich
88914,Rumex thyrsiflorus,ForestWetRich
88915,Rumex thyrsiflorus,ForestWetRich
88916,Rumex thyrsiflorus,ForestWetRich
88917,Rumex thyrsiflorus,ForestWetRich
88918,Rumex thyrsiflorus,ForestWetRich
88919,Rumex thyrsiflorus,ForestWetRich
88920,Rumex thyrsiflorus,ForestWetRich
88921,Rumex thyrsiflorus,ForestWetRich
88922,Rumex thyrsiflorus,ForestWetRich
88923,Rumex thyrsiflorus,ForestWetRich
88924,Rumex thyrsiflorus,ForestWetRich
88925,Rumex thyrsiflorus,ForestWetRich
88926,Rumex thyrsiflorus,ForestWetRich
88927,Rumex thyrsiflorus,ForestWetRich
88928,Rumex thyrsiflorus,ForestWetRich
88929,Rumex thyrsiflorus,ForestWetRich
88930,Rumex thyrsiflorus,ForestWetRich
88931,Rumex thyrsiflorus,ForestWetRich
88932,Rumex thyrsiflorus,ForestWetRich
88933,Rumex thyrsiflorus,ForestWetRich
88934,Rumex thyrsiflorus,ForestWetRich
88935,Rumex thyrsiflorus,ForestWetRich
88936,Rumex thyrsiflorus,ForestWetRich
88937,Rumex thyrsiflorus,ForestWetRich
88938,Rumex thyrsiflorus,ForestWetRich
88939,Rumex thyrsiflorus,ForestWetRich
88940,Rumex thyrsiflorus,ForestWetRich
88941,Rumex thyrsiflorus,ForestWetRich
88942,Rumex thyrsiflorus,ForestWetRich
88943,Rumex thyrsiflorus,ForestWetRich
88944,Rumex thyrsiflorus,ForestWetRich
88945,Rumex thyrsiflorus,ForestWetRich
88946,Rumex thyrsiflorus,ForestWetRich
88947,Rumex thyrsiflorus,ForestWetRich
88948,Rumex thyrsiflorus,ForestWetRich
88949,Rumex thyrsiflorus,ForestWetRich
88950,Rumex thyrsiflorus,ForestWetRich
88951,Rumex thyrsiflorus,ForestWetRich
88952,Rumex thyrsiflorus,ForestWetRich
88953,Rumex thyrsiflorus,ForestWetRich
88954,Rumex thyrsiflorus,ForestWetRich
88955,Rumex thyrsiflorus,ForestWetRich
88956,Rumex thyrsiflorus,ForestWetRich
88957,Rumex thyrsiflorus,ForestWetRich
88958,Rumex thyrsiflorus,ForestWetRich
88959,Rumex thyrsiflorus,ForestWetRich
88960,Rumex thyrsiflorus,ForestWetRich
88961,Rumex thyrsiflorus,ForestWetRich
88962,Rumex thyrsiflorus,ForestWetRich
88963,Rumex thyrsiflorus,ForestWetRich
88964,Rumex thyrsiflorus,ForestWetRich
88965,Rumex thyrsiflorus,ForestWetRich
88966,Rumex thyrsiflorus,ForestWetRich
88967,Rumex thyrsiflorus,ForestWetRich
88968,Rumex thyrsiflorus,ForestWetRich
88969,Rumex thyrsiflorus,ForestWetRich
88970,Rumex thyrsiflorus,ForestWetRich
88971,Rumex thyrsiflorus,ForestWetRich
88972,Rumex thyrsiflorus,ForestWetRich
88973,Rumex thyrsiflorus,ForestWetRich
88974,Rumex thyrsiflorus,ForestWetRich
88975,Rumex thyrsiflorus,ForestWetRich
88976,Rumex thyrsiflorus,ForestWetRich
88977,Rumex thyrsiflorus,ForestWetRich
88978,Rumex thyrsiflorus,ForestWetRich
88979,Rumex thyrsiflorus,ForestWetRich
88980,Rumex thyrsiflorus,ForestWetRich
88981,Rumex thyrsiflorus,ForestWetRich
88982,Rumex thyrsiflorus,ForestWetRich
88983,Rumex thyrsiflorus,ForestWetRich
88984,Rumex thyrsiflorus,ForestWetRich
88985,Rumex thyrsiflorus,ForestWetRich
88986,Rumex thyrsiflorus,ForestWetRich
88987,Rumex thyrsiflorus,ForestWetRich
88988,Rumex thyrsiflorus,ForestWetRich
88989,Rumex thyrsiflorus,ForestWetRich
88990,Rumex thyrsiflorus,ForestWetRich
88991,Rumex thyrsiflorus,ForestWetRich
88992,Rumex thyrsiflorus,ForestWetRich
88993,Rumex thyrsiflorus,ForestWetRich
88994,Rumex thyrsiflorus,ForestWetRich
88995,Rumex thyrsiflorus,ForestWetRich
88996,Rumex thyrsiflorus,ForestWetRich
88997,Rumex thyrsiflorus,ForestWetRich
88998,Rumex thyrsiflorus,ForestWetRich
89500,Rumex thyrsiflorus,ForestWetRich
89501,Rumex thyrsiflorus,ForestWetRich
89502,Rumex thyrsiflorus,ForestWetRich
89503,Rumex thyrsiflorus,ForestWetRich
89504,Rumex thyrsiflorus,ForestWetRich
89505,Rumex thyrsiflorus,ForestWetRich
89506,Rumex thyrsiflorus,ForestWetRich
89507,Rumex thyrsiflorus,ForestWetRich
89508,Rumex thyrsiflorus,ForestWetRich
89509,Rumex thyrsiflorus,ForestWetRich
89510,Rumex thyrsiflorus,ForestWetRich
89511,Rumex thyrsiflorus,ForestWetRich
89512,Rumex thyrsiflorus,ForestWetRich
89513,Rumex thyrsiflorus,ForestWetRich
89514,Rumex thyrsiflorus,ForestWetRich
89515,Rumex thyrsiflorus,ForestWetRich
89516,Rumex thyrsiflorus,ForestWetRich
89517,Rumex thyrsiflorus,ForestWetRich
89518,Rumex thyrsiflorus,ForestWetRich
89519,Rumex thyrsiflorus,ForestWetRich
89520,Rumex thyrsiflorus,ForestWetRich
89521,Rumex thyrsiflorus,ForestWetRich
89522,Rumex thyrsiflorus,ForestWetRich
89523,Rumex thyrsiflorus,ForestWetRich
89524,Rumex thyrsiflorus,ForestWetRich
89525,Rumex thyrsiflorus,ForestWetRich
89526,Rumex thyrsiflorus,ForestWetRich
89527,Rumex thyrsiflorus,ForestWetRich
89528,Rumex thyrsiflorus,ForestWetRich
89529,Rumex thyrsiflorus,ForestWetRich
89530,Rumex thyrsiflorus,ForestWetRich
89531,Rumex thyrsiflorus,ForestWetRich
89532,Rumex thyrsiflorus,ForestWetRich
89533,Rumex thyrsiflorus,ForestWetRich
89534,Rumex thyrsiflorus,ForestWetRich
89535,Rumex thyrsiflorus,ForestWetRich
89536,Rumex thyrsiflorus,ForestWetRich
89537,Rumex thyrsiflorus,ForestWetRich
89538,Rumex thyrsiflorus,ForestWetRich
89539,Rumex thyrsiflorus,ForestWetRich
89540,Rumex thyrsiflorus,ForestWetRich
89541,Rumex thyrsiflorus,ForestWetRich
89542,Rumex thyrsiflorus,ForestWetRich
89543,Rumex thyrsiflorus,ForestWetRich
89544,Rumex thyrsiflorus,ForestWetRich
89545,Rumex thyrsiflorus,ForestWetRich
89546,Rumex thyrsiflorus,ForestWetRich
89547,Rumex thyrsiflorus,ForestWetRich
89548,Rumex thyrsiflorus,ForestWetRich
89549,Rumex thyrsiflorus,ForestWetRich
89550,Rumex thyrsiflorus,ForestWetRich
89551,Rumex thyrsiflorus,ForestWetRich
89552,Rumex thyrsiflorus,ForestWetRich
89553,Rumex thyrsiflorus,ForestWetRich
89554,Rumex thyrsiflorus,ForestWetRich
89555,Rumex thyrsiflorus,ForestWetRich
89556,Rumex thyrsiflorus,ForestWetRich
89557,Rumex thyrsiflorus,ForestWetRich
89558,Rumex thyrsiflorus,ForestWetRich
89559,Rumex thyrsiflorus,ForestWetRich
89560,Rumex thyrsiflorus,ForestWetRich
89561,Rumex thyrsiflorus,ForestWetRich
89562,Rumex thyrsiflorus,ForestWetRich
89563,Rumex thyrsiflorus,ForestWetRich
89564,Rumex thyrsiflorus,ForestWetRich
89565,Rumex thyrsiflorus,ForestWetRich
89566,Rumex thyrsiflorus,ForestWetRich
89567,Rumex thyrsiflorus,ForestWetRich
89568,Rumex thyrsiflorus,ForestWetRich
89569,Rumex thyrsiflorus,ForestWetRich
89570,Rumex thyrsiflorus,ForestWetRich
89571,Rumex thyrsiflorus,ForestWetRich
89572,Rumex thyrsiflorus,ForestWetRich
89573,Rumex thyrsiflorus,ForestWetRich
89574,Rumex thyrsiflorus,ForestWetRich
89575,Rumex thyrsiflorus,ForestWetRich
89576,Rumex thyrsiflorus,ForestWetRich
89577,Rumex thyrsiflorus,ForestWetRich
89578,Rumex thyrsiflorus,ForestWetRich
89579,Rumex thyrsiflorus,ForestWetRich
89580,Rumex thyrsiflorus,ForestWetRich
89581,Rumex thyrsiflorus,ForestWetRich
89582,Rumex thyrsiflorus,ForestWetRich
89583,Rumex thyrsiflorus,ForestWetRich
89584,Rumex thyrsiflorus,ForestWetRich
89585,Rumex thyrsiflorus,ForestWetRich
89586,Rumex thyrsiflorus,ForestWetRich
89587,Rumex thyrsiflorus,ForestWetRich
89588,Rumex thyrsiflorus,ForestWetRich
89589,Rumex thyrsiflorus,ForestWetRich
89590,Rumex thyrsiflorus,ForestWetRich
89591,Rumex thyrsiflorus,ForestWetRich
89592,Rumex thyrsiflorus,ForestWetRich
89593,Rumex thyrsiflorus,ForestWetRich
89594,Rumex thyrsiflorus,ForestWetRich
89595,Rumex thyrsiflorus,ForestWetRich
89596,Rumex thyrsiflorus,ForestWetRich
89597,Rumex thyrsiflorus,ForestWetRich
90099,Rumex thyrsiflorus,ForestWetRich
90100,Rumex thyrsiflorus,ForestWetRich
90101,Rumex thyrsiflorus,ForestWetRich
90102,Rumex thyrsiflorus,ForestWetRich
90103,Rumex thyrsiflorus,ForestWetRich
90104,Rumex thyrsiflorus,ForestWetRich
90105,Rumex thyrsiflorus,ForestWetRich
90106,Rumex thyrsiflorus,ForestWetRich
90107,Rumex thyrsiflorus,ForestWetRich
90108,Rumex thyrsiflorus,ForestWetRich
90109,Rumex thyrsiflorus,ForestWetRich
90110,Rumex thyrsiflorus,ForestWetRich
90111,Rumex thyrsiflorus,ForestWetRich
90112,Rumex thyrsiflorus,ForestWetRich
90113,Rumex thyrsiflorus,ForestWetRich
90114,Rumex thyrsiflorus,ForestWetRich
90115,Rumex thyrsiflorus,ForestWetRich
90116,Rumex thyrsiflorus,ForestWetRich
90117,Rumex thyrsiflorus,ForestWetRich
90118,Rumex thyrsiflorus,ForestWetRich
90119,Rumex thyrsiflorus,ForestWetRich
90120,Rumex thyrsiflorus,ForestWetRich
90121,Rumex thyrsiflorus,ForestWetRich
90122,Rumex thyrsiflorus,ForestWetRich
90123,Rumex thyrsiflorus,ForestWetRich
90124,Rumex thyrsiflorus,ForestWetRich
90125,Rumex thyrsiflorus,ForestWetRich
90126,Rumex thyrsiflorus,ForestWetRich
90127,Rumex thyrsiflorus,ForestWetRich
90128,Rumex thyrsiflorus,ForestWetRich
90129,Rumex thyrsiflorus,ForestWetRich
90130,Rumex thyrsiflorus,ForestWetRich
90131,Rumex thyrsiflorus,ForestWetRich
90132,Rumex thyrsiflorus,ForestWetRich
90133,Rumex thyrsiflorus,ForestWetRich
90134,Rumex thyrsiflorus,ForestWetRich
90135,Rumex thyrsiflorus,ForestWetRich
90136,Rumex thyrsiflorus,ForestWetRich
90137,Rumex thyrsiflorus,ForestWetRich
90138,Rumex thyrsiflorus,ForestWetRich
90139,Rumex thyrsiflorus,ForestWetRich
90140,Rumex thyrsiflorus,ForestWetRich
90141,Rumex thyrsiflorus,ForestWetRich
90142,Rumex thyrsiflorus,ForestWetRich
90143,Rumex thyrsiflorus,ForestWetRich
90144,Rumex thyrsiflorus,ForestWetRich
90145,Rumex thyrsiflorus,ForestWetRich
90146,Rumex thyrsiflorus,ForestWetRich
90147,Rumex thyrsiflorus,ForestWetRich
90148,Rumex thyrsiflorus,ForestWetRich
90149,Rumex thyrsiflorus,ForestWetRich
90150,Rumex thyrsiflorus,ForestWetRich
90151,Rumex thyrsiflorus,ForestWetRich
90152,Rumex thyrsiflorus,ForestWetRich
90153,Rumex thyrsiflorus,ForestWetRich
90154,Rumex thyrsiflorus,ForestWetRich
90155,Rumex thyrsiflorus,ForestWetRich
90156,Rumex thyrsiflorus,ForestWetRich
90157,Rumex thyrsiflorus,ForestWetRich
90158,Rumex thyrsiflorus,ForestWetRich
90159,Rumex thyrsiflorus,ForestWetRich
90160,Rumex thyrsiflorus,ForestWetRich
90161,Rumex thyrsiflorus,ForestWetRich
90162,Rumex thyrsiflorus,ForestWetRich
90163,Rumex thyrsiflorus,ForestWetRich
90164,Rumex thyrsiflorus,ForestWetRich
90165,Rumex thyrsiflorus,ForestWetRich
90166,Rumex thyrsiflorus,ForestWetRich
90167,Rumex thyrsiflorus,ForestWetRich
90168,Rumex thyrsiflorus,ForestWetRich
90169,Rumex thyrsiflorus,ForestWetRich
90170,Rumex thyrsiflorus,ForestWetRich
90171,Rumex thyrsiflorus,ForestWetRich
90172,Rumex thyrsiflorus,ForestWetRich
90173,Rumex thyrsiflorus,ForestWetRich
90174,Rumex thyrsiflorus,ForestWetRich
90175,Rumex thyrsiflorus,ForestWetRich
90176,Rumex thyrsiflorus,ForestWetRich
90177,Rumex thyrsiflorus,ForestWetRich
90178,Rumex thyrsiflorus,ForestWetRich
90179,Rumex thyrsiflorus,ForestWetRich
90180,Rumex thyrsiflorus,ForestWetRich
90181,Rumex thyrsiflorus,ForestWetRich
90182,Rumex thyrsiflorus,ForestWetRich
90183,Rumex thyrsiflorus,ForestWetRich
90184,Rumex thyrsiflorus,ForestWetRich
90185,Rumex thyrsiflorus,ForestWetRich
90186,Rumex thyrsiflorus,ForestWetRich
90187,Rumex thyrsiflorus,ForestWetRich
90188,Rumex thyrsiflorus,ForestWetRich
90189,Rumex thyrsiflorus,ForestWetRich
90190,Rumex thyrsiflorus,ForestWetRich
90191,Rumex thyrsiflorus,ForestWetRich
90192,Rumex thyrsiflorus,ForestWetRich
90193,Rumex thyrsiflorus,ForestWetRich
90194,Rumex thyrsiflorus,ForestWetRich
90195,Rumex thyrsiflorus,ForestWetRich
90196,Rumex thyrsiflorus,ForestWetRich
90197,Rumex thyrsiflorus,ForestWetRich
90698,Rumex thyrsiflorus,ForestWetRich
90699,Rumex thyrsiflorus,ForestWetRich
90700,Rumex thyrsiflorus,ForestWetRich
90701,Rumex thyrsiflorus,ForestWetRich
90702,Rumex thyrsiflorus,ForestWetRich
90703,Rumex thyrsiflorus,ForestWetRich
90704,Rumex thyrsiflorus,ForestWetRich
90705,Rumex thyrsiflorus,ForestWetRich
90706,Rumex thyrsiflorus,ForestWetRich
90707,Rumex thyrsiflorus,ForestWetRich
90708,Rumex thyrsiflorus,ForestWetRich
90709,Rumex thyrsiflorus,ForestWetRich
90710,Rumex thyrsiflorus,ForestWetRich
90711,Rumex thyrsiflorus,ForestWetRich
90712,Rumex thyrsiflorus,ForestWetRich
90713,Rumex thyrsiflorus,ForestWetRich
90714,Rumex thyrsiflorus,ForestWetRich
90715,Rumex thyrsiflorus,ForestWetRich
90716,Rumex thyrsiflorus,ForestWetRich
90717,Rumex thyrsiflorus,ForestWetRich
90718,Rumex thyrsiflorus,ForestWetRich
90719,Rumex thyrsiflorus,ForestWetRich
90720,Rumex thyrsiflorus,ForestWetRich
90721,Rumex thyrsiflorus,ForestWetRich
90722,Rumex thyrsiflorus,ForestWetRich
90723,Rumex thyrsiflorus,ForestWetRich
90724,Rumex thyrsiflorus,ForestWetRich
90725,Rumex thyrsiflorus,ForestWetRich
90726,Rumex thyrsiflorus,ForestWetRich
90727,Rumex thyrsiflorus,ForestWetRich
90728,Rumex thyrsiflorus,ForestWetRich
90729,Rumex thyrsiflorus,ForestWetRich
90730,Rumex thyrsiflorus,ForestWetRich
90731,Rumex thyrsiflorus,ForestWetRich
90732,Rumex thyrsiflorus,ForestWetRich
90733,Rumex thyrsiflorus,ForestWetRich
90734,Rumex thyrsiflorus,ForestWetRich
90735,Rumex thyrsiflorus,ForestWetRich
90736,Rumex thyrsiflorus,ForestWetRich
90737,Rumex thyrsiflorus,ForestWetRich
90738,Rumex thyrsiflorus,ForestWetRich
90739,Rumex thyrsiflorus,ForestWetRich
90740,Rumex thyrsiflorus,ForestWetRich
90741,Rumex thyrsiflorus,ForestWetRich
90742,Rumex thyrsiflorus,ForestWetRich
90743,Rumex thyrsiflorus,ForestWetRich
90744,Rumex thyrsiflorus,ForestWetRich
90745,Rumex thyrsiflorus,ForestWetRich
90746,Rumex thyrsiflorus,ForestWetRich
90747,Rumex thyrsiflorus,ForestWetRich
90748,Rumex thyrsiflorus,ForestWetRich
90749,Rumex thyrsiflorus,ForestWetRich
90750,Rumex thyrsiflorus,ForestWetRich
90751,Rumex thyrsiflorus,ForestWetRich
90752,Rumex thyrsiflorus,ForestWetRich
90753,Rumex thyrsiflorus,ForestWetRich
90754,Rumex thyrsiflorus,ForestWetRich
90755,Rumex thyrsiflorus,ForestWetRich
90756,Rumex thyrsiflorus,ForestWetRich
90757,Rumex thyrsiflorus,ForestWetRich
90758,Rumex thyrsiflorus,ForestWetRich
90759,Rumex thyrsiflorus,ForestWetRich
90760,Rumex thyrsiflorus,ForestWetRich
90761,Rumex thyrsiflorus,ForestWetRich
90762,Rumex thyrsiflorus,ForestWetRich
90763,Rumex thyrsiflorus,ForestWetRich
90764,Rumex thyrsiflorus,ForestWetRich
90765,Rumex thyrsiflorus,ForestWetRich
90766,Rumex thyrsiflorus,ForestWetRich
90767,Rumex thyrsiflorus,ForestWetRich
90768,Rumex thyrsiflorus,ForestWetRich
90769,Rumex thyrsiflorus,ForestWetRich
90770,Rumex thyrsiflorus,ForestWetRich
90771,Rumex thyrsiflorus,ForestWetRich
90772,Rumex thyrsiflorus,ForestWetRich
90773,Rumex thyrsiflorus,ForestWetRich
90774,Rumex thyrsiflorus,ForestWetRich
90775,Rumex thyrsiflorus,ForestWetRich
90776,Rumex thyrsiflorus,ForestWetRich
90777,Rumex thyrsiflorus,ForestWetRich
90778,Rumex thyrsiflorus,ForestWetRich
90779,Rumex thyrsiflorus,ForestWetRich
90780,Rumex thyrsiflorus,ForestWetRich
90781,Rumex thyrsiflorus,ForestWetRich
90782,Rumex thyrsiflorus,ForestWetRich
90783,Rumex thyrsiflorus,ForestWetRich
90784,Rumex thyrsiflorus,ForestWetRich
90785,Rumex thyrsiflorus,ForestWetRich
90786,Rumex thyrsiflorus,ForestWetRich
90787,Rumex thyrsiflorus,ForestWetRich
90788,Rumex thyrsiflorus,ForestWetRich
90789,Rumex thyrsiflorus,ForestWetRich
90790,Rumex thyrsiflorus,ForestWetRich
90791,Rumex thyrsiflorus,ForestWetRich
90792,Rumex thyrsiflorus,ForestWetRich
90793,Rumex thyrsiflorus,ForestWetRich
90794,Rumex thyrsiflorus,ForestWetRich
90795,Rumex thyrsiflorus,ForestWetRich
90796,Rumex thyrsiflorus,ForestWetRich
91297,Rumex thyrsiflorus,ForestWetRich
91298,Rumex thyrsiflorus,ForestWetRich
91299,Rumex thyrsiflorus,ForestWetRich
91300,Rumex thyrsiflorus,ForestWetRich
91301,Rumex thyrsiflorus,ForestWetRich
91302,Rumex thyrsiflorus,ForestWetRich
91303,Rumex thyrsiflorus,ForestWetRich
91304,Rumex thyrsiflorus,ForestWetRich
91305,Rumex thyrsiflorus,ForestWetRich
91306,Rumex thyrsiflorus,ForestWetRich
91307,Rumex thyrsiflorus,ForestWetRich
91308,Rumex thyrsiflorus,ForestWetRich
91309,Rumex thyrsiflorus,ForestWetRich
91310,Rumex thyrsiflorus,ForestWetRich
91311,Rumex thyrsiflorus,ForestWetRich
91312,Rumex thyrsiflorus,ForestWetRich
91313,Rumex thyrsiflorus,ForestWetRich
91314,Rumex thyrsiflorus,ForestWetRich
91315,Rumex thyrsiflorus,ForestWetRich
91316,Rumex thyrsiflorus,ForestWetRich
91317,Rumex thyrsiflorus,ForestWetRich
91318,Rumex thyrsiflorus,ForestWetRich
91319,Rumex thyrsiflorus,ForestWetRich
91320,Rumex thyrsiflorus,ForestWetRich
91321,Rumex thyrsiflorus,ForestWetRich
91322,Rumex thyrsiflorus,ForestWetRich
91323,Rumex thyrsiflorus,ForestWetRich
91324,Rumex thyrsiflorus,ForestWetRich
91325,Rumex thyrsiflorus,ForestWetRich
91326,Rumex thyrsiflorus,ForestWetRich
91327,Rumex thyrsiflorus,ForestWetRich
91328,Rumex thyrsiflorus,ForestWetRich
91329,Rumex thyrsiflorus,ForestWetRich
91330,Rumex thyrsiflorus,ForestWetRich
91331,Rumex thyrsiflorus,ForestWetRich
91332,Rumex thyrsiflorus,ForestWetRich
91333,Rumex thyrsiflorus,ForestWetRich
91334,Rumex thyrsiflorus,ForestWetRich
91335,Rumex thyrsiflorus,ForestWetRich
91336,Rumex thyrsiflorus,ForestWetRich
91337,Rumex thyrsiflorus,ForestWetRich
91338,Rumex thyrsiflorus,ForestWetRich
91339,Rumex thyrsiflorus,ForestWetRich
91340,Rumex thyrsiflorus,ForestWetRich
91341,Rumex thyrsiflorus,ForestWetRich
91342,Rumex thyrsiflorus,ForestWetRich
91343,Rumex thyrsiflorus,ForestWetRich
91344,Rumex thyrsiflorus,ForestWetRich
91345,Rumex thyrsiflorus,ForestWetRich
91346,Rumex thyrsiflorus,ForestWetRich
91347,Rumex thyrsiflorus,ForestWetRich
91348,Rumex thyrsiflorus,ForestWetRich
91349,Rumex thyrsiflorus,ForestWetRich
91350,Rumex thyrsiflorus,ForestWetRich
91351,Rumex thyrsiflorus,ForestWetRich
91352,Rumex thyrsiflorus,ForestWetRich
91353,Rumex thyrsiflorus,ForestWetRich
91354,Rumex thyrsiflorus,ForestWetRich
91355,Rumex thyrsiflorus,ForestWetRich
91356,Rumex thyrsiflorus,ForestWetRich
91357,Rumex thyrsiflorus,ForestWetRich
91358,Rumex thyrsiflorus,ForestWetRich
91359,Rumex thyrsiflorus,ForestWetRich
91360,Rumex thyrsiflorus,ForestWetRich
91361,Rumex thyrsiflorus,ForestWetRich
91362,Rumex thyrsiflorus,ForestWetRich
91363,Rumex thyrsiflorus,ForestWetRich
91364,Rumex thyrsiflorus,ForestWetRich
91365,Rumex thyrsiflorus,ForestWetRich
91366,Rumex thyrsiflorus,ForestWetRich
91367,Rumex thyrsiflorus,ForestWetRich
91368,Rumex thyrsiflorus,ForestWetRich
91369,Rumex thyrsiflorus,ForestWetRich
91370,Rumex thyrsiflorus,ForestWetRich
91371,Rumex thyrsiflorus,ForestWetRich
91372,Rumex thyrsiflorus,ForestWetRich
91373,Rumex thyrsiflorus,ForestWetRich
91374,Rumex thyrsiflorus,ForestWetRich
91375,Rumex thyrsiflorus,ForestWetRich
91376,Rumex thyrsiflorus,ForestWetRich
91377,Rumex thyrsiflorus,ForestWetRich
91378,Rumex thyrsiflorus,ForestWetRich
91379,Rumex thyrsiflorus,ForestWetRich
91380,Rumex thyrsiflorus,ForestWetRich
91381,Rumex thyrsiflorus,ForestWetRich
91382,Rumex thyrsiflorus,ForestWetRich
91383,Rumex thyrsiflorus,ForestWetRich
91384,Rumex thyrsiflorus,ForestWetRich
91385,Rumex thyrsiflorus,ForestWetRich
91386,Rumex thyrsiflorus,ForestWetRich
91387,Rumex thyrsiflorus,ForestWetRich
91388,Rumex thyrsiflorus,ForestWetRich
91389,Rumex thyrsiflorus,ForestWetRich
91390,Rumex thyrsiflorus,ForestWetRich
91391,Rumex thyrsiflorus,ForestWetRich
91392,Rumex thyrsiflorus,ForestWetRich
91393,Rumex thyrsiflorus,ForestWetRich
91394,Rumex thyrsiflorus,ForestWetRich
91395,Rumex thyrsiflorus,ForestWetRich
91896,Rumex thyrsiflorus,ForestWetRich
91897,Rumex thyrsiflorus,ForestWetRich
91898,Rumex thyrsiflorus,ForestWetRich
91899,Rumex thyrsiflorus,ForestWetRich
91900,Rumex thyrsiflorus,ForestWetRich
91901,Rumex thyrsiflorus,ForestWetRich
91902,Rumex thyrsiflorus,ForestWetRich
91903,Rumex thyrsiflorus,ForestWetRich
91904,Rumex thyrsiflorus,ForestWetRich
91905,Rumex thyrsiflorus,ForestWetRich
91906,Rumex thyrsiflorus,ForestWetRich
91907,Rumex thyrsiflorus,ForestWetRich
91908,Rumex thyrsiflorus,ForestWetRich
91909,Rumex thyrsiflorus,ForestWetRich
91910,Rumex thyrsiflorus,ForestWetRich
91911,Rumex thyrsiflorus,ForestWetRich
91912,Rumex thyrsiflorus,ForestWetRich
91913,Rumex thyrsiflorus,ForestWetRich
91914,Rumex thyrsiflorus,ForestWetRich
91915,Rumex thyrsiflorus,ForestWetRich
91916,Rumex thyrsiflorus,ForestWetRich
91917,Rumex thyrsiflorus,ForestWetRich
91918,Rumex thyrsiflorus,ForestWetRich
91919,Rumex thyrsiflorus,ForestWetRich
91920,Rumex thyrsiflorus,ForestWetRich
91921,Rumex thyrsiflorus,ForestWetRich
91922,Rumex thyrsiflorus,ForestWetRich
91923,Rumex thyrsiflorus,ForestWetRich
91924,Rumex thyrsiflorus,ForestWetRich
91925,Rumex thyrsiflorus,ForestWetRich
91926,Rumex thyrsiflorus,ForestWetRich
91927,Rumex thyrsiflorus,ForestWetRich
91928,Rumex thyrsiflorus,ForestWetRich
91929,Rumex thyrsiflorus,ForestWetRich
91930,Rumex thyrsiflorus,ForestWetRich
91931,Rumex thyrsiflorus,ForestWetRich
91932,Rumex thyrsiflorus,ForestWetRich
91933,Rumex thyrsiflorus,ForestWetRich
91934,Rumex thyrsiflorus,ForestWetRich
91935,Rumex thyrsiflorus,ForestWetRich
91936,Rumex thyrsiflorus,ForestWetRich
91937,Rumex thyrsiflorus,ForestWetRich
91938,Rumex thyrsiflorus,ForestWetRich
91939,Rumex thyrsiflorus,ForestWetRich
91940,Rumex thyrsiflorus,ForestWetRich
91941,Rumex thyrsiflorus,ForestWetRich
91942,Rumex thyrsiflorus,ForestWetRich
91943,Rumex thyrsiflorus,ForestWetRich
91944,Rumex thyrsiflorus,ForestWetRich
91945,Rumex thyrsiflorus,ForestWetRich
91946,Rumex thyrsiflorus,ForestWetRich
91947,Rumex thyrsiflorus,ForestWetRich
91948,Rumex thyrsiflorus,ForestWetRich
91949,Rumex thyrsiflorus,ForestWetRich
91950,Rumex thyrsiflorus,ForestWetRich
91951,Rumex thyrsiflorus,ForestWetRich
91952,Rumex thyrsiflorus,ForestWetRich
91953,Rumex thyrsiflorus,ForestWetRich
91954,Rumex thyrsiflorus,ForestWetRich
91955,Rumex thyrsiflorus,ForestWetRich
91956,Rumex thyrsiflorus,ForestWetRich
91957,Rumex thyrsiflorus,ForestWetRich
91958,Rumex thyrsiflorus,ForestWetRich
91959,Rumex thyrsiflorus,ForestWetRich
91960,Rumex thyrsiflorus,ForestWetRich
91961,Rumex thyrsiflorus,ForestWetRich
91962,Rumex thyrsiflorus,ForestWetRich
91963,Rumex thyrsiflorus,ForestWetRich
91964,Rumex thyrsiflorus,ForestWetRich
91965,Rumex thyrsiflorus,ForestWetRich
91966,Rumex thyrsiflorus,ForestWetRich
91967,Rumex thyrsiflorus,ForestWetRich
91968,Rumex thyrsiflorus,ForestWetRich
91969,Rumex thyrsiflorus,ForestWetRich
91970,Rumex thyrsiflorus,ForestWetRich
91971,Rumex thyrsiflorus,ForestWetRich
91972,Rumex thyrsiflorus,ForestWetRich
91973,Rumex thyrsiflorus,ForestWetRich
91974,Rumex thyrsiflorus,ForestWetRich
91975,Rumex thyrsiflorus,ForestWetRich
91976,Rumex thyrsiflorus,ForestWetRich
91977,Rumex thyrsiflorus,ForestWetRich
91978,Rumex thyrsiflorus,ForestWetRich
91979,Rumex thyrsiflorus,ForestWetRich
91980,Rumex thyrsiflorus,ForestWetRich
91981,Rumex thyrsiflorus,ForestWetRich
91982,Rumex thyrsiflorus,ForestWetRich
91983,Rumex thyrsiflorus,ForestWetRich
91984,Rumex thyrsiflorus,ForestWetRich
91985,Rumex thyrsiflorus,ForestWetRich
91986,Rumex thyrsiflorus,ForestWetRich
91987,Rumex thyrsiflorus,ForestWetRich
91988,Rumex thyrsiflorus,ForestWetRich
91989,Rumex thyrsiflorus,ForestWetRich
91990,Rumex thyrsiflorus,ForestWetRich
91991,Rumex thyrsiflorus,ForestWetRich
91992,Rumex thyrsiflorus,ForestWetRich
91993,Rumex thyrsiflorus,ForestWetRich
91994,Rumex thyrsiflorus,ForestWetRich
92495,Rumex thyrsiflorus,ForestWetRich
92496,Rumex thyrsiflorus,ForestWetRich
92497,Rumex thyrsiflorus,ForestWetRich
92498,Rumex thyrsiflorus,ForestWetRich
92499,Rumex thyrsiflorus,ForestWetRich
92500,Rumex thyrsiflorus,ForestWetRich
92501,Rumex thyrsiflorus,ForestWetRich
92502,Rumex thyrsiflorus,ForestWetRich
92503,Rumex thyrsiflorus,ForestWetRich
92504,Rumex thyrsiflorus,ForestWetRich
92505,Rumex thyrsiflorus,ForestWetRich
92506,Rumex thyrsiflorus,ForestWetRich
92507,Rumex thyrsiflorus,ForestWetRich
92508,Rumex thyrsiflorus,ForestWetRich
92509,Rumex thyrsiflorus,ForestWetRich
92510,Rumex thyrsiflorus,ForestWetRich
92511,Rumex thyrsiflorus,ForestWetRich
92512,Rumex thyrsiflorus,ForestWetRich
92513,Rumex thyrsiflorus,ForestWetRich
92514,Rumex thyrsiflorus,ForestWetRich
92515,Rumex thyrsiflorus,ForestWetRich
92516,Rumex thyrsiflorus,ForestWetRich
92517,Rumex thyrsiflorus,ForestWetRich
92518,Rumex thyrsiflorus,ForestWetRich
92519,Rumex thyrsiflorus,ForestWetRich
92520,Rumex thyrsiflorus,ForestWetRich
92521,Rumex thyrsiflorus,ForestWetRich
92522,Rumex thyrsiflorus,ForestWetRich
92523,Rumex thyrsiflorus,ForestWetRich
92524,Rumex thyrsiflorus,ForestWetRich
92525,Rumex thyrsiflorus,ForestWetRich
92526,Rumex thyrsiflorus,ForestWetRich
92527,Rumex thyrsiflorus,ForestWetRich
92528,Rumex thyrsiflorus,ForestWetRich
92529,Rumex thyrsiflorus,ForestWetRich
92530,Rumex thyrsiflorus,ForestWetRich
92531,Rumex thyrsiflorus,ForestWetRich
92532,Rumex thyrsiflorus,ForestWetRich
92533,Rumex thyrsiflorus,ForestWetRich
92534,Rumex thyrsiflorus,ForestWetRich
92535,Rumex thyrsiflorus,ForestWetRich
92536,Rumex thyrsiflorus,ForestWetRich
92537,Rumex thyrsiflorus,ForestWetRich
92538,Rumex thyrsiflorus,ForestWetRich
92539,Rumex thyrsiflorus,ForestWetRich
92540,Rumex thyrsiflorus,ForestWetRich
92541,Rumex thyrsiflorus,ForestWetRich
92542,Rumex thyrsiflorus,ForestWetRich
92543,Rumex thyrsiflorus,ForestWetRich
92544,Rumex thyrsiflorus,ForestWetRich
92545,Rumex thyrsiflorus,ForestWetRich
92546,Rumex thyrsiflorus,ForestWetRich
92547,Rumex thyrsiflorus,ForestWetRich
92548,Rumex thyrsiflorus,ForestWetRich
92549,Rumex thyrsiflorus,ForestWetRich
92550,Rumex thyrsiflorus,ForestWetRich
92551,Rumex thyrsiflorus,ForestWetRich
92552,Rumex thyrsiflorus,ForestWetRich
92553,Rumex thyrsiflorus,ForestWetRich
92554,Rumex thyrsiflorus,ForestWetRich
92555,Rumex thyrsiflorus,ForestWetRich
92556,Rumex thyrsiflorus,ForestWetRich
92557,Rumex thyrsiflorus,ForestWetRich
92558,Rumex thyrsiflorus,ForestWetRich
92559,Rumex thyrsiflorus,ForestWetRich
92560,Rumex thyrsiflorus,ForestWetRich
92561,Rumex thyrsiflorus,ForestWetRich
92562,Rumex thyrsiflorus,ForestWetRich
92563,Rumex thyrsiflorus,ForestWetRich
92564,Rumex thyrsiflorus,ForestWetRich
92565,Rumex thyrsiflorus,ForestWetRich
92566,Rumex thyrsiflorus,ForestWetRich
92567,Rumex thyrsiflorus,ForestWetRich
92568,Rumex thyrsiflorus,ForestWetRich
92569,Rumex thyrsiflorus,ForestWetRich
92570,Rumex thyrsiflorus,ForestWetRich
92571,Rumex thyrsiflorus,ForestWetRich
92572,Rumex thyrsiflorus,ForestWetRich
92573,Rumex thyrsiflorus,ForestWetRich
92574,Rumex thyrsiflorus,ForestWetRich
92575,Rumex thyrsiflorus,ForestWetRich
92576,Rumex thyrsiflorus,ForestWetRich
92577,Rumex thyrsiflorus,ForestWetRich
92578,Rumex thyrsiflorus,ForestWetRich
92579,Rumex thyrsiflorus,ForestWetRich
92580,Rumex thyrsiflorus,ForestWetRich
92581,Rumex thyrsiflorus,ForestWetRich
92582,Rumex thyrsiflorus,ForestWetRich
92583,Rumex thyrsiflorus,ForestWetRich
92584,Rumex thyrsiflorus,ForestWetRich
92585,Rumex thyrsiflorus,ForestWetRich
92586,Rumex thyrsiflorus,ForestWetRich
92587,Rumex thyrsiflorus,ForestWetRich
92588,Rumex thyrsiflorus,ForestWetRich
92589,Rumex thyrsiflorus,ForestWetRich
92590,Rumex thyrsiflorus,ForestWetRich
92591,Rumex thyrsiflorus,ForestWetRich
92592,Rumex thyrsiflorus,ForestWetRich
92593,Rumex thyrsiflorus,ForestWetRich
93094,Rumex thyrsiflorus,ForestWetRich
93095,Rumex thyrsiflorus,ForestWetRich
93096,Rumex thyrsiflorus,ForestWetRich
93097,Rumex thyrsiflorus,ForestWetRich
93098,Rumex thyrsiflorus,ForestWetRich
93099,Rumex thyrsiflorus,ForestWetRich
93100,Rumex thyrsiflorus,ForestWetRich
93101,Rumex thyrsiflorus,ForestWetRich
93102,Rumex thyrsiflorus,ForestWetRich
93103,Rumex thyrsiflorus,ForestWetRich
93104,Rumex thyrsiflorus,ForestWetRich
93105,Rumex thyrsiflorus,ForestWetRich
93106,Rumex thyrsiflorus,ForestWetRich
93107,Rumex thyrsiflorus,ForestWetRich
93108,Rumex thyrsiflorus,ForestWetRich
93109,Rumex thyrsiflorus,ForestWetRich
93110,Rumex thyrsiflorus,ForestWetRich
93111,Rumex thyrsiflorus,ForestWetRich
93112,Rumex thyrsiflorus,ForestWetRich
93113,Rumex thyrsiflorus,ForestWetRich
93114,Rumex thyrsiflorus,ForestWetRich
93115,Rumex thyrsiflorus,ForestWetRich
93116,Rumex thyrsiflorus,ForestWetRich
93117,Rumex thyrsiflorus,ForestWetRich
93118,Rumex thyrsiflorus,ForestWetRich
93119,Rumex thyrsiflorus,ForestWetRich
93120,Rumex thyrsiflorus,ForestWetRich
93121,Rumex thyrsiflorus,ForestWetRich
93122,Rumex thyrsiflorus,ForestWetRich
93123,Rumex thyrsiflorus,ForestWetRich
93124,Rumex thyrsiflorus,ForestWetRich
93125,Rumex thyrsiflorus,ForestWetRich
93126,Rumex thyrsiflorus,ForestWetRich
93127,Rumex thyrsiflorus,ForestWetRich
93128,Rumex thyrsiflorus,ForestWetRich
93129,Rumex thyrsiflorus,ForestWetRich
93130,Rumex thyrsiflorus,ForestWetRich
93131,Rumex thyrsiflorus,ForestWetRich
93132,Rumex thyrsiflorus,ForestWetRich
93133,Rumex thyrsiflorus,ForestWetRich
93134,Rumex thyrsiflorus,ForestWetRich
93135,Rumex thyrsiflorus,ForestWetRich
93136,Rumex thyrsiflorus,ForestWetRich
93137,Rumex thyrsiflorus,ForestWetRich
93138,Rumex thyrsiflorus,ForestWetRich
93139,Rumex thyrsiflorus,ForestWetRich
93140,Rumex thyrsiflorus,ForestWetRich
93141,Rumex thyrsiflorus,ForestWetRich
93142,Rumex thyrsiflorus,ForestWetRich
93143,Rumex thyrsiflorus,ForestWetRich
93144,Rumex thyrsiflorus,ForestWetRich
93145,Rumex thyrsiflorus,ForestWetRich
93146,Rumex thyrsiflorus,ForestWetRich
93147,Rumex thyrsiflorus,ForestWetRich
93148,Rumex thyrsiflorus,ForestWetRich
93149,Rumex thyrsiflorus,ForestWetRich
93150,Rumex thyrsiflorus,ForestWetRich
93151,Rumex thyrsiflorus,ForestWetRich
93152,Rumex thyrsiflorus,ForestWetRich
93153,Rumex thyrsiflorus,ForestWetRich
93154,Rumex thyrsiflorus,ForestWetRich
93155,Rumex thyrsiflorus,ForestWetRich
93156,Rumex thyrsiflorus,ForestWetRich
93157,Rumex thyrsiflorus,ForestWetRich
93158,Rumex thyrsiflorus,ForestWetRich
93159,Rumex thyrsiflorus,ForestWetRich
93160,Rumex thyrsiflorus,ForestWetRich
93161,Rumex thyrsiflorus,ForestWetRich
93162,Rumex thyrsiflorus,ForestWetRich
93163,Rumex thyrsiflorus,ForestWetRich
93164,Rumex thyrsiflorus,ForestWetRich
93165,Rumex thyrsiflorus,ForestWetRich
93166,Rumex thyrsiflorus,ForestWetRich
93167,Rumex thyrsiflorus,ForestWetRich
93168,Rumex thyrsiflorus,ForestWetRich
93169,Rumex thyrsiflorus,ForestWetRich
93170,Rumex thyrsiflorus,ForestWetRich
93171,Rumex thyrsiflorus,ForestWetRich
93172,Rumex thyrsiflorus,ForestWetRich
93173,Rumex thyrsiflorus,ForestWetRich
93174,Rumex thyrsiflorus,ForestWetRich
93175,Rumex thyrsiflorus,ForestWetRich
93176,Rumex thyrsiflorus,ForestWetRich
93177,Rumex thyrsiflorus,ForestWetRich
93178,Rumex thyrsiflorus,ForestWetRich
93179,Rumex thyrsiflorus,ForestWetRich
93180,Rumex thyrsiflorus,ForestWetRich
93181,Rumex thyrsiflorus,ForestWetRich
93182,Rumex thyrsiflorus,ForestWetRich
93183,Rumex thyrsiflorus,ForestWetRich
93184,Rumex thyrsiflorus,ForestWetRich
93185,Rumex thyrsiflorus,ForestWetRich
93186,Rumex thyrsiflorus,ForestWetRich
93187,Rumex thyrsiflorus,ForestWetRich
93188,Rumex thyrsiflorus,ForestWetRich
93189,Rumex thyrsiflorus,ForestWetRich
93190,Rumex thyrsiflorus,ForestWetRich
93191,Rumex thyrsiflorus,ForestWetRich
93192,Rumex thyrsiflorus,ForestWetRich
93692,Rumex thyrsiflorus,ForestWetRich
93693,Rumex thyrsiflorus,ForestWetRich
93694,Rumex thyrsiflorus,ForestWetRich
93695,Rumex thyrsiflorus,ForestWetRich
93696,Rumex thyrsiflorus,ForestWetRich
93697,Rumex thyrsiflorus,ForestWetRich
93698,Rumex thyrsiflorus,ForestWetRich
93699,Rumex thyrsiflorus,ForestWetRich
93700,Rumex thyrsiflorus,ForestWetRich
93701,Rumex thyrsiflorus,ForestWetRich
93702,Rumex thyrsiflorus,ForestWetRich
93703,Rumex thyrsiflorus,ForestWetRich
93704,Rumex thyrsiflorus,ForestWetRich
93705,Rumex thyrsiflorus,ForestWetRich
93706,Rumex thyrsiflorus,ForestWetRich
93707,Rumex thyrsiflorus,ForestWetRich
93708,Rumex thyrsiflorus,ForestWetRich
93709,Rumex thyrsiflorus,ForestWetRich
93710,Rumex thyrsiflorus,ForestWetRich
93711,Rumex thyrsiflorus,ForestWetRich
93712,Rumex thyrsiflorus,ForestWetRich
93713,Rumex thyrsiflorus,ForestWetRich
93714,Rumex thyrsiflorus,ForestWetRich
93715,Rumex thyrsiflorus,ForestWetRich
93716,Rumex thyrsiflorus,ForestWetRich
93717,Rumex thyrsiflorus,ForestWetRich
93718,Rumex thyrsiflorus,ForestWetRich
93719,Rumex thyrsiflorus,ForestWetRich
93720,Rumex thyrsiflorus,ForestWetRich
93721,Rumex thyrsiflorus,ForestWetRich
93722,Rumex thyrsiflorus,ForestWetRich
93723,Rumex thyrsiflorus,ForestWetRich
93724,Rumex thyrsiflorus,ForestWetRich
93725,Rumex thyrsiflorus,ForestWetRich
93726,Rumex thyrsiflorus,ForestWetRich
93727,Rumex thyrsiflorus,ForestWetRich
93728,Rumex thyrsiflorus,ForestWetRich
93729,Rumex thyrsiflorus,ForestWetRich
93730,Rumex thyrsiflorus,ForestWetRich
93731,Rumex thyrsiflorus,ForestWetRich
93732,Rumex thyrsiflorus,ForestWetRich
93733,Rumex thyrsiflorus,ForestWetRich
93734,Rumex thyrsiflorus,ForestWetRich
93735,Rumex thyrsiflorus,ForestWetRich
93736,Rumex thyrsiflorus,ForestWetRich
93737,Rumex thyrsiflorus,ForestWetRich
93738,Rumex thyrsiflorus,ForestWetRich
93739,Rumex thyrsiflorus,ForestWetRich
93740,Rumex thyrsiflorus,ForestWetRich
93741,Rumex thyrsiflorus,ForestWetRich
93742,Rumex thyrsiflorus,ForestWetRich
93743,Rumex thyrsiflorus,ForestWetRich
93744,Rumex thyrsiflorus,ForestWetRich
93745,Rumex thyrsiflorus,ForestWetRich
93746,Rumex thyrsiflorus,ForestWetRich
93747,Rumex thyrsiflorus,ForestWetRich
93748,Rumex thyrsiflorus,ForestWetRich
93749,Rumex thyrsiflorus,ForestWetRich
93750,Rumex thyrsiflorus,ForestWetRich
93751,Rumex thyrsiflorus,ForestWetRich
93752,Rumex thyrsiflorus,ForestWetRich
93753,Rumex thyrsiflorus,ForestWetRich
93754,Rumex thyrsiflorus,ForestWetRich
93755,Rumex thyrsiflorus,ForestWetRich
93756,Rumex thyrsiflorus,ForestWetRich
93757,Rumex thyrsiflorus,ForestWetRich
93758,Rumex thyrsiflorus,ForestWetRich
93759,Rumex thyrsiflorus,ForestWetRich
93760,Rumex thyrsiflorus,ForestWetRich
93761,Rumex thyrsiflorus,ForestWetRich
93762,Rumex thyrsiflorus,ForestWetRich
93763,Rumex thyrsiflorus,ForestWetRich
93764,Rumex thyrsiflorus,ForestWetRich
93765,Rumex thyrsiflorus,ForestWetRich
93766,Rumex thyrsiflorus,ForestWetRich
93767,Rumex thyrsiflorus,ForestWetRich
93768,Rumex thyrsiflorus,ForestWetRich
93769,Rumex thyrsiflorus,ForestWetRich
93770,Rumex thyrsiflorus,ForestWetRich
93771,Rumex thyrsiflorus,ForestWetRich
93772,Rumex thyrsiflorus,ForestWetRich
93773,Rumex thyrsiflorus,ForestWetRich
93774,Rumex thyrsiflorus,ForestWetRich
93775,Rumex thyrsiflorus,ForestWetRich
93776,Rumex thyrsiflorus,ForestWetRich
93777,Rumex thyrsiflorus,ForestWetRich
93778,Rumex thyrsiflorus,ForestWetRich
93779,Rumex thyrsiflorus,ForestWetRich
93780,Rumex thyrsiflorus,ForestWetRich
93781,Rumex thyrsiflorus,ForestWetRich
93782,Rumex thyrsiflorus,ForestWetRich
93783,Rumex thyrsiflorus,ForestWetRich
93784,Rumex thyrsiflorus,ForestWetRich
93785,Rumex thyrsiflorus,ForestWetRich
93786,Rumex thyrsiflorus,ForestWetRich
93787,Rumex thyrsiflorus,ForestWetRich
93788,Rumex thyrsiflorus,ForestWetRich
93789,Rumex thyrsiflorus,ForestWetRich
93790,Rumex thyrsiflorus,ForestWetRich
93791,Rumex thyrsiflorus,ForestWetRich
94291,Rumex thyrsiflorus,ForestWetRich
94292,Rumex thyrsiflorus,ForestWetRich
94293,Rumex thyrsiflorus,ForestWetRich
94294,Rumex thyrsiflorus,ForestWetRich
94295,Rumex thyrsiflorus,ForestWetRich
94296,Rumex thyrsiflorus,ForestWetRich
94297,Rumex thyrsiflorus,ForestWetRich
94298,Rumex thyrsiflorus,ForestWetRich
94299,Rumex thyrsiflorus,ForestWetRich
94300,Rumex thyrsiflorus,ForestWetRich
94301,Rumex thyrsiflorus,ForestWetRich
94302,Rumex thyrsiflorus,ForestWetRich
94303,Rumex thyrsiflorus,ForestWetRich
94304,Rumex thyrsiflorus,ForestWetRich
94305,Rumex thyrsiflorus,ForestWetRich
94306,Rumex thyrsiflorus,ForestWetRich
94307,Rumex thyrsiflorus,ForestWetRich
94308,Rumex thyrsiflorus,ForestWetRich
94309,Rumex thyrsiflorus,ForestWetRich
94310,Rumex thyrsiflorus,ForestWetRich
94311,Rumex thyrsiflorus,ForestWetRich
94312,Rumex thyrsiflorus,ForestWetRich
94313,Rumex thyrsiflorus,ForestWetRich
94314,Rumex thyrsiflorus,ForestWetRich
94315,Rumex thyrsiflorus,ForestWetRich
94316,Rumex thyrsiflorus,ForestWetRich
94317,Rumex thyrsiflorus,ForestWetRich
94318,Rumex thyrsiflorus,ForestWetRich
94319,Rumex thyrsiflorus,ForestWetRich
94320,Rumex thyrsiflorus,ForestWetRich
94321,Rumex thyrsiflorus,ForestWetRich
94322,Rumex thyrsiflorus,ForestWetRich
94323,Rumex thyrsiflorus,ForestWetRich
94324,Rumex thyrsiflorus,ForestWetRich
94325,Rumex thyrsiflorus,ForestWetRich
94326,Rumex thyrsiflorus,ForestWetRich
94327,Rumex thyrsiflorus,ForestWetRich
94328,Rumex thyrsiflorus,ForestWetRich
94329,Rumex thyrsiflorus,ForestWetRich
94330,Rumex thyrsiflorus,ForestWetRich
94331,Rumex thyrsiflorus,ForestWetRich
94332,Rumex thyrsiflorus,ForestWetRich
94333,Rumex thyrsiflorus,ForestWetRich
94334,Rumex thyrsiflorus,ForestWetRich
94335,Rumex thyrsiflorus,ForestWetRich
94336,Rumex thyrsiflorus,ForestWetRich
94337,Rumex thyrsiflorus,ForestWetRich
94338,Rumex thyrsiflorus,ForestWetRich
94339,Rumex thyrsiflorus,ForestWetRich
94340,Rumex thyrsiflorus,ForestWetRich
94341,Rumex thyrsiflorus,ForestWetRich
94342,Rumex thyrsiflorus,ForestWetRich
94343,Rumex thyrsiflorus,ForestWetRich
94344,Rumex thyrsiflorus,ForestWetRich
94345,Rumex thyrsiflorus,ForestWetRich
94346,Rumex thyrsiflorus,ForestWetRich
94347,Rumex thyrsiflorus,ForestWetRich
94348,Rumex thyrsiflorus,ForestWetRich
94349,Rumex thyrsiflorus,ForestWetRich
94350,Rumex thyrsiflorus,ForestWetRich
94351,Rumex thyrsiflorus,ForestWetRich
94352,Rumex thyrsiflorus,ForestWetRich
94353,Rumex thyrsiflorus,ForestWetRich
94354,Rumex thyrsiflorus,ForestWetRich
94355,Rumex thyrsiflorus,ForestWetRich
94356,Rumex thyrsiflorus,ForestWetRich
94357,Rumex thyrsiflorus,ForestWetRich
94358,Rumex thyrsiflorus,ForestWetRich
94359,Rumex thyrsiflorus,ForestWetRich
94360,Rumex thyrsiflorus,ForestWetRich
94361,Rumex thyrsiflorus,ForestWetRich
94362,Rumex thyrsiflorus,ForestWetRich
94363,Rumex thyrsiflorus,ForestWetRich
94364,Rumex thyrsiflorus,ForestWetRich
94365,Rumex thyrsiflorus,ForestWetRich
94366,Rumex thyrsiflorus,ForestWetRich
94367,Rumex thyrsiflorus,ForestWetRich
94368,Rumex thyrsiflorus,ForestWetRich
94369,Rumex thyrsiflorus,ForestWetRich
94370,Rumex thyrsiflorus,ForestWetRich
94371,Rumex thyrsiflorus,ForestWetRich
94372,Rumex thyrsiflorus,ForestWetRich
94373,Rumex thyrsiflorus,ForestWetRich
94374,Rumex thyrsiflorus,ForestWetRich
94375,Rumex thyrsiflorus,ForestWetRich
94376,Rumex thyrsiflorus,ForestWetRich
94377,Rumex thyrsiflorus,ForestWetRich
94378,Rumex thyrsiflorus,ForestWetRich
94379,Rumex thyrsiflorus,ForestWetRich
94380,Rumex thyrsiflorus,ForestWetRich
94381,Rumex thyrsiflorus,ForestWetRich
94382,Rumex thyrsiflorus,ForestWetRich
94383,Rumex thyrsiflorus,ForestWetRich
94384,Rumex thyrsiflorus,ForestWetRich
94385,Rumex thyrsiflorus,ForestWetRich
94386,Rumex thyrsiflorus,ForestWetRich
94387,Rumex thyrsiflorus,ForestWetRich
94388,Rumex thyrsiflorus,ForestWetRich
94389,Rumex thyrsiflorus,ForestWetRich
94390,Rumex thyrsiflorus,ForestWetRich
94890,Rumex thyrsiflorus,ForestWetRich
94891,Rumex thyrsiflorus,ForestWetRich
94892,Rumex thyrsiflorus,ForestWetRich
94893,Rumex thyrsiflorus,ForestWetRich
94894,Rumex thyrsiflorus,ForestWetRich
94895,Rumex thyrsiflorus,ForestWetRich
94896,Rumex thyrsiflorus,ForestWetRich
94897,Rumex thyrsiflorus,ForestWetRich
94898,Rumex thyrsiflorus,ForestWetRich
94899,Rumex thyrsiflorus,ForestWetRich
94900,Rumex thyrsiflorus,ForestWetRich
94901,Rumex thyrsiflorus,ForestWetRich
94902,Rumex thyrsiflorus,ForestWetRich
94903,Rumex thyrsiflorus,ForestWetRich
94904,Rumex thyrsiflorus,ForestWetRich
94905,Rumex thyrsiflorus,ForestWetRich
94906,Rumex thyrsiflorus,ForestWetRich
94907,Rumex thyrsiflorus,ForestWetRich
94908,Rumex thyrsiflorus,ForestWetRich
94909,Rumex thyrsiflorus,ForestWetRich
94910,Rumex thyrsiflorus,ForestWetRich
94911,Rumex thyrsiflorus,ForestWetRich
94912,Rumex thyrsiflorus,ForestWetRich
94913,Rumex thyrsiflorus,ForestWetRich
94914,Rumex thyrsiflorus,ForestWetRich
94915,Rumex thyrsiflorus,ForestWetRich
94916,Rumex thyrsiflorus,ForestWetRich
94917,Rumex thyrsiflorus,ForestWetRich
94918,Rumex thyrsiflorus,ForestWetRich
94919,Rumex thyrsiflorus,ForestWetRich
94920,Rumex thyrsiflorus,ForestWetRich
94921,Rumex thyrsiflorus,ForestWetRich
94922,Rumex thyrsiflorus,ForestWetRich
94923,Rumex thyrsiflorus,ForestWetRich
94924,Rumex thyrsiflorus,ForestWetRich
94925,Rumex thyrsiflorus,ForestWetRich
94926,Rumex thyrsiflorus,ForestWetRich
94927,Rumex thyrsiflorus,ForestWetRich
94928,Rumex thyrsiflorus,ForestWetRich
94929,Rumex thyrsiflorus,ForestWetRich
94930,Rumex thyrsiflorus,ForestWetRich
94931,Rumex thyrsiflorus,ForestWetRich
94932,Rumex thyrsiflorus,ForestWetRich
94933,Rumex thyrsiflorus,ForestWetRich
94934,Rumex thyrsiflorus,ForestWetRich
94935,Rumex thyrsiflorus,ForestWetRich
94936,Rumex thyrsiflorus,ForestWetRich
94937,Rumex thyrsiflorus,ForestWetRich
94938,Rumex thyrsiflorus,ForestWetRich
94939,Rumex thyrsiflorus,ForestWetRich
94940,Rumex thyrsiflorus,ForestWetRich
94941,Rumex thyrsiflorus,ForestWetRich
94942,Rumex thyrsiflorus,ForestWetRich
94943,Rumex thyrsiflorus,ForestWetRich
94944,Rumex thyrsiflorus,ForestWetRich
94945,Rumex thyrsiflorus,ForestWetRich
94946,Rumex thyrsiflorus,ForestWetRich
94947,Rumex thyrsiflorus,ForestWetRich
94948,Rumex thyrsiflorus,ForestWetRich
94949,Rumex thyrsiflorus,ForestWetRich
94950,Rumex thyrsiflorus,ForestWetRich
94951,Rumex thyrsiflorus,ForestWetRich
94952,Rumex thyrsiflorus,ForestWetRich
94953,Rumex thyrsiflorus,ForestWetRich
94954,Rumex thyrsiflorus,ForestWetRich
94955,Rumex thyrsiflorus,ForestWetRich
94956,Rumex thyrsiflorus,ForestWetRich
94957,Rumex thyrsiflorus,ForestWetRich
94958,Rumex thyrsiflorus,ForestWetRich
94959,Rumex thyrsiflorus,ForestWetRich
94960,Rumex thyrsiflorus,ForestWetRich
94961,Rumex thyrsiflorus,ForestWetRich
94962,Rumex thyrsiflorus,ForestWetRich
94963,Rumex thyrsiflorus,ForestWetRich
94964,Rumex thyrsiflorus,ForestWetRich
94965,Rumex thyrsiflorus,ForestWetRich
94966,Rumex thyrsiflorus,ForestWetRich
94967,Rumex thyrsiflorus,ForestWetRich
94968,Rumex thyrsiflorus,ForestWetRich
94969,Rumex thyrsiflorus,ForestWetRich
94970,Rumex thyrsiflorus,ForestWetRich
94971,Rumex thyrsiflorus,ForestWetRich
94972,Rumex thyrsiflorus,ForestWetRich
94973,Rumex thyrsiflorus,ForestWetRich
94974,Rumex thyrsiflorus,ForestWetRich
94975,Rumex thyrsiflorus,ForestWetRich
94976,Rumex thyrsiflorus,ForestWetRich
94977,Rumex thyrsiflorus,ForestWetRich
94978,Rumex thyrsiflorus,ForestWetRich
94979,Rumex thyrsiflorus,ForestWetRich
94980,Rumex thyrsiflorus,ForestWetRich
94981,Rumex thyrsiflorus,ForestWetRich
94982,Rumex thyrsiflorus,ForestWetRich
94983,Rumex thyrsiflorus,ForestWetRich
94984,Rumex thyrsiflorus,ForestWetRich
94985,Rumex thyrsiflorus,ForestWetRich
94986,Rumex thyrsiflorus,ForestWetRich
94987,Rumex thyrsiflorus,ForestWetRich
94988,Rumex thyrsiflorus,ForestWetRich
94989,Rumex thyrsiflorus,ForestWetRich
95489,Rumex thyrsiflorus,ForestWetRich
95490,Rumex thyrsiflorus,ForestWetRich
95491,Rumex thyrsiflorus,ForestWetRich
95492,Rumex thyrsiflorus,ForestWetRich
95493,Rumex thyrsiflorus,ForestWetRich
95494,Rumex thyrsiflorus,ForestWetRich
95495,Rumex thyrsiflorus,ForestWetRich
95496,Rumex thyrsiflorus,ForestWetRich
95497,Rumex thyrsiflorus,ForestWetRich
95498,Rumex thyrsiflorus,ForestWetRich
95499,Rumex thyrsiflorus,ForestWetRich
95500,Rumex thyrsiflorus,ForestWetRich
95501,Rumex thyrsiflorus,ForestWetRich
95502,Rumex thyrsiflorus,ForestWetRich
95503,Rumex thyrsiflorus,ForestWetRich
95504,Rumex thyrsiflorus,ForestWetRich
95505,Rumex thyrsiflorus,ForestWetRich
95506,Rumex thyrsiflorus,ForestWetRich
95507,Rumex thyrsiflorus,ForestWetRich
95508,Rumex thyrsiflorus,ForestWetRich
95509,Rumex thyrsiflorus,ForestWetRich
95510,Rumex thyrsiflorus,ForestWetRich
95511,Rumex thyrsiflorus,ForestWetRich
95512,Rumex thyrsiflorus,ForestWetRich
95513,Rumex thyrsiflorus,ForestWetRich
95514,Rumex thyrsiflorus,ForestWetRich
95515,Rumex thyrsiflorus,ForestWetRich
95516,Rumex thyrsiflorus,ForestWetRich
95517,Rumex thyrsiflorus,ForestWetRich
95518,Rumex thyrsiflorus,ForestWetRich
95519,Rumex thyrsiflorus,ForestWetRich
95520,Rumex thyrsiflorus,ForestWetRich
95521,Rumex thyrsiflorus,ForestWetRich
95522,Rumex thyrsiflorus,ForestWetRich
95523,Rumex thyrsiflorus,ForestWetRich
95524,Rumex thyrsiflorus,ForestWetRich
95525,Rumex thyrsiflorus,ForestWetRich
95526,Rumex thyrsiflorus,ForestWetRich
95527,Rumex thyrsiflorus,ForestWetRich
95528,Rumex thyrsiflorus,ForestWetRich
95529,Rumex thyrsiflorus,ForestWetRich
95530,Rumex thyrsiflorus,ForestWetRich
95531,Rumex thyrsiflorus,ForestWetRich
95532,Rumex thyrsiflorus,ForestWetRich
95533,Rumex thyrsiflorus,ForestWetRich
95534,Rumex thyrsiflorus,ForestWetRich
95535,Rumex thyrsiflorus,ForestWetRich
95536,Rumex thyrsiflorus,ForestWetRich
95537,Rumex thyrsiflorus,ForestWetRich
95538,Rumex thyrsiflorus,ForestWetRich
95539,Rumex thyrsiflorus,ForestWetRich
95540,Rumex thyrsiflorus,ForestWetRich
95541,Rumex thyrsiflorus,ForestWetRich
95542,Rumex thyrsiflorus,ForestWetRich
95543,Rumex thyrsiflorus,ForestWetRich
95544,Rumex thyrsiflorus,ForestWetRich
95545,Rumex thyrsiflorus,ForestWetRich
95546,Rumex thyrsiflorus,ForestWetRich
95547,Rumex thyrsiflorus,ForestWetRich
95548,Rumex thyrsiflorus,ForestWetRich
95549,Rumex thyrsiflorus,ForestWetRich
95550,Rumex thyrsiflorus,ForestWetRich
95551,Rumex thyrsiflorus,ForestWetRich
95552,Rumex thyrsiflorus,ForestWetRich
95553,Rumex thyrsiflorus,ForestWetRich
95554,Rumex thyrsiflorus,ForestWetRich
95555,Rumex thyrsiflorus,ForestWetRich
95556,Rumex thyrsiflorus,ForestWetRich
95557,Rumex thyrsiflorus,ForestWetRich
95558,Rumex thyrsiflorus,ForestWetRich
95559,Rumex thyrsiflorus,ForestWetRich
95560,Rumex thyrsiflorus,ForestWetRich
95561,Rumex thyrsiflorus,ForestWetRich
95562,Rumex thyrsiflorus,ForestWetRich
95563,Rumex thyrsiflorus,ForestWetRich
95564,Rumex thyrsiflorus,ForestWetRich
95565,Rumex thyrsiflorus,ForestWetRich
95566,Rumex thyrsiflorus,ForestWetRich
95567,Rumex thyrsiflorus,ForestWetRich
95568,Rumex thyrsiflorus,ForestWetRich
95569,Rumex thyrsiflorus,ForestWetRich
95570,Rumex thyrsiflorus,ForestWetRich
95571,Rumex thyrsiflorus,ForestWetRich
95572,Rumex thyrsiflorus,ForestWetRich
95573,Rumex thyrsiflorus,ForestWetRich
95574,Rumex thyrsiflorus,ForestWetRich
95575,Rumex thyrsiflorus,ForestWetRich
95576,Rumex thyrsiflorus,ForestWetRich
95577,Rumex thyrsiflorus,ForestWetRich
95578,Rumex thyrsiflorus,ForestWetRich
95579,Rumex thyrsiflorus,ForestWetRich
95580,Rumex thyrsiflorus,ForestWetRich
95581,Rumex thyrsiflorus,ForestWetRich
95582,Rumex thyrsiflorus,ForestWetRich
95583,Rumex thyrsiflorus,ForestWetRich
95584,Rumex thyrsiflorus,ForestWetRich
95585,Rumex thyrsiflorus,ForestWetRich
95586,Rumex thyrsiflorus,ForestWetRich
95587,Rumex thyrsiflorus,ForestWetRich
95588,Rumex thyrsiflorus,ForestWetRich
96088,Rumex thyrsiflorus,ForestWetRich
96089,Rumex thyrsiflorus,ForestWetRich
96090,Rumex thyrsiflorus,ForestWetRich
96091,Rumex thyrsiflorus,ForestWetRich
96092,Rumex thyrsiflorus,ForestWetRich
96093,Rumex thyrsiflorus,ForestWetRich
96094,Rumex thyrsiflorus,ForestWetRich
96095,Rumex thyrsiflorus,ForestWetRich
96096,Rumex thyrsiflorus,ForestWetRich
96097,Rumex thyrsiflorus,ForestWetRich
96098,Rumex thyrsiflorus,ForestWetRich
96099,Rumex thyrsiflorus,ForestWetRich
96100,Rumex thyrsiflorus,ForestWetRich
96101,Rumex thyrsiflorus,ForestWetRich
96102,Rumex thyrsiflorus,ForestWetRich
96103,Rumex thyrsiflorus,ForestWetRich
96104,Rumex thyrsiflorus,ForestWetRich
96105,Rumex thyrsiflorus,ForestWetRich
96106,Rumex thyrsiflorus,ForestWetRich
96107,Rumex thyrsiflorus,ForestWetRich
96108,Rumex thyrsiflorus,ForestWetRich
96109,Rumex thyrsiflorus,ForestWetRich
96110,Rumex thyrsiflorus,ForestWetRich
96111,Rumex thyrsiflorus,ForestWetRich
96112,Rumex thyrsiflorus,ForestWetRich
96113,Rumex thyrsiflorus,ForestWetRich
96114,Rumex thyrsiflorus,ForestWetRich
96115,Rumex thyrsiflorus,ForestWetRich
96116,Rumex thyrsiflorus,ForestWetRich
96117,Rumex thyrsiflorus,ForestWetRich
96118,Rumex thyrsiflorus,ForestWetRich
96119,Rumex thyrsiflorus,ForestWetRich
96120,Rumex thyrsiflorus,ForestWetRich
96121,Rumex thyrsiflorus,ForestWetRich
96122,Rumex thyrsiflorus,ForestWetRich
96123,Rumex thyrsiflorus,ForestWetRich
96124,Rumex thyrsiflorus,ForestWetRich
96125,Rumex thyrsiflorus,ForestWetRich
96126,Rumex thyrsiflorus,ForestWetRich
96127,Rumex thyrsiflorus,ForestWetRich
96128,Rumex thyrsiflorus,ForestWetRich
96129,Rumex thyrsiflorus,ForestWetRich
96130,Rumex thyrsiflorus,ForestWetRich
96131,Rumex thyrsiflorus,ForestWetRich
96132,Rumex thyrsiflorus,ForestWetRich
96133,Rumex thyrsiflorus,ForestWetRich
96134,Rumex thyrsiflorus,ForestWetRich
96135,Rumex thyrsiflorus,ForestWetRich
96136,Rumex thyrsiflorus,ForestWetRich
96137,Rumex thyrsiflorus,ForestWetRich
96138,Rumex thyrsiflorus,ForestWetRich
96139,Rumex thyrsiflorus,ForestWetRich
96140,Rumex thyrsiflorus,ForestWetRich
96141,Rumex thyrsiflorus,ForestWetRich
96142,Rumex thyrsiflorus,ForestWetRich
96143,Rumex thyrsiflorus,ForestWetRich
96144,Rumex thyrsiflorus,ForestWetRich
96145,Rumex thyrsiflorus,ForestWetRich
96146,Rumex thyrsiflorus,ForestWetRich
96147,Rumex thyrsiflorus,ForestWetRich
96148,Rumex thyrsiflorus,ForestWetRich
96149,Rumex thyrsiflorus,ForestWetRich
96150,Rumex thyrsiflorus,ForestWetRich
96151,Rumex thyrsiflorus,ForestWetRich
96152,Rumex thyrsiflorus,ForestWetRich
96153,Rumex thyrsiflorus,ForestWetRich
96154,Rumex thyrsiflorus,ForestWetRich
96155,Rumex thyrsiflorus,ForestWetRich
96156,Rumex thyrsiflorus,ForestWetRich
96157,Rumex thyrsiflorus,ForestWetRich
96158,Rumex thyrsiflorus,ForestWetRich
96159,Rumex thyrsiflorus,ForestWetRich
96160,Rumex thyrsiflorus,ForestWetRich
96161,Rumex thyrsiflorus,ForestWetRich
96162,Rumex thyrsiflorus,ForestWetRich
96163,Rumex thyrsiflorus,ForestWetRich
96164,Rumex thyrsiflorus,ForestWetRich
96165,Rumex thyrsiflorus,ForestWetRich
96166,Rumex thyrsiflorus,ForestWetRich
96167,Rumex thyrsiflorus,ForestWetRich
96168,Rumex thyrsiflorus,ForestWetRich
96169,Rumex thyrsiflorus,ForestWetRich
96170,Rumex thyrsiflorus,ForestWetRich
96171,Rumex thyrsiflorus,ForestWetRich
96172,Rumex thyrsiflorus,ForestWetRich
96173,Rumex thyrsiflorus,ForestWetRich
96174,Rumex thyrsiflorus,ForestWetRich
96175,Rumex thyrsiflorus,ForestWetRich
96176,Rumex thyrsiflorus,ForestWetRich
96177,Rumex thyrsiflorus,ForestWetRich
96178,Rumex thyrsiflorus,ForestWetRich
96179,Rumex thyrsiflorus,ForestWetRich
96180,Rumex thyrsiflorus,ForestWetRich
96181,Rumex thyrsiflorus,ForestWetRich
96182,Rumex thyrsiflorus,ForestWetRich
96183,Rumex thyrsiflorus,ForestWetRich
96184,Rumex thyrsiflorus,ForestWetRich
96185,Rumex thyrsiflorus,ForestWetRich
96186,Rumex thyrsiflorus,ForestWetRich
96187,Rumex thyrsiflorus,ForestWetRich
96688,Rumex thyrsiflorus,ForestWetRich
96689,Rumex thyrsiflorus,ForestWetRich
96690,Rumex thyrsiflorus,ForestWetRich
96691,Rumex thyrsiflorus,ForestWetRich
96692,Rumex thyrsiflorus,ForestWetRich
96693,Rumex thyrsiflorus,ForestWetRich
96694,Rumex thyrsiflorus,ForestWetRich
96695,Rumex thyrsiflorus,ForestWetRich
96696,Rumex thyrsiflorus,ForestWetRich
96697,Rumex thyrsiflorus,ForestWetRich
96698,Rumex thyrsiflorus,ForestWetRich
96699,Rumex thyrsiflorus,ForestWetRich
96700,Rumex thyrsiflorus,ForestWetRich
96701,Rumex thyrsiflorus,ForestWetRich
96702,Rumex thyrsiflorus,ForestWetRich
96703,Rumex thyrsiflorus,ForestWetRich
96704,Rumex thyrsiflorus,ForestWetRich
96705,Rumex thyrsiflorus,ForestWetRich
96706,Rumex thyrsiflorus,ForestWetRich
96707,Rumex thyrsiflorus,ForestWetRich
96708,Rumex thyrsiflorus,ForestWetRich
96709,Rumex thyrsiflorus,ForestWetRich
96710,Rumex thyrsiflorus,ForestWetRich
96711,Rumex thyrsiflorus,ForestWetRich
96712,Rumex thyrsiflorus,ForestWetRich
96713,Rumex thyrsiflorus,ForestWetRich
96714,Rumex thyrsiflorus,ForestWetRich
96715,Rumex thyrsiflorus,ForestWetRich
96716,Rumex thyrsiflorus,ForestWetRich
96717,Rumex thyrsiflorus,ForestWetRich
96718,Rumex thyrsiflorus,ForestWetRich
96719,Rumex thyrsiflorus,ForestWetRich
96720,Rumex thyrsiflorus,ForestWetRich
96721,Rumex thyrsiflorus,ForestWetRich
96722,Rumex thyrsiflorus,ForestWetRich
96723,Rumex thyrsiflorus,ForestWetRich
96724,Rumex thyrsiflorus,ForestWetRich
96725,Rumex thyrsiflorus,ForestWetRich
96726,Rumex thyrsiflorus,ForestWetRich
96727,Rumex thyrsiflorus,ForestWetRich
96728,Rumex thyrsiflorus,ForestWetRich
96729,Rumex thyrsiflorus,ForestWetRich
96730,Rumex thyrsiflorus,ForestWetRich
96731,Rumex thyrsiflorus,ForestWetRich
96732,Rumex thyrsiflorus,ForestWetRich
96733,Rumex thyrsiflorus,ForestWetRich
96734,Rumex thyrsiflorus,ForestWetRich
96735,Rumex thyrsiflorus,ForestWetRich
96736,Rumex thyrsiflorus,ForestWetRich
96737,Rumex thyrsiflorus,ForestWetRich
96738,Rumex thyrsiflorus,ForestWetRich
96739,Rumex thyrsiflorus,ForestWetRich
96740,Rumex thyrsiflorus,ForestWetRich
96741,Rumex thyrsiflorus,ForestWetRich
96742,Rumex thyrsiflorus,ForestWetRich
96743,Rumex thyrsiflorus,ForestWetRich
96744,Rumex thyrsiflorus,ForestWetRich
96745,Rumex thyrsiflorus,ForestWetRich
96746,Rumex thyrsiflorus,ForestWetRich
96747,Rumex thyrsiflorus,ForestWetRich
96748,Rumex thyrsiflorus,ForestWetRich
96749,Rumex thyrsiflorus,ForestWetRich
96750,Rumex thyrsiflorus,ForestWetRich
96751,Rumex thyrsiflorus,ForestWetRich
96752,Rumex thyrsiflorus,ForestWetRich
96753,Rumex thyrsiflorus,ForestWetRich
96754,Rumex thyrsiflorus,ForestWetRich
96755,Rumex thyrsiflorus,ForestWetRich
96756,Rumex thyrsiflorus,ForestWetRich
96757,Rumex thyrsiflorus,ForestWetRich
96758,Rumex thyrsiflorus,ForestWetRich
96759,Rumex thyrsiflorus,ForestWetRich
96760,Rumex thyrsiflorus,ForestWetRich
96761,Rumex thyrsiflorus,ForestWetRich
96762,Rumex thyrsiflorus,ForestWetRich
96763,Rumex thyrsiflorus,ForestWetRich
96764,Rumex thyrsiflorus,ForestWetRich
96765,Rumex thyrsiflorus,ForestWetRich
96766,Rumex thyrsiflorus,ForestWetRich
96767,Rumex thyrsiflorus,ForestWetRich
96768,Rumex thyrsiflorus,ForestWetRich
96769,Rumex thyrsiflorus,ForestWetRich
96770,Rumex thyrsiflorus,ForestWetRich
96771,Rumex thyrsiflorus,ForestWetRich
96772,Rumex thyrsiflorus,ForestWetRich
96773,Rumex thyrsiflorus,ForestWetRich
96774,Rumex thyrsiflorus,ForestWetRich
96775,Rumex thyrsiflorus,ForestWetRich
96776,Rumex thyrsiflorus,ForestWetRich
96777,Rumex thyrsiflorus,ForestWetRich
96778,Rumex thyrsiflorus,ForestWetRich
96779,Rumex thyrsiflorus,ForestWetRich
96780,Rumex thyrsiflorus,ForestWetRich
96781,Rumex thyrsiflorus,ForestWetRich
96782,Rumex thyrsiflorus,ForestWetRich
96783,Rumex thyrsiflorus,ForestWetRich
96784,Rumex thyrsiflorus,ForestWetRich
96785,Rumex thyrsiflorus,ForestWetRich
96786,Rumex thyrsiflorus,ForestWetRich
97287,Rumex thyrsiflorus,ForestWetRich
97288,Rumex thyrsiflorus,ForestWetRich
97289,Rumex thyrsiflorus,ForestWetRich
97290,Rumex thyrsiflorus,ForestWetRich
97291,Rumex thyrsiflorus,ForestWetRich
97292,Rumex thyrsiflorus,ForestWetRich
97293,Rumex thyrsiflorus,ForestWetRich
97294,Rumex thyrsiflorus,ForestWetRich
97295,Rumex thyrsiflorus,ForestWetRich
97296,Rumex thyrsiflorus,ForestWetRich
97297,Rumex thyrsiflorus,ForestWetRich
97298,Rumex thyrsiflorus,ForestWetRich
97299,Rumex thyrsiflorus,ForestWetRich
97300,Rumex thyrsiflorus,ForestWetRich
97301,Rumex thyrsiflorus,ForestWetRich
97302,Rumex thyrsiflorus,ForestWetRich
97303,Rumex thyrsiflorus,ForestWetRich
97304,Rumex thyrsiflorus,ForestWetRich
97305,Rumex thyrsiflorus,ForestWetRich
97306,Rumex thyrsiflorus,ForestWetRich
97307,Rumex thyrsiflorus,ForestWetRich
97308,Rumex thyrsiflorus,ForestWetRich
97309,Rumex thyrsiflorus,ForestWetRich
97310,Rumex thyrsiflorus,ForestWetRich
97311,Rumex thyrsiflorus,ForestWetRich
97312,Rumex thyrsiflorus,ForestWetRich
97313,Rumex thyrsiflorus,ForestWetRich
97314,Rumex thyrsiflorus,ForestWetRich
97315,Rumex thyrsiflorus,ForestWetRich
97316,Rumex thyrsiflorus,ForestWetRich
97317,Rumex thyrsiflorus,ForestWetRich
97318,Rumex thyrsiflorus,ForestWetRich
97319,Rumex thyrsiflorus,ForestWetRich
97320,Rumex thyrsiflorus,ForestWetRich
97321,Rumex thyrsiflorus,ForestWetRich
97322,Rumex thyrsiflorus,ForestWetRich
97323,Rumex thyrsiflorus,ForestWetRich
97324,Rumex thyrsiflorus,ForestWetRich
97325,Rumex thyrsiflorus,ForestWetRich
97326,Rumex thyrsiflorus,ForestWetRich
97327,Rumex thyrsiflorus,ForestWetRich
97328,Rumex thyrsiflorus,ForestWetRich
97329,Rumex thyrsiflorus,ForestWetRich
97330,Rumex thyrsiflorus,ForestWetRich
97331,Rumex thyrsiflorus,ForestWetRich
97332,Rumex thyrsiflorus,ForestWetRich
97333,Rumex thyrsiflorus,ForestWetRich
97334,Rumex thyrsiflorus,ForestWetRich
97335,Rumex thyrsiflorus,ForestWetRich
97336,Rumex thyrsiflorus,ForestWetRich
97337,Rumex thyrsiflorus,ForestWetRich
97338,Rumex thyrsiflorus,ForestWetRich
97339,Rumex thyrsiflorus,ForestWetRich
97340,Rumex thyrsiflorus,ForestWetRich
97341,Rumex thyrsiflorus,ForestWetRich
97342,Rumex thyrsiflorus,ForestWetRich
97343,Rumex thyrsiflorus,ForestWetRich
97344,Rumex thyrsiflorus,ForestWetRich
97345,Rumex thyrsiflorus,ForestWetRich
97346,Rumex thyrsiflorus,ForestWetRich
97347,Rumex thyrsiflorus,ForestWetRich
97348,Rumex thyrsiflorus,ForestWetRich
97349,Rumex thyrsiflorus,ForestWetRich
97350,Rumex thyrsiflorus,ForestWetRich
97351,Rumex thyrsiflorus,ForestWetRich
97352,Rumex thyrsiflorus,ForestWetRich
97353,Rumex thyrsiflorus,ForestWetRich
97354,Rumex thyrsiflorus,ForestWetRich
97355,Rumex thyrsiflorus,ForestWetRich
97356,Rumex thyrsiflorus,ForestWetRich
97357,Rumex thyrsiflorus,ForestWetRich
97358,Rumex thyrsiflorus,ForestWetRich
97359,Rumex thyrsiflorus,ForestWetRich
97360,Rumex thyrsiflorus,ForestWetRich
97361,Rumex thyrsiflorus,ForestWetRich
97362,Rumex thyrsiflorus,ForestWetRich
97363,Rumex thyrsiflorus,ForestWetRich
97364,Rumex thyrsiflorus,ForestWetRich
97365,Rumex thyrsiflorus,ForestWetRich
97366,Rumex thyrsiflorus,ForestWetRich
97367,Rumex thyrsiflorus,ForestWetRich
97368,Rumex thyrsiflorus,ForestWetRich
97369,Rumex thyrsiflorus,ForestWetRich
97370,Rumex thyrsiflorus,ForestWetRich
97371,Rumex thyrsiflorus,ForestWetRich
97372,Rumex thyrsiflorus,ForestWetRich
97373,Rumex thyrsiflorus,ForestWetRich
97374,Rumex thyrsiflorus,ForestWetRich
97375,Rumex thyrsiflorus,ForestWetRich
97376,Rumex thyrsiflorus,ForestWetRich
97377,Rumex thyrsiflorus,ForestWetRich
97378,Rumex thyrsiflorus,ForestWetRich
97379,Rumex thyrsiflorus,ForestWetRich
97380,Rumex thyrsiflorus,ForestWetRich
97381,Rumex thyrsiflorus,ForestWetRich
97382,Rumex thyrsiflorus,ForestWetRich
97383,Rumex thyrsiflorus,ForestWetRich
97384,Rumex thyrsiflorus,ForestWetRich
97385,Rumex thyrsiflorus,ForestWetRich
97886,Rumex thyrsiflorus,ForestWetRich
97887,Rumex thyrsiflorus,ForestWetRich
97888,Rumex thyrsiflorus,ForestWetRich
97889,Rumex thyrsiflorus,ForestWetRich
97890,Rumex thyrsiflorus,ForestWetRich
97891,Rumex thyrsiflorus,ForestWetRich
97892,Rumex thyrsiflorus,ForestWetRich
97893,Rumex thyrsiflorus,ForestWetRich
97894,Rumex thyrsiflorus,ForestWetRich
97895,Rumex thyrsiflorus,ForestWetRich
97896,Rumex thyrsiflorus,ForestWetRich
97897,Rumex thyrsiflorus,ForestWetRich
97898,Rumex thyrsiflorus,ForestWetRich
97899,Rumex thyrsiflorus,ForestWetRich
97900,Rumex thyrsiflorus,ForestWetRich
97901,Rumex thyrsiflorus,ForestWetRich
97902,Rumex thyrsiflorus,ForestWetRich
97903,Rumex thyrsiflorus,ForestWetRich
97904,Rumex thyrsiflorus,ForestWetRich
97905,Rumex thyrsiflorus,ForestWetRich
97906,Rumex thyrsiflorus,ForestWetRich
97907,Rumex thyrsiflorus,ForestWetRich
97908,Rumex thyrsiflorus,ForestWetRich
97909,Rumex thyrsiflorus,ForestWetRich
97910,Rumex thyrsiflorus,ForestWetRich
97911,Rumex thyrsiflorus,ForestWetRich
97912,Rumex thyrsiflorus,ForestWetRich
97913,Rumex thyrsiflorus,ForestWetRich
97914,Rumex thyrsiflorus,ForestWetRich
97915,Rumex thyrsiflorus,ForestWetRich
97916,Rumex thyrsiflorus,ForestWetRich
97917,Rumex thyrsiflorus,ForestWetRich
97918,Rumex thyrsiflorus,ForestWetRich
97919,Rumex thyrsiflorus,ForestWetRich
97920,Rumex thyrsiflorus,ForestWetRich
97921,Rumex thyrsiflorus,ForestWetRich
97922,Rumex thyrsiflorus,ForestWetRich
97923,Rumex thyrsiflorus,ForestWetRich
97924,Rumex thyrsiflorus,ForestWetRich
97925,Rumex thyrsiflorus,ForestWetRich
97926,Rumex thyrsiflorus,ForestWetRich
97927,Rumex thyrsiflorus,ForestWetRich
97928,Rumex thyrsiflorus,ForestWetRich
97929,Rumex thyrsiflorus,ForestWetRich
97930,Rumex thyrsiflorus,ForestWetRich
97931,Rumex thyrsiflorus,ForestWetRich
97932,Rumex thyrsiflorus,ForestWetRich
97933,Rumex thyrsiflorus,ForestWetRich
97934,Rumex thyrsiflorus,ForestWetRich
97935,Rumex thyrsiflorus,ForestWetRich
97936,Rumex thyrsiflorus,ForestWetRich
97937,Rumex thyrsiflorus,ForestWetRich
97938,Rumex thyrsiflorus,ForestWetRich
97939,Rumex thyrsiflorus,ForestWetRich
97940,Rumex thyrsiflorus,ForestWetRich
97941,Rumex thyrsiflorus,ForestWetRich
97942,Rumex thyrsiflorus,ForestWetRich
97943,Rumex thyrsiflorus,ForestWetRich
97944,Rumex thyrsiflorus,ForestWetRich
97945,Rumex thyrsiflorus,ForestWetRich
97946,Rumex thyrsiflorus,ForestWetRich
97947,Rumex thyrsiflorus,ForestWetRich
97948,Rumex thyrsiflorus,ForestWetRich
97949,Rumex thyrsiflorus,ForestWetRich
97950,Rumex thyrsiflorus,ForestWetRich
97951,Rumex thyrsiflorus,ForestWetRich
97952,Rumex thyrsiflorus,ForestWetRich
97953,Rumex thyrsiflorus,ForestWetRich
97954,Rumex thyrsiflorus,ForestWetRich
97955,Rumex thyrsiflorus,ForestWetRich
97956,Rumex thyrsiflorus,ForestWetRich
97957,Rumex thyrsiflorus,ForestWetRich
97958,Rumex thyrsiflorus,ForestWetRich
97959,Rumex thyrsiflorus,ForestWetRich
97960,Rumex thyrsiflorus,ForestWetRich
97961,Rumex thyrsiflorus,ForestWetRich
97962,Rumex thyrsiflorus,ForestWetRich
97963,Rumex thyrsiflorus,ForestWetRich
97964,Rumex thyrsiflorus,ForestWetRich
97965,Rumex thyrsiflorus,ForestWetRich
97966,Rumex thyrsiflorus,ForestWetRich
97967,Rumex thyrsiflorus,ForestWetRich
97968,Rumex thyrsiflorus,ForestWetRich
97969,Rumex thyrsiflorus,ForestWetRich
97970,Rumex thyrsiflorus,ForestWetRich
97971,Rumex thyrsiflorus,ForestWetRich
97972,Rumex thyrsiflorus,ForestWetRich
97973,Rumex thyrsiflorus,ForestWetRich
97974,Rumex thyrsiflorus,ForestWetRich
97975,Rumex thyrsiflorus,ForestWetRich
97976,Rumex thyrsiflorus,ForestWetRich
97977,Rumex thyrsiflorus,ForestWetRich
97978,Rumex thyrsiflorus,ForestWetRich
97979,Rumex thyrsiflorus,ForestWetRich
97980,Rumex thyrsiflorus,ForestWetRich
97981,Rumex thyrsiflorus,ForestWetRich
97982,Rumex thyrsiflorus,ForestWetRich
97983,Rumex thyrsiflorus,ForestWetRich
97984,Rumex thyrsiflorus,ForestWetRich
98485,Rumex thyrsiflorus,ForestWetRich
98486,Rumex thyrsiflorus,ForestWetRich
98487,Rumex thyrsiflorus,ForestWetRich
98488,Rumex thyrsiflorus,ForestWetRich
98489,Rumex thyrsiflorus,ForestWetRich
98490,Rumex thyrsiflorus,ForestWetRich
98491,Rumex thyrsiflorus,ForestWetRich
98492,Rumex thyrsiflorus,ForestWetRich
98493,Rumex thyrsiflorus,ForestWetRich
98494,Rumex thyrsiflorus,ForestWetRich
98495,Rumex thyrsiflorus,ForestWetRich
98496,Rumex thyrsiflorus,ForestWetRich
98497,Rumex thyrsiflorus,ForestWetRich
98498,Rumex thyrsiflorus,ForestWetRich
98499,Rumex thyrsiflorus,ForestWetRich
98500,Rumex thyrsiflorus,ForestWetRich
98501,Rumex thyrsiflorus,ForestWetRich
98502,Rumex thyrsiflorus,ForestWetRich
98503,Rumex thyrsiflorus,ForestWetRich
98504,Rumex thyrsiflorus,ForestWetRich
98505,Rumex thyrsiflorus,ForestWetRich
98506,Rumex thyrsiflorus,ForestWetRich
98507,Rumex thyrsiflorus,ForestWetRich
98508,Rumex thyrsiflorus,ForestWetRich
98509,Rumex thyrsiflorus,ForestWetRich
98510,Rumex thyrsiflorus,ForestWetRich
98511,Rumex thyrsiflorus,ForestWetRich
98512,Rumex thyrsiflorus,ForestWetRich
98513,Rumex thyrsiflorus,ForestWetRich
98514,Rumex thyrsiflorus,ForestWetRich
98515,Rumex thyrsiflorus,ForestWetRich
98516,Rumex thyrsiflorus,ForestWetRich
98517,Rumex thyrsiflorus,ForestWetRich
98518,Rumex thyrsiflorus,ForestWetRich
98519,Rumex thyrsiflorus,ForestWetRich
98520,Rumex thyrsiflorus,ForestWetRich
98521,Rumex thyrsiflorus,ForestWetRich
98522,Rumex thyrsiflorus,ForestWetRich
98523,Rumex thyrsiflorus,ForestWetRich
98524,Rumex thyrsiflorus,ForestWetRich
98525,Rumex thyrsiflorus,ForestWetRich
98526,Rumex thyrsiflorus,ForestWetRich
98527,Rumex thyrsiflorus,ForestWetRich
98528,Rumex thyrsiflorus,ForestWetRich
98529,Rumex thyrsiflorus,ForestWetRich
98530,Rumex thyrsiflorus,ForestWetRich
98531,Rumex thyrsiflorus,ForestWetRich
98532,Rumex thyrsiflorus,ForestWetRich
99084,Rumex thyrsiflorus,ForestWetRich
99085,Rumex thyrsiflorus,ForestWetRich
99086,Rumex thyrsiflorus,ForestWetRich
99087,Rumex thyrsiflorus,ForestWetRich
99088,Rumex thyrsiflorus,ForestWetRich
99089,Rumex thyrsiflorus,ForestWetRich
99090,Rumex thyrsiflorus,ForestWetRich
99091,Rumex thyrsiflorus,ForestWetRich
99092,Rumex thyrsiflorus,ForestWetRich
99093,Rumex thyrsiflorus,ForestWetRich
99094,Rumex thyrsiflorus,ForestWetRich
99095,Rumex thyrsiflorus,ForestWetRich
99096,Rumex thyrsiflorus,ForestWetRich
99097,Rumex thyrsiflorus,ForestWetRich
99098,Rumex thyrsiflorus,ForestWetRich
99099,Rumex thyrsiflorus,ForestWetRich
99100,Rumex thyrsiflorus,ForestWetRich
99101,Rumex thyrsiflorus,ForestWetRich
99102,Rumex thyrsiflorus,ForestWetRich
99103,Rumex thyrsiflorus,ForestWetRich
99104,Rumex thyrsiflorus,ForestWetRich
99105,Rumex thyrsiflorus,ForestWetRich
99106,Rumex thyrsiflorus,ForestWetRich
99107,Rumex thyrsiflorus,ForestWetRich
99108,Rumex thyrsiflorus,ForestWetRich
99109,Rumex thyrsiflorus,ForestWetRich
99110,Rumex thyrsiflorus,ForestWetRich
99111,Rumex thyrsiflorus,ForestWetRich
99112,Rumex thyrsiflorus,ForestWetRich
99113,Rumex thyrsiflorus,ForestWetRich
99114,Rumex thyrsiflorus,ForestWetRich
99115,Rumex thyrsiflorus,ForestWetRich
99116,Rumex thyrsiflorus,ForestWetRich
99117,Rumex thyrsiflorus,ForestWetRich
99118,Rumex thyrsiflorus,ForestWetRich
99119,Rumex thyrsiflorus,ForestWetRich
99120,Rumex thyrsiflorus,ForestWetRich
99121,Rumex thyrsiflorus,ForestWetRich
99122,Rumex thyrsiflorus,ForestWetRich
99123,Rumex thyrsiflorus,ForestWetRich
99124,Rumex thyrsiflorus,ForestWetRich
99125,Rumex thyrsiflorus,ForestWetRich
99126,Rumex thyrsiflorus,ForestWetRich
99127,Rumex thyrsiflorus,ForestWetRich
99128,Rumex thyrsiflorus,ForestWetRich
99129,Rumex thyrsiflorus,ForestWetRich
99130,Rumex thyrsiflorus,ForestWetRich
99131,Rumex thyrsiflorus,ForestWetRich
99683,Rumex thyrsiflorus,ForestWetRich
99684,Rumex thyrsiflorus,ForestWetRich
99685,Rumex thyrsiflorus,ForestWetRich
99686,Rumex thyrsiflorus,ForestWetRich
99687,Rumex thyrsiflorus,ForestWetRich
99688,Rumex thyrsiflorus,ForestWetRich
99689,Rumex thyrsiflorus,ForestWetRich
99690,Rumex thyrsiflorus,ForestWetRich
99691,Rumex thyrsiflorus,ForestWetRich
99692,Rumex thyrsiflorus,ForestWetRich
99693,Rumex thyrsiflorus,ForestWetRich
99694,Rumex thyrsiflorus,ForestWetRich
99695,Rumex thyrsiflorus,ForestWetRich
99696,Rumex thyrsiflorus,ForestWetRich
99697,Rumex thyrsiflorus,ForestWetRich
99698,Rumex thyrsiflorus,ForestWetRich
99699,Rumex thyrsiflorus,ForestWetRich
99700,Rumex thyrsiflorus,ForestWetRich
99701,Rumex thyrsiflorus,ForestWetRich
99702,Rumex thyrsiflorus,ForestWetRich
99703,Rumex thyrsiflorus,ForestWetRich
99704,Rumex thyrsiflorus,ForestWetRich
99705,Rumex thyrsiflorus,ForestWetRich
99706,Rumex thyrsiflorus,ForestWetRich
99707,Rumex thyrsiflorus,ForestWetRich
99708,Rumex thyrsiflorus,ForestWetRich
99709,Rumex thyrsiflorus,ForestWetRich
99710,Rumex thyrsiflorus,ForestWetRich
99711,Rumex thyrsiflorus,ForestWetRich
99712,Rumex thyrsiflorus,ForestWetRich
99713,Rumex thyrsiflorus,ForestWetRich
99714,Rumex thyrsiflorus,ForestWetRich
99715,Rumex thyrsiflorus,ForestWetRich
99716,Rumex thyrsiflorus,ForestWetRich
99717,Rumex thyrsiflorus,ForestWetRich
99718,Rumex thyrsiflorus,ForestWetRich
99719,Rumex thyrsiflorus,ForestWetRich
99720,Rumex thyrsiflorus,ForestWetRich
99721,Rumex thyrsiflorus,ForestWetRich
99722,Rumex thyrsiflorus,ForestWetRich
99723,Rumex thyrsiflorus,ForestWetRich
99724,Rumex thyrsiflorus,ForestWetRich
99725,Rumex thyrsiflorus,ForestWetRich
99726,Rumex thyrsiflorus,ForestWetRich
99727,Rumex thyrsiflorus,ForestWetRich
99728,Rumex thyrsiflorus,ForestWetRich
99729,Rumex thyrsiflorus,ForestWetRich
99730,Rumex thyrsiflorus,ForestWetRich
100282,Rumex thyrsiflorus,ForestWetRich
100283,Rumex thyrsiflorus,ForestWetRich
100284,Rumex thyrsiflorus,ForestWetRich
100285,Rumex thyrsiflorus,ForestWetRich
100286,Rumex thyrsiflorus,ForestWetRich
100287,Rumex thyrsiflorus,ForestWetRich
100288,Rumex thyrsiflorus,ForestWetRich
100289,Rumex thyrsiflorus,ForestWetRich
100290,Rumex thyrsiflorus,ForestWetRich
100291,Rumex thyrsiflorus,ForestWetRich
100292,Rumex thyrsiflorus,ForestWetRich
100293,Rumex thyrsiflorus,ForestWetRich
100294,Rumex thyrsiflorus,ForestWetRich
100295,Rumex thyrsiflorus,ForestWetRich
100296,Rumex thyrsiflorus,ForestWetRich
100297,Rumex thyrsiflorus,ForestWetRich
100298,Rumex thyrsiflorus,ForestWetRich
100299,Rumex thyrsiflorus,ForestWetRich
100300,Rumex thyrsiflorus,ForestWetRich
100301,Rumex thyrsiflorus,ForestWetRich
100302,Rumex thyrsiflorus,ForestWetRich
100303,Rumex thyrsiflorus,ForestWetRich
100304,Rumex thyrsiflorus,ForestWetRich
100305,Rumex thyrsiflorus,ForestWetRich
100306,Rumex thyrsiflorus,ForestWetRich
100307,Rumex thyrsiflorus,ForestWetRich
100308,Rumex thyrsiflorus,ForestWetRich
100309,Rumex thyrsiflorus,ForestWetRich
100310,Rumex thyrsiflorus,ForestWetRich
100311,Rumex thyrsiflorus,ForestWetRich
100312,Rumex thyrsiflorus,ForestWetRich
100313,Rumex thyrsiflorus,ForestWetRich
100314,Rumex thyrsiflorus,ForestWetRich
100315,Rumex thyrsiflorus,ForestWetRich
100316,Rumex thyrsiflorus,ForestWetRich
100317,Rumex thyrsiflorus,ForestWetRich
100318,Rumex thyrsiflorus,ForestWetRich
100319,Rumex thyrsiflorus,ForestWetRich
100320,Rumex thyrsiflorus,ForestWetRich
100321,Rumex thyrsiflorus,ForestWetRich
100322,Rumex thyrsiflorus,ForestWetRich
100323,Rumex thyrsiflorus,ForestWetRich
100324,Rumex thyrsiflorus,ForestWetRich
100325,Rumex thyrsiflorus,ForestWetRich
100326,Rumex thyrsiflorus,ForestWetRich
100327,Rumex thyrsiflorus,ForestWetRich
100328,Rumex thyrsiflorus,ForestWetRich
100329,Rumex thyrsiflorus,ForestWetRich
100881,Rumex thyrsiflorus,ForestWetRich
100882,Rumex thyrsiflorus,ForestWetRich
100883,Rumex thyrsiflorus,ForestWetRich
100884,Rumex thyrsiflorus,ForestWetRich
100885,Rumex thyrsiflorus,ForestWetRich
100886,Rumex thyrsiflorus,ForestWetRich
100887,Rumex thyrsiflorus,ForestWetRich
100888,Rumex thyrsiflorus,ForestWetRich
100889,Rumex thyrsiflorus,ForestWetRich
100890,Rumex thyrsiflorus,ForestWetRich
100891,Rumex thyrsiflorus,ForestWetRich
100892,Rumex thyrsiflorus,ForestWetRich
100893,Rumex thyrsiflorus,ForestWetRich
100894,Rumex thyrsiflorus,ForestWetRich
100895,Rumex thyrsiflorus,ForestWetRich
100896,Rumex thyrsiflorus,ForestWetRich
100897,Rumex thyrsiflorus,ForestWetRich
100898,Rumex thyrsiflorus,ForestWetRich
100899,Rumex thyrsiflorus,ForestWetRich
100900,Rumex thyrsiflorus,ForestWetRich
100901,Rumex thyrsiflorus,ForestWetRich
100902,Rumex thyrsiflorus,ForestWetRich
100903,Rumex thyrsiflorus,ForestWetRich
100904,Rumex thyrsiflorus,ForestWetRich
100905,Rumex thyrsiflorus,ForestWetRich
100906,Rumex thyrsiflorus,ForestWetRich
100907,Rumex thyrsiflorus,ForestWetRich
100908,Rumex thyrsiflorus,ForestWetRich
100909,Rumex thyrsiflorus,ForestWetRich
100910,Rumex thyrsiflorus,ForestWetRich
100911,Rumex thyrsiflorus,ForestWetRich
100912,Rumex thyrsiflorus,ForestWetRich
100913,Rumex thyrsiflorus,ForestWetRich
100914,Rumex thyrsiflorus,ForestWetRich
100915,Rumex thyrsiflorus,ForestWetRich
100916,Rumex thyrsiflorus,ForestWetRich
100917,Rumex thyrsiflorus,ForestWetRich
100918,Rumex thyrsiflorus,ForestWetRich
100919,Rumex thyrsiflorus,ForestWetRich
100920,Rumex thyrsiflorus,ForestWetRich
100921,Rumex thyrsiflorus,ForestWetRich
100922,Rumex thyrsiflorus,ForestWetRich
100923,Rumex thyrsiflorus,ForestWetRich
100924,Rumex thyrsiflorus,ForestWetRich
100925,Rumex thyrsiflorus,ForestWetRich
100926,Rumex thyrsiflorus,ForestWetRich
100927,Rumex thyrsiflorus,ForestWetRich
100928,Rumex thyrsiflorus,ForestWetRich
101481,Rumex thyrsiflorus,ForestWetRich
101482,Rumex thyrsiflorus,ForestWetRich
101483,Rumex thyrsiflorus,ForestWetRich
101484,Rumex thyrsiflorus,ForestWetRich
101485,Rumex thyrsiflorus,ForestWetRich
101486,Rumex thyrsiflorus,ForestWetRich
101487,Rumex thyrsiflorus,ForestWetRich
101488,Rumex thyrsiflorus,ForestWetRich
101489,Rumex thyrsiflorus,ForestWetRich
101490,Rumex thyrsiflorus,ForestWetRich
101491,Rumex thyrsiflorus,ForestWetRich
101492,Rumex thyrsiflorus,ForestWetRich
101493,Rumex thyrsiflorus,ForestWetRich
101494,Rumex thyrsiflorus,ForestWetRich
101495,Rumex thyrsiflorus,ForestWetRich
101496,Rumex thyrsiflorus,ForestWetRich
101497,Rumex thyrsiflorus,ForestWetRich
101498,Rumex thyrsiflorus,ForestWetRich
101499,Rumex thyrsiflorus,ForestWetRich
101500,Rumex thyrsiflorus,ForestWetRich
101501,Rumex thyrsiflorus,ForestWetRich
101502,Rumex thyrsiflorus,ForestWetRich
101503,Rumex thyrsiflorus,ForestWetRich
101504,Rumex thyrsiflorus,ForestWetRich
101505,Rumex thyrsiflorus,ForestWetRich
101506,Rumex thyrsiflorus,ForestWetRich
101507,Rumex thyrsiflorus,ForestWetRich
101508,Rumex thyrsiflorus,ForestWetRich
101509,Rumex thyrsiflorus,ForestWetRich
101510,Rumex thyrsiflorus,ForestWetRich
101511,Rumex thyrsiflorus,ForestWetRich
101512,Rumex thyrsiflorus,ForestWetRich
101513,Rumex thyrsiflorus,ForestWetRich
101514,Rumex thyrsiflorus,ForestWetRich
101515,Rumex thyrsiflorus,ForestWetRich
101516,Rumex thyrsiflorus,ForestWetRich
101517,Rumex thyrsiflorus,ForestWetRich
101518,Rumex thyrsiflorus,ForestWetRich
101519,Rumex thyrsiflorus,ForestWetRich
101520,Rumex thyrsiflorus,ForestWetRich
101521,Rumex thyrsiflorus,ForestWetRich
101522,Rumex thyrsiflorus,ForestWetRich
101523,Rumex thyrsiflorus,ForestWetRich
101524,Rumex thyrsiflorus,ForestWetRich
101525,Rumex thyrsiflorus,ForestWetRich
101526,Rumex thyrsiflorus,ForestWetRich
101527,Rumex thyrsiflorus,ForestWetRich
102080,Rumex thyrsiflorus,ForestWetRich
102081,Rumex thyrsiflorus,ForestWetRich
102082,Rumex thyrsiflorus,ForestWetRich
102083,Rumex thyrsiflorus,ForestWetRich
102084,Rumex thyrsiflorus,ForestWetRich
102085,Rumex thyrsiflorus,ForestWetRich
102086,Rumex thyrsiflorus,ForestWetRich
102087,Rumex thyrsiflorus,ForestWetRich
102088,Rumex thyrsiflorus,ForestWetRich
102089,Rumex thyrsiflorus,ForestWetRich
102090,Rumex thyrsiflorus,ForestWetRich
102091,Rumex thyrsiflorus,ForestWetRich
102092,Rumex thyrsiflorus,ForestWetRich
102093,Rumex thyrsiflorus,ForestWetRich
102094,Rumex thyrsiflorus,ForestWetRich
102095,Rumex thyrsiflorus,ForestWetRich
102096,Rumex thyrsiflorus,ForestWetRich
102097,Rumex thyrsiflorus,ForestWetRich
102098,Rumex thyrsiflorus,ForestWetRich
102099,Rumex thyrsiflorus,ForestWetRich
102100,Rumex thyrsiflorus,ForestWetRich
102101,Rumex thyrsiflorus,ForestWetRich
102102,Rumex thyrsiflorus,ForestWetRich
102103,Rumex thyrsiflorus,ForestWetRich
102104,Rumex thyrsiflorus,ForestWetRich
102105,Rumex thyrsiflorus,ForestWetRich
102106,Rumex thyrsiflorus,ForestWetRich
102107,Rumex thyrsiflorus,ForestWetRich
102108,Rumex thyrsiflorus,ForestWetRich
102109,Rumex thyrsiflorus,ForestWetRich
102110,Rumex thyrsiflorus,ForestWetRich
102111,Rumex thyrsiflorus,ForestWetRich
102112,Rumex thyrsiflorus,ForestWetRich
102113,Rumex thyrsiflorus,ForestWetRich
102114,Rumex thyrsiflorus,ForestWetRich
102115,Rumex thyrsiflorus,ForestWetRich
102116,Rumex thyrsiflorus,ForestWetRich
102117,Rumex thyrsiflorus,ForestWetRich
102118,Rumex thyrsiflorus,ForestWetRich
102119,Rumex thyrsiflorus,ForestWetRich
102120,Rumex thyrsiflorus,ForestWetRich
102121,Rumex thyrsiflorus,ForestWetRich
102122,Rumex thyrsiflorus,ForestWetRich
102123,Rumex thyrsiflorus,ForestWetRich
102124,Rumex thyrsiflorus,ForestWetRich
102125,Rumex thyrsiflorus,ForestWetRich
102126,Rumex thyrsiflorus,ForestWetRich
102679,Rumex thyrsiflorus,ForestWetRich
102680,Rumex thyrsiflorus,ForestWetRich
102681,Rumex thyrsiflorus,ForestWetRich
102682,Rumex thyrsiflorus,ForestWetRich
102683,Rumex thyrsiflorus,ForestWetRich
102684,Rumex thyrsiflorus,ForestWetRich
102685,Rumex thyrsiflorus,ForestWetRich
102686,Rumex thyrsiflorus,ForestWetRich
102687,Rumex thyrsiflorus,ForestWetRich
102688,Rumex thyrsiflorus,ForestWetRich
102689,Rumex thyrsiflorus,ForestWetRich
102690,Rumex thyrsiflorus,ForestWetRich
102691,Rumex thyrsiflorus,ForestWetRich
102692,Rumex thyrsiflorus,ForestWetRich
102693,Rumex thyrsiflorus,ForestWetRich
102694,Rumex thyrsiflorus,ForestWetRich
102695,Rumex thyrsiflorus,ForestWetRich
102696,Rumex thyrsiflorus,ForestWetRich
102697,Rumex thyrsiflorus,ForestWetRich
102698,Rumex thyrsiflorus,ForestWetRich
102699,Rumex thyrsiflorus,ForestWetRich
102700,Rumex thyrsiflorus,ForestWetRich
102701,Rumex thyrsiflorus,ForestWetRich
102702,Rumex thyrsiflorus,ForestWetRich
102703,Rumex thyrsiflorus,ForestWetRich
102704,Rumex thyrsiflorus,ForestWetRich
102705,Rumex thyrsiflorus,ForestWetRich
102706,Rumex thyrsiflorus,ForestWetRich
102707,Rumex thyrsiflorus,ForestWetRich
102708,Rumex thyrsiflorus,ForestWetRich
102709,Rumex thyrsiflorus,ForestWetRich
102710,Rumex thyrsiflorus,ForestWetRich
102711,Rumex thyrsiflorus,ForestWetRich
102712,Rumex thyrsiflorus,ForestWetRich
102713,Rumex thyrsiflorus,ForestWetRich
102714,Rumex thyrsiflorus,ForestWetRich
102715,Rumex thyrsiflorus,ForestWetRich
102716,Rumex thyrsiflorus,ForestWetRich
102717,Rumex thyrsiflorus,ForestWetRich
102718,Rumex thyrsiflorus,ForestWetRich
102719,Rumex thyrsiflorus,ForestWetRich
102720,Rumex thyrsiflorus,ForestWetRich
102721,Rumex thyrsiflorus,ForestWetRich
102722,Rumex thyrsiflorus,ForestWetRich
102723,Rumex thyrsiflorus,ForestWetRich
102724,Rumex thyrsiflorus,ForestWetRich
102725,Rumex thyrsiflorus,ForestWetRich
103278,Rumex thyrsiflorus,ForestWetRich
103279,Rumex thyrsiflorus,ForestWetRich
103280,Rumex thyrsiflorus,ForestWetRich
103281,Rumex thyrsiflorus,ForestWetRich
103282,Rumex thyrsiflorus,ForestWetRich
103283,Rumex thyrsiflorus,ForestWetRich
103284,Rumex thyrsiflorus,ForestWetRich
103285,Rumex thyrsiflorus,ForestWetRich
103286,Rumex thyrsiflorus,ForestWetRich
103287,Rumex thyrsiflorus,ForestWetRich
103288,Rumex thyrsiflorus,ForestWetRich
103289,Rumex thyrsiflorus,ForestWetRich
103290,Rumex thyrsiflorus,ForestWetRich
103291,Rumex thyrsiflorus,ForestWetRich
103292,Rumex thyrsiflorus,ForestWetRich
103293,Rumex thyrsiflorus,ForestWetRich
103294,Rumex thyrsiflorus,ForestWetRich
103295,Rumex thyrsiflorus,ForestWetRich
103296,Rumex thyrsiflorus,ForestWetRich
103297,Rumex thyrsiflorus,ForestWetRich
103298,Rumex thyrsiflorus,ForestWetRich
103299,Rumex thyrsiflorus,ForestWetRich
103300,Rumex thyrsiflorus,ForestWetRich
103301,Rumex thyrsiflorus,ForestWetRich
103302,Rumex thyrsiflorus,ForestWetRich
103303,Rumex thyrsiflorus,ForestWetRich
103304,Rumex thyrsiflorus,ForestWetRich
103305,Rumex thyrsiflorus,ForestWetRich
103306,Rumex thyrsiflorus,ForestWetRich
103307,Rumex thyrsiflorus,ForestWetRich
103308,Rumex thyrsiflorus,ForestWetRich
103309,Rumex thyrsiflorus,ForestWetRich
103310,Rumex thyrsiflorus,ForestWetRich
103311,Rumex thyrsiflorus,ForestWetRich
103312,Rumex thyrsiflorus,ForestWetRich
103313,Rumex thyrsiflorus,ForestWetRich
103314,Rumex thyrsiflorus,ForestWetRich
103315,Rumex thyrsiflorus,ForestWetRich
103316,Rumex thyrsiflorus,ForestWetRich
103317,Rumex thyrsiflorus,ForestWetRich
103318,Rumex thyrsiflorus,ForestWetRich
103319,Rumex thyrsiflorus,ForestWetRich
103320,Rumex thyrsiflorus,ForestWetRich
103321,Rumex thyrsiflorus,ForestWetRich
103322,Rumex thyrsiflorus,ForestWetRich
103323,Rumex thyrsiflorus,ForestWetRich
103324,Rumex thyrsiflorus,ForestWetRich
103878,Rumex thyrsiflorus,ForestWetRich
103879,Rumex thyrsiflorus,ForestWetRich
103880,Rumex thyrsiflorus,ForestWetRich
103881,Rumex thyrsiflorus,ForestWetRich
103882,Rumex thyrsiflorus,ForestWetRich
103883,Rumex thyrsiflorus,ForestWetRich
103884,Rumex thyrsiflorus,ForestWetRich
103885,Rumex thyrsiflorus,ForestWetRich
103886,Rumex thyrsiflorus,ForestWetRich
103887,Rumex thyrsiflorus,ForestWetRich
103888,Rumex thyrsiflorus,ForestWetRich
103889,Rumex thyrsiflorus,ForestWetRich
103890,Rumex thyrsiflorus,ForestWetRich
103891,Rumex thyrsiflorus,ForestWetRich
103892,Rumex thyrsiflorus,ForestWetRich
103893,Rumex thyrsiflorus,ForestWetRich
103894,Rumex thyrsiflorus,ForestWetRich
103895,Rumex thyrsiflorus,ForestWetRich
103896,Rumex thyrsiflorus,ForestWetRich
103897,Rumex thyrsiflorus,ForestWetRich
103898,Rumex thyrsiflorus,ForestWetRich
103899,Rumex thyrsiflorus,ForestWetRich
103900,Rumex thyrsiflorus,ForestWetRich
103901,Rumex thyrsiflorus,ForestWetRich
103902,Rumex thyrsiflorus,ForestWetRich
103903,Rumex thyrsiflorus,ForestWetRich
103904,Rumex thyrsiflorus,ForestWetRich
103905,Rumex thyrsiflorus,ForestWetRich
103906,Rumex thyrsiflorus,ForestWetRich
103907,Rumex thyrsiflorus,ForestWetRich
103908,Rumex thyrsiflorus,ForestWetRich
103909,Rumex thyrsiflorus,ForestWetRich
103910,Rumex thyrsiflorus,ForestWetRich
103911,Rumex thyrsiflorus,ForestWetRich
103912,Rumex thyrsiflorus,ForestWetRich
103913,Rumex thyrsiflorus,ForestWetRich
103914,Rumex thyrsiflorus,ForestWetRich
103915,Rumex thyrsiflorus,ForestWetRich
103916,Rumex thyrsiflorus,ForestWetRich
103917,Rumex thyrsiflorus,ForestWetRich
103918,Rumex thyrsiflorus,ForestWetRich
103919,Rumex thyrsiflorus,ForestWetRich
103920,Rumex thyrsiflorus,ForestWetRich
103921,Rumex thyrsiflorus,ForestWetRich
103922,Rumex thyrsiflorus,ForestWetRich
103923,Rumex thyrsiflorus,ForestWetRich
104477,Rumex thyrsiflorus,ForestWetRich
104478,Rumex thyrsiflorus,ForestWetRich
104479,Rumex thyrsiflorus,ForestWetRich
104480,Rumex thyrsiflorus,ForestWetRich
104481,Rumex thyrsiflorus,ForestWetRich
104482,Rumex thyrsiflorus,ForestWetRich
104483,Rumex thyrsiflorus,ForestWetRich
104484,Rumex thyrsiflorus,ForestWetRich
104485,Rumex thyrsiflorus,ForestWetRich
104486,Rumex thyrsiflorus,ForestWetRich
104487,Rumex thyrsiflorus,ForestWetRich
104488,Rumex thyrsiflorus,ForestWetRich
104489,Rumex thyrsiflorus,ForestWetRich
104490,Rumex thyrsiflorus,ForestWetRich
104491,Rumex thyrsiflorus,ForestWetRich
104492,Rumex thyrsiflorus,ForestWetRich
104493,Rumex thyrsiflorus,ForestWetRich
104494,Rumex thyrsiflorus,ForestWetRich
104495,Rumex thyrsiflorus,ForestWetRich
104496,Rumex thyrsiflorus,ForestWetRich
104497,Rumex thyrsiflorus,ForestWetRich
104498,Rumex thyrsiflorus,ForestWetRich
104499,Rumex thyrsiflorus,ForestWetRich
104500,Rumex thyrsiflorus,ForestWetRich
104501,Rumex thyrsiflorus,ForestWetRich
104502,Rumex thyrsiflorus,ForestWetRich
104503,Rumex thyrsiflorus,ForestWetRich
104504,Rumex thyrsiflorus,ForestWetRich
104505,Rumex thyrsiflorus,ForestWetRich
104506,Rumex thyrsiflorus,ForestWetRich
104507,Rumex thyrsiflorus,ForestWetRich
104508,Rumex thyrsiflorus,ForestWetRich
104509,Rumex thyrsiflorus,ForestWetRich
104510,Rumex thyrsiflorus,ForestWetRich
104511,Rumex thyrsiflorus,ForestWetRich
104512,Rumex thyrsiflorus,ForestWetRich
104513,Rumex thyrsiflorus,ForestWetRich
104514,Rumex thyrsiflorus,ForestWetRich
104515,Rumex thyrsiflorus,ForestWetRich
104516,Rumex thyrsiflorus,ForestWetRich
104517,Rumex thyrsiflorus,ForestWetRich
104518,Rumex thyrsiflorus,ForestWetRich
104519,Rumex thyrsiflorus,ForestWetRich
104520,Rumex thyrsiflorus,ForestWetRich
104521,Rumex thyrsiflorus,ForestWetRich
104522,Rumex thyrsiflorus,ForestWetRich
105076,Rumex thyrsiflorus,ForestWetRich
105077,Rumex thyrsiflorus,ForestWetRich
105078,Rumex thyrsiflorus,ForestWetRich
105079,Rumex thyrsiflorus,ForestWetRich
105080,Rumex thyrsiflorus,ForestWetRich
105081,Rumex thyrsiflorus,ForestWetRich
105082,Rumex thyrsiflorus,ForestWetRich
105083,Rumex thyrsiflorus,ForestWetRich
105084,Rumex thyrsiflorus,ForestWetRich
105085,Rumex thyrsiflorus,ForestWetRich
105086,Rumex thyrsiflorus,ForestWetRich
105087,Rumex thyrsiflorus,ForestWetRich
105088,Rumex thyrsiflorus,ForestWetRich
105089,Rumex thyrsiflorus,ForestWetRich
105090,Rumex thyrsiflorus,ForestWetRich
105091,Rumex thyrsiflorus,ForestWetRich
105092,Rumex thyrsiflorus,ForestWetRich
105093,Rumex thyrsiflorus,ForestWetRich
105094,Rumex thyrsiflorus,ForestWetRich
105095,Rumex thyrsiflorus,ForestWetRich
105096,Rumex thyrsiflorus,ForestWetRich
105097,Rumex thyrsiflorus,ForestWetRich
105098,Rumex thyrsiflorus,ForestWetRich
105099,Rumex thyrsiflorus,ForestWetRich
105100,Rumex thyrsiflorus,ForestWetRich
105101,Rumex thyrsiflorus,ForestWetRich
105102,Rumex thyrsiflorus,ForestWetRich
105103,Rumex thyrsiflorus,ForestWetRich
105104,Rumex thyrsiflorus,ForestWetRich
105105,Rumex thyrsiflorus,ForestWetRich
105106,Rumex thyrsiflorus,ForestWetRich
105107,Rumex thyrsiflorus,ForestWetRich
105108,Rumex thyrsiflorus,ForestWetRich
105109,Rumex thyrsiflorus,ForestWetRich
105110,Rumex thyrsiflorus,ForestWetRich
105111,Rumex thyrsiflorus,ForestWetRich
105112,Rumex thyrsiflorus,ForestWetRich
105113,Rumex thyrsiflorus,ForestWetRich
105114,Rumex thyrsiflorus,ForestWetRich
105115,Rumex thyrsiflorus,ForestWetRich
105116,Rumex thyrsiflorus,ForestWetRich
105117,Rumex thyrsiflorus,ForestWetRich
105118,Rumex thyrsiflorus,ForestWetRich
105119,Rumex thyrsiflorus,ForestWetRich
105120,Rumex thyrsiflorus,ForestWetRich
105121,Rumex thyrsiflorus,ForestWetRich
105676,Rumex thyrsiflorus,ForestWetRich
105677,Rumex thyrsiflorus,ForestWetRich
105678,Rumex thyrsiflorus,ForestWetRich
105679,Rumex thyrsiflorus,ForestWetRich
105680,Rumex thyrsiflorus,ForestWetRich
105681,Rumex thyrsiflorus,ForestWetRich
105682,Rumex thyrsiflorus,ForestWetRich
105683,Rumex thyrsiflorus,ForestWetRich
105684,Rumex thyrsiflorus,ForestWetRich
105685,Rumex thyrsiflorus,ForestWetRich
105686,Rumex thyrsiflorus,ForestWetRich
105687,Rumex thyrsiflorus,ForestWetRich
105688,Rumex thyrsiflorus,ForestWetRich
105689,Rumex thyrsiflorus,ForestWetRich
105690,Rumex thyrsiflorus,ForestWetRich
105691,Rumex thyrsiflorus,ForestWetRich
105692,Rumex thyrsiflorus,ForestWetRich
105693,Rumex thyrsiflorus,ForestWetRich
105694,Rumex thyrsiflorus,ForestWetRich
105695,Rumex thyrsiflorus,ForestWetRich
105696,Rumex thyrsiflorus,ForestWetRich
105697,Rumex thyrsiflorus,ForestWetRich
105698,Rumex thyrsiflorus,ForestWetRich
105699,Rumex thyrsiflorus,ForestWetRich
105700,Rumex thyrsiflorus,ForestWetRich
105701,Rumex thyrsiflorus,ForestWetRich
105702,Rumex thyrsiflorus,ForestWetRich
105703,Rumex thyrsiflorus,ForestWetRich
105704,Rumex thyrsiflorus,ForestWetRich
105705,Rumex thyrsiflorus,ForestWetRich
105706,Rumex thyrsiflorus,ForestWetRich
105707,Rumex thyrsiflorus,ForestWetRich
105708,Rumex thyrsiflorus,ForestWetRich
105709,Rumex thyrsiflorus,ForestWetRich
105710,Rumex thyrsiflorus,ForestWetRich
105711,Rumex thyrsiflorus,ForestWetRich
105712,Rumex thyrsiflorus,ForestWetRich
105713,Rumex thyrsiflorus,ForestWetRich
105714,Rumex thyrsiflorus,ForestWetRich
105715,Rumex thyrsiflorus,ForestWetRich
105716,Rumex thyrsiflorus,ForestWetRich
105717,Rumex thyrsiflorus,ForestWetRich
105718,Rumex thyrsiflorus,ForestWetRich
105719,Rumex thyrsiflorus,ForestWetRich
105720,Rumex thyrsiflorus,ForestWetRich
106275,Rumex thyrsiflorus,ForestWetRich
106276,Rumex thyrsiflorus,ForestWetRich
106277,Rumex thyrsiflorus,ForestWetRich
106278,Rumex thyrsiflorus,ForestWetRich
106279,Rumex thyrsiflorus,ForestWetRich
106280,Rumex thyrsiflorus,ForestWetRich
106281,Rumex thyrsiflorus,ForestWetRich
106282,Rumex thyrsiflorus,ForestWetRich
106283,Rumex thyrsiflorus,ForestWetRich
106284,Rumex thyrsiflorus,ForestWetRich
106285,Rumex thyrsiflorus,ForestWetRich
106286,Rumex thyrsiflorus,ForestWetRich
106287,Rumex thyrsiflorus,ForestWetRich
106288,Rumex thyrsiflorus,ForestWetRich
106289,Rumex thyrsiflorus,ForestWetRich
106290,Rumex thyrsiflorus,ForestWetRich
106291,Rumex thyrsiflorus,ForestWetRich
106292,Rumex thyrsiflorus,ForestWetRich
106293,Rumex thyrsiflorus,ForestWetRich
106294,Rumex thyrsiflorus,ForestWetRich
106295,Rumex thyrsiflorus,ForestWetRich
106296,Rumex thyrsiflorus,ForestWetRich
106297,Rumex thyrsiflorus,ForestWetRich
106298,Rumex thyrsiflorus,ForestWetRich
106299,Rumex thyrsiflorus,ForestWetRich
106300,Rumex thyrsiflorus,ForestWetRich
106301,Rumex thyrsiflorus,ForestWetRich
106302,Rumex thyrsiflorus,ForestWetRich
106303,Rumex thyrsiflorus,ForestWetRich
106304,Rumex thyrsiflorus,ForestWetRich
106305,Rumex thyrsiflorus,ForestWetRich
106306,Rumex thyrsiflorus,ForestWetRich
106307,Rumex thyrsiflorus,ForestWetRich
106308,Rumex thyrsiflorus,ForestWetRich
106309,Rumex thyrsiflorus,ForestWetRich
106310,Rumex thyrsiflorus,ForestWetRich
106311,Rumex thyrsiflorus,ForestWetRich
106312,Rumex thyrsiflorus,ForestWetRich
106313,Rumex thyrsiflorus,ForestWetRich
106314,Rumex thyrsiflorus,ForestWetRich
106315,Rumex thyrsiflorus,ForestWetRich
106316,Rumex thyrsiflorus,ForestWetRich
106317,Rumex thyrsiflorus,ForestWetRich
106318,Rumex thyrsiflorus,ForestWetRich
106319,Rumex thyrsiflorus,ForestWetRich
106875,Rumex thyrsiflorus,ForestWetRich
106876,Rumex thyrsiflorus,ForestWetRich
106877,Rumex thyrsiflorus,ForestWetRich
106878,Rumex thyrsiflorus,ForestWetRich
106879,Rumex thyrsiflorus,ForestWetRich
106880,Rumex thyrsiflorus,ForestWetRich
106881,Rumex thyrsiflorus,ForestWetRich
106882,Rumex thyrsiflorus,ForestWetRich
106883,Rumex thyrsiflorus,ForestWetRich
106884,Rumex thyrsiflorus,ForestWetRich
106885,Rumex thyrsiflorus,ForestWetRich
106886,Rumex thyrsiflorus,ForestWetRich
106887,Rumex thyrsiflorus,ForestWetRich
106888,Rumex thyrsiflorus,ForestWetRich
106889,Rumex thyrsiflorus,ForestWetRich
106890,Rumex thyrsiflorus,ForestWetRich
106891,Rumex thyrsiflorus,ForestWetRich
106892,Rumex thyrsiflorus,ForestWetRich
106893,Rumex thyrsiflorus,ForestWetRich
106894,Rumex thyrsiflorus,ForestWetRich
106895,Rumex thyrsiflorus,ForestWetRich
106896,Rumex thyrsiflorus,ForestWetRich
106897,Rumex thyrsiflorus,ForestWetRich
106898,Rumex thyrsiflorus,ForestWetRich
106899,Rumex thyrsiflorus,ForestWetRich
106900,Rumex thyrsiflorus,ForestWetRich
106901,Rumex thyrsiflorus,ForestWetRich
106902,Rumex thyrsiflorus,ForestWetRich
106903,Rumex thyrsiflorus,ForestWetRich
106904,Rumex thyrsiflorus,ForestWetRich
106905,Rumex thyrsiflorus,ForestWetRich
106906,Rumex thyrsiflorus,ForestWetRich
106907,Rumex thyrsiflorus,ForestWetRich
106908,Rumex thyrsiflorus,ForestWetRich
106909,Rumex thyrsiflorus,ForestWetRich
106910,Rumex thyrsiflorus,ForestWetRich
106911,Rumex thyrsiflorus,ForestWetRich
106912,Rumex thyrsiflorus,ForestWetRich
106913,Rumex thyrsiflorus,ForestWetRich
106914,Rumex thyrsiflorus,ForestWetRich
106915,Rumex thyrsiflorus,ForestWetRich
106916,Rumex thyrsiflorus,ForestWetRich
106917,Rumex thyrsiflorus,ForestWetRich
106918,Rumex thyrsiflorus,ForestWetRich
107474,Rumex thyrsiflorus,ForestWetRich
107475,Rumex thyrsiflorus,ForestWetRich
107476,Rumex thyrsiflorus,ForestWetRich
107477,Rumex thyrsiflorus,ForestWetRich
107478,Rumex thyrsiflorus,ForestWetRich
107479,Rumex thyrsiflorus,ForestWetRich
107480,Rumex thyrsiflorus,ForestWetRich
107481,Rumex thyrsiflorus,ForestWetRich
107482,Rumex thyrsiflorus,ForestWetRich
107483,Rumex thyrsiflorus,ForestWetRich
107484,Rumex thyrsiflorus,ForestWetRich
107485,Rumex thyrsiflorus,ForestWetRich
107486,Rumex thyrsiflorus,ForestWetRich
107487,Rumex thyrsiflorus,ForestWetRich
107488,Rumex thyrsiflorus,ForestWetRich
107489,Rumex thyrsiflorus,ForestWetRich
107490,Rumex thyrsiflorus,ForestWetRich
107491,Rumex thyrsiflorus,ForestWetRich
107492,Rumex thyrsiflorus,ForestWetRich
107493,Rumex thyrsiflorus,ForestWetRich
107494,Rumex thyrsiflorus,ForestWetRich
107495,Rumex thyrsiflorus,ForestWetRich
107496,Rumex thyrsiflorus,ForestWetRich
107497,Rumex thyrsiflorus,ForestWetRich
107498,Rumex thyrsiflorus,ForestWetRich
107499,Rumex thyrsiflorus,ForestWetRich
107500,Rumex thyrsiflorus,ForestWetRich
107501,Rumex thyrsiflorus,ForestWetRich
107502,Rumex thyrsiflorus,ForestWetRich
107503,Rumex thyrsiflorus,ForestWetRich
107504,Rumex thyrsiflorus,ForestWetRich
107505,Rumex thyrsiflorus,ForestWetRich
107506,Rumex thyrsiflorus,ForestWetRich
107507,Rumex thyrsiflorus,ForestWetRich
107508,Rumex thyrsiflorus,ForestWetRich
107509,Rumex thyrsiflorus,ForestWetRich
107510,Rumex thyrsiflorus,ForestWetRich
107511,Rumex thyrsiflorus,ForestWetRich
107512,Rumex thyrsiflorus,ForestWetRich
107513,Rumex thyrsiflorus,ForestWetRich
107514,Rumex thyrsiflorus,ForestWetRich
107515,Rumex thyrsiflorus,ForestWetRich
107516,Rumex thyrsiflorus,ForestWetRich
107517,Rumex thyrsiflorus,ForestWetRich
108073,Rumex thyrsiflorus,ForestWetRich
108074,Rumex thyrsiflorus,ForestWetRich
108075,Rumex thyrsiflorus,ForestWetRich
108076,Rumex thyrsiflorus,ForestWetRich
108077,Rumex thyrsiflorus,ForestWetRich
108078,Rumex thyrsiflorus,ForestWetRich
108079,Rumex thyrsiflorus,ForestWetRich
108080,Rumex thyrsiflorus,ForestWetRich
108081,Rumex thyrsiflorus,ForestWetRich
108082,Rumex thyrsiflorus,ForestWetRich
108083,Rumex thyrsiflorus,ForestWetRich
108084,Rumex thyrsiflorus,ForestWetRich
108085,Rumex thyrsiflorus,ForestWetRich
108086,Rumex thyrsiflorus,ForestWetRich
108087,Rumex thyrsiflorus,ForestWetRich
108088,Rumex thyrsiflorus,ForestWetRich
108089,Rumex thyrsiflorus,ForestWetRich
108090,Rumex thyrsiflorus,ForestWetRich
108091,Rumex thyrsiflorus,ForestWetRich
108092,Rumex thyrsiflorus,ForestWetRich
108093,Rumex thyrsiflorus,ForestWetRich
108094,Rumex thyrsiflorus,ForestWetRich
108095,Rumex thyrsiflorus,ForestWetRich
108096,Rumex thyrsiflorus,ForestWetRich
108097,Rumex thyrsiflorus,ForestWetRich
108098,Rumex thyrsiflorus,ForestWetRich
108099,Rumex thyrsiflorus,ForestWetRich
108100,Rumex thyrsiflorus,ForestWetRich
108101,Rumex thyrsiflorus,ForestWetRich
108102,Rumex thyrsiflorus,ForestWetRich
108103,Rumex thyrsiflorus,ForestWetRich
108104,Rumex thyrsiflorus,ForestWetRich
108105,Rumex thyrsiflorus,ForestWetRich
108106,Rumex thyrsiflorus,ForestWetRich
108107,Rumex thyrsiflorus,ForestWetRich
108108,Rumex thyrsiflorus,ForestWetRich
108109,Rumex thyrsiflorus,ForestWetRich
108110,Rumex thyrsiflorus,ForestWetRich
108111,Rumex thyrsiflorus,ForestWetRich
108112,Rumex thyrsiflorus,ForestWetRich
108113,Rumex thyrsiflorus,ForestWetRich
108114,Rumex thyrsiflorus,ForestWetRich
108115,Rumex thyrsiflorus,ForestWetRich
108116,Rumex thyrsiflorus,ForestWetRich
108673,Rumex thyrsiflorus,ForestWetRich
108674,Rumex thyrsiflorus,ForestWetRich
108675,Rumex thyrsiflorus,ForestWetRich
108676,Rumex thyrsiflorus,ForestWetRich
108677,Rumex thyrsiflorus,ForestWetRich
108678,Rumex thyrsiflorus,ForestWetRich
108679,Rumex thyrsiflorus,ForestWetRich
108680,Rumex thyrsiflorus,ForestWetRich
108681,Rumex thyrsiflorus,ForestWetRich
108682,Rumex thyrsiflorus,ForestWetRich
108683,Rumex thyrsiflorus,ForestWetRich
108684,Rumex thyrsiflorus,ForestWetRich
108685,Rumex thyrsiflorus,ForestWetRich
108686,Rumex thyrsiflorus,ForestWetRich
108687,Rumex thyrsiflorus,ForestWetRich
108688,Rumex thyrsiflorus,ForestWetRich
108689,Rumex thyrsiflorus,ForestWetRich
108690,Rumex thyrsiflorus,ForestWetRich
108691,Rumex thyrsiflorus,ForestWetRich
108692,Rumex thyrsiflorus,ForestWetRich
108693,Rumex thyrsiflorus,ForestWetRich
108694,Rumex thyrsiflorus,ForestWetRich
108695,Rumex thyrsiflorus,ForestWetRich
108696,Rumex thyrsiflorus,ForestWetRich
108697,Rumex thyrsiflorus,ForestWetRich
108698,Rumex thyrsiflorus,ForestWetRich
108699,Rumex thyrsiflorus,ForestWetRich
108700,Rumex thyrsiflorus,ForestWetRich
108701,Rumex thyrsiflorus,ForestWetRich
108702,Rumex thyrsiflorus,ForestWetRich
108703,Rumex thyrsiflorus,ForestWetRich
108704,Rumex thyrsiflorus,ForestWetRich
108705,Rumex thyrsiflorus,ForestWetRich
108706,Rumex thyrsiflorus,ForestWetRich
108707,Rumex thyrsiflorus,ForestWetRich
108708,Rumex thyrsiflorus,ForestWetRich
108709,Rumex thyrsiflorus,ForestWetRich
108710,Rumex thyrsiflorus,ForestWetRich
108711,Rumex thyrsiflorus,ForestWetRich
108712,Rumex thyrsiflorus,ForestWetRich
108713,Rumex thyrsiflorus,ForestWetRich
108714,Rumex thyrsiflorus,ForestWetRich
108715,Rumex thyrsiflorus,ForestWetRich
109273,Rumex thyrsiflorus,ForestWetRich
109274,Rumex thyrsiflorus,ForestWetRich
109275,Rumex thyrsiflorus,ForestWetRich
109276,Rumex thyrsiflorus,ForestWetRich
109277,Rumex thyrsiflorus,ForestWetRich
109278,Rumex thyrsiflorus,ForestWetRich
109279,Rumex thyrsiflorus,ForestWetRich
109280,Rumex thyrsiflorus,ForestWetRich
109281,Rumex thyrsiflorus,ForestWetRich
109282,Rumex thyrsiflorus,ForestWetRich
109283,Rumex thyrsiflorus,ForestWetRich
109284,Rumex thyrsiflorus,ForestWetRich
109285,Rumex thyrsiflorus,ForestWetRich
109286,Rumex thyrsiflorus,ForestWetRich
109287,Rumex thyrsiflorus,ForestWetRich
109288,Rumex thyrsiflorus,ForestWetRich
109289,Rumex thyrsiflorus,ForestWetRich
109290,Rumex thyrsiflorus,ForestWetRich
109291,Rumex thyrsiflorus,ForestWetRich
109292,Rumex thyrsiflorus,ForestWetRich
109293,Rumex thyrsiflorus,ForestWetRich
109294,Rumex thyrsiflorus,ForestWetRich
109295,Rumex thyrsiflorus,ForestWetRich
109296,Rumex thyrsiflorus,ForestWetRich
109297,Rumex thyrsiflorus,ForestWetRich
109298,Rumex thyrsiflorus,ForestWetRich
109299,Rumex thyrsiflorus,ForestWetRich
109300,Rumex thyrsiflorus,ForestWetRich
109301,Rumex thyrsiflorus,ForestWetRich
109302,Rumex thyrsiflorus,ForestWetRich
109303,Rumex thyrsiflorus,ForestWetRich
109304,Rumex thyrsiflorus,ForestWetRich
109305,Rumex thyrsiflorus,ForestWetRich
109306,Rumex thyrsiflorus,ForestWetRich
109307,Rumex thyrsiflorus,ForestWetRich
109308,Rumex thyrsiflorus,ForestWetRich
109309,Rumex thyrsiflorus,ForestWetRich
109310,Rumex thyrsiflorus,ForestWetRich
109311,Rumex thyrsiflorus,ForestWetRich
109312,Rumex thyrsiflorus,ForestWetRich
109313,Rumex thyrsiflorus,ForestWetRich
109314,Rumex thyrsiflorus,ForestWetRich
109872,Rumex thyrsiflorus,ForestWetRich
109873,Rumex thyrsiflorus,ForestWetRich
109874,Rumex thyrsiflorus,ForestWetRich
109875,Rumex thyrsiflorus,ForestWetRich
109876,Rumex thyrsiflorus,ForestWetRich
109877,Rumex thyrsiflorus,ForestWetRich
109878,Rumex thyrsiflorus,ForestWetRich
109879,Rumex thyrsiflorus,ForestWetRich
109880,Rumex thyrsiflorus,ForestWetRich
109881,Rumex thyrsiflorus,ForestWetRich
109882,Rumex thyrsiflorus,ForestWetRich
109883,Rumex thyrsiflorus,ForestWetRich
109884,Rumex thyrsiflorus,ForestWetRich
109885,Rumex thyrsiflorus,ForestWetRich
109886,Rumex thyrsiflorus,ForestWetRich
109887,Rumex thyrsiflorus,ForestWetRich
109888,Rumex thyrsiflorus,ForestWetRich
109889,Rumex thyrsiflorus,ForestWetRich
109890,Rumex thyrsiflorus,ForestWetRich
109891,Rumex thyrsiflorus,ForestWetRich
109892,Rumex thyrsiflorus,ForestWetRich
109893,Rumex thyrsiflorus,ForestWetRich
109894,Rumex thyrsiflorus,ForestWetRich
109895,Rumex thyrsiflorus,ForestWetRich
109896,Rumex thyrsiflorus,ForestWetRich
109897,Rumex thyrsiflorus,ForestWetRich
109898,Rumex thyrsiflorus,ForestWetRich
109899,Rumex thyrsiflorus,ForestWetRich
109900,Rumex thyrsiflorus,ForestWetRich
109901,Rumex thyrsiflorus,ForestWetRich
109902,Rumex thyrsiflorus,ForestWetRich
109903,Rumex thyrsiflorus,ForestWetRich
109904,Rumex thyrsiflorus,ForestWetRich
109905,Rumex thyrsiflorus,ForestWetRich
109906,Rumex thyrsiflorus,ForestWetRich
109907,Rumex thyrsiflorus,ForestWetRich
109908,Rumex thyrsiflorus,ForestWetRich
109909,Rumex thyrsiflorus,ForestWetRich
109910,Rumex thyrsiflorus,ForestWetRich
109911,Rumex thyrsiflorus,ForestWetRich
109912,Rumex thyrsiflorus,ForestWetRich
109913,Rumex thyrsiflorus,ForestWetRich
110472,Rumex thyrsiflorus,ForestWetRich
110493,Rumex thyrsiflorus,ForestWetRich
110494,Rumex thyrsiflorus,ForestWetRich
110495,Rumex thyrsiflorus,ForestWetRich
110496,Rumex thyrsiflorus,ForestWetRich
110497,Rumex thyrsiflorus,ForestWetRich
110498,Rumex thyrsiflorus,ForestWetRich
110499,Rumex thyrsiflorus,ForestWetRich
110500,Rumex thyrsiflorus,ForestWetRich
110501,Rumex thyrsiflorus,ForestWetRich
110502,Rumex thyrsiflorus,ForestWetRich
110503,Rumex thyrsiflorus,ForestWetRich
110504,Rumex thyrsiflorus,ForestWetRich
110505,Rumex thyrsiflorus,ForestWetRich
110506,Rumex thyrsiflorus,ForestWetRich
110507,Rumex thyrsiflorus,ForestWetRich
110508,Rumex thyrsiflorus,ForestWetRich
110509,Rumex thyrsiflorus,ForestWetRich
110510,Rumex thyrsiflorus,ForestWetRich
110511,Rumex thyrsiflorus,ForestWetRich
110512,Rumex thyrsiflorus,ForestWetRich
110513,Rumex thyrsiflorus,ForestWetRich
110514,Rumex thyrsiflorus,ForestWetRich
110515,Rumex thyrsiflorus,ForestWetRich
110516,Rumex thyrsiflorus,ForestWetRich
110517,Rumex thyrsiflorus,ForestWetRich
110518,Rumex thyrsiflorus,ForestWetRich
110519,Rumex thyrsiflorus,ForestWetRich
110520,Rumex thyrsiflorus,ForestWetRich
110521,Rumex thyrsiflorus,ForestWetRich
110522,Rumex thyrsiflorus,ForestWetRich
110523,Rumex thyrsiflorus,ForestWetRich
110524,Rumex thyrsiflorus,ForestWetRich
110525,Rumex thyrsiflorus,ForestWetRich
110526,Rumex thyrsiflorus,ForestWetRich
110527,Rumex thyrsiflorus,ForestWetRich
110528,Rumex thyrsiflorus,ForestWetRich
110529,Rumex thyrsiflorus,ForestWetRich
110530,Rumex thyrsiflorus,ForestWetRich
110531,Rumex thyrsiflorus,ForestWetRich
110532,Rumex thyrsiflorus,ForestWetRich
110533,Rumex thyrsiflorus,ForestWetRich
110534,Rumex thyrsiflorus,ForestWetRich
110535,Rumex thyrsiflorus,ForestWetRich
110536,Rumex thyrsiflorus,ForestWetRich
110537,Rumex thyrsiflorus,ForestWetRich
110538,Rumex thyrsiflorus,ForestWetRich
110539,Rumex thyrsiflorus,ForestWetRich
110540,Rumex thyrsiflorus,ForestWetRich
110541,Rumex thyrsiflorus,ForestWetRich
110542,Rumex thyrsiflorus,ForestWetRich
110543,Rumex thyrsiflorus,ForestWetRich
110544,Rumex thyrsiflorus,ForestWetRich
110545,Rumex thyrsiflorus,ForestWetRich
110546,Rumex thyrsiflorus,ForestWetRich
110547,Rumex thyrsiflorus,ForestWetRich
110548,Rumex thyrsiflorus,ForestWetRich
110549,Rumex thyrsiflorus,ForestWetRich
110550,Rumex thyrsiflorus,ForestWetRich
110551,Rumex thyrsiflorus,ForestWetRich
110552,Rumex thyrsiflorus,ForestWetRich
110553,Rumex thyrsiflorus,ForestWetRich
110554,Rumex thyrsiflorus,ForestWetRich
110555,Rumex thyrsiflorus,ForestWetRich
110556,Rumex thyrsiflorus,ForestWetRich
111071,Rumex thyrsiflorus,ForestWetRich
111092,Rumex thyrsiflorus,ForestWetRich
111093,Rumex thyrsiflorus,ForestWetRich
111094,Rumex thyrsiflorus,ForestWetRich
111095,Rumex thyrsiflorus,ForestWetRich
111096,Rumex thyrsiflorus,ForestWetRich
111097,Rumex thyrsiflorus,ForestWetRich
111098,Rumex thyrsiflorus,ForestWetRich
111099,Rumex thyrsiflorus,ForestWetRich
111100,Rumex thyrsiflorus,ForestWetRich
111101,Rumex thyrsiflorus,ForestWetRich
111102,Rumex thyrsiflorus,ForestWetRich
111103,Rumex thyrsiflorus,ForestWetRich
111104,Rumex thyrsiflorus,ForestWetRich
111105,Rumex thyrsiflorus,ForestWetRich
111106,Rumex thyrsiflorus,ForestWetRich
111107,Rumex thyrsiflorus,ForestWetRich
111108,Rumex thyrsiflorus,ForestWetRich
111109,Rumex thyrsiflorus,ForestWetRich
111110,Rumex thyrsiflorus,ForestWetRich
111111,Rumex thyrsiflorus,ForestWetRich
111112,Rumex thyrsiflorus,ForestWetRich
111113,Rumex thyrsiflorus,ForestWetRich
111114,Rumex thyrsiflorus,ForestWetRich
111115,Rumex thyrsiflorus,ForestWetRich
111116,Rumex thyrsiflorus,ForestWetRich
111117,Rumex thyrsiflorus,ForestWetRich
111118,Rumex thyrsiflorus,ForestWetRich
111119,Rumex thyrsiflorus,ForestWetRich
111120,Rumex thyrsiflorus,ForestWetRich
111121,Rumex thyrsiflorus,ForestWetRich
111122,Rumex thyrsiflorus,ForestWetRich
111123,Rumex thyrsiflorus,ForestWetRich
111124,Rumex thyrsiflorus,ForestWetRich
111125,Rumex thyrsiflorus,ForestWetRich
111126,Rumex thyrsiflorus,ForestWetRich
111127,Rumex thyrsiflorus,ForestWetRich
111128,Rumex thyrsiflorus,ForestWetRich
111129,Rumex thyrsiflorus,ForestWetRich
111130,Rumex thyrsiflorus,ForestWetRich
111131,Rumex thyrsiflorus,ForestWetRich
111132,Rumex thyrsiflorus,ForestWetRich
111133,Rumex thyrsiflorus,ForestWetRich
111134,Rumex thyrsiflorus,ForestWetRich
111135,Rumex thyrsiflorus,ForestWetRich
111136,Rumex thyrsiflorus,ForestWetRich
111137,Rumex thyrsiflorus,ForestWetRich
111138,Rumex thyrsiflorus,ForestWetRich
111139,Rumex thyrsiflorus,ForestWetRich
111140,Rumex thyrsiflorus,ForestWetRich
111141,Rumex thyrsiflorus,ForestWetRich
111142,Rumex thyrsiflorus,ForestWetRich
111143,Rumex thyrsiflorus,ForestWetRich
111144,Rumex thyrsiflorus,ForestWetRich
111145,Rumex thyrsiflorus,ForestWetRich
111146,Rumex thyrsiflorus,ForestWetRich
111147,Rumex thyrsiflorus,ForestWetRich
111148,Rumex thyrsiflorus,ForestWetRich
111149,Rumex thyrsiflorus,ForestWetRich
111150,Rumex thyrsiflorus,ForestWetRich
111151,Rumex thyrsiflorus,ForestWetRich
111152,Rumex thyrsiflorus,ForestWetRich
111153,Rumex thyrsiflorus,ForestWetRich
111154,Rumex thyrsiflorus,ForestWetRich
111691,Rumex thyrsiflorus,ForestWetRich
111692,Rumex thyrsiflorus,ForestWetRich
111693,Rumex thyrsiflorus,ForestWetRich
111694,Rumex thyrsiflorus,ForestWetRich
111695,Rumex thyrsiflorus,ForestWetRich
111696,Rumex thyrsiflorus,ForestWetRich
111697,Rumex thyrsiflorus,ForestWetRich
111698,Rumex thyrsiflorus,ForestWetRich
111699,Rumex thyrsiflorus,ForestWetRich
111700,Rumex thyrsiflorus,ForestWetRich
111701,Rumex thyrsiflorus,ForestWetRich
111702,Rumex thyrsiflorus,ForestWetRich
111703,Rumex thyrsiflorus,ForestWetRich
111704,Rumex thyrsiflorus,ForestWetRich
111705,Rumex thyrsiflorus,ForestWetRich
111706,Rumex thyrsiflorus,ForestWetRich
111707,Rumex thyrsiflorus,ForestWetRich
111708,Rumex thyrsiflorus,ForestWetRich
111709,Rumex thyrsiflorus,ForestWetRich
111710,Rumex thyrsiflorus,ForestWetRich
111711,Rumex thyrsiflorus,ForestWetRich
111712,Rumex thyrsiflorus,ForestWetRich
111713,Rumex thyrsiflorus,ForestWetRich
111714,Rumex thyrsiflorus,ForestWetRich
111715,Rumex thyrsiflorus,ForestWetRich
111716,Rumex thyrsiflorus,ForestWetRich
111717,Rumex thyrsiflorus,ForestWetRich
111718,Rumex thyrsiflorus,ForestWetRich
111719,Rumex thyrsiflorus,ForestWetRich
111720,Rumex thyrsiflorus,ForestWetRich
111721,Rumex thyrsiflorus,ForestWetRich
111722,Rumex thyrsiflorus,ForestWetRich
111723,Rumex thyrsiflorus,ForestWetRich
111724,Rumex thyrsiflorus,ForestWetRich
111725,Rumex thyrsiflorus,ForestWetRich
111726,Rumex thyrsiflorus,ForestWetRich
111727,Rumex thyrsiflorus,ForestWetRich
111728,Rumex thyrsiflorus,ForestWetRich
111729,Rumex thyrsiflorus,ForestWetRich
111730,Rumex thyrsiflorus,ForestWetRich
111731,Rumex thyrsiflorus,ForestWetRich
111732,Rumex thyrsiflorus,ForestWetRich
111733,Rumex thyrsiflorus,ForestWetRich
111734,Rumex thyrsiflorus,ForestWetRich
111735,Rumex thyrsiflorus,ForestWetRich
111736,Rumex thyrsiflorus,ForestWetRich
111737,Rumex thyrsiflorus,ForestWetRich
111738,Rumex thyrsiflorus,ForestWetRich
111739,Rumex thyrsiflorus,ForestWetRich
111740,Rumex thyrsiflorus,ForestWetRich
111741,Rumex thyrsiflorus,ForestWetRich
111742,Rumex thyrsiflorus,ForestWetRich
111743,Rumex thyrsiflorus,ForestWetRich
111744,Rumex thyrsiflorus,ForestWetRich
111745,Rumex thyrsiflorus,ForestWetRich
111746,Rumex thyrsiflorus,ForestWetRich
111747,Rumex thyrsiflorus,ForestWetRich
111748,Rumex thyrsiflorus,ForestWetRich
111749,Rumex thyrsiflorus,ForestWetRich
111750,Rumex thyrsiflorus,ForestWetRich
111751,Rumex thyrsiflorus,ForestWetRich
111752,Rumex thyrsiflorus,ForestWetRich
111753,Rumex thyrsiflorus,ForestWetRich
112290,Rumex thyrsiflorus,ForestWetRich
112291,Rumex thyrsiflorus,ForestWetRich
112292,Rumex thyrsiflorus,ForestWetRich
112293,Rumex thyrsiflorus,ForestWetRich
112294,Rumex thyrsiflorus,ForestWetRich
112295,Rumex thyrsiflorus,ForestWetRich
112296,Rumex thyrsiflorus,ForestWetRich
112297,Rumex thyrsiflorus,ForestWetRich
112298,Rumex thyrsiflorus,ForestWetRich
112299,Rumex thyrsiflorus,ForestWetRich
112300,Rumex thyrsiflorus,ForestWetRich
112301,Rumex thyrsiflorus,ForestWetRich
112302,Rumex thyrsiflorus,ForestWetRich
112303,Rumex thyrsiflorus,ForestWetRich
112304,Rumex thyrsiflorus,ForestWetRich
112305,Rumex thyrsiflorus,ForestWetRich
112306,Rumex thyrsiflorus,ForestWetRich
112307,Rumex thyrsiflorus,ForestWetRich
112308,Rumex thyrsiflorus,ForestWetRich
112309,Rumex thyrsiflorus,ForestWetRich
112310,Rumex thyrsiflorus,ForestWetRich
112311,Rumex thyrsiflorus,ForestWetRich
112312,Rumex thyrsiflorus,ForestWetRich
112313,Rumex thyrsiflorus,ForestWetRich
112314,Rumex thyrsiflorus,ForestWetRich
112315,Rumex thyrsiflorus,ForestWetRich
112316,Rumex thyrsiflorus,ForestWetRich
112317,Rumex thyrsiflorus,ForestWetRich
112318,Rumex thyrsiflorus,ForestWetRich
112319,Rumex thyrsiflorus,ForestWetRich
112320,Rumex thyrsiflorus,ForestWetRich
112321,Rumex thyrsiflorus,ForestWetRich
112322,Rumex thyrsiflorus,ForestWetRich
112323,Rumex thyrsiflorus,ForestWetRich
112324,Rumex thyrsiflorus,ForestWetRich
112325,Rumex thyrsiflorus,ForestWetRich
112326,Rumex thyrsiflorus,ForestWetRich
112327,Rumex thyrsiflorus,ForestWetRich
112328,Rumex thyrsiflorus,ForestWetRich
112329,Rumex thyrsiflorus,ForestWetRich
112330,Rumex thyrsiflorus,ForestWetRich
112331,Rumex thyrsiflorus,ForestWetRich
112332,Rumex thyrsiflorus,ForestWetRich
112333,Rumex thyrsiflorus,ForestWetRich
112334,Rumex thyrsiflorus,ForestWetRich
112335,Rumex thyrsiflorus,ForestWetRich
112336,Rumex thyrsiflorus,ForestWetRich
112337,Rumex thyrsiflorus,ForestWetRich
112338,Rumex thyrsiflorus,ForestWetRich
112339,Rumex thyrsiflorus,ForestWetRich
112340,Rumex thyrsiflorus,ForestWetRich
112341,Rumex thyrsiflorus,ForestWetRich
112342,Rumex thyrsiflorus,ForestWetRich
112343,Rumex thyrsiflorus,ForestWetRich
112344,Rumex thyrsiflorus,ForestWetRich
112345,Rumex thyrsiflorus,ForestWetRich
112346,Rumex thyrsiflorus,ForestWetRich
112347,Rumex thyrsiflorus,ForestWetRich
112348,Rumex thyrsiflorus,ForestWetRich
112349,Rumex thyrsiflorus,ForestWetRich
112350,Rumex thyrsiflorus,ForestWetRich
112351,Rumex thyrsiflorus,ForestWetRich
112889,Rumex thyrsiflorus,ForestWetRich
112890,Rumex thyrsiflorus,ForestWetRich
112891,Rumex thyrsiflorus,ForestWetRich
112892,Rumex thyrsiflorus,ForestWetRich
112893,Rumex thyrsiflorus,ForestWetRich
112894,Rumex thyrsiflorus,ForestWetRich
112895,Rumex thyrsiflorus,ForestWetRich
112896,Rumex thyrsiflorus,ForestWetRich
112897,Rumex thyrsiflorus,ForestWetRich
112898,Rumex thyrsiflorus,ForestWetRich
112899,Rumex thyrsiflorus,ForestWetRich
112900,Rumex thyrsiflorus,ForestWetRich
112901,Rumex thyrsiflorus,ForestWetRich
112902,Rumex thyrsiflorus,ForestWetRich
112903,Rumex thyrsiflorus,ForestWetRich
112904,Rumex thyrsiflorus,ForestWetRich
112905,Rumex thyrsiflorus,ForestWetRich
112906,Rumex thyrsiflorus,ForestWetRich
112907,Rumex thyrsiflorus,ForestWetRich
112908,Rumex thyrsiflorus,ForestWetRich
112909,Rumex thyrsiflorus,ForestWetRich
112910,Rumex thyrsiflorus,ForestWetRich
112911,Rumex thyrsiflorus,ForestWetRich
112912,Rumex thyrsiflorus,ForestWetRich
112913,Rumex thyrsiflorus,ForestWetRich
112914,Rumex thyrsiflorus,ForestWetRich
112915,Rumex thyrsiflorus,ForestWetRich
112916,Rumex thyrsiflorus,ForestWetRich
112917,Rumex thyrsiflorus,ForestWetRich
112918,Rumex thyrsiflorus,ForestWetRich
112919,Rumex thyrsiflorus,ForestWetRich
112920,Rumex thyrsiflorus,ForestWetRich
112921,Rumex thyrsiflorus,ForestWetRich
112922,Rumex thyrsiflorus,ForestWetRich
112923,Rumex thyrsiflorus,ForestWetRich
112924,Rumex thyrsiflorus,ForestWetRich
112925,Rumex thyrsiflorus,ForestWetRich
112926,Rumex thyrsiflorus,ForestWetRich
112927,Rumex thyrsiflorus,ForestWetRich
112928,Rumex thyrsiflorus,ForestWetRich
112929,Rumex thyrsiflorus,ForestWetRich
112930,Rumex thyrsiflorus,ForestWetRich
112931,Rumex thyrsiflorus,ForestWetRich
112932,Rumex thyrsiflorus,ForestWetRich
112933,Rumex thyrsiflorus,ForestWetRich
112934,Rumex thyrsiflorus,ForestWetRich
112935,Rumex thyrsiflorus,ForestWetRich
112936,Rumex thyrsiflorus,ForestWetRich
112937,Rumex thyrsiflorus,ForestWetRich
112938,Rumex thyrsiflorus,ForestWetRich
112939,Rumex thyrsiflorus,ForestWetRich
112940,Rumex thyrsiflorus,ForestWetRich
112941,Rumex thyrsiflorus,ForestWetRich
112942,Rumex thyrsiflorus,ForestWetRich
112943,Rumex thyrsiflorus,ForestWetRich
112944,Rumex thyrsiflorus,ForestWetRich
112945,Rumex thyrsiflorus,ForestWetRich
112946,Rumex thyrsiflorus,ForestWetRich
112947,Rumex thyrsiflorus,ForestWetRich
112948,Rumex thyrsiflorus,ForestWetRich
112949,Rumex thyrsiflorus,ForestWetRich
113488,Rumex thyrsiflorus,ForestWetRich
113489,Rumex thyrsiflorus,ForestWetRich
113490,Rumex thyrsiflorus,ForestWetRich
113491,Rumex thyrsiflorus,ForestWetRich
113492,Rumex thyrsiflorus,ForestWetRich
113493,Rumex thyrsiflorus,ForestWetRich
113494,Rumex thyrsiflorus,ForestWetRich
113495,Rumex thyrsiflorus,ForestWetRich
113496,Rumex thyrsiflorus,ForestWetRich
113497,Rumex thyrsiflorus,ForestWetRich
113498,Rumex thyrsiflorus,ForestWetRich
113499,Rumex thyrsiflorus,ForestWetRich
113500,Rumex thyrsiflorus,ForestWetRich
113501,Rumex thyrsiflorus,ForestWetRich
113502,Rumex thyrsiflorus,ForestWetRich
113503,Rumex thyrsiflorus,ForestWetRich
113504,Rumex thyrsiflorus,ForestWetRich
113505,Rumex thyrsiflorus,ForestWetRich
113506,Rumex thyrsiflorus,ForestWetRich
113507,Rumex thyrsiflorus,ForestWetRich
113508,Rumex thyrsiflorus,ForestWetRich
113509,Rumex thyrsiflorus,ForestWetRich
113510,Rumex thyrsiflorus,ForestWetRich
113511,Rumex thyrsiflorus,ForestWetRich
113512,Rumex thyrsiflorus,ForestWetRich
113513,Rumex thyrsiflorus,ForestWetRich
113514,Rumex thyrsiflorus,ForestWetRich
113515,Rumex thyrsiflorus,ForestWetRich
113516,Rumex thyrsiflorus,ForestWetRich
113517,Rumex thyrsiflorus,ForestWetRich
113518,Rumex thyrsiflorus,ForestWetRich
113519,Rumex thyrsiflorus,ForestWetRich
113520,Rumex thyrsiflorus,ForestWetRich
113521,Rumex thyrsiflorus,ForestWetRich
113522,Rumex thyrsiflorus,ForestWetRich
113523,Rumex thyrsiflorus,ForestWetRich
113524,Rumex thyrsiflorus,ForestWetRich
113525,Rumex thyrsiflorus,ForestWetRich
113526,Rumex thyrsiflorus,ForestWetRich
113527,Rumex thyrsiflorus,ForestWetRich
113528,Rumex thyrsiflorus,ForestWetRich
113529,Rumex thyrsiflorus,ForestWetRich
113530,Rumex thyrsiflorus,ForestWetRich
113531,Rumex thyrsiflorus,ForestWetRich
113532,Rumex thyrsiflorus,ForestWetRich
113533,Rumex thyrsiflorus,ForestWetRich
113534,Rumex thyrsiflorus,ForestWetRich
113535,Rumex thyrsiflorus,ForestWetRich
113536,Rumex thyrsiflorus,ForestWetRich
113537,Rumex thyrsiflorus,ForestWetRich
113538,Rumex thyrsiflorus,ForestWetRich
113539,Rumex thyrsiflorus,ForestWetRich
113540,Rumex thyrsiflorus,ForestWetRich
113541,Rumex thyrsiflorus,ForestWetRich
113542,Rumex thyrsiflorus,ForestWetRich
113543,Rumex thyrsiflorus,ForestWetRich
113544,Rumex thyrsiflorus,ForestWetRich
113545,Rumex thyrsiflorus,ForestWetRich
113546,Rumex thyrsiflorus,ForestWetRich
113547,Rumex thyrsiflorus,ForestWetRich
114087,Rumex thyrsiflorus,ForestWetRich
114088,Rumex thyrsiflorus,ForestWetRich
114089,Rumex thyrsiflorus,ForestWetRich
114090,Rumex thyrsiflorus,ForestWetRich
114091,Rumex thyrsiflorus,ForestWetRich
114092,Rumex thyrsiflorus,ForestWetRich
114093,Rumex thyrsiflorus,ForestWetRich
114094,Rumex thyrsiflorus,ForestWetRich
114095,Rumex thyrsiflorus,ForestWetRich
114096,Rumex thyrsiflorus,ForestWetRich
114097,Rumex thyrsiflorus,ForestWetRich
114098,Rumex thyrsiflorus,ForestWetRich
114099,Rumex thyrsiflorus,ForestWetRich
114100,Rumex thyrsiflorus,ForestWetRich
114101,Rumex thyrsiflorus,ForestWetRich
114102,Rumex thyrsiflorus,ForestWetRich
114103,Rumex thyrsiflorus,ForestWetRich
114104,Rumex thyrsiflorus,ForestWetRich
114105,Rumex thyrsiflorus,ForestWetRich
114106,Rumex thyrsiflorus,ForestWetRich
114107,Rumex thyrsiflorus,ForestWetRich
114108,Rumex thyrsiflorus,ForestWetRich
114109,Rumex thyrsiflorus,ForestWetRich
114110,Rumex thyrsiflorus,ForestWetRich
114111,Rumex thyrsiflorus,ForestWetRich
114112,Rumex thyrsiflorus,ForestWetRich
114113,Rumex thyrsiflorus,ForestWetRich
114114,Rumex thyrsiflorus,ForestWetRich
114115,Rumex thyrsiflorus,ForestWetRich
114116,Rumex thyrsiflorus,ForestWetRich
114117,Rumex thyrsiflorus,ForestWetRich
114118,Rumex thyrsiflorus,ForestWetRich
114119,Rumex thyrsiflorus,ForestWetRich
114120,Rumex thyrsiflorus,ForestWetRich
114121,Rumex thyrsiflorus,ForestWetRich
114122,Rumex thyrsiflorus,ForestWetRich
114123,Rumex thyrsiflorus,ForestWetRich
114124,Rumex thyrsiflorus,ForestWetRich
114125,Rumex thyrsiflorus,ForestWetRich
114126,Rumex thyrsiflorus,ForestWetRich
114127,Rumex thyrsiflorus,ForestWetRich
114128,Rumex thyrsiflorus,ForestWetRich
114129,Rumex thyrsiflorus,ForestWetRich
114130,Rumex thyrsiflorus,ForestWetRich
114131,Rumex thyrsiflorus,ForestWetRich
114132,Rumex thyrsiflorus,ForestWetRich
114133,Rumex thyrsiflorus,ForestWetRich
114134,Rumex thyrsiflorus,ForestWetRich
114135,Rumex thyrsiflorus,ForestWetRich
114136,Rumex thyrsiflorus,ForestWetRich
114137,Rumex thyrsiflorus,ForestWetRich
114138,Rumex thyrsiflorus,ForestWetRich
114139,Rumex thyrsiflorus,ForestWetRich
114140,Rumex thyrsiflorus,ForestWetRich
114141,Rumex thyrsiflorus,ForestWetRich
114142,Rumex thyrsiflorus,ForestWetRich
114143,Rumex thyrsiflorus,ForestWetRich
114144,Rumex thyrsiflorus,ForestWetRich
114145,Rumex thyrsiflorus,ForestWetRich
114686,Rumex thyrsiflorus,ForestWetRich
114687,Rumex thyrsiflorus,ForestWetRich
114688,Rumex thyrsiflorus,ForestWetRich
114689,Rumex thyrsiflorus,ForestWetRich
114690,Rumex thyrsiflorus,ForestWetRich
114691,Rumex thyrsiflorus,ForestWetRich
114692,Rumex thyrsiflorus,ForestWetRich
114693,Rumex thyrsiflorus,ForestWetRich
114694,Rumex thyrsiflorus,ForestWetRich
114695,Rumex thyrsiflorus,ForestWetRich
114696,Rumex thyrsiflorus,ForestWetRich
114697,Rumex thyrsiflorus,ForestWetRich
114698,Rumex thyrsiflorus,ForestWetRich
114699,Rumex thyrsiflorus,ForestWetRich
114700,Rumex thyrsiflorus,ForestWetRich
114701,Rumex thyrsiflorus,ForestWetRich
114702,Rumex thyrsiflorus,ForestWetRich
114703,Rumex thyrsiflorus,ForestWetRich
114704,Rumex thyrsiflorus,ForestWetRich
114705,Rumex thyrsiflorus,ForestWetRich
114706,Rumex thyrsiflorus,ForestWetRich
114707,Rumex thyrsiflorus,ForestWetRich
114708,Rumex thyrsiflorus,ForestWetRich
114709,Rumex thyrsiflorus,ForestWetRich
114710,Rumex thyrsiflorus,ForestWetRich
114711,Rumex thyrsiflorus,ForestWetRich
114712,Rumex thyrsiflorus,ForestWetRich
114713,Rumex thyrsiflorus,ForestWetRich
114714,Rumex thyrsiflorus,ForestWetRich
114715,Rumex thyrsiflorus,ForestWetRich
114716,Rumex thyrsiflorus,ForestWetRich
114717,Rumex thyrsiflorus,ForestWetRich
114718,Rumex thyrsiflorus,ForestWetRich
114719,Rumex thyrsiflorus,ForestWetRich
114720,Rumex thyrsiflorus,ForestWetRich
114721,Rumex thyrsiflorus,ForestWetRich
114722,Rumex thyrsiflorus,ForestWetRich
114723,Rumex thyrsiflorus,ForestWetRich
114724,Rumex thyrsiflorus,ForestWetRich
114725,Rumex thyrsiflorus,ForestWetRich
114726,Rumex thyrsiflorus,ForestWetRich
114727,Rumex thyrsiflorus,ForestWetRich
114728,Rumex thyrsiflorus,ForestWetRich
114729,Rumex thyrsiflorus,ForestWetRich
114730,Rumex thyrsiflorus,ForestWetRich
114731,Rumex thyrsiflorus,ForestWetRich
114732,Rumex thyrsiflorus,ForestWetRich
114733,Rumex thyrsiflorus,ForestWetRich
114734,Rumex thyrsiflorus,ForestWetRich
114735,Rumex thyrsiflorus,ForestWetRich
114736,Rumex thyrsiflorus,ForestWetRich
114737,Rumex thyrsiflorus,ForestWetRich
114738,Rumex thyrsiflorus,ForestWetRich
114739,Rumex thyrsiflorus,ForestWetRich
114740,Rumex thyrsiflorus,ForestWetRich
114741,Rumex thyrsiflorus,ForestWetRich
114742,Rumex thyrsiflorus,ForestWetRich
114743,Rumex thyrsiflorus,ForestWetRich
114744,Rumex thyrsiflorus,ForestWetRich
115285,Rumex thyrsiflorus,ForestWetRich
115286,Rumex thyrsiflorus,ForestWetRich
115287,Rumex thyrsiflorus,ForestWetRich
115288,Rumex thyrsiflorus,ForestWetRich
115289,Rumex thyrsiflorus,ForestWetRich
115290,Rumex thyrsiflorus,ForestWetRich
115291,Rumex thyrsiflorus,ForestWetRich
115292,Rumex thyrsiflorus,ForestWetRich
115293,Rumex thyrsiflorus,ForestWetRich
115294,Rumex thyrsiflorus,ForestWetRich
115295,Rumex thyrsiflorus,ForestWetRich
115296,Rumex thyrsiflorus,ForestWetRich
115297,Rumex thyrsiflorus,ForestWetRich
115298,Rumex thyrsiflorus,ForestWetRich
115299,Rumex thyrsiflorus,ForestWetRich
115300,Rumex thyrsiflorus,ForestWetRich
115301,Rumex thyrsiflorus,ForestWetRich
115302,Rumex thyrsiflorus,ForestWetRich
115303,Rumex thyrsiflorus,ForestWetRich
115304,Rumex thyrsiflorus,ForestWetRich
115305,Rumex thyrsiflorus,ForestWetRich
115306,Rumex thyrsiflorus,ForestWetRich
115307,Rumex thyrsiflorus,ForestWetRich
115308,Rumex thyrsiflorus,ForestWetRich
115309,Rumex thyrsiflorus,ForestWetRich
115310,Rumex thyrsiflorus,ForestWetRich
115311,Rumex thyrsiflorus,ForestWetRich
115312,Rumex thyrsiflorus,ForestWetRich
115313,Rumex thyrsiflorus,ForestWetRich
115314,Rumex thyrsiflorus,ForestWetRich
115315,Rumex thyrsiflorus,ForestWetRich
115316,Rumex thyrsiflorus,ForestWetRich
115317,Rumex thyrsiflorus,ForestWetRich
115318,Rumex thyrsiflorus,ForestWetRich
115319,Rumex thyrsiflorus,ForestWetRich
115320,Rumex thyrsiflorus,ForestWetRich
115321,Rumex thyrsiflorus,ForestWetRich
115322,Rumex thyrsiflorus,ForestWetRich
115323,Rumex thyrsiflorus,ForestWetRich
115324,Rumex thyrsiflorus,ForestWetRich
115325,Rumex thyrsiflorus,ForestWetRich
115326,Rumex thyrsiflorus,ForestWetRich
115327,Rumex thyrsiflorus,ForestWetRich
115328,Rumex thyrsiflorus,ForestWetRich
115329,Rumex thyrsiflorus,ForestWetRich
115330,Rumex thyrsiflorus,ForestWetRich
115331,Rumex thyrsiflorus,ForestWetRich
115332,Rumex thyrsiflorus,ForestWetRich
115333,Rumex thyrsiflorus,ForestWetRich
115334,Rumex thyrsiflorus,ForestWetRich
115335,Rumex thyrsiflorus,ForestWetRich
115336,Rumex thyrsiflorus,ForestWetRich
115337,Rumex thyrsiflorus,ForestWetRich
115338,Rumex thyrsiflorus,ForestWetRich
115339,Rumex thyrsiflorus,ForestWetRich
115340,Rumex thyrsiflorus,ForestWetRich
115341,Rumex thyrsiflorus,ForestWetRich
115342,Rumex thyrsiflorus,ForestWetRich
115884,Rumex thyrsiflorus,ForestWetRich
115885,Rumex thyrsiflorus,ForestWetRich
115886,Rumex thyrsiflorus,ForestWetRich
115887,Rumex thyrsiflorus,ForestWetRich
115888,Rumex thyrsiflorus,ForestWetRich
115889,Rumex thyrsiflorus,ForestWetRich
115890,Rumex thyrsiflorus,ForestWetRich
115891,Rumex thyrsiflorus,ForestWetRich
115892,Rumex thyrsiflorus,ForestWetRich
115893,Rumex thyrsiflorus,ForestWetRich
115894,Rumex thyrsiflorus,ForestWetRich
115895,Rumex thyrsiflorus,ForestWetRich
115896,Rumex thyrsiflorus,ForestWetRich
115897,Rumex thyrsiflorus,ForestWetRich
115898,Rumex thyrsiflorus,ForestWetRich
115899,Rumex thyrsiflorus,ForestWetRich
115900,Rumex thyrsiflorus,ForestWetRich
115901,Rumex thyrsiflorus,ForestWetRich
115902,Rumex thyrsiflorus,ForestWetRich
115903,Rumex thyrsiflorus,ForestWetRich
115904,Rumex thyrsiflorus,ForestWetRich
115905,Rumex thyrsiflorus,ForestWetRich
115906,Rumex thyrsiflorus,ForestWetRich
115907,Rumex thyrsiflorus,ForestWetRich
115908,Rumex thyrsiflorus,ForestWetRich
115909,Rumex thyrsiflorus,ForestWetRich
115910,Rumex thyrsiflorus,ForestWetRich
115911,Rumex thyrsiflorus,ForestWetRich
115912,Rumex thyrsiflorus,ForestWetRich
115913,Rumex thyrsiflorus,ForestWetRich
115914,Rumex thyrsiflorus,ForestWetRich
115915,Rumex thyrsiflorus,ForestWetRich
115916,Rumex thyrsiflorus,ForestWetRich
115917,Rumex thyrsiflorus,ForestWetRich
115918,Rumex thyrsiflorus,ForestWetRich
115919,Rumex thyrsiflorus,ForestWetRich
115920,Rumex thyrsiflorus,ForestWetRich
115921,Rumex thyrsiflorus,ForestWetRich
115922,Rumex thyrsiflorus,ForestWetRich
115923,Rumex thyrsiflorus,ForestWetRich
115924,Rumex thyrsiflorus,ForestWetRich
115925,Rumex thyrsiflorus,ForestWetRich
115926,Rumex thyrsiflorus,ForestWetRich
115927,Rumex thyrsiflorus,ForestWetRich
115928,Rumex thyrsiflorus,ForestWetRich
115929,Rumex thyrsiflorus,ForestWetRich
115930,Rumex thyrsiflorus,ForestWetRich
115931,Rumex thyrsiflorus,ForestWetRich
115932,Rumex thyrsiflorus,ForestWetRich
115933,Rumex thyrsiflorus,ForestWetRich
115934,Rumex thyrsiflorus,ForestWetRich
115935,Rumex thyrsiflorus,ForestWetRich
115936,Rumex thyrsiflorus,ForestWetRich
115937,Rumex thyrsiflorus,ForestWetRich
115938,Rumex thyrsiflorus,ForestWetRich
115939,Rumex thyrsiflorus,ForestWetRich
115940,Rumex thyrsiflorus,ForestWetRich
116483,Rumex thyrsiflorus,ForestWetRich
116484,Rumex thyrsiflorus,ForestWetRich
116485,Rumex thyrsiflorus,ForestWetRich
116486,Rumex thyrsiflorus,ForestWetRich
116487,Rumex thyrsiflorus,ForestWetRich
116488,Rumex thyrsiflorus,ForestWetRich
116489,Rumex thyrsiflorus,ForestWetRich
116490,Rumex thyrsiflorus,ForestWetRich
116491,Rumex thyrsiflorus,ForestWetRich
116492,Rumex thyrsiflorus,ForestWetRich
116493,Rumex thyrsiflorus,ForestWetRich
116494,Rumex thyrsiflorus,ForestWetRich
116495,Rumex thyrsiflorus,ForestWetRich
116496,Rumex thyrsiflorus,ForestWetRich
116497,Rumex thyrsiflorus,ForestWetRich
116498,Rumex thyrsiflorus,ForestWetRich
116499,Rumex thyrsiflorus,ForestWetRich
116500,Rumex thyrsiflorus,ForestWetRich
116501,Rumex thyrsiflorus,ForestWetRich
116502,Rumex thyrsiflorus,ForestWetRich
116503,Rumex thyrsiflorus,ForestWetRich
116504,Rumex thyrsiflorus,ForestWetRich
116505,Rumex thyrsiflorus,ForestWetRich
116506,Rumex thyrsiflorus,ForestWetRich
116507,Rumex thyrsiflorus,ForestWetRich
116508,Rumex thyrsiflorus,ForestWetRich
116509,Rumex thyrsiflorus,ForestWetRich
116510,Rumex thyrsiflorus,ForestWetRich
116511,Rumex thyrsiflorus,ForestWetRich
116512,Rumex thyrsiflorus,ForestWetRich
116513,Rumex thyrsiflorus,ForestWetRich
116514,Rumex thyrsiflorus,ForestWetRich
116515,Rumex thyrsiflorus,ForestWetRich
116516,Rumex thyrsiflorus,ForestWetRich
116517,Rumex thyrsiflorus,ForestWetRich
116518,Rumex thyrsiflorus,ForestWetRich
116519,Rumex thyrsiflorus,ForestWetRich
116520,Rumex thyrsiflorus,ForestWetRich
116521,Rumex thyrsiflorus,ForestWetRich
116522,Rumex thyrsiflorus,ForestWetRich
116523,Rumex thyrsiflorus,ForestWetRich
116524,Rumex thyrsiflorus,ForestWetRich
116525,Rumex thyrsiflorus,ForestWetRich
116526,Rumex thyrsiflorus,ForestWetRich
116527,Rumex thyrsiflorus,ForestWetRich
116528,Rumex thyrsiflorus,ForestWetRich
116529,Rumex thyrsiflorus,ForestWetRich
116530,Rumex thyrsiflorus,ForestWetRich
116531,Rumex thyrsiflorus,ForestWetRich
116532,Rumex thyrsiflorus,ForestWetRich
116533,Rumex thyrsiflorus,ForestWetRich
116534,Rumex thyrsiflorus,ForestWetRich
116535,Rumex thyrsiflorus,ForestWetRich
116536,Rumex thyrsiflorus,ForestWetRich
116537,Rumex thyrsiflorus,ForestWetRich
116538,Rumex thyrsiflorus,ForestWetRich
117082,Rumex thyrsiflorus,ForestWetRich
117083,Rumex thyrsiflorus,ForestWetRich
117084,Rumex thyrsiflorus,ForestWetRich
117085,Rumex thyrsiflorus,ForestWetRich
117086,Rumex thyrsiflorus,ForestWetRich
117087,Rumex thyrsiflorus,ForestWetRich
117088,Rumex thyrsiflorus,ForestWetRich
117089,Rumex thyrsiflorus,ForestWetRich
117090,Rumex thyrsiflorus,ForestWetRich
117091,Rumex thyrsiflorus,ForestWetRich
117092,Rumex thyrsiflorus,ForestWetRich
117093,Rumex thyrsiflorus,ForestWetRich
117094,Rumex thyrsiflorus,ForestWetRich
117095,Rumex thyrsiflorus,ForestWetRich
117096,Rumex thyrsiflorus,ForestWetRich
117097,Rumex thyrsiflorus,ForestWetRich
117098,Rumex thyrsiflorus,ForestWetRich
117099,Rumex thyrsiflorus,ForestWetRich
117100,Rumex thyrsiflorus,ForestWetRich
117101,Rumex thyrsiflorus,ForestWetRich
117102,Rumex thyrsiflorus,ForestWetRich
117103,Rumex thyrsiflorus,ForestWetRich
117104,Rumex thyrsiflorus,ForestWetRich
117105,Rumex thyrsiflorus,ForestWetRich
117106,Rumex thyrsiflorus,ForestWetRich
117107,Rumex thyrsiflorus,ForestWetRich
117108,Rumex thyrsiflorus,ForestWetRich
117109,Rumex thyrsiflorus,ForestWetRich
117110,Rumex thyrsiflorus,ForestWetRich
117111,Rumex thyrsiflorus,ForestWetRich
117112,Rumex thyrsiflorus,ForestWetRich
117113,Rumex thyrsiflorus,ForestWetRich
117114,Rumex thyrsiflorus,ForestWetRich
117115,Rumex thyrsiflorus,ForestWetRich
117116,Rumex thyrsiflorus,ForestWetRich
117117,Rumex thyrsiflorus,ForestWetRich
117118,Rumex thyrsiflorus,ForestWetRich
117119,Rumex thyrsiflorus,ForestWetRich
117120,Rumex thyrsiflorus,ForestWetRich
117121,Rumex thyrsiflorus,ForestWetRich
117122,Rumex thyrsiflorus,ForestWetRich
117123,Rumex thyrsiflorus,ForestWetRich
117124,Rumex thyrsiflorus,ForestWetRich
117125,Rumex thyrsiflorus,ForestWetRich
117126,Rumex thyrsiflorus,ForestWetRich
117127,Rumex thyrsiflorus,ForestWetRich
117128,Rumex thyrsiflorus,ForestWetRich
117129,Rumex thyrsiflorus,ForestWetRich
117130,Rumex thyrsiflorus,ForestWetRich
117131,Rumex thyrsiflorus,ForestWetRich
117132,Rumex thyrsiflorus,ForestWetRich
117133,Rumex thyrsiflorus,ForestWetRich
117134,Rumex thyrsiflorus,ForestWetRich
117135,Rumex thyrsiflorus,ForestWetRich
117136,Rumex thyrsiflorus,ForestWetRich
117681,Rumex thyrsiflorus,ForestWetRich
117682,Rumex thyrsiflorus,ForestWetRich
117683,Rumex thyrsiflorus,ForestWetRich
117684,Rumex thyrsiflorus,ForestWetRich
117685,Rumex thyrsiflorus,ForestWetRich
117686,Rumex thyrsiflorus,ForestWetRich
117687,Rumex thyrsiflorus,ForestWetRich
117688,Rumex thyrsiflorus,ForestWetRich
117689,Rumex thyrsiflorus,ForestWetRich
117690,Rumex thyrsiflorus,ForestWetRich
117691,Rumex thyrsiflorus,ForestWetRich
117692,Rumex thyrsiflorus,ForestWetRich
117693,Rumex thyrsiflorus,ForestWetRich
117694,Rumex thyrsiflorus,ForestWetRich
117695,Rumex thyrsiflorus,ForestWetRich
117696,Rumex thyrsiflorus,ForestWetRich
117697,Rumex thyrsiflorus,ForestWetRich
117698,Rumex thyrsiflorus,ForestWetRich
117699,Rumex thyrsiflorus,ForestWetRich
117700,Rumex thyrsiflorus,ForestWetRich
117701,Rumex thyrsiflorus,ForestWetRich
117702,Rumex thyrsiflorus,ForestWetRich
117703,Rumex thyrsiflorus,ForestWetRich
117704,Rumex thyrsiflorus,ForestWetRich
117705,Rumex thyrsiflorus,ForestWetRich
117706,Rumex thyrsiflorus,ForestWetRich
117707,Rumex thyrsiflorus,ForestWetRich
117708,Rumex thyrsiflorus,ForestWetRich
117709,Rumex thyrsiflorus,ForestWetRich
117710,Rumex thyrsiflorus,ForestWetRich
117711,Rumex thyrsiflorus,ForestWetRich
117712,Rumex thyrsiflorus,ForestWetRich
117713,Rumex thyrsiflorus,ForestWetRich
117714,Rumex thyrsiflorus,ForestWetRich
117715,Rumex thyrsiflorus,ForestWetRich
117716,Rumex thyrsiflorus,ForestWetRich
117717,Rumex thyrsiflorus,ForestWetRich
117718,Rumex thyrsiflorus,ForestWetRich
117719,Rumex thyrsiflorus,ForestWetRich
117720,Rumex thyrsiflorus,ForestWetRich
117721,Rumex thyrsiflorus,ForestWetRich
117722,Rumex thyrsiflorus,ForestWetRich
117723,Rumex thyrsiflorus,ForestWetRich
117724,Rumex thyrsiflorus,ForestWetRich
117725,Rumex thyrsiflorus,ForestWetRich
117726,Rumex thyrsiflorus,ForestWetRich
117727,Rumex thyrsiflorus,ForestWetRich
117728,Rumex thyrsiflorus,ForestWetRich
117729,Rumex thyrsiflorus,ForestWetRich
117730,Rumex thyrsiflorus,ForestWetRich
117731,Rumex thyrsiflorus,ForestWetRich
117732,Rumex thyrsiflorus,ForestWetRich
117733,Rumex thyrsiflorus,ForestWetRich
118280,Rumex thyrsiflorus,ForestWetRich
118281,Rumex thyrsiflorus,ForestWetRich
118282,Rumex thyrsiflorus,ForestWetRich
118283,Rumex thyrsiflorus,ForestWetRich
118284,Rumex thyrsiflorus,ForestWetRich
118285,Rumex thyrsiflorus,ForestWetRich
118286,Rumex thyrsiflorus,ForestWetRich
118287,Rumex thyrsiflorus,ForestWetRich
118288,Rumex thyrsiflorus,ForestWetRich
118289,Rumex thyrsiflorus,ForestWetRich
118290,Rumex thyrsiflorus,ForestWetRich
118291,Rumex thyrsiflorus,ForestWetRich
118292,Rumex thyrsiflorus,ForestWetRich
118293,Rumex thyrsiflorus,ForestWetRich
118294,Rumex thyrsiflorus,ForestWetRich
118295,Rumex thyrsiflorus,ForestWetRich
118296,Rumex thyrsiflorus,ForestWetRich
118297,Rumex thyrsiflorus,ForestWetRich
118298,Rumex thyrsiflorus,ForestWetRich
118299,Rumex thyrsiflorus,ForestWetRich
118300,Rumex thyrsiflorus,ForestWetRich
118301,Rumex thyrsiflorus,ForestWetRich
118302,Rumex thyrsiflorus,ForestWetRich
118303,Rumex thyrsiflorus,ForestWetRich
118304,Rumex thyrsiflorus,ForestWetRich
118305,Rumex thyrsiflorus,ForestWetRich
118306,Rumex thyrsiflorus,ForestWetRich
118307,Rumex thyrsiflorus,ForestWetRich
118308,Rumex thyrsiflorus,ForestWetRich
118309,Rumex thyrsiflorus,ForestWetRich
118310,Rumex thyrsiflorus,ForestWetRich
118311,Rumex thyrsiflorus,ForestWetRich
118312,Rumex thyrsiflorus,ForestWetRich
118313,Rumex thyrsiflorus,ForestWetRich
118314,Rumex thyrsiflorus,ForestWetRich
118315,Rumex thyrsiflorus,ForestWetRich
118316,Rumex thyrsiflorus,ForestWetRich
118317,Rumex thyrsiflorus,ForestWetRich
118318,Rumex thyrsiflorus,ForestWetRich
118319,Rumex thyrsiflorus,ForestWetRich
118320,Rumex thyrsiflorus,ForestWetRich
118321,Rumex thyrsiflorus,ForestWetRich
118322,Rumex thyrsiflorus,ForestWetRich
118323,Rumex thyrsiflorus,ForestWetRich
118324,Rumex thyrsiflorus,ForestWetRich
118325,Rumex thyrsiflorus,ForestWetRich
118326,Rumex thyrsiflorus,ForestWetRich
118327,Rumex thyrsiflorus,ForestWetRich
118328,Rumex thyrsiflorus,ForestWetRich
118329,Rumex thyrsiflorus,ForestWetRich
118330,Rumex thyrsiflorus,ForestWetRich
118331,Rumex thyrsiflorus,ForestWetRich
118879,Rumex thyrsiflorus,ForestWetRich
118880,Rumex thyrsiflorus,ForestWetRich
118881,Rumex thyrsiflorus,ForestWetRich
118882,Rumex thyrsiflorus,ForestWetRich
118883,Rumex thyrsiflorus,ForestWetRich
118884,Rumex thyrsiflorus,ForestWetRich
118885,Rumex thyrsiflorus,ForestWetRich
118886,Rumex thyrsiflorus,ForestWetRich
118887,Rumex thyrsiflorus,ForestWetRich
118888,Rumex thyrsiflorus,ForestWetRich
118889,Rumex thyrsiflorus,ForestWetRich
118890,Rumex thyrsiflorus,ForestWetRich
118891,Rumex thyrsiflorus,ForestWetRich
118892,Rumex thyrsiflorus,ForestWetRich
118893,Rumex thyrsiflorus,ForestWetRich
118894,Rumex thyrsiflorus,ForestWetRich
118895,Rumex thyrsiflorus,ForestWetRich
118896,Rumex thyrsiflorus,ForestWetRich
118897,Rumex thyrsiflorus,ForestWetRich
118898,Rumex thyrsiflorus,ForestWetRich
118899,Rumex thyrsiflorus,ForestWetRich
118900,Rumex thyrsiflorus,ForestWetRich
118901,Rumex thyrsiflorus,ForestWetRich
118902,Rumex thyrsiflorus,ForestWetRich
118903,Rumex thyrsiflorus,ForestWetRich
118904,Rumex thyrsiflorus,ForestWetRich
118905,Rumex thyrsiflorus,ForestWetRich
118906,Rumex thyrsiflorus,ForestWetRich
118907,Rumex thyrsiflorus,ForestWetRich
118908,Rumex thyrsiflorus,ForestWetRich
118909,Rumex thyrsiflorus,ForestWetRich
118910,Rumex thyrsiflorus,ForestWetRich
118911,Rumex thyrsiflorus,ForestWetRich
118912,Rumex thyrsiflorus,ForestWetRich
118913,Rumex thyrsiflorus,ForestWetRich
118914,Rumex thyrsiflorus,ForestWetRich
118915,Rumex thyrsiflorus,ForestWetRich
118916,Rumex thyrsiflorus,ForestWetRich
118917,Rumex thyrsiflorus,ForestWetRich
118918,Rumex thyrsiflorus,ForestWetRich
118919,Rumex thyrsiflorus,ForestWetRich
118920,Rumex thyrsiflorus,ForestWetRich
118921,Rumex thyrsiflorus,ForestWetRich
118922,Rumex thyrsiflorus,ForestWetRich
118923,Rumex thyrsiflorus,ForestWetRich
118924,Rumex thyrsiflorus,ForestWetRich
118925,Rumex thyrsiflorus,ForestWetRich
118926,Rumex thyrsiflorus,ForestWetRich
118927,Rumex thyrsiflorus,ForestWetRich
118928,Rumex thyrsiflorus,ForestWetRich
118929,Rumex thyrsiflorus,ForestWetRich
119478,Rumex thyrsiflorus,ForestWetRich
119479,Rumex thyrsiflorus,ForestWetRich
119480,Rumex thyrsiflorus,ForestWetRich
119481,Rumex thyrsiflorus,ForestWetRich
119482,Rumex thyrsiflorus,ForestWetRich
119483,Rumex thyrsiflorus,ForestWetRich
119484,Rumex thyrsiflorus,ForestWetRich
119485,Rumex thyrsiflorus,ForestWetRich
119486,Rumex thyrsiflorus,ForestWetRich
119487,Rumex thyrsiflorus,ForestWetRich
119488,Rumex thyrsiflorus,ForestWetRich
119489,Rumex thyrsiflorus,ForestWetRich
119490,Rumex thyrsiflorus,ForestWetRich
119491,Rumex thyrsiflorus,ForestWetRich
119492,Rumex thyrsiflorus,ForestWetRich
119493,Rumex thyrsiflorus,ForestWetRich
119494,Rumex thyrsiflorus,ForestWetRich
119495,Rumex thyrsiflorus,ForestWetRich
119496,Rumex thyrsiflorus,ForestWetRich
119497,Rumex thyrsiflorus,ForestWetRich
119498,Rumex thyrsiflorus,ForestWetRich
119499,Rumex thyrsiflorus,ForestWetRich
119500,Rumex thyrsiflorus,ForestWetRich
119501,Rumex thyrsiflorus,ForestWetRich
119502,Rumex thyrsiflorus,ForestWetRich
119503,Rumex thyrsiflorus,ForestWetRich
119504,Rumex thyrsiflorus,ForestWetRich
119505,Rumex thyrsiflorus,ForestWetRich
119506,Rumex thyrsiflorus,ForestWetRich
119507,Rumex thyrsiflorus,ForestWetRich
119508,Rumex thyrsiflorus,ForestWetRich
119509,Rumex thyrsiflorus,ForestWetRich
119510,Rumex thyrsiflorus,ForestWetRich
119511,Rumex thyrsiflorus,ForestWetRich
119512,Rumex thyrsiflorus,ForestWetRich
119513,Rumex thyrsiflorus,ForestWetRich
119514,Rumex thyrsiflorus,ForestWetRich
119515,Rumex thyrsiflorus,ForestWetRich
119516,Rumex thyrsiflorus,ForestWetRich
119517,Rumex thyrsiflorus,ForestWetRich
119518,Rumex thyrsiflorus,ForestWetRich
119519,Rumex thyrsiflorus,ForestWetRich
119520,Rumex thyrsiflorus,ForestWetRich
119521,Rumex thyrsiflorus,ForestWetRich
119522,Rumex thyrsiflorus,ForestWetRich
119523,Rumex thyrsiflorus,ForestWetRich
119524,Rumex thyrsiflorus,ForestWetRich
119525,Rumex thyrsiflorus,ForestWetRich
119526,Rumex thyrsiflorus,ForestWetRich
119527,Rumex thyrsiflorus,ForestWetRich
120077,Rumex thyrsiflorus,ForestWetRich
120078,Rumex thyrsiflorus,ForestWetRich
120079,Rumex thyrsiflorus,ForestWetRich
120080,Rumex thyrsiflorus,ForestWetRich
120081,Rumex thyrsiflorus,ForestWetRich
120082,Rumex thyrsiflorus,ForestWetRich
120083,Rumex thyrsiflorus,ForestWetRich
120084,Rumex thyrsiflorus,ForestWetRich
120085,Rumex thyrsiflorus,ForestWetRich
120086,Rumex thyrsiflorus,ForestWetRich
120087,Rumex thyrsiflorus,ForestWetRich
120088,Rumex thyrsiflorus,ForestWetRich
120089,Rumex thyrsiflorus,ForestWetRich
120090,Rumex thyrsiflorus,ForestWetRich
120091,Rumex thyrsiflorus,ForestWetRich
120092,Rumex thyrsiflorus,ForestWetRich
120093,Rumex thyrsiflorus,ForestWetRich
120094,Rumex thyrsiflorus,ForestWetRich
120095,Rumex thyrsiflorus,ForestWetRich
120096,Rumex thyrsiflorus,ForestWetRich
120097,Rumex thyrsiflorus,ForestWetRich
120098,Rumex thyrsiflorus,ForestWetRich
120099,Rumex thyrsiflorus,ForestWetRich
120100,Rumex thyrsiflorus,ForestWetRich
120101,Rumex thyrsiflorus,ForestWetRich
120102,Rumex thyrsiflorus,ForestWetRich
120103,Rumex thyrsiflorus,ForestWetRich
120104,Rumex thyrsiflorus,ForestWetRich
120105,Rumex thyrsiflorus,ForestWetRich
120106,Rumex thyrsiflorus,ForestWetRich
120107,Rumex thyrsiflorus,ForestWetRich
120108,Rumex thyrsiflorus,ForestWetRich
120109,Rumex thyrsiflorus,ForestWetRich
120110,Rumex thyrsiflorus,ForestWetRich
120111,Rumex thyrsiflorus,ForestWetRich
120112,Rumex thyrsiflorus,ForestWetRich
120113,Rumex thyrsiflorus,ForestWetRich
120114,Rumex thyrsiflorus,ForestWetRich
120115,Rumex thyrsiflorus,ForestWetRich
120116,Rumex thyrsiflorus,ForestWetRich
120117,Rumex thyrsiflorus,ForestWetRich
120118,Rumex thyrsiflorus,ForestWetRich
120119,Rumex thyrsiflorus,ForestWetRich
120120,Rumex thyrsiflorus,ForestWetRich
120121,Rumex thyrsiflorus,ForestWetRich
120122,Rumex thyrsiflorus,ForestWetRich
120123,Rumex thyrsiflorus,ForestWetRich
120124,Rumex thyrsiflorus,ForestWetRich
120676,Rumex thyrsiflorus,ForestWetRich
120677,Rumex thyrsiflorus,ForestWetRich
120678,Rumex thyrsiflorus,ForestWetRich
120679,Rumex thyrsiflorus,ForestWetRich
120680,Rumex thyrsiflorus,ForestWetRich
120681,Rumex thyrsiflorus,ForestWetRich
120682,Rumex thyrsiflorus,ForestWetRich
120683,Rumex thyrsiflorus,ForestWetRich
120684,Rumex thyrsiflorus,ForestWetRich
120685,Rumex thyrsiflorus,ForestWetRich
120686,Rumex thyrsiflorus,ForestWetRich
120687,Rumex thyrsiflorus,ForestWetRich
120688,Rumex thyrsiflorus,ForestWetRich
120689,Rumex thyrsiflorus,ForestWetRich
120690,Rumex thyrsiflorus,ForestWetRich
120691,Rumex thyrsiflorus,ForestWetRich
120692,Rumex thyrsiflorus,ForestWetRich
120693,Rumex thyrsiflorus,ForestWetRich
120694,Rumex thyrsiflorus,ForestWetRich
120695,Rumex thyrsiflorus,ForestWetRich
120696,Rumex thyrsiflorus,ForestWetRich
120697,Rumex thyrsiflorus,ForestWetRich
120698,Rumex thyrsiflorus,ForestWetRich
120699,Rumex thyrsiflorus,ForestWetRich
120700,Rumex thyrsiflorus,ForestWetRich
120701,Rumex thyrsiflorus,ForestWetRich
120702,Rumex thyrsiflorus,ForestWetRich
120703,Rumex thyrsiflorus,ForestWetRich
120704,Rumex thyrsiflorus,ForestWetRich
120705,Rumex thyrsiflorus,ForestWetRich
120706,Rumex thyrsiflorus,ForestWetRich
120707,Rumex thyrsiflorus,ForestWetRich
120708,Rumex thyrsiflorus,ForestWetRich
120709,Rumex thyrsiflorus,ForestWetRich
120710,Rumex thyrsiflorus,ForestWetRich
120711,Rumex thyrsiflorus,ForestWetRich
120712,Rumex thyrsiflorus,ForestWetRich
120713,Rumex thyrsiflorus,ForestWetRich
120714,Rumex thyrsiflorus,ForestWetRich
120715,Rumex thyrsiflorus,ForestWetRich
120716,Rumex thyrsiflorus,ForestWetRich
120717,Rumex thyrsiflorus,ForestWetRich
120718,Rumex thyrsiflorus,ForestWetRich
120719,Rumex thyrsiflorus,ForestWetRich
120720,Rumex thyrsiflorus,ForestWetRich
120721,Rumex thyrsiflorus,ForestWetRich
121275,Rumex thyrsiflorus,ForestWetRich
121276,Rumex thyrsiflorus,ForestWetRich
121277,Rumex thyrsiflorus,ForestWetRich
121278,Rumex thyrsiflorus,ForestWetRich
121279,Rumex thyrsiflorus,ForestWetRich
121280,Rumex thyrsiflorus,ForestWetRich
121281,Rumex thyrsiflorus,ForestWetRich
121282,Rumex thyrsiflorus,ForestWetRich
121283,Rumex thyrsiflorus,ForestWetRich
121284,Rumex thyrsiflorus,ForestWetRich
121285,Rumex thyrsiflorus,ForestWetRich
121286,Rumex thyrsiflorus,ForestWetRich
121287,Rumex thyrsiflorus,ForestWetRich
121288,Rumex thyrsiflorus,ForestWetRich
121289,Rumex thyrsiflorus,ForestWetRich
121290,Rumex thyrsiflorus,ForestWetRich
121291,Rumex thyrsiflorus,ForestWetRich
121292,Rumex thyrsiflorus,ForestWetRich
121293,Rumex thyrsiflorus,ForestWetRich
121294,Rumex thyrsiflorus,ForestWetRich
121295,Rumex thyrsiflorus,ForestWetRich
121296,Rumex thyrsiflorus,ForestWetRich
121297,Rumex thyrsiflorus,ForestWetRich
121298,Rumex thyrsiflorus,ForestWetRich
121299,Rumex thyrsiflorus,ForestWetRich
121300,Rumex thyrsiflorus,ForestWetRich
121301,Rumex thyrsiflorus,ForestWetRich
121302,Rumex thyrsiflorus,ForestWetRich
121303,Rumex thyrsiflorus,ForestWetRich
121304,Rumex thyrsiflorus,ForestWetRich
121305,Rumex thyrsiflorus,ForestWetRich
121306,Rumex thyrsiflorus,ForestWetRich
121307,Rumex thyrsiflorus,ForestWetRich
121308,Rumex thyrsiflorus,ForestWetRich
121309,Rumex thyrsiflorus,ForestWetRich
121310,Rumex thyrsiflorus,ForestWetRich
121311,Rumex thyrsiflorus,ForestWetRich
121312,Rumex thyrsiflorus,ForestWetRich
121313,Rumex thyrsiflorus,ForestWetRich
121314,Rumex thyrsiflorus,ForestWetRich
121315,Rumex thyrsiflorus,ForestWetRich
121316,Rumex thyrsiflorus,ForestWetRich
121317,Rumex thyrsiflorus,ForestWetRich
121318,Rumex thyrsiflorus,ForestWetRich
121319,Rumex thyrsiflorus,ForestWetRich
121874,Rumex thyrsiflorus,ForestWetRich
121875,Rumex thyrsiflorus,ForestWetRich
121876,Rumex thyrsiflorus,ForestWetRich
121877,Rumex thyrsiflorus,ForestWetRich
121878,Rumex thyrsiflorus,ForestWetRich
121879,Rumex thyrsiflorus,ForestWetRich
121880,Rumex thyrsiflorus,ForestWetRich
121881,Rumex thyrsiflorus,ForestWetRich
121882,Rumex thyrsiflorus,ForestWetRich
121883,Rumex thyrsiflorus,ForestWetRich
121884,Rumex thyrsiflorus,ForestWetRich
121885,Rumex thyrsiflorus,ForestWetRich
121886,Rumex thyrsiflorus,ForestWetRich
121887,Rumex thyrsiflorus,ForestWetRich
121888,Rumex thyrsiflorus,ForestWetRich
121889,Rumex thyrsiflorus,ForestWetRich
121890,Rumex thyrsiflorus,ForestWetRich
121891,Rumex thyrsiflorus,ForestWetRich
121892,Rumex thyrsiflorus,ForestWetRich
121893,Rumex thyrsiflorus,ForestWetRich
121894,Rumex thyrsiflorus,ForestWetRich
121895,Rumex thyrsiflorus,ForestWetRich
121896,Rumex thyrsiflorus,ForestWetRich
121897,Rumex thyrsiflorus,ForestWetRich
121898,Rumex thyrsiflorus,ForestWetRich
121899,Rumex thyrsiflorus,ForestWetRich
121900,Rumex thyrsiflorus,ForestWetRich
121901,Rumex thyrsiflorus,ForestWetRich
121902,Rumex thyrsiflorus,ForestWetRich
121903,Rumex thyrsiflorus,ForestWetRich
121904,Rumex thyrsiflorus,ForestWetRich
121905,Rumex thyrsiflorus,ForestWetRich
121906,Rumex thyrsiflorus,ForestWetRich
121907,Rumex thyrsiflorus,ForestWetRich
121908,Rumex thyrsiflorus,ForestWetRich
121909,Rumex thyrsiflorus,ForestWetRich
121910,Rumex thyrsiflorus,ForestWetRich
121911,Rumex thyrsiflorus,ForestWetRich
121912,Rumex thyrsiflorus,ForestWetRich
121913,Rumex thyrsiflorus,ForestWetRich
121914,Rumex thyrsiflorus,ForestWetRich
121915,Rumex thyrsiflorus,ForestWetRich
121916,Rumex thyrsiflorus,ForestWetRich
122475,Rumex thyrsiflorus,ForestWetRich
122476,Rumex thyrsiflorus,ForestWetRich
122477,Rumex thyrsiflorus,ForestWetRich
122478,Rumex thyrsiflorus,ForestWetRich
122479,Rumex thyrsiflorus,ForestWetRich
122480,Rumex thyrsiflorus,ForestWetRich
122481,Rumex thyrsiflorus,ForestWetRich
122482,Rumex thyrsiflorus,ForestWetRich
122483,Rumex thyrsiflorus,ForestWetRich
122484,Rumex thyrsiflorus,ForestWetRich
122485,Rumex thyrsiflorus,ForestWetRich
122486,Rumex thyrsiflorus,ForestWetRich
122487,Rumex thyrsiflorus,ForestWetRich
122488,Rumex thyrsiflorus,ForestWetRich
122489,Rumex thyrsiflorus,ForestWetRich
122490,Rumex thyrsiflorus,ForestWetRich
122491,Rumex thyrsiflorus,ForestWetRich
122492,Rumex thyrsiflorus,ForestWetRich
122493,Rumex thyrsiflorus,ForestWetRich
122494,Rumex thyrsiflorus,ForestWetRich
122495,Rumex thyrsiflorus,ForestWetRich
122496,Rumex thyrsiflorus,ForestWetRich
122497,Rumex thyrsiflorus,ForestWetRich
122498,Rumex thyrsiflorus,ForestWetRich
122499,Rumex thyrsiflorus,ForestWetRich
122500,Rumex thyrsiflorus,ForestWetRich
122501,Rumex thyrsiflorus,ForestWetRich
122502,Rumex thyrsiflorus,ForestWetRich
122503,Rumex thyrsiflorus,ForestWetRich
122504,Rumex thyrsiflorus,ForestWetRich
122505,Rumex thyrsiflorus,ForestWetRich
122506,Rumex thyrsiflorus,ForestWetRich
122507,Rumex thyrsiflorus,ForestWetRich
122508,Rumex thyrsiflorus,ForestWetRich
122509,Rumex thyrsiflorus,ForestWetRich
122510,Rumex thyrsiflorus,ForestWetRich
122511,Rumex thyrsiflorus,ForestWetRich
122512,Rumex thyrsiflorus,ForestWetRich
123077,Rumex thyrsiflorus,ForestWetRich
123078,Rumex thyrsiflorus,ForestWetRich
123079,Rumex thyrsiflorus,ForestWetRich
123080,Rumex thyrsiflorus,ForestWetRich
123081,Rumex thyrsiflorus,ForestWetRich
123082,Rumex thyrsiflorus,ForestWetRich
123083,Rumex thyrsiflorus,ForestWetRich
123084,Rumex thyrsiflorus,ForestWetRich
123085,Rumex thyrsiflorus,ForestWetRich
123086,Rumex thyrsiflorus,ForestWetRich
123087,Rumex thyrsiflorus,ForestWetRich
123088,Rumex thyrsiflorus,ForestWetRich
123089,Rumex thyrsiflorus,ForestWetRich
123090,Rumex thyrsiflorus,ForestWetRich
123091,Rumex thyrsiflorus,ForestWetRich
123092,Rumex thyrsiflorus,ForestWetRich
123093,Rumex thyrsiflorus,ForestWetRich
123094,Rumex thyrsiflorus,ForestWetRich
123095,Rumex thyrsiflorus,ForestWetRich
123096,Rumex thyrsiflorus,ForestWetRich
123097,Rumex thyrsiflorus,ForestWetRich
123098,Rumex thyrsiflorus,ForestWetRich
123099,Rumex thyrsiflorus,ForestWetRich
123100,Rumex thyrsiflorus,ForestWetRich
123101,Rumex thyrsiflorus,ForestWetRich
123102,Rumex thyrsiflorus,ForestWetRich
123103,Rumex thyrsiflorus,ForestWetRich
123104,Rumex thyrsiflorus,ForestWetRich
123105,Rumex thyrsiflorus,ForestWetRich
123106,Rumex thyrsiflorus,ForestWetRich
123107,Rumex thyrsiflorus,ForestWetRich
123108,Rumex thyrsiflorus,ForestWetRich
123109,Rumex thyrsiflorus,ForestWetRich
123679,Rumex thyrsiflorus,ForestWetRich
123680,Rumex thyrsiflorus,ForestWetRich
123681,Rumex thyrsiflorus,ForestWetRich
123682,Rumex thyrsiflorus,ForestWetRich
123683,Rumex thyrsiflorus,ForestWetRich
123684,Rumex thyrsiflorus,ForestWetRich
123685,Rumex thyrsiflorus,ForestWetRich
123686,Rumex thyrsiflorus,ForestWetRich
123687,Rumex thyrsiflorus,ForestWetRich
123688,Rumex thyrsiflorus,ForestWetRich
123689,Rumex thyrsiflorus,ForestWetRich
123690,Rumex thyrsiflorus,ForestWetRich
123691,Rumex thyrsiflorus,ForestWetRich
123692,Rumex thyrsiflorus,ForestWetRich
123693,Rumex thyrsiflorus,ForestWetRich
123694,Rumex thyrsiflorus,ForestWetRich
123695,Rumex thyrsiflorus,ForestWetRich
123696,Rumex thyrsiflorus,ForestWetRich
123697,Rumex thyrsiflorus,ForestWetRich
123698,Rumex thyrsiflorus,ForestWetRich
123699,Rumex thyrsiflorus,ForestWetRich
123700,Rumex thyrsiflorus,ForestWetRich
123701,Rumex thyrsiflorus,ForestWetRich
123702,Rumex thyrsiflorus,ForestWetRich
123703,Rumex thyrsiflorus,ForestWetRich
123704,Rumex thyrsiflorus,ForestWetRich
124282,Rumex thyrsiflorus,ForestWetRich
124283,Rumex thyrsiflorus,ForestWetRich
124284,Rumex thyrsiflorus,ForestWetRich
124285,Rumex thyrsiflorus,ForestWetRich
124286,Rumex thyrsiflorus,ForestWetRich
124287,Rumex thyrsiflorus,ForestWetRich
124288,Rumex thyrsiflorus,ForestWetRich
124289,Rumex thyrsiflorus,ForestWetRich
124290,Rumex thyrsiflorus,ForestWetRich
124291,Rumex thyrsiflorus,ForestWetRich
124292,Rumex thyrsiflorus,ForestWetRich
124293,Rumex thyrsiflorus,ForestWetRich
124294,Rumex thyrsiflorus,ForestWetRich
124295,Rumex thyrsiflorus,ForestWetRich
124296,Rumex thyrsiflorus,ForestWetRich
124297,Rumex thyrsiflorus,ForestWetRich
124298,Rumex thyrsiflorus,ForestWetRich
124299,Rumex thyrsiflorus,ForestWetRich
45836,Rumex thyrsiflorus,ForestWetRich
45837,Rumex thyrsiflorus,ForestWetRich
45838,Rumex thyrsiflorus,ForestWetRich
45839,Rumex thyrsiflorus,ForestWetRich
45840,Rumex thyrsiflorus,ForestWetRich
46431,Rumex thyrsiflorus,ForestWetRich
46432,Rumex thyrsiflorus,ForestWetRich
46433,Rumex thyrsiflorus,ForestWetRich
46434,Rumex thyrsiflorus,ForestWetRich
46435,Rumex thyrsiflorus,ForestWetRich
46436,Rumex thyrsiflorus,ForestWetRich
46437,Rumex thyrsiflorus,ForestWetRich
46438,Rumex thyrsiflorus,ForestWetRich
46439,Rumex thyrsiflorus,ForestWetRich
47027,Rumex thyrsiflorus,ForestWetRich
47028,Rumex thyrsiflorus,ForestWetRich
47029,Rumex thyrsiflorus,ForestWetRich
47030,Rumex thyrsiflorus,ForestWetRich
47031,Rumex thyrsiflorus,ForestWetRich
47032,Rumex thyrsiflorus,ForestWetRich
47033,Rumex thyrsiflorus,ForestWetRich
47034,Rumex thyrsiflorus,ForestWetRich
47035,Rumex thyrsiflorus,ForestWetRich
47036,Rumex thyrsiflorus,ForestWetRich
47037,Rumex thyrsiflorus,ForestWetRich
47038,Rumex thyrsiflorus,ForestWetRich
47623,Rumex thyrsiflorus,ForestWetRich
47624,Rumex thyrsiflorus,ForestWetRich
47625,Rumex thyrsiflorus,ForestWetRich
47626,Rumex thyrsiflorus,ForestWetRich
47627,Rumex thyrsiflorus,ForestWetRich
47628,Rumex thyrsiflorus,ForestWetRich
47629,Rumex thyrsiflorus,ForestWetRich
47630,Rumex thyrsiflorus,ForestWetRich
47631,Rumex thyrsiflorus,ForestWetRich
47632,Rumex thyrsiflorus,ForestWetRich
47633,Rumex thyrsiflorus,ForestWetRich
47634,Rumex thyrsiflorus,ForestWetRich
47635,Rumex thyrsiflorus,ForestWetRich
47636,Rumex thyrsiflorus,ForestWetRich
47637,Rumex thyrsiflorus,ForestWetRich
48220,Rumex thyrsiflorus,ForestWetRich
48221,Rumex thyrsiflorus,ForestWetRich
48222,Rumex thyrsiflorus,ForestWetRich
48223,Rumex thyrsiflorus,ForestWetRich
48224,Rumex thyrsiflorus,ForestWetRich
48225,Rumex thyrsiflorus,ForestWetRich
48226,Rumex thyrsiflorus,ForestWetRich
48227,Rumex thyrsiflorus,ForestWetRich
48228,Rumex thyrsiflorus,ForestWetRich
48229,Rumex thyrsiflorus,ForestWetRich
48230,Rumex thyrsiflorus,ForestWetRich
48231,Rumex thyrsiflorus,ForestWetRich
48232,Rumex thyrsiflorus,ForestWetRich
48233,Rumex thyrsiflorus,ForestWetRich
48234,Rumex thyrsiflorus,ForestWetRich
48235,Rumex thyrsiflorus,ForestWetRich
48236,Rumex thyrsiflorus,ForestWetRich
48817,Rumex thyrsiflorus,ForestWetRich
48818,Rumex thyrsiflorus,ForestWetRich
48819,Rumex thyrsiflorus,ForestWetRich
48820,Rumex thyrsiflorus,ForestWetRich
48821,Rumex thyrsiflorus,ForestWetRich
48822,Rumex thyrsiflorus,ForestWetRich
48823,Rumex thyrsiflorus,ForestWetRich
48824,Rumex thyrsiflorus,ForestWetRich
48825,Rumex thyrsiflorus,ForestWetRich
48826,Rumex thyrsiflorus,ForestWetRich
48827,Rumex thyrsiflorus,ForestWetRich
48828,Rumex thyrsiflorus,ForestWetRich
48829,Rumex thyrsiflorus,ForestWetRich
48830,Rumex thyrsiflorus,ForestWetRich
48831,Rumex thyrsiflorus,ForestWetRich
48832,Rumex thyrsiflorus,ForestWetRich
48833,Rumex thyrsiflorus,ForestWetRich
48834,Rumex thyrsiflorus,ForestWetRich
48835,Rumex thyrsiflorus,ForestWetRich
49414,Rumex thyrsiflorus,ForestWetRich
49415,Rumex thyrsiflorus,ForestWetRich
49416,Rumex thyrsiflorus,ForestWetRich
49417,Rumex thyrsiflorus,ForestWetRich
49418,Rumex thyrsiflorus,ForestWetRich
49419,Rumex thyrsiflorus,ForestWetRich
49420,Rumex thyrsiflorus,ForestWetRich
49421,Rumex thyrsiflorus,ForestWetRich
49422,Rumex thyrsiflorus,ForestWetRich
49423,Rumex thyrsiflorus,ForestWetRich
49424,Rumex thyrsiflorus,ForestWetRich
49425,Rumex thyrsiflorus,ForestWetRich
49426,Rumex thyrsiflorus,ForestWetRich
49427,Rumex thyrsiflorus,ForestWetRich
49428,Rumex thyrsiflorus,ForestWetRich
49429,Rumex thyrsiflorus,ForestWetRich
49430,Rumex thyrsiflorus,ForestWetRich
49431,Rumex thyrsiflorus,ForestWetRich
49432,Rumex thyrsiflorus,ForestWetRich
49433,Rumex thyrsiflorus,ForestWetRich
49434,Rumex thyrsiflorus,ForestWetRich
50011,Rumex thyrsiflorus,ForestWetRich
50012,Rumex thyrsiflorus,ForestWetRich
50013,Rumex thyrsiflorus,ForestWetRich
50014,Rumex thyrsiflorus,ForestWetRich
50015,Rumex thyrsiflorus,ForestWetRich
50016,Rumex thyrsiflorus,ForestWetRich
50017,Rumex thyrsiflorus,ForestWetRich
50018,Rumex thyrsiflorus,ForestWetRich
50019,Rumex thyrsiflorus,ForestWetRich
50020,Rumex thyrsiflorus,ForestWetRich
50021,Rumex thyrsiflorus,ForestWetRich
50022,Rumex thyrsiflorus,ForestWetRich
50023,Rumex thyrsiflorus,ForestWetRich
50024,Rumex thyrsiflorus,ForestWetRich
50025,Rumex thyrsiflorus,ForestWetRich
50026,Rumex thyrsiflorus,ForestWetRich
50027,Rumex thyrsiflorus,ForestWetRich
50028,Rumex thyrsiflorus,ForestWetRich
50029,Rumex thyrsiflorus,ForestWetRich
50030,Rumex thyrsiflorus,ForestWetRich
50031,Rumex thyrsiflorus,ForestWetRich
50032,Rumex thyrsiflorus,ForestWetRich
50033,Rumex thyrsiflorus,ForestWetRich
50613,Rumex thyrsiflorus,ForestWetRich
50614,Rumex thyrsiflorus,ForestWetRich
50615,Rumex thyrsiflorus,ForestWetRich
50616,Rumex thyrsiflorus,ForestWetRich
50617,Rumex thyrsiflorus,ForestWetRich
50618,Rumex thyrsiflorus,ForestWetRich
50619,Rumex thyrsiflorus,ForestWetRich
50620,Rumex thyrsiflorus,ForestWetRich
50621,Rumex thyrsiflorus,ForestWetRich
50622,Rumex thyrsiflorus,ForestWetRich
50623,Rumex thyrsiflorus,ForestWetRich
50624,Rumex thyrsiflorus,ForestWetRich
50625,Rumex thyrsiflorus,ForestWetRich
50626,Rumex thyrsiflorus,ForestWetRich
50627,Rumex thyrsiflorus,ForestWetRich
50628,Rumex thyrsiflorus,ForestWetRich
50629,Rumex thyrsiflorus,ForestWetRich
50630,Rumex thyrsiflorus,ForestWetRich
50631,Rumex thyrsiflorus,ForestWetRich
50632,Rumex thyrsiflorus,ForestWetRich
51212,Rumex thyrsiflorus,ForestWetRich
51213,Rumex thyrsiflorus,ForestWetRich
51214,Rumex thyrsiflorus,ForestWetRich
51215,Rumex thyrsiflorus,ForestWetRich
51216,Rumex thyrsiflorus,ForestWetRich
51217,Rumex thyrsiflorus,ForestWetRich
51218,Rumex thyrsiflorus,ForestWetRich
51219,Rumex thyrsiflorus,ForestWetRich
51220,Rumex thyrsiflorus,ForestWetRich
51221,Rumex thyrsiflorus,ForestWetRich
51222,Rumex thyrsiflorus,ForestWetRich
51223,Rumex thyrsiflorus,ForestWetRich
51224,Rumex thyrsiflorus,ForestWetRich
51225,Rumex thyrsiflorus,ForestWetRich
51226,Rumex thyrsiflorus,ForestWetRich
51227,Rumex thyrsiflorus,ForestWetRich
51228,Rumex thyrsiflorus,ForestWetRich
51229,Rumex thyrsiflorus,ForestWetRich
51230,Rumex thyrsiflorus,ForestWetRich
51231,Rumex thyrsiflorus,ForestWetRich
51811,Rumex thyrsiflorus,ForestWetRich
51812,Rumex thyrsiflorus,ForestWetRich
51813,Rumex thyrsiflorus,ForestWetRich
51814,Rumex thyrsiflorus,ForestWetRich
51815,Rumex thyrsiflorus,ForestWetRich
51816,Rumex thyrsiflorus,ForestWetRich
51817,Rumex thyrsiflorus,ForestWetRich
51818,Rumex thyrsiflorus,ForestWetRich
51819,Rumex thyrsiflorus,ForestWetRich
51820,Rumex thyrsiflorus,ForestWetRich
51821,Rumex thyrsiflorus,ForestWetRich
51822,Rumex thyrsiflorus,ForestWetRich
51823,Rumex thyrsiflorus,ForestWetRich
51824,Rumex thyrsiflorus,ForestWetRich
51825,Rumex thyrsiflorus,ForestWetRich
51826,Rumex thyrsiflorus,ForestWetRich
51827,Rumex thyrsiflorus,ForestWetRich
51828,Rumex thyrsiflorus,ForestWetRich
51829,Rumex thyrsiflorus,ForestWetRich
51830,Rumex thyrsiflorus,ForestWetRich
52410,Rumex thyrsiflorus,ForestWetRich
52411,Rumex thyrsiflorus,ForestWetRich
52412,Rumex thyrsiflorus,ForestWetRich
52413,Rumex thyrsiflorus,ForestWetRich
52414,Rumex thyrsiflorus,ForestWetRich
52415,Rumex thyrsiflorus,ForestWetRich
52416,Rumex thyrsiflorus,ForestWetRich
52417,Rumex thyrsiflorus,ForestWetRich
52418,Rumex thyrsiflorus,ForestWetRich
52419,Rumex thyrsiflorus,ForestWetRich
52420,Rumex thyrsiflorus,ForestWetRich
52421,Rumex thyrsiflorus,ForestWetRich
52422,Rumex thyrsiflorus,ForestWetRich
52423,Rumex thyrsiflorus,ForestWetRich
52424,Rumex thyrsiflorus,ForestWetRich
52425,Rumex thyrsiflorus,ForestWetRich
52426,Rumex thyrsiflorus,ForestWetRich
52427,Rumex thyrsiflorus,ForestWetRich
52428,Rumex thyrsiflorus,ForestWetRich
52429,Rumex thyrsiflorus,ForestWetRich
53009,Rumex thyrsiflorus,ForestWetRich
53010,Rumex thyrsiflorus,ForestWetRich
53011,Rumex thyrsiflorus,ForestWetRich
53012,Rumex thyrsiflorus,ForestWetRich
53013,Rumex thyrsiflorus,ForestWetRich
53014,Rumex thyrsiflorus,ForestWetRich
53015,Rumex thyrsiflorus,ForestWetRich
53016,Rumex thyrsiflorus,ForestWetRich
53017,Rumex thyrsiflorus,ForestWetRich
53018,Rumex thyrsiflorus,ForestWetRich
53019,Rumex thyrsiflorus,ForestWetRich
53020,Rumex thyrsiflorus,ForestWetRich
53021,Rumex thyrsiflorus,ForestWetRich
53022,Rumex thyrsiflorus,ForestWetRich
53023,Rumex thyrsiflorus,ForestWetRich
53024,Rumex thyrsiflorus,ForestWetRich
53025,Rumex thyrsiflorus,ForestWetRich
53026,Rumex thyrsiflorus,ForestWetRich
53027,Rumex thyrsiflorus,ForestWetRich
53028,Rumex thyrsiflorus,ForestWetRich
53608,Rumex thyrsiflorus,ForestWetRich
53609,Rumex thyrsiflorus,ForestWetRich
53610,Rumex thyrsiflorus,ForestWetRich
53611,Rumex thyrsiflorus,ForestWetRich
53612,Rumex thyrsiflorus,ForestWetRich
53613,Rumex thyrsiflorus,ForestWetRich
53614,Rumex thyrsiflorus,ForestWetRich
53615,Rumex thyrsiflorus,ForestWetRich
53616,Rumex thyrsiflorus,ForestWetRich
53617,Rumex thyrsiflorus,ForestWetRich
53618,Rumex thyrsiflorus,ForestWetRich
53619,Rumex thyrsiflorus,ForestWetRich
53620,Rumex thyrsiflorus,ForestWetRich
53621,Rumex thyrsiflorus,ForestWetRich
53622,Rumex thyrsiflorus,ForestWetRich
53623,Rumex thyrsiflorus,ForestWetRich
53624,Rumex thyrsiflorus,ForestWetRich
53625,Rumex thyrsiflorus,ForestWetRich
53626,Rumex thyrsiflorus,ForestWetRich
53627,Rumex thyrsiflorus,ForestWetRich
54207,Rumex thyrsiflorus,ForestWetRich
54208,Rumex thyrsiflorus,ForestWetRich
54209,Rumex thyrsiflorus,ForestWetRich
54210,Rumex thyrsiflorus,ForestWetRich
54211,Rumex thyrsiflorus,ForestWetRich
54212,Rumex thyrsiflorus,ForestWetRich
54213,Rumex thyrsiflorus,ForestWetRich
54214,Rumex thyrsiflorus,ForestWetRich
54215,Rumex thyrsiflorus,ForestWetRich
54216,Rumex thyrsiflorus,ForestWetRich
54217,Rumex thyrsiflorus,ForestWetRich
54218,Rumex thyrsiflorus,ForestWetRich
54219,Rumex thyrsiflorus,ForestWetRich
54220,Rumex thyrsiflorus,ForestWetRich
54221,Rumex thyrsiflorus,ForestWetRich
54222,Rumex thyrsiflorus,ForestWetRich
54223,Rumex thyrsiflorus,ForestWetRich
54224,Rumex thyrsiflorus,ForestWetRich
54225,Rumex thyrsiflorus,ForestWetRich
54226,Rumex thyrsiflorus,ForestWetRich
54806,Rumex thyrsiflorus,ForestWetRich
54807,Rumex thyrsiflorus,ForestWetRich
54808,Rumex thyrsiflorus,ForestWetRich
54809,Rumex thyrsiflorus,ForestWetRich
54810,Rumex thyrsiflorus,ForestWetRich
54811,Rumex thyrsiflorus,ForestWetRich
54812,Rumex thyrsiflorus,ForestWetRich
54813,Rumex thyrsiflorus,ForestWetRich
54814,Rumex thyrsiflorus,ForestWetRich
54815,Rumex thyrsiflorus,ForestWetRich
54816,Rumex thyrsiflorus,ForestWetRich
54817,Rumex thyrsiflorus,ForestWetRich
54818,Rumex thyrsiflorus,ForestWetRich
54819,Rumex thyrsiflorus,ForestWetRich
54820,Rumex thyrsiflorus,ForestWetRich
54821,Rumex thyrsiflorus,ForestWetRich
54822,Rumex thyrsiflorus,ForestWetRich
54823,Rumex thyrsiflorus,ForestWetRich
54824,Rumex thyrsiflorus,ForestWetRich
54825,Rumex thyrsiflorus,ForestWetRich
55405,Rumex thyrsiflorus,ForestWetRich
55406,Rumex thyrsiflorus,ForestWetRich
55407,Rumex thyrsiflorus,ForestWetRich
55408,Rumex thyrsiflorus,ForestWetRich
55409,Rumex thyrsiflorus,ForestWetRich
55410,Rumex thyrsiflorus,ForestWetRich
55411,Rumex thyrsiflorus,ForestWetRich
55412,Rumex thyrsiflorus,ForestWetRich
55413,Rumex thyrsiflorus,ForestWetRich
55414,Rumex thyrsiflorus,ForestWetRich
55415,Rumex thyrsiflorus,ForestWetRich
55416,Rumex thyrsiflorus,ForestWetRich
55417,Rumex thyrsiflorus,ForestWetRich
55418,Rumex thyrsiflorus,ForestWetRich
55419,Rumex thyrsiflorus,ForestWetRich
55420,Rumex thyrsiflorus,ForestWetRich
55421,Rumex thyrsiflorus,ForestWetRich
55422,Rumex thyrsiflorus,ForestWetRich
55423,Rumex thyrsiflorus,ForestWetRich
55424,Rumex thyrsiflorus,ForestWetRich
55465,Rumex thyrsiflorus,ForestWetRich
56004,Rumex thyrsiflorus,ForestWetRich
56005,Rumex thyrsiflorus,ForestWetRich
56006,Rumex thyrsiflorus,ForestWetRich
56007,Rumex thyrsiflorus,ForestWetRich
56008,Rumex thyrsiflorus,ForestWetRich
56009,Rumex thyrsiflorus,ForestWetRich
56010,Rumex thyrsiflorus,ForestWetRich
56011,Rumex thyrsiflorus,ForestWetRich
56012,Rumex thyrsiflorus,ForestWetRich
56013,Rumex thyrsiflorus,ForestWetRich
56014,Rumex thyrsiflorus,ForestWetRich
56015,Rumex thyrsiflorus,ForestWetRich
56016,Rumex thyrsiflorus,ForestWetRich
56017,Rumex thyrsiflorus,ForestWetRich
56018,Rumex thyrsiflorus,ForestWetRich
56019,Rumex thyrsiflorus,ForestWetRich
56020,Rumex thyrsiflorus,ForestWetRich
56021,Rumex thyrsiflorus,ForestWetRich
56022,Rumex thyrsiflorus,ForestWetRich
56023,Rumex thyrsiflorus,ForestWetRich
56064,Rumex thyrsiflorus,ForestWetRich
56065,Rumex thyrsiflorus,ForestWetRich
56603,Rumex thyrsiflorus,ForestWetRich
56604,Rumex thyrsiflorus,ForestWetRich
56605,Rumex thyrsiflorus,ForestWetRich
56606,Rumex thyrsiflorus,ForestWetRich
56607,Rumex thyrsiflorus,ForestWetRich
56608,Rumex thyrsiflorus,ForestWetRich
56609,Rumex thyrsiflorus,ForestWetRich
56610,Rumex thyrsiflorus,ForestWetRich
56611,Rumex thyrsiflorus,ForestWetRich
56612,Rumex thyrsiflorus,ForestWetRich
56613,Rumex thyrsiflorus,ForestWetRich
56614,Rumex thyrsiflorus,ForestWetRich
56615,Rumex thyrsiflorus,ForestWetRich
56616,Rumex thyrsiflorus,ForestWetRich
56617,Rumex thyrsiflorus,ForestWetRich
56618,Rumex thyrsiflorus,ForestWetRich
56619,Rumex thyrsiflorus,ForestWetRich
56620,Rumex thyrsiflorus,ForestWetRich
56621,Rumex thyrsiflorus,ForestWetRich
56622,Rumex thyrsiflorus,ForestWetRich
56663,Rumex thyrsiflorus,ForestWetRich
56664,Rumex thyrsiflorus,ForestWetRich
56665,Rumex thyrsiflorus,ForestWetRich
57202,Rumex thyrsiflorus,ForestWetRich
57203,Rumex thyrsiflorus,ForestWetRich
57204,Rumex thyrsiflorus,ForestWetRich
57205,Rumex thyrsiflorus,ForestWetRich
57206,Rumex thyrsiflorus,ForestWetRich
57207,Rumex thyrsiflorus,ForestWetRich
57208,Rumex thyrsiflorus,ForestWetRich
57209,Rumex thyrsiflorus,ForestWetRich
57210,Rumex thyrsiflorus,ForestWetRich
57211,Rumex thyrsiflorus,ForestWetRich
57212,Rumex thyrsiflorus,ForestWetRich
57213,Rumex thyrsiflorus,ForestWetRich
57214,Rumex thyrsiflorus,ForestWetRich
57215,Rumex thyrsiflorus,ForestWetRich
57216,Rumex thyrsiflorus,ForestWetRich
57217,Rumex thyrsiflorus,ForestWetRich
57218,Rumex thyrsiflorus,ForestWetRich
57219,Rumex thyrsiflorus,ForestWetRich
57220,Rumex thyrsiflorus,ForestWetRich
57221,Rumex thyrsiflorus,ForestWetRich
57262,Rumex thyrsiflorus,ForestWetRich
57263,Rumex thyrsiflorus,ForestWetRich
57264,Rumex thyrsiflorus,ForestWetRich
57801,Rumex thyrsiflorus,ForestWetRich
57802,Rumex thyrsiflorus,ForestWetRich
57803,Rumex thyrsiflorus,ForestWetRich
57804,Rumex thyrsiflorus,ForestWetRich
57805,Rumex thyrsiflorus,ForestWetRich
57806,Rumex thyrsiflorus,ForestWetRich
57807,Rumex thyrsiflorus,ForestWetRich
57808,Rumex thyrsiflorus,ForestWetRich
57809,Rumex thyrsiflorus,ForestWetRich
57810,Rumex thyrsiflorus,ForestWetRich
57811,Rumex thyrsiflorus,ForestWetRich
57812,Rumex thyrsiflorus,ForestWetRich
57813,Rumex thyrsiflorus,ForestWetRich
57814,Rumex thyrsiflorus,ForestWetRich
57815,Rumex thyrsiflorus,ForestWetRich
57816,Rumex thyrsiflorus,ForestWetRich
57817,Rumex thyrsiflorus,ForestWetRich
57818,Rumex thyrsiflorus,ForestWetRich
57819,Rumex thyrsiflorus,ForestWetRich
57820,Rumex thyrsiflorus,ForestWetRich
57861,Rumex thyrsiflorus,ForestWetRich
57862,Rumex thyrsiflorus,ForestWetRich
57863,Rumex thyrsiflorus,ForestWetRich
57864,Rumex thyrsiflorus,ForestWetRich
58400,Rumex thyrsiflorus,ForestWetRich
58401,Rumex thyrsiflorus,ForestWetRich
58402,Rumex thyrsiflorus,ForestWetRich
58403,Rumex thyrsiflorus,ForestWetRich
58404,Rumex thyrsiflorus,ForestWetRich
58405,Rumex thyrsiflorus,ForestWetRich
58406,Rumex thyrsiflorus,ForestWetRich
58407,Rumex thyrsiflorus,ForestWetRich
58408,Rumex thyrsiflorus,ForestWetRich
58409,Rumex thyrsiflorus,ForestWetRich
58410,Rumex thyrsiflorus,ForestWetRich
58411,Rumex thyrsiflorus,ForestWetRich
58412,Rumex thyrsiflorus,ForestWetRich
58413,Rumex thyrsiflorus,ForestWetRich
58414,Rumex thyrsiflorus,ForestWetRich
58415,Rumex thyrsiflorus,ForestWetRich
58416,Rumex thyrsiflorus,ForestWetRich
58417,Rumex thyrsiflorus,ForestWetRich
58418,Rumex thyrsiflorus,ForestWetRich
58419,Rumex thyrsiflorus,ForestWetRich
58460,Rumex thyrsiflorus,ForestWetRich
58461,Rumex thyrsiflorus,ForestWetRich
58462,Rumex thyrsiflorus,ForestWetRich
58463,Rumex thyrsiflorus,ForestWetRich
58464,Rumex thyrsiflorus,ForestWetRich
58999,Rumex thyrsiflorus,ForestWetRich
59000,Rumex thyrsiflorus,ForestWetRich
59001,Rumex thyrsiflorus,ForestWetRich
59002,Rumex thyrsiflorus,ForestWetRich
59003,Rumex thyrsiflorus,ForestWetRich
59004,Rumex thyrsiflorus,ForestWetRich
59005,Rumex thyrsiflorus,ForestWetRich
59006,Rumex thyrsiflorus,ForestWetRich
59007,Rumex thyrsiflorus,ForestWetRich
59008,Rumex thyrsiflorus,ForestWetRich
59009,Rumex thyrsiflorus,ForestWetRich
59010,Rumex thyrsiflorus,ForestWetRich
59011,Rumex thyrsiflorus,ForestWetRich
59012,Rumex thyrsiflorus,ForestWetRich
59013,Rumex thyrsiflorus,ForestWetRich
59014,Rumex thyrsiflorus,ForestWetRich
59015,Rumex thyrsiflorus,ForestWetRich
59016,Rumex thyrsiflorus,ForestWetRich
59017,Rumex thyrsiflorus,ForestWetRich
59018,Rumex thyrsiflorus,ForestWetRich
59059,Rumex thyrsiflorus,ForestWetRich
59060,Rumex thyrsiflorus,ForestWetRich
59061,Rumex thyrsiflorus,ForestWetRich
59062,Rumex thyrsiflorus,ForestWetRich
59063,Rumex thyrsiflorus,ForestWetRich
59064,Rumex thyrsiflorus,ForestWetRich
59598,Rumex thyrsiflorus,ForestWetRich
59599,Rumex thyrsiflorus,ForestWetRich
59600,Rumex thyrsiflorus,ForestWetRich
59601,Rumex thyrsiflorus,ForestWetRich
59602,Rumex thyrsiflorus,ForestWetRich
59603,Rumex thyrsiflorus,ForestWetRich
59604,Rumex thyrsiflorus,ForestWetRich
59605,Rumex thyrsiflorus,ForestWetRich
59606,Rumex thyrsiflorus,ForestWetRich
59607,Rumex thyrsiflorus,ForestWetRich
59608,Rumex thyrsiflorus,ForestWetRich
59609,Rumex thyrsiflorus,ForestWetRich
59610,Rumex thyrsiflorus,ForestWetRich
59611,Rumex thyrsiflorus,ForestWetRich
59612,Rumex thyrsiflorus,ForestWetRich
59613,Rumex thyrsiflorus,ForestWetRich
59614,Rumex thyrsiflorus,ForestWetRich
59615,Rumex thyrsiflorus,ForestWetRich
59616,Rumex thyrsiflorus,ForestWetRich
59617,Rumex thyrsiflorus,ForestWetRich
59658,Rumex thyrsiflorus,ForestWetRich
59659,Rumex thyrsiflorus,ForestWetRich
59660,Rumex thyrsiflorus,ForestWetRich
59661,Rumex thyrsiflorus,ForestWetRich
59662,Rumex thyrsiflorus,ForestWetRich
59663,Rumex thyrsiflorus,ForestWetRich
60197,Rumex thyrsiflorus,ForestWetRich
60198,Rumex thyrsiflorus,ForestWetRich
60199,Rumex thyrsiflorus,ForestWetRich
60200,Rumex thyrsiflorus,ForestWetRich
60201,Rumex thyrsiflorus,ForestWetRich
60202,Rumex thyrsiflorus,ForestWetRich
60203,Rumex thyrsiflorus,ForestWetRich
60204,Rumex thyrsiflorus,ForestWetRich
60205,Rumex thyrsiflorus,ForestWetRich
60206,Rumex thyrsiflorus,ForestWetRich
60207,Rumex thyrsiflorus,ForestWetRich
60208,Rumex thyrsiflorus,ForestWetRich
60209,Rumex thyrsiflorus,ForestWetRich
60210,Rumex thyrsiflorus,ForestWetRich
60211,Rumex thyrsiflorus,ForestWetRich
60212,Rumex thyrsiflorus,ForestWetRich
60213,Rumex thyrsiflorus,ForestWetRich
60214,Rumex thyrsiflorus,ForestWetRich
60215,Rumex thyrsiflorus,ForestWetRich
60216,Rumex thyrsiflorus,ForestWetRich
60257,Rumex thyrsiflorus,ForestWetRich
60258,Rumex thyrsiflorus,ForestWetRich
60259,Rumex thyrsiflorus,ForestWetRich
60260,Rumex thyrsiflorus,ForestWetRich
60261,Rumex thyrsiflorus,ForestWetRich
60262,Rumex thyrsiflorus,ForestWetRich
60263,Rumex thyrsiflorus,ForestWetRich
60796,Rumex thyrsiflorus,ForestWetRich
60797,Rumex thyrsiflorus,ForestWetRich
60798,Rumex thyrsiflorus,ForestWetRich
60799,Rumex thyrsiflorus,ForestWetRich
60800,Rumex thyrsiflorus,ForestWetRich
60801,Rumex thyrsiflorus,ForestWetRich
60802,Rumex thyrsiflorus,ForestWetRich
60803,Rumex thyrsiflorus,ForestWetRich
60804,Rumex thyrsiflorus,ForestWetRich
60805,Rumex thyrsiflorus,ForestWetRich
60806,Rumex thyrsiflorus,ForestWetRich
60807,Rumex thyrsiflorus,ForestWetRich
60808,Rumex thyrsiflorus,ForestWetRich
60809,Rumex thyrsiflorus,ForestWetRich
60810,Rumex thyrsiflorus,ForestWetRich
60811,Rumex thyrsiflorus,ForestWetRich
60812,Rumex thyrsiflorus,ForestWetRich
60813,Rumex thyrsiflorus,ForestWetRich
60814,Rumex thyrsiflorus,ForestWetRich
60815,Rumex thyrsiflorus,ForestWetRich
60856,Rumex thyrsiflorus,ForestWetRich
60857,Rumex thyrsiflorus,ForestWetRich
60858,Rumex thyrsiflorus,ForestWetRich
60859,Rumex thyrsiflorus,ForestWetRich
60860,Rumex thyrsiflorus,ForestWetRich
60861,Rumex thyrsiflorus,ForestWetRich
60862,Rumex thyrsiflorus,ForestWetRich
61395,Rumex thyrsiflorus,ForestWetRich
61396,Rumex thyrsiflorus,ForestWetRich
61397,Rumex thyrsiflorus,ForestWetRich
61398,Rumex thyrsiflorus,ForestWetRich
61399,Rumex thyrsiflorus,ForestWetRich
61400,Rumex thyrsiflorus,ForestWetRich
61401,Rumex thyrsiflorus,ForestWetRich
61402,Rumex thyrsiflorus,ForestWetRich
61403,Rumex thyrsiflorus,ForestWetRich
61404,Rumex thyrsiflorus,ForestWetRich
61405,Rumex thyrsiflorus,ForestWetRich
61406,Rumex thyrsiflorus,ForestWetRich
61407,Rumex thyrsiflorus,ForestWetRich
61408,Rumex thyrsiflorus,ForestWetRich
61409,Rumex thyrsiflorus,ForestWetRich
61410,Rumex thyrsiflorus,ForestWetRich
61411,Rumex thyrsiflorus,ForestWetRich
61412,Rumex thyrsiflorus,ForestWetRich
61413,Rumex thyrsiflorus,ForestWetRich
61414,Rumex thyrsiflorus,ForestWetRich
61455,Rumex thyrsiflorus,ForestWetRich
61456,Rumex thyrsiflorus,ForestWetRich
61457,Rumex thyrsiflorus,ForestWetRich
61458,Rumex thyrsiflorus,ForestWetRich
61459,Rumex thyrsiflorus,ForestWetRich
61460,Rumex thyrsiflorus,ForestWetRich
61461,Rumex thyrsiflorus,ForestWetRich
61462,Rumex thyrsiflorus,ForestWetRich
61994,Rumex thyrsiflorus,ForestWetRich
61995,Rumex thyrsiflorus,ForestWetRich
61996,Rumex thyrsiflorus,ForestWetRich
61997,Rumex thyrsiflorus,ForestWetRich
61998,Rumex thyrsiflorus,ForestWetRich
61999,Rumex thyrsiflorus,ForestWetRich
62000,Rumex thyrsiflorus,ForestWetRich
62001,Rumex thyrsiflorus,ForestWetRich
62002,Rumex thyrsiflorus,ForestWetRich
62003,Rumex thyrsiflorus,ForestWetRich
62004,Rumex thyrsiflorus,ForestWetRich
62005,Rumex thyrsiflorus,ForestWetRich
62006,Rumex thyrsiflorus,ForestWetRich
62007,Rumex thyrsiflorus,ForestWetRich
62008,Rumex thyrsiflorus,ForestWetRich
62009,Rumex thyrsiflorus,ForestWetRich
62010,Rumex thyrsiflorus,ForestWetRich
62011,Rumex thyrsiflorus,ForestWetRich
62012,Rumex thyrsiflorus,ForestWetRich
62013,Rumex thyrsiflorus,ForestWetRich
62054,Rumex thyrsiflorus,ForestWetRich
62055,Rumex thyrsiflorus,ForestWetRich
62056,Rumex thyrsiflorus,ForestWetRich
62057,Rumex thyrsiflorus,ForestWetRich
62058,Rumex thyrsiflorus,ForestWetRich
62059,Rumex thyrsiflorus,ForestWetRich
62060,Rumex thyrsiflorus,ForestWetRich
62061,Rumex thyrsiflorus,ForestWetRich
62573,Rumex thyrsiflorus,ForestWetRich
62574,Rumex thyrsiflorus,ForestWetRich
62575,Rumex thyrsiflorus,ForestWetRich
62576,Rumex thyrsiflorus,ForestWetRich
62577,Rumex thyrsiflorus,ForestWetRich
62578,Rumex thyrsiflorus,ForestWetRich
62579,Rumex thyrsiflorus,ForestWetRich
62580,Rumex thyrsiflorus,ForestWetRich
62581,Rumex thyrsiflorus,ForestWetRich
62582,Rumex thyrsiflorus,ForestWetRich
62583,Rumex thyrsiflorus,ForestWetRich
62584,Rumex thyrsiflorus,ForestWetRich
62585,Rumex thyrsiflorus,ForestWetRich
62586,Rumex thyrsiflorus,ForestWetRich
62587,Rumex thyrsiflorus,ForestWetRich
62588,Rumex thyrsiflorus,ForestWetRich
62589,Rumex thyrsiflorus,ForestWetRich
62590,Rumex thyrsiflorus,ForestWetRich
62591,Rumex thyrsiflorus,ForestWetRich
62592,Rumex thyrsiflorus,ForestWetRich
62593,Rumex thyrsiflorus,ForestWetRich
62594,Rumex thyrsiflorus,ForestWetRich
62595,Rumex thyrsiflorus,ForestWetRich
62596,Rumex thyrsiflorus,ForestWetRich
62597,Rumex thyrsiflorus,ForestWetRich
62598,Rumex thyrsiflorus,ForestWetRich
62599,Rumex thyrsiflorus,ForestWetRich
62600,Rumex thyrsiflorus,ForestWetRich
62601,Rumex thyrsiflorus,ForestWetRich
62602,Rumex thyrsiflorus,ForestWetRich
62603,Rumex thyrsiflorus,ForestWetRich
62604,Rumex thyrsiflorus,ForestWetRich
62605,Rumex thyrsiflorus,ForestWetRich
62606,Rumex thyrsiflorus,ForestWetRich
62607,Rumex thyrsiflorus,ForestWetRich
62608,Rumex thyrsiflorus,ForestWetRich
62609,Rumex thyrsiflorus,ForestWetRich
62610,Rumex thyrsiflorus,ForestWetRich
62611,Rumex thyrsiflorus,ForestWetRich
62612,Rumex thyrsiflorus,ForestWetRich
63172,Rumex thyrsiflorus,ForestWetRich
63173,Rumex thyrsiflorus,ForestWetRich
63174,Rumex thyrsiflorus,ForestWetRich
63175,Rumex thyrsiflorus,ForestWetRich
63176,Rumex thyrsiflorus,ForestWetRich
63177,Rumex thyrsiflorus,ForestWetRich
63178,Rumex thyrsiflorus,ForestWetRich
63179,Rumex thyrsiflorus,ForestWetRich
63180,Rumex thyrsiflorus,ForestWetRich
63181,Rumex thyrsiflorus,ForestWetRich
63182,Rumex thyrsiflorus,ForestWetRich
63183,Rumex thyrsiflorus,ForestWetRich
63184,Rumex thyrsiflorus,ForestWetRich
63185,Rumex thyrsiflorus,ForestWetRich
63186,Rumex thyrsiflorus,ForestWetRich
63187,Rumex thyrsiflorus,ForestWetRich
63188,Rumex thyrsiflorus,ForestWetRich
63189,Rumex thyrsiflorus,ForestWetRich
63190,Rumex thyrsiflorus,ForestWetRich
63191,Rumex thyrsiflorus,ForestWetRich
63192,Rumex thyrsiflorus,ForestWetRich
63193,Rumex thyrsiflorus,ForestWetRich
63194,Rumex thyrsiflorus,ForestWetRich
63195,Rumex thyrsiflorus,ForestWetRich
63196,Rumex thyrsiflorus,ForestWetRich
63197,Rumex thyrsiflorus,ForestWetRich
63198,Rumex thyrsiflorus,ForestWetRich
63199,Rumex thyrsiflorus,ForestWetRich
63200,Rumex thyrsiflorus,ForestWetRich
63201,Rumex thyrsiflorus,ForestWetRich
63202,Rumex thyrsiflorus,ForestWetRich
63203,Rumex thyrsiflorus,ForestWetRich
63204,Rumex thyrsiflorus,ForestWetRich
63205,Rumex thyrsiflorus,ForestWetRich
63206,Rumex thyrsiflorus,ForestWetRich
63207,Rumex thyrsiflorus,ForestWetRich
63208,Rumex thyrsiflorus,ForestWetRich
63209,Rumex thyrsiflorus,ForestWetRich
63210,Rumex thyrsiflorus,ForestWetRich
63211,Rumex thyrsiflorus,ForestWetRich
63771,Rumex thyrsiflorus,ForestWetRich
63772,Rumex thyrsiflorus,ForestWetRich
63773,Rumex thyrsiflorus,ForestWetRich
63774,Rumex thyrsiflorus,ForestWetRich
63775,Rumex thyrsiflorus,ForestWetRich
63776,Rumex thyrsiflorus,ForestWetRich
63777,Rumex thyrsiflorus,ForestWetRich
63778,Rumex thyrsiflorus,ForestWetRich
63779,Rumex thyrsiflorus,ForestWetRich
63780,Rumex thyrsiflorus,ForestWetRich
63781,Rumex thyrsiflorus,ForestWetRich
63782,Rumex thyrsiflorus,ForestWetRich
63783,Rumex thyrsiflorus,ForestWetRich
63784,Rumex thyrsiflorus,ForestWetRich
63785,Rumex thyrsiflorus,ForestWetRich
63786,Rumex thyrsiflorus,ForestWetRich
63787,Rumex thyrsiflorus,ForestWetRich
63788,Rumex thyrsiflorus,ForestWetRich
63789,Rumex thyrsiflorus,ForestWetRich
63790,Rumex thyrsiflorus,ForestWetRich
63791,Rumex thyrsiflorus,ForestWetRich
63792,Rumex thyrsiflorus,ForestWetRich
63793,Rumex thyrsiflorus,ForestWetRich
63794,Rumex thyrsiflorus,ForestWetRich
63795,Rumex thyrsiflorus,ForestWetRich
63796,Rumex thyrsiflorus,ForestWetRich
63797,Rumex thyrsiflorus,ForestWetRich
63798,Rumex thyrsiflorus,ForestWetRich
63799,Rumex thyrsiflorus,ForestWetRich
63800,Rumex thyrsiflorus,ForestWetRich
63801,Rumex thyrsiflorus,ForestWetRich
63802,Rumex thyrsiflorus,ForestWetRich
63803,Rumex thyrsiflorus,ForestWetRich
63804,Rumex thyrsiflorus,ForestWetRich
63805,Rumex thyrsiflorus,ForestWetRich
63806,Rumex thyrsiflorus,ForestWetRich
63807,Rumex thyrsiflorus,ForestWetRich
63808,Rumex thyrsiflorus,ForestWetRich
63809,Rumex thyrsiflorus,ForestWetRich
63810,Rumex thyrsiflorus,ForestWetRich
64370,Rumex thyrsiflorus,ForestWetRich
64371,Rumex thyrsiflorus,ForestWetRich
64372,Rumex thyrsiflorus,ForestWetRich
64373,Rumex thyrsiflorus,ForestWetRich
64374,Rumex thyrsiflorus,ForestWetRich
64375,Rumex thyrsiflorus,ForestWetRich
64376,Rumex thyrsiflorus,ForestWetRich
64377,Rumex thyrsiflorus,ForestWetRich
64378,Rumex thyrsiflorus,ForestWetRich
64379,Rumex thyrsiflorus,ForestWetRich
64380,Rumex thyrsiflorus,ForestWetRich
64381,Rumex thyrsiflorus,ForestWetRich
64382,Rumex thyrsiflorus,ForestWetRich
64383,Rumex thyrsiflorus,ForestWetRich
64384,Rumex thyrsiflorus,ForestWetRich
64385,Rumex thyrsiflorus,ForestWetRich
64386,Rumex thyrsiflorus,ForestWetRich
64387,Rumex thyrsiflorus,ForestWetRich
64388,Rumex thyrsiflorus,ForestWetRich
64389,Rumex thyrsiflorus,ForestWetRich
64390,Rumex thyrsiflorus,ForestWetRich
64391,Rumex thyrsiflorus,ForestWetRich
64392,Rumex thyrsiflorus,ForestWetRich
64393,Rumex thyrsiflorus,ForestWetRich
64394,Rumex thyrsiflorus,ForestWetRich
64395,Rumex thyrsiflorus,ForestWetRich
64396,Rumex thyrsiflorus,ForestWetRich
64397,Rumex thyrsiflorus,ForestWetRich
64398,Rumex thyrsiflorus,ForestWetRich
64399,Rumex thyrsiflorus,ForestWetRich
64400,Rumex thyrsiflorus,ForestWetRich
64401,Rumex thyrsiflorus,ForestWetRich
64402,Rumex thyrsiflorus,ForestWetRich
64403,Rumex thyrsiflorus,ForestWetRich
64404,Rumex thyrsiflorus,ForestWetRich
64405,Rumex thyrsiflorus,ForestWetRich
64406,Rumex thyrsiflorus,ForestWetRich
64407,Rumex thyrsiflorus,ForestWetRich
64408,Rumex thyrsiflorus,ForestWetRich
64409,Rumex thyrsiflorus,ForestWetRich
64969,Rumex thyrsiflorus,ForestWetRich
64970,Rumex thyrsiflorus,ForestWetRich
64971,Rumex thyrsiflorus,ForestWetRich
64972,Rumex thyrsiflorus,ForestWetRich
64973,Rumex thyrsiflorus,ForestWetRich
64974,Rumex thyrsiflorus,ForestWetRich
64975,Rumex thyrsiflorus,ForestWetRich
64976,Rumex thyrsiflorus,ForestWetRich
64977,Rumex thyrsiflorus,ForestWetRich
64978,Rumex thyrsiflorus,ForestWetRich
64979,Rumex thyrsiflorus,ForestWetRich
64980,Rumex thyrsiflorus,ForestWetRich
64981,Rumex thyrsiflorus,ForestWetRich
64982,Rumex thyrsiflorus,ForestWetRich
64983,Rumex thyrsiflorus,ForestWetRich
64984,Rumex thyrsiflorus,ForestWetRich
64985,Rumex thyrsiflorus,ForestWetRich
64986,Rumex thyrsiflorus,ForestWetRich
64987,Rumex thyrsiflorus,ForestWetRich
64988,Rumex thyrsiflorus,ForestWetRich
64989,Rumex thyrsiflorus,ForestWetRich
64990,Rumex thyrsiflorus,ForestWetRich
64991,Rumex thyrsiflorus,ForestWetRich
64992,Rumex thyrsiflorus,ForestWetRich
64993,Rumex thyrsiflorus,ForestWetRich
64994,Rumex thyrsiflorus,ForestWetRich
64995,Rumex thyrsiflorus,ForestWetRich
64996,Rumex thyrsiflorus,ForestWetRich
64997,Rumex thyrsiflorus,ForestWetRich
64998,Rumex thyrsiflorus,ForestWetRich
64999,Rumex thyrsiflorus,ForestWetRich
65000,Rumex thyrsiflorus,ForestWetRich
65001,Rumex thyrsiflorus,ForestWetRich
65002,Rumex thyrsiflorus,ForestWetRich
65003,Rumex thyrsiflorus,ForestWetRich
65004,Rumex thyrsiflorus,ForestWetRich
65005,Rumex thyrsiflorus,ForestWetRich
65006,Rumex thyrsiflorus,ForestWetRich
65007,Rumex thyrsiflorus,ForestWetRich
65008,Rumex thyrsiflorus,ForestWetRich
65568,Rumex thyrsiflorus,ForestWetRich
65569,Rumex thyrsiflorus,ForestWetRich
65570,Rumex thyrsiflorus,ForestWetRich
65571,Rumex thyrsiflorus,ForestWetRich
65572,Rumex thyrsiflorus,ForestWetRich
65573,Rumex thyrsiflorus,ForestWetRich
65574,Rumex thyrsiflorus,ForestWetRich
65575,Rumex thyrsiflorus,ForestWetRich
65576,Rumex thyrsiflorus,ForestWetRich
65577,Rumex thyrsiflorus,ForestWetRich
65578,Rumex thyrsiflorus,ForestWetRich
65579,Rumex thyrsiflorus,ForestWetRich
65580,Rumex thyrsiflorus,ForestWetRich
65581,Rumex thyrsiflorus,ForestWetRich
65582,Rumex thyrsiflorus,ForestWetRich
65583,Rumex thyrsiflorus,ForestWetRich
65584,Rumex thyrsiflorus,ForestWetRich
65585,Rumex thyrsiflorus,ForestWetRich
65586,Rumex thyrsiflorus,ForestWetRich
65587,Rumex thyrsiflorus,ForestWetRich
65588,Rumex thyrsiflorus,ForestWetRich
65589,Rumex thyrsiflorus,ForestWetRich
65590,Rumex thyrsiflorus,ForestWetRich
65591,Rumex thyrsiflorus,ForestWetRich
65592,Rumex thyrsiflorus,ForestWetRich
65593,Rumex thyrsiflorus,ForestWetRich
65594,Rumex thyrsiflorus,ForestWetRich
65595,Rumex thyrsiflorus,ForestWetRich
65596,Rumex thyrsiflorus,ForestWetRich
65597,Rumex thyrsiflorus,ForestWetRich
65598,Rumex thyrsiflorus,ForestWetRich
65599,Rumex thyrsiflorus,ForestWetRich
65600,Rumex thyrsiflorus,ForestWetRich
65601,Rumex thyrsiflorus,ForestWetRich
65602,Rumex thyrsiflorus,ForestWetRich
65603,Rumex thyrsiflorus,ForestWetRich
65604,Rumex thyrsiflorus,ForestWetRich
65605,Rumex thyrsiflorus,ForestWetRich
65606,Rumex thyrsiflorus,ForestWetRich
65607,Rumex thyrsiflorus,ForestWetRich
66167,Rumex thyrsiflorus,ForestWetRich
66168,Rumex thyrsiflorus,ForestWetRich
66169,Rumex thyrsiflorus,ForestWetRich
66170,Rumex thyrsiflorus,ForestWetRich
66171,Rumex thyrsiflorus,ForestWetRich
66172,Rumex thyrsiflorus,ForestWetRich
66173,Rumex thyrsiflorus,ForestWetRich
66174,Rumex thyrsiflorus,ForestWetRich
66175,Rumex thyrsiflorus,ForestWetRich
66176,Rumex thyrsiflorus,ForestWetRich
66177,Rumex thyrsiflorus,ForestWetRich
66178,Rumex thyrsiflorus,ForestWetRich
66179,Rumex thyrsiflorus,ForestWetRich
66180,Rumex thyrsiflorus,ForestWetRich
66181,Rumex thyrsiflorus,ForestWetRich
66182,Rumex thyrsiflorus,ForestWetRich
66183,Rumex thyrsiflorus,ForestWetRich
66184,Rumex thyrsiflorus,ForestWetRich
66185,Rumex thyrsiflorus,ForestWetRich
66186,Rumex thyrsiflorus,ForestWetRich
66187,Rumex thyrsiflorus,ForestWetRich
66188,Rumex thyrsiflorus,ForestWetRich
66189,Rumex thyrsiflorus,ForestWetRich
66190,Rumex thyrsiflorus,ForestWetRich
66191,Rumex thyrsiflorus,ForestWetRich
66192,Rumex thyrsiflorus,ForestWetRich
66193,Rumex thyrsiflorus,ForestWetRich
66194,Rumex thyrsiflorus,ForestWetRich
66195,Rumex thyrsiflorus,ForestWetRich
66196,Rumex thyrsiflorus,ForestWetRich
66197,Rumex thyrsiflorus,ForestWetRich
66198,Rumex thyrsiflorus,ForestWetRich
66199,Rumex thyrsiflorus,ForestWetRich
66200,Rumex thyrsiflorus,ForestWetRich
66201,Rumex thyrsiflorus,ForestWetRich
66202,Rumex thyrsiflorus,ForestWetRich
66203,Rumex thyrsiflorus,ForestWetRich
66204,Rumex thyrsiflorus,ForestWetRich
66205,Rumex thyrsiflorus,ForestWetRich
66206,Rumex thyrsiflorus,ForestWetRich
66766,Rumex thyrsiflorus,ForestWetRich
66767,Rumex thyrsiflorus,ForestWetRich
66768,Rumex thyrsiflorus,ForestWetRich
66769,Rumex thyrsiflorus,ForestWetRich
66770,Rumex thyrsiflorus,ForestWetRich
66771,Rumex thyrsiflorus,ForestWetRich
66772,Rumex thyrsiflorus,ForestWetRich
66773,Rumex thyrsiflorus,ForestWetRich
66774,Rumex thyrsiflorus,ForestWetRich
66775,Rumex thyrsiflorus,ForestWetRich
66776,Rumex thyrsiflorus,ForestWetRich
66777,Rumex thyrsiflorus,ForestWetRich
66778,Rumex thyrsiflorus,ForestWetRich
66779,Rumex thyrsiflorus,ForestWetRich
66780,Rumex thyrsiflorus,ForestWetRich
66781,Rumex thyrsiflorus,ForestWetRich
66782,Rumex thyrsiflorus,ForestWetRich
66783,Rumex thyrsiflorus,ForestWetRich
66784,Rumex thyrsiflorus,ForestWetRich
66785,Rumex thyrsiflorus,ForestWetRich
66786,Rumex thyrsiflorus,ForestWetRich
66787,Rumex thyrsiflorus,ForestWetRich
66788,Rumex thyrsiflorus,ForestWetRich
66789,Rumex thyrsiflorus,ForestWetRich
66790,Rumex thyrsiflorus,ForestWetRich
66791,Rumex thyrsiflorus,ForestWetRich
66792,Rumex thyrsiflorus,ForestWetRich
66793,Rumex thyrsiflorus,ForestWetRich
66794,Rumex thyrsiflorus,ForestWetRich
66795,Rumex thyrsiflorus,ForestWetRich
66796,Rumex thyrsiflorus,ForestWetRich
66797,Rumex thyrsiflorus,ForestWetRich
66798,Rumex thyrsiflorus,ForestWetRich
66799,Rumex thyrsiflorus,ForestWetRich
66800,Rumex thyrsiflorus,ForestWetRich
66801,Rumex thyrsiflorus,ForestWetRich
66802,Rumex thyrsiflorus,ForestWetRich
66803,Rumex thyrsiflorus,ForestWetRich
66804,Rumex thyrsiflorus,ForestWetRich
66805,Rumex thyrsiflorus,ForestWetRich
67365,Rumex thyrsiflorus,ForestWetRich
67366,Rumex thyrsiflorus,ForestWetRich
67367,Rumex thyrsiflorus,ForestWetRich
67368,Rumex thyrsiflorus,ForestWetRich
67369,Rumex thyrsiflorus,ForestWetRich
67370,Rumex thyrsiflorus,ForestWetRich
67371,Rumex thyrsiflorus,ForestWetRich
67372,Rumex thyrsiflorus,ForestWetRich
67373,Rumex thyrsiflorus,ForestWetRich
67374,Rumex thyrsiflorus,ForestWetRich
67375,Rumex thyrsiflorus,ForestWetRich
67376,Rumex thyrsiflorus,ForestWetRich
67377,Rumex thyrsiflorus,ForestWetRich
67378,Rumex thyrsiflorus,ForestWetRich
67379,Rumex thyrsiflorus,ForestWetRich
67380,Rumex thyrsiflorus,ForestWetRich
67381,Rumex thyrsiflorus,ForestWetRich
67382,Rumex thyrsiflorus,ForestWetRich
67383,Rumex thyrsiflorus,ForestWetRich
67384,Rumex thyrsiflorus,ForestWetRich
67385,Rumex thyrsiflorus,ForestWetRich
67386,Rumex thyrsiflorus,ForestWetRich
67387,Rumex thyrsiflorus,ForestWetRich
67388,Rumex thyrsiflorus,ForestWetRich
67389,Rumex thyrsiflorus,ForestWetRich
67390,Rumex thyrsiflorus,ForestWetRich
67391,Rumex thyrsiflorus,ForestWetRich
67392,Rumex thyrsiflorus,ForestWetRich
67393,Rumex thyrsiflorus,ForestWetRich
67394,Rumex thyrsiflorus,ForestWetRich
67395,Rumex thyrsiflorus,ForestWetRich
67396,Rumex thyrsiflorus,ForestWetRich
67397,Rumex thyrsiflorus,ForestWetRich
67398,Rumex thyrsiflorus,ForestWetRich
67399,Rumex thyrsiflorus,ForestWetRich
67400,Rumex thyrsiflorus,ForestWetRich
67401,Rumex thyrsiflorus,ForestWetRich
67402,Rumex thyrsiflorus,ForestWetRich
67403,Rumex thyrsiflorus,ForestWetRich
67404,Rumex thyrsiflorus,ForestWetRich
67964,Rumex thyrsiflorus,ForestWetRich
67965,Rumex thyrsiflorus,ForestWetRich
67966,Rumex thyrsiflorus,ForestWetRich
67967,Rumex thyrsiflorus,ForestWetRich
67968,Rumex thyrsiflorus,ForestWetRich
67969,Rumex thyrsiflorus,ForestWetRich
67970,Rumex thyrsiflorus,ForestWetRich
67971,Rumex thyrsiflorus,ForestWetRich
67972,Rumex thyrsiflorus,ForestWetRich
67973,Rumex thyrsiflorus,ForestWetRich
67974,Rumex thyrsiflorus,ForestWetRich
67975,Rumex thyrsiflorus,ForestWetRich
67976,Rumex thyrsiflorus,ForestWetRich
67977,Rumex thyrsiflorus,ForestWetRich
67978,Rumex thyrsiflorus,ForestWetRich
67979,Rumex thyrsiflorus,ForestWetRich
67980,Rumex thyrsiflorus,ForestWetRich
67981,Rumex thyrsiflorus,ForestWetRich
67982,Rumex thyrsiflorus,ForestWetRich
67983,Rumex thyrsiflorus,ForestWetRich
67984,Rumex thyrsiflorus,ForestWetRich
67985,Rumex thyrsiflorus,ForestWetRich
67986,Rumex thyrsiflorus,ForestWetRich
67987,Rumex thyrsiflorus,ForestWetRich
67988,Rumex thyrsiflorus,ForestWetRich
67989,Rumex thyrsiflorus,ForestWetRich
67990,Rumex thyrsiflorus,ForestWetRich
67991,Rumex thyrsiflorus,ForestWetRich
67992,Rumex thyrsiflorus,ForestWetRich
67993,Rumex thyrsiflorus,ForestWetRich
67994,Rumex thyrsiflorus,ForestWetRich
67995,Rumex thyrsiflorus,ForestWetRich
67996,Rumex thyrsiflorus,ForestWetRich
67997,Rumex thyrsiflorus,ForestWetRich
67998,Rumex thyrsiflorus,ForestWetRich
67999,Rumex thyrsiflorus,ForestWetRich
68000,Rumex thyrsiflorus,ForestWetRich
68001,Rumex thyrsiflorus,ForestWetRich
68002,Rumex thyrsiflorus,ForestWetRich
68003,Rumex thyrsiflorus,ForestWetRich
68563,Rumex thyrsiflorus,ForestWetRich
68564,Rumex thyrsiflorus,ForestWetRich
68565,Rumex thyrsiflorus,ForestWetRich
68566,Rumex thyrsiflorus,ForestWetRich
68567,Rumex thyrsiflorus,ForestWetRich
68568,Rumex thyrsiflorus,ForestWetRich
68569,Rumex thyrsiflorus,ForestWetRich
68570,Rumex thyrsiflorus,ForestWetRich
68571,Rumex thyrsiflorus,ForestWetRich
68572,Rumex thyrsiflorus,ForestWetRich
68573,Rumex thyrsiflorus,ForestWetRich
68574,Rumex thyrsiflorus,ForestWetRich
68575,Rumex thyrsiflorus,ForestWetRich
68576,Rumex thyrsiflorus,ForestWetRich
68577,Rumex thyrsiflorus,ForestWetRich
68578,Rumex thyrsiflorus,ForestWetRich
68579,Rumex thyrsiflorus,ForestWetRich
68580,Rumex thyrsiflorus,ForestWetRich
68581,Rumex thyrsiflorus,ForestWetRich
68582,Rumex thyrsiflorus,ForestWetRich
68583,Rumex thyrsiflorus,ForestWetRich
68584,Rumex thyrsiflorus,ForestWetRich
68585,Rumex thyrsiflorus,ForestWetRich
68586,Rumex thyrsiflorus,ForestWetRich
68587,Rumex thyrsiflorus,ForestWetRich
68588,Rumex thyrsiflorus,ForestWetRich
68589,Rumex thyrsiflorus,ForestWetRich
68590,Rumex thyrsiflorus,ForestWetRich
68591,Rumex thyrsiflorus,ForestWetRich
68592,Rumex thyrsiflorus,ForestWetRich
68593,Rumex thyrsiflorus,ForestWetRich
68594,Rumex thyrsiflorus,ForestWetRich
68595,Rumex thyrsiflorus,ForestWetRich
68596,Rumex thyrsiflorus,ForestWetRich
68597,Rumex thyrsiflorus,ForestWetRich
68598,Rumex thyrsiflorus,ForestWetRich
68599,Rumex thyrsiflorus,ForestWetRich
68600,Rumex thyrsiflorus,ForestWetRich
68601,Rumex thyrsiflorus,ForestWetRich
68602,Rumex thyrsiflorus,ForestWetRich
69162,Rumex thyrsiflorus,ForestWetRich
69163,Rumex thyrsiflorus,ForestWetRich
69164,Rumex thyrsiflorus,ForestWetRich
69165,Rumex thyrsiflorus,ForestWetRich
69166,Rumex thyrsiflorus,ForestWetRich
69167,Rumex thyrsiflorus,ForestWetRich
69168,Rumex thyrsiflorus,ForestWetRich
69169,Rumex thyrsiflorus,ForestWetRich
69170,Rumex thyrsiflorus,ForestWetRich
69171,Rumex thyrsiflorus,ForestWetRich
69172,Rumex thyrsiflorus,ForestWetRich
69173,Rumex thyrsiflorus,ForestWetRich
69174,Rumex thyrsiflorus,ForestWetRich
69175,Rumex thyrsiflorus,ForestWetRich
69176,Rumex thyrsiflorus,ForestWetRich
69177,Rumex thyrsiflorus,ForestWetRich
69178,Rumex thyrsiflorus,ForestWetRich
69179,Rumex thyrsiflorus,ForestWetRich
69180,Rumex thyrsiflorus,ForestWetRich
69181,Rumex thyrsiflorus,ForestWetRich
69182,Rumex thyrsiflorus,ForestWetRich
69183,Rumex thyrsiflorus,ForestWetRich
69184,Rumex thyrsiflorus,ForestWetRich
69185,Rumex thyrsiflorus,ForestWetRich
69186,Rumex thyrsiflorus,ForestWetRich
69187,Rumex thyrsiflorus,ForestWetRich
69188,Rumex thyrsiflorus,ForestWetRich
69189,Rumex thyrsiflorus,ForestWetRich
69190,Rumex thyrsiflorus,ForestWetRich
69191,Rumex thyrsiflorus,ForestWetRich
69192,Rumex thyrsiflorus,ForestWetRich
69193,Rumex thyrsiflorus,ForestWetRich
69194,Rumex thyrsiflorus,ForestWetRich
69195,Rumex thyrsiflorus,ForestWetRich
69196,Rumex thyrsiflorus,ForestWetRich
69197,Rumex thyrsiflorus,ForestWetRich
69198,Rumex thyrsiflorus,ForestWetRich
69199,Rumex thyrsiflorus,ForestWetRich
69200,Rumex thyrsiflorus,ForestWetRich
69201,Rumex thyrsiflorus,ForestWetRich
69761,Rumex thyrsiflorus,ForestWetRich
69762,Rumex thyrsiflorus,ForestWetRich
69763,Rumex thyrsiflorus,ForestWetRich
69764,Rumex thyrsiflorus,ForestWetRich
69765,Rumex thyrsiflorus,ForestWetRich
69766,Rumex thyrsiflorus,ForestWetRich
69767,Rumex thyrsiflorus,ForestWetRich
69768,Rumex thyrsiflorus,ForestWetRich
69769,Rumex thyrsiflorus,ForestWetRich
69770,Rumex thyrsiflorus,ForestWetRich
69771,Rumex thyrsiflorus,ForestWetRich
69772,Rumex thyrsiflorus,ForestWetRich
69773,Rumex thyrsiflorus,ForestWetRich
69774,Rumex thyrsiflorus,ForestWetRich
69775,Rumex thyrsiflorus,ForestWetRich
69776,Rumex thyrsiflorus,ForestWetRich
69777,Rumex thyrsiflorus,ForestWetRich
69778,Rumex thyrsiflorus,ForestWetRich
69779,Rumex thyrsiflorus,ForestWetRich
69780,Rumex thyrsiflorus,ForestWetRich
69781,Rumex thyrsiflorus,ForestWetRich
69782,Rumex thyrsiflorus,ForestWetRich
69783,Rumex thyrsiflorus,ForestWetRich
69784,Rumex thyrsiflorus,ForestWetRich
69785,Rumex thyrsiflorus,ForestWetRich
69786,Rumex thyrsiflorus,ForestWetRich
69787,Rumex thyrsiflorus,ForestWetRich
69788,Rumex thyrsiflorus,ForestWetRich
69789,Rumex thyrsiflorus,ForestWetRich
69790,Rumex thyrsiflorus,ForestWetRich
69791,Rumex thyrsiflorus,ForestWetRich
69792,Rumex thyrsiflorus,ForestWetRich
69793,Rumex thyrsiflorus,ForestWetRich
69794,Rumex thyrsiflorus,ForestWetRich
69795,Rumex thyrsiflorus,ForestWetRich
69796,Rumex thyrsiflorus,ForestWetRich
69797,Rumex thyrsiflorus,ForestWetRich
69798,Rumex thyrsiflorus,ForestWetRich
69799,Rumex thyrsiflorus,ForestWetRich
69800,Rumex thyrsiflorus,ForestWetRich
70360,Rumex thyrsiflorus,ForestWetRich
70361,Rumex thyrsiflorus,ForestWetRich
70362,Rumex thyrsiflorus,ForestWetRich
70363,Rumex thyrsiflorus,ForestWetRich
70364,Rumex thyrsiflorus,ForestWetRich
70365,Rumex thyrsiflorus,ForestWetRich
70366,Rumex thyrsiflorus,ForestWetRich
70367,Rumex thyrsiflorus,ForestWetRich
70368,Rumex thyrsiflorus,ForestWetRich
70369,Rumex thyrsiflorus,ForestWetRich
70370,Rumex thyrsiflorus,ForestWetRich
70371,Rumex thyrsiflorus,ForestWetRich
70372,Rumex thyrsiflorus,ForestWetRich
70373,Rumex thyrsiflorus,ForestWetRich
70374,Rumex thyrsiflorus,ForestWetRich
70375,Rumex thyrsiflorus,ForestWetRich
70376,Rumex thyrsiflorus,ForestWetRich
70377,Rumex thyrsiflorus,ForestWetRich
70378,Rumex thyrsiflorus,ForestWetRich
70379,Rumex thyrsiflorus,ForestWetRich
70380,Rumex thyrsiflorus,ForestWetRich
70381,Rumex thyrsiflorus,ForestWetRich
70382,Rumex thyrsiflorus,ForestWetRich
70383,Rumex thyrsiflorus,ForestWetRich
70384,Rumex thyrsiflorus,ForestWetRich
70385,Rumex thyrsiflorus,ForestWetRich
70386,Rumex thyrsiflorus,ForestWetRich
70387,Rumex thyrsiflorus,ForestWetRich
70388,Rumex thyrsiflorus,ForestWetRich
70389,Rumex thyrsiflorus,ForestWetRich
70390,Rumex thyrsiflorus,ForestWetRich
70391,Rumex thyrsiflorus,ForestWetRich
70392,Rumex thyrsiflorus,ForestWetRich
70393,Rumex thyrsiflorus,ForestWetRich
70394,Rumex thyrsiflorus,ForestWetRich
70395,Rumex thyrsiflorus,ForestWetRich
70396,Rumex thyrsiflorus,ForestWetRich
70397,Rumex thyrsiflorus,ForestWetRich
70398,Rumex thyrsiflorus,ForestWetRich
70399,Rumex thyrsiflorus,ForestWetRich
70959,Rumex thyrsiflorus,ForestWetRich
70960,Rumex thyrsiflorus,ForestWetRich
70961,Rumex thyrsiflorus,ForestWetRich
70962,Rumex thyrsiflorus,ForestWetRich
70963,Rumex thyrsiflorus,ForestWetRich
70964,Rumex thyrsiflorus,ForestWetRich
70965,Rumex thyrsiflorus,ForestWetRich
70966,Rumex thyrsiflorus,ForestWetRich
70967,Rumex thyrsiflorus,ForestWetRich
70968,Rumex thyrsiflorus,ForestWetRich
70969,Rumex thyrsiflorus,ForestWetRich
70970,Rumex thyrsiflorus,ForestWetRich
70971,Rumex thyrsiflorus,ForestWetRich
70972,Rumex thyrsiflorus,ForestWetRich
70973,Rumex thyrsiflorus,ForestWetRich
70974,Rumex thyrsiflorus,ForestWetRich
70975,Rumex thyrsiflorus,ForestWetRich
70976,Rumex thyrsiflorus,ForestWetRich
70977,Rumex thyrsiflorus,ForestWetRich
70978,Rumex thyrsiflorus,ForestWetRich
70979,Rumex thyrsiflorus,ForestWetRich
70980,Rumex thyrsiflorus,ForestWetRich
70981,Rumex thyrsiflorus,ForestWetRich
70982,Rumex thyrsiflorus,ForestWetRich
70983,Rumex thyrsiflorus,ForestWetRich
70984,Rumex thyrsiflorus,ForestWetRich
70985,Rumex thyrsiflorus,ForestWetRich
70986,Rumex thyrsiflorus,ForestWetRich
70987,Rumex thyrsiflorus,ForestWetRich
70988,Rumex thyrsiflorus,ForestWetRich
70989,Rumex thyrsiflorus,ForestWetRich
70990,Rumex thyrsiflorus,ForestWetRich
70991,Rumex thyrsiflorus,ForestWetRich
70992,Rumex thyrsiflorus,ForestWetRich
70993,Rumex thyrsiflorus,ForestWetRich
70994,Rumex thyrsiflorus,ForestWetRich
70995,Rumex thyrsiflorus,ForestWetRich
70996,Rumex thyrsiflorus,ForestWetRich
70997,Rumex thyrsiflorus,ForestWetRich
70998,Rumex thyrsiflorus,ForestWetRich
71558,Rumex thyrsiflorus,ForestWetRich
71559,Rumex thyrsiflorus,ForestWetRich
71560,Rumex thyrsiflorus,ForestWetRich
71561,Rumex thyrsiflorus,ForestWetRich
71562,Rumex thyrsiflorus,ForestWetRich
71563,Rumex thyrsiflorus,ForestWetRich
71564,Rumex thyrsiflorus,ForestWetRich
71565,Rumex thyrsiflorus,ForestWetRich
71566,Rumex thyrsiflorus,ForestWetRich
71567,Rumex thyrsiflorus,ForestWetRich
71568,Rumex thyrsiflorus,ForestWetRich
71569,Rumex thyrsiflorus,ForestWetRich
71570,Rumex thyrsiflorus,ForestWetRich
71571,Rumex thyrsiflorus,ForestWetRich
71572,Rumex thyrsiflorus,ForestWetRich
71573,Rumex thyrsiflorus,ForestWetRich
71574,Rumex thyrsiflorus,ForestWetRich
71575,Rumex thyrsiflorus,ForestWetRich
71576,Rumex thyrsiflorus,ForestWetRich
71577,Rumex thyrsiflorus,ForestWetRich
71578,Rumex thyrsiflorus,ForestWetRich
71579,Rumex thyrsiflorus,ForestWetRich
71580,Rumex thyrsiflorus,ForestWetRich
71581,Rumex thyrsiflorus,ForestWetRich
71582,Rumex thyrsiflorus,ForestWetRich
71583,Rumex thyrsiflorus,ForestWetRich
71584,Rumex thyrsiflorus,ForestWetRich
71585,Rumex thyrsiflorus,ForestWetRich
71586,Rumex thyrsiflorus,ForestWetRich
71587,Rumex thyrsiflorus,ForestWetRich
71588,Rumex thyrsiflorus,ForestWetRich
71589,Rumex thyrsiflorus,ForestWetRich
71590,Rumex thyrsiflorus,ForestWetRich
71591,Rumex thyrsiflorus,ForestWetRich
71592,Rumex thyrsiflorus,ForestWetRich
71593,Rumex thyrsiflorus,ForestWetRich
71594,Rumex thyrsiflorus,ForestWetRich
71595,Rumex thyrsiflorus,ForestWetRich
71596,Rumex thyrsiflorus,ForestWetRich
71597,Rumex thyrsiflorus,ForestWetRich
72157,Rumex thyrsiflorus,ForestWetRich
72158,Rumex thyrsiflorus,ForestWetRich
72159,Rumex thyrsiflorus,ForestWetRich
72160,Rumex thyrsiflorus,ForestWetRich
72161,Rumex thyrsiflorus,ForestWetRich
72162,Rumex thyrsiflorus,ForestWetRich
72163,Rumex thyrsiflorus,ForestWetRich
72164,Rumex thyrsiflorus,ForestWetRich
72165,Rumex thyrsiflorus,ForestWetRich
72166,Rumex thyrsiflorus,ForestWetRich
72167,Rumex thyrsiflorus,ForestWetRich
72168,Rumex thyrsiflorus,ForestWetRich
72169,Rumex thyrsiflorus,ForestWetRich
72170,Rumex thyrsiflorus,ForestWetRich
72171,Rumex thyrsiflorus,ForestWetRich
72172,Rumex thyrsiflorus,ForestWetRich
72173,Rumex thyrsiflorus,ForestWetRich
72174,Rumex thyrsiflorus,ForestWetRich
72175,Rumex thyrsiflorus,ForestWetRich
72176,Rumex thyrsiflorus,ForestWetRich
72177,Rumex thyrsiflorus,ForestWetRich
72178,Rumex thyrsiflorus,ForestWetRich
72179,Rumex thyrsiflorus,ForestWetRich
72180,Rumex thyrsiflorus,ForestWetRich
72181,Rumex thyrsiflorus,ForestWetRich
72182,Rumex thyrsiflorus,ForestWetRich
72183,Rumex thyrsiflorus,ForestWetRich
72184,Rumex thyrsiflorus,ForestWetRich
72185,Rumex thyrsiflorus,ForestWetRich
72186,Rumex thyrsiflorus,ForestWetRich
72187,Rumex thyrsiflorus,ForestWetRich
72188,Rumex thyrsiflorus,ForestWetRich
72189,Rumex thyrsiflorus,ForestWetRich
72190,Rumex thyrsiflorus,ForestWetRich
72191,Rumex thyrsiflorus,ForestWetRich
72192,Rumex thyrsiflorus,ForestWetRich
72193,Rumex thyrsiflorus,ForestWetRich
72194,Rumex thyrsiflorus,ForestWetRich
72195,Rumex thyrsiflorus,ForestWetRich
72196,Rumex thyrsiflorus,ForestWetRich
72756,Rumex thyrsiflorus,ForestWetRich
72757,Rumex thyrsiflorus,ForestWetRich
72758,Rumex thyrsiflorus,ForestWetRich
72759,Rumex thyrsiflorus,ForestWetRich
72760,Rumex thyrsiflorus,ForestWetRich
72761,Rumex thyrsiflorus,ForestWetRich
72762,Rumex thyrsiflorus,ForestWetRich
72763,Rumex thyrsiflorus,ForestWetRich
72764,Rumex thyrsiflorus,ForestWetRich
72765,Rumex thyrsiflorus,ForestWetRich
72766,Rumex thyrsiflorus,ForestWetRich
72767,Rumex thyrsiflorus,ForestWetRich
72768,Rumex thyrsiflorus,ForestWetRich
72769,Rumex thyrsiflorus,ForestWetRich
72770,Rumex thyrsiflorus,ForestWetRich
72771,Rumex thyrsiflorus,ForestWetRich
72772,Rumex thyrsiflorus,ForestWetRich
72773,Rumex thyrsiflorus,ForestWetRich
72774,Rumex thyrsiflorus,ForestWetRich
72775,Rumex thyrsiflorus,ForestWetRich
72776,Rumex thyrsiflorus,ForestWetRich
72777,Rumex thyrsiflorus,ForestWetRich
72778,Rumex thyrsiflorus,ForestWetRich
72779,Rumex thyrsiflorus,ForestWetRich
72780,Rumex thyrsiflorus,ForestWetRich
72781,Rumex thyrsiflorus,ForestWetRich
72782,Rumex thyrsiflorus,ForestWetRich
72783,Rumex thyrsiflorus,ForestWetRich
72784,Rumex thyrsiflorus,ForestWetRich
72785,Rumex thyrsiflorus,ForestWetRich
72786,Rumex thyrsiflorus,ForestWetRich
72787,Rumex thyrsiflorus,ForestWetRich
72788,Rumex thyrsiflorus,ForestWetRich
72789,Rumex thyrsiflorus,ForestWetRich
72790,Rumex thyrsiflorus,ForestWetRich
72791,Rumex thyrsiflorus,ForestWetRich
72792,Rumex thyrsiflorus,ForestWetRich
72793,Rumex thyrsiflorus,ForestWetRich
72794,Rumex thyrsiflorus,ForestWetRich
72795,Rumex thyrsiflorus,ForestWetRich
73355,Rumex thyrsiflorus,ForestWetRich
73356,Rumex thyrsiflorus,ForestWetRich
73357,Rumex thyrsiflorus,ForestWetRich
73358,Rumex thyrsiflorus,ForestWetRich
73359,Rumex thyrsiflorus,ForestWetRich
73360,Rumex thyrsiflorus,ForestWetRich
73361,Rumex thyrsiflorus,ForestWetRich
73362,Rumex thyrsiflorus,ForestWetRich
73363,Rumex thyrsiflorus,ForestWetRich
73364,Rumex thyrsiflorus,ForestWetRich
73365,Rumex thyrsiflorus,ForestWetRich
73366,Rumex thyrsiflorus,ForestWetRich
73367,Rumex thyrsiflorus,ForestWetRich
73368,Rumex thyrsiflorus,ForestWetRich
73369,Rumex thyrsiflorus,ForestWetRich
73370,Rumex thyrsiflorus,ForestWetRich
73371,Rumex thyrsiflorus,ForestWetRich
73372,Rumex thyrsiflorus,ForestWetRich
73373,Rumex thyrsiflorus,ForestWetRich
73374,Rumex thyrsiflorus,ForestWetRich
73375,Rumex thyrsiflorus,ForestWetRich
73376,Rumex thyrsiflorus,ForestWetRich
73377,Rumex thyrsiflorus,ForestWetRich
73378,Rumex thyrsiflorus,ForestWetRich
73379,Rumex thyrsiflorus,ForestWetRich
73380,Rumex thyrsiflorus,ForestWetRich
73381,Rumex thyrsiflorus,ForestWetRich
73382,Rumex thyrsiflorus,ForestWetRich
73383,Rumex thyrsiflorus,ForestWetRich
73384,Rumex thyrsiflorus,ForestWetRich
73385,Rumex thyrsiflorus,ForestWetRich
73386,Rumex thyrsiflorus,ForestWetRich
73387,Rumex thyrsiflorus,ForestWetRich
73388,Rumex thyrsiflorus,ForestWetRich
73389,Rumex thyrsiflorus,ForestWetRich
73390,Rumex thyrsiflorus,ForestWetRich
73391,Rumex thyrsiflorus,ForestWetRich
73392,Rumex thyrsiflorus,ForestWetRich
73393,Rumex thyrsiflorus,ForestWetRich
73394,Rumex thyrsiflorus,ForestWetRich
73954,Rumex thyrsiflorus,ForestWetRich
73955,Rumex thyrsiflorus,ForestWetRich
73956,Rumex thyrsiflorus,ForestWetRich
73957,Rumex thyrsiflorus,ForestWetRich
73958,Rumex thyrsiflorus,ForestWetRich
73959,Rumex thyrsiflorus,ForestWetRich
73960,Rumex thyrsiflorus,ForestWetRich
73961,Rumex thyrsiflorus,ForestWetRich
73962,Rumex thyrsiflorus,ForestWetRich
73963,Rumex thyrsiflorus,ForestWetRich
73964,Rumex thyrsiflorus,ForestWetRich
73965,Rumex thyrsiflorus,ForestWetRich
73966,Rumex thyrsiflorus,ForestWetRich
73967,Rumex thyrsiflorus,ForestWetRich
73968,Rumex thyrsiflorus,ForestWetRich
73969,Rumex thyrsiflorus,ForestWetRich
73970,Rumex thyrsiflorus,ForestWetRich
73971,Rumex thyrsiflorus,ForestWetRich
73972,Rumex thyrsiflorus,ForestWetRich
73973,Rumex thyrsiflorus,ForestWetRich
73974,Rumex thyrsiflorus,ForestWetRich
73975,Rumex thyrsiflorus,ForestWetRich
73976,Rumex thyrsiflorus,ForestWetRich
73977,Rumex thyrsiflorus,ForestWetRich
73978,Rumex thyrsiflorus,ForestWetRich
73979,Rumex thyrsiflorus,ForestWetRich
73980,Rumex thyrsiflorus,ForestWetRich
73981,Rumex thyrsiflorus,ForestWetRich
73982,Rumex thyrsiflorus,ForestWetRich
73983,Rumex thyrsiflorus,ForestWetRich
73984,Rumex thyrsiflorus,ForestWetRich
73985,Rumex thyrsiflorus,ForestWetRich
73986,Rumex thyrsiflorus,ForestWetRich
73987,Rumex thyrsiflorus,ForestWetRich
73988,Rumex thyrsiflorus,ForestWetRich
73989,Rumex thyrsiflorus,ForestWetRich
73990,Rumex thyrsiflorus,ForestWetRich
73991,Rumex thyrsiflorus,ForestWetRich
73992,Rumex thyrsiflorus,ForestWetRich
73993,Rumex thyrsiflorus,ForestWetRich
74547,Rumex thyrsiflorus,ForestWetRich
74548,Rumex thyrsiflorus,ForestWetRich
74549,Rumex thyrsiflorus,ForestWetRich
74550,Rumex thyrsiflorus,ForestWetRich
74551,Rumex thyrsiflorus,ForestWetRich
74552,Rumex thyrsiflorus,ForestWetRich
74553,Rumex thyrsiflorus,ForestWetRich
74554,Rumex thyrsiflorus,ForestWetRich
74555,Rumex thyrsiflorus,ForestWetRich
74556,Rumex thyrsiflorus,ForestWetRich
74557,Rumex thyrsiflorus,ForestWetRich
74558,Rumex thyrsiflorus,ForestWetRich
74559,Rumex thyrsiflorus,ForestWetRich
74560,Rumex thyrsiflorus,ForestWetRich
74561,Rumex thyrsiflorus,ForestWetRich
74562,Rumex thyrsiflorus,ForestWetRich
74563,Rumex thyrsiflorus,ForestWetRich
74564,Rumex thyrsiflorus,ForestWetRich
74565,Rumex thyrsiflorus,ForestWetRich
74566,Rumex thyrsiflorus,ForestWetRich
74567,Rumex thyrsiflorus,ForestWetRich
74568,Rumex thyrsiflorus,ForestWetRich
74569,Rumex thyrsiflorus,ForestWetRich
74570,Rumex thyrsiflorus,ForestWetRich
74571,Rumex thyrsiflorus,ForestWetRich
74572,Rumex thyrsiflorus,ForestWetRich
74573,Rumex thyrsiflorus,ForestWetRich
74574,Rumex thyrsiflorus,ForestWetRich
74575,Rumex thyrsiflorus,ForestWetRich
74576,Rumex thyrsiflorus,ForestWetRich
74577,Rumex thyrsiflorus,ForestWetRich
74578,Rumex thyrsiflorus,ForestWetRich
74579,Rumex thyrsiflorus,ForestWetRich
74580,Rumex thyrsiflorus,ForestWetRich
74581,Rumex thyrsiflorus,ForestWetRich
74582,Rumex thyrsiflorus,ForestWetRich
74583,Rumex thyrsiflorus,ForestWetRich
74584,Rumex thyrsiflorus,ForestWetRich
74585,Rumex thyrsiflorus,ForestWetRich
74586,Rumex thyrsiflorus,ForestWetRich
74587,Rumex thyrsiflorus,ForestWetRich
74588,Rumex thyrsiflorus,ForestWetRich
74589,Rumex thyrsiflorus,ForestWetRich
74590,Rumex thyrsiflorus,ForestWetRich
74591,Rumex thyrsiflorus,ForestWetRich
74592,Rumex thyrsiflorus,ForestWetRich
74593,Rumex thyrsiflorus,ForestWetRich
74594,Rumex thyrsiflorus,ForestWetRich
74595,Rumex thyrsiflorus,ForestWetRich
74596,Rumex thyrsiflorus,ForestWetRich
74597,Rumex thyrsiflorus,ForestWetRich
74598,Rumex thyrsiflorus,ForestWetRich
74599,Rumex thyrsiflorus,ForestWetRich
74600,Rumex thyrsiflorus,ForestWetRich
74601,Rumex thyrsiflorus,ForestWetRich
74602,Rumex thyrsiflorus,ForestWetRich
74603,Rumex thyrsiflorus,ForestWetRich
74604,Rumex thyrsiflorus,ForestWetRich
74605,Rumex thyrsiflorus,ForestWetRich
74606,Rumex thyrsiflorus,ForestWetRich
74607,Rumex thyrsiflorus,ForestWetRich
74608,Rumex thyrsiflorus,ForestWetRich
74609,Rumex thyrsiflorus,ForestWetRich
74610,Rumex thyrsiflorus,ForestWetRich
74611,Rumex thyrsiflorus,ForestWetRich
74612,Rumex thyrsiflorus,ForestWetRich
75146,Rumex thyrsiflorus,ForestWetRich
75147,Rumex thyrsiflorus,ForestWetRich
75148,Rumex thyrsiflorus,ForestWetRich
75149,Rumex thyrsiflorus,ForestWetRich
75150,Rumex thyrsiflorus,ForestWetRich
75151,Rumex thyrsiflorus,ForestWetRich
75152,Rumex thyrsiflorus,ForestWetRich
75153,Rumex thyrsiflorus,ForestWetRich
75154,Rumex thyrsiflorus,ForestWetRich
75155,Rumex thyrsiflorus,ForestWetRich
75156,Rumex thyrsiflorus,ForestWetRich
75157,Rumex thyrsiflorus,ForestWetRich
75158,Rumex thyrsiflorus,ForestWetRich
75159,Rumex thyrsiflorus,ForestWetRich
75160,Rumex thyrsiflorus,ForestWetRich
75161,Rumex thyrsiflorus,ForestWetRich
75162,Rumex thyrsiflorus,ForestWetRich
75163,Rumex thyrsiflorus,ForestWetRich
75164,Rumex thyrsiflorus,ForestWetRich
75165,Rumex thyrsiflorus,ForestWetRich
75166,Rumex thyrsiflorus,ForestWetRich
75167,Rumex thyrsiflorus,ForestWetRich
75168,Rumex thyrsiflorus,ForestWetRich
75169,Rumex thyrsiflorus,ForestWetRich
75170,Rumex thyrsiflorus,ForestWetRich
75171,Rumex thyrsiflorus,ForestWetRich
75172,Rumex thyrsiflorus,ForestWetRich
75173,Rumex thyrsiflorus,ForestWetRich
75174,Rumex thyrsiflorus,ForestWetRich
75175,Rumex thyrsiflorus,ForestWetRich
75176,Rumex thyrsiflorus,ForestWetRich
75177,Rumex thyrsiflorus,ForestWetRich
75178,Rumex thyrsiflorus,ForestWetRich
75179,Rumex thyrsiflorus,ForestWetRich
75180,Rumex thyrsiflorus,ForestWetRich
75181,Rumex thyrsiflorus,ForestWetRich
75182,Rumex thyrsiflorus,ForestWetRich
75183,Rumex thyrsiflorus,ForestWetRich
75184,Rumex thyrsiflorus,ForestWetRich
75185,Rumex thyrsiflorus,ForestWetRich
75186,Rumex thyrsiflorus,ForestWetRich
75187,Rumex thyrsiflorus,ForestWetRich
75188,Rumex thyrsiflorus,ForestWetRich
75189,Rumex thyrsiflorus,ForestWetRich
75190,Rumex thyrsiflorus,ForestWetRich
75191,Rumex thyrsiflorus,ForestWetRich
75192,Rumex thyrsiflorus,ForestWetRich
75193,Rumex thyrsiflorus,ForestWetRich
75194,Rumex thyrsiflorus,ForestWetRich
75195,Rumex thyrsiflorus,ForestWetRich
75196,Rumex thyrsiflorus,ForestWetRich
75197,Rumex thyrsiflorus,ForestWetRich
75198,Rumex thyrsiflorus,ForestWetRich
75199,Rumex thyrsiflorus,ForestWetRich
75200,Rumex thyrsiflorus,ForestWetRich
75201,Rumex thyrsiflorus,ForestWetRich
75202,Rumex thyrsiflorus,ForestWetRich
75203,Rumex thyrsiflorus,ForestWetRich
75204,Rumex thyrsiflorus,ForestWetRich
75205,Rumex thyrsiflorus,ForestWetRich
75206,Rumex thyrsiflorus,ForestWetRich
75207,Rumex thyrsiflorus,ForestWetRich
75208,Rumex thyrsiflorus,ForestWetRich
75209,Rumex thyrsiflorus,ForestWetRich
75210,Rumex thyrsiflorus,ForestWetRich
75211,Rumex thyrsiflorus,ForestWetRich
75745,Rumex thyrsiflorus,ForestWetRich
75746,Rumex thyrsiflorus,ForestWetRich
75747,Rumex thyrsiflorus,ForestWetRich
75748,Rumex thyrsiflorus,ForestWetRich
75749,Rumex thyrsiflorus,ForestWetRich
75750,Rumex thyrsiflorus,ForestWetRich
75751,Rumex thyrsiflorus,ForestWetRich
75752,Rumex thyrsiflorus,ForestWetRich
75753,Rumex thyrsiflorus,ForestWetRich
75754,Rumex thyrsiflorus,ForestWetRich
75755,Rumex thyrsiflorus,ForestWetRich
75756,Rumex thyrsiflorus,ForestWetRich
75757,Rumex thyrsiflorus,ForestWetRich
75758,Rumex thyrsiflorus,ForestWetRich
75759,Rumex thyrsiflorus,ForestWetRich
75760,Rumex thyrsiflorus,ForestWetRich
75761,Rumex thyrsiflorus,ForestWetRich
75762,Rumex thyrsiflorus,ForestWetRich
75763,Rumex thyrsiflorus,ForestWetRich
75764,Rumex thyrsiflorus,ForestWetRich
75765,Rumex thyrsiflorus,ForestWetRich
75766,Rumex thyrsiflorus,ForestWetRich
75767,Rumex thyrsiflorus,ForestWetRich
75768,Rumex thyrsiflorus,ForestWetRich
75769,Rumex thyrsiflorus,ForestWetRich
75770,Rumex thyrsiflorus,ForestWetRich
75771,Rumex thyrsiflorus,ForestWetRich
75772,Rumex thyrsiflorus,ForestWetRich
75773,Rumex thyrsiflorus,ForestWetRich
75774,Rumex thyrsiflorus,ForestWetRich
75775,Rumex thyrsiflorus,ForestWetRich
75776,Rumex thyrsiflorus,ForestWetRich
75777,Rumex thyrsiflorus,ForestWetRich
75778,Rumex thyrsiflorus,ForestWetRich
75779,Rumex thyrsiflorus,ForestWetRich
75780,Rumex thyrsiflorus,ForestWetRich
75781,Rumex thyrsiflorus,ForestWetRich
75782,Rumex thyrsiflorus,ForestWetRich
75783,Rumex thyrsiflorus,ForestWetRich
75784,Rumex thyrsiflorus,ForestWetRich
75785,Rumex thyrsiflorus,ForestWetRich
75786,Rumex thyrsiflorus,ForestWetRich
75787,Rumex thyrsiflorus,ForestWetRich
75788,Rumex thyrsiflorus,ForestWetRich
75789,Rumex thyrsiflorus,ForestWetRich
75790,Rumex thyrsiflorus,ForestWetRich
75791,Rumex thyrsiflorus,ForestWetRich
75792,Rumex thyrsiflorus,ForestWetRich
75793,Rumex thyrsiflorus,ForestWetRich
75794,Rumex thyrsiflorus,ForestWetRich
75795,Rumex thyrsiflorus,ForestWetRich
75796,Rumex thyrsiflorus,ForestWetRich
75797,Rumex thyrsiflorus,ForestWetRich
75798,Rumex thyrsiflorus,ForestWetRich
75799,Rumex thyrsiflorus,ForestWetRich
75800,Rumex thyrsiflorus,ForestWetRich
75801,Rumex thyrsiflorus,ForestWetRich
75802,Rumex thyrsiflorus,ForestWetRich
75803,Rumex thyrsiflorus,ForestWetRich
75804,Rumex thyrsiflorus,ForestWetRich
75805,Rumex thyrsiflorus,ForestWetRich
75806,Rumex thyrsiflorus,ForestWetRich
75807,Rumex thyrsiflorus,ForestWetRich
75808,Rumex thyrsiflorus,ForestWetRich
75809,Rumex thyrsiflorus,ForestWetRich
75810,Rumex thyrsiflorus,ForestWetRich
76344,Rumex thyrsiflorus,ForestWetRich
76345,Rumex thyrsiflorus,ForestWetRich
76346,Rumex thyrsiflorus,ForestWetRich
76347,Rumex thyrsiflorus,ForestWetRich
76348,Rumex thyrsiflorus,ForestWetRich
76349,Rumex thyrsiflorus,ForestWetRich
76350,Rumex thyrsiflorus,ForestWetRich
76351,Rumex thyrsiflorus,ForestWetRich
76352,Rumex thyrsiflorus,ForestWetRich
76353,Rumex thyrsiflorus,ForestWetRich
76354,Rumex thyrsiflorus,ForestWetRich
76355,Rumex thyrsiflorus,ForestWetRich
76356,Rumex thyrsiflorus,ForestWetRich
76357,Rumex thyrsiflorus,ForestWetRich
76358,Rumex thyrsiflorus,ForestWetRich
76359,Rumex thyrsiflorus,ForestWetRich
76360,Rumex thyrsiflorus,ForestWetRich
76361,Rumex thyrsiflorus,ForestWetRich
76362,Rumex thyrsiflorus,ForestWetRich
76363,Rumex thyrsiflorus,ForestWetRich
76364,Rumex thyrsiflorus,ForestWetRich
76365,Rumex thyrsiflorus,ForestWetRich
76366,Rumex thyrsiflorus,ForestWetRich
76367,Rumex thyrsiflorus,ForestWetRich
76368,Rumex thyrsiflorus,ForestWetRich
76369,Rumex thyrsiflorus,ForestWetRich
76370,Rumex thyrsiflorus,ForestWetRich
76371,Rumex thyrsiflorus,ForestWetRich
76372,Rumex thyrsiflorus,ForestWetRich
76373,Rumex thyrsiflorus,ForestWetRich
76374,Rumex thyrsiflorus,ForestWetRich
76375,Rumex thyrsiflorus,ForestWetRich
76376,Rumex thyrsiflorus,ForestWetRich
76377,Rumex thyrsiflorus,ForestWetRich
76378,Rumex thyrsiflorus,ForestWetRich
76379,Rumex thyrsiflorus,ForestWetRich
76380,Rumex thyrsiflorus,ForestWetRich
76381,Rumex thyrsiflorus,ForestWetRich
76382,Rumex thyrsiflorus,ForestWetRich
76383,Rumex thyrsiflorus,ForestWetRich
76384,Rumex thyrsiflorus,ForestWetRich
76385,Rumex thyrsiflorus,ForestWetRich
76386,Rumex thyrsiflorus,ForestWetRich
76387,Rumex thyrsiflorus,ForestWetRich
76388,Rumex thyrsiflorus,ForestWetRich
76389,Rumex thyrsiflorus,ForestWetRich
76390,Rumex thyrsiflorus,ForestWetRich
76391,Rumex thyrsiflorus,ForestWetRich
76392,Rumex thyrsiflorus,ForestWetRich
76393,Rumex thyrsiflorus,ForestWetRich
76394,Rumex thyrsiflorus,ForestWetRich
76395,Rumex thyrsiflorus,ForestWetRich
76396,Rumex thyrsiflorus,ForestWetRich
76397,Rumex thyrsiflorus,ForestWetRich
76398,Rumex thyrsiflorus,ForestWetRich
76399,Rumex thyrsiflorus,ForestWetRich
76400,Rumex thyrsiflorus,ForestWetRich
76401,Rumex thyrsiflorus,ForestWetRich
76402,Rumex thyrsiflorus,ForestWetRich
76403,Rumex thyrsiflorus,ForestWetRich
76404,Rumex thyrsiflorus,ForestWetRich
76405,Rumex thyrsiflorus,ForestWetRich
76406,Rumex thyrsiflorus,ForestWetRich
76407,Rumex thyrsiflorus,ForestWetRich
76408,Rumex thyrsiflorus,ForestWetRich
76409,Rumex thyrsiflorus,ForestWetRich
76943,Rumex thyrsiflorus,ForestWetRich
76944,Rumex thyrsiflorus,ForestWetRich
76945,Rumex thyrsiflorus,ForestWetRich
76946,Rumex thyrsiflorus,ForestWetRich
76947,Rumex thyrsiflorus,ForestWetRich
76948,Rumex thyrsiflorus,ForestWetRich
76949,Rumex thyrsiflorus,ForestWetRich
76950,Rumex thyrsiflorus,ForestWetRich
76951,Rumex thyrsiflorus,ForestWetRich
76952,Rumex thyrsiflorus,ForestWetRich
76953,Rumex thyrsiflorus,ForestWetRich
76954,Rumex thyrsiflorus,ForestWetRich
76955,Rumex thyrsiflorus,ForestWetRich
76956,Rumex thyrsiflorus,ForestWetRich
76957,Rumex thyrsiflorus,ForestWetRich
76958,Rumex thyrsiflorus,ForestWetRich
76959,Rumex thyrsiflorus,ForestWetRich
76960,Rumex thyrsiflorus,ForestWetRich
76961,Rumex thyrsiflorus,ForestWetRich
76962,Rumex thyrsiflorus,ForestWetRich
76963,Rumex thyrsiflorus,ForestWetRich
76964,Rumex thyrsiflorus,ForestWetRich
76965,Rumex thyrsiflorus,ForestWetRich
76966,Rumex thyrsiflorus,ForestWetRich
76967,Rumex thyrsiflorus,ForestWetRich
76968,Rumex thyrsiflorus,ForestWetRich
76969,Rumex thyrsiflorus,ForestWetRich
76970,Rumex thyrsiflorus,ForestWetRich
76971,Rumex thyrsiflorus,ForestWetRich
76972,Rumex thyrsiflorus,ForestWetRich
76973,Rumex thyrsiflorus,ForestWetRich
76974,Rumex thyrsiflorus,ForestWetRich
76975,Rumex thyrsiflorus,ForestWetRich
76976,Rumex thyrsiflorus,ForestWetRich
76977,Rumex thyrsiflorus,ForestWetRich
76978,Rumex thyrsiflorus,ForestWetRich
76979,Rumex thyrsiflorus,ForestWetRich
76980,Rumex thyrsiflorus,ForestWetRich
76981,Rumex thyrsiflorus,ForestWetRich
76982,Rumex thyrsiflorus,ForestWetRich
76983,Rumex thyrsiflorus,ForestWetRich
76984,Rumex thyrsiflorus,ForestWetRich
76985,Rumex thyrsiflorus,ForestWetRich
76986,Rumex thyrsiflorus,ForestWetRich
76987,Rumex thyrsiflorus,ForestWetRich
76988,Rumex thyrsiflorus,ForestWetRich
76989,Rumex thyrsiflorus,ForestWetRich
76990,Rumex thyrsiflorus,ForestWetRich
76991,Rumex thyrsiflorus,ForestWetRich
76992,Rumex thyrsiflorus,ForestWetRich
76993,Rumex thyrsiflorus,ForestWetRich
76994,Rumex thyrsiflorus,ForestWetRich
76995,Rumex thyrsiflorus,ForestWetRich
76996,Rumex thyrsiflorus,ForestWetRich
76997,Rumex thyrsiflorus,ForestWetRich
76998,Rumex thyrsiflorus,ForestWetRich
76999,Rumex thyrsiflorus,ForestWetRich
77000,Rumex thyrsiflorus,ForestWetRich
77001,Rumex thyrsiflorus,ForestWetRich
77002,Rumex thyrsiflorus,ForestWetRich
77003,Rumex thyrsiflorus,ForestWetRich
77004,Rumex thyrsiflorus,ForestWetRich
77005,Rumex thyrsiflorus,ForestWetRich
77006,Rumex thyrsiflorus,ForestWetRich
77007,Rumex thyrsiflorus,ForestWetRich
77008,Rumex thyrsiflorus,ForestWetRich
77542,Rumex thyrsiflorus,ForestWetRich
77543,Rumex thyrsiflorus,ForestWetRich
77544,Rumex thyrsiflorus,ForestWetRich
77545,Rumex thyrsiflorus,ForestWetRich
77546,Rumex thyrsiflorus,ForestWetRich
77547,Rumex thyrsiflorus,ForestWetRich
77548,Rumex thyrsiflorus,ForestWetRich
77549,Rumex thyrsiflorus,ForestWetRich
77550,Rumex thyrsiflorus,ForestWetRich
77551,Rumex thyrsiflorus,ForestWetRich
77552,Rumex thyrsiflorus,ForestWetRich
77553,Rumex thyrsiflorus,ForestWetRich
77554,Rumex thyrsiflorus,ForestWetRich
77555,Rumex thyrsiflorus,ForestWetRich
77556,Rumex thyrsiflorus,ForestWetRich
77557,Rumex thyrsiflorus,ForestWetRich
77558,Rumex thyrsiflorus,ForestWetRich
77559,Rumex thyrsiflorus,ForestWetRich
77560,Rumex thyrsiflorus,ForestWetRich
77561,Rumex thyrsiflorus,ForestWetRich
77562,Rumex thyrsiflorus,ForestWetRich
77563,Rumex thyrsiflorus,ForestWetRich
77564,Rumex thyrsiflorus,ForestWetRich
77565,Rumex thyrsiflorus,ForestWetRich
77566,Rumex thyrsiflorus,ForestWetRich
77567,Rumex thyrsiflorus,ForestWetRich
77568,Rumex thyrsiflorus,ForestWetRich
77569,Rumex thyrsiflorus,ForestWetRich
77570,Rumex thyrsiflorus,ForestWetRich
77571,Rumex thyrsiflorus,ForestWetRich
77572,Rumex thyrsiflorus,ForestWetRich
77573,Rumex thyrsiflorus,ForestWetRich
77574,Rumex thyrsiflorus,ForestWetRich
77575,Rumex thyrsiflorus,ForestWetRich
77576,Rumex thyrsiflorus,ForestWetRich
77577,Rumex thyrsiflorus,ForestWetRich
77578,Rumex thyrsiflorus,ForestWetRich
77579,Rumex thyrsiflorus,ForestWetRich
77580,Rumex thyrsiflorus,ForestWetRich
77581,Rumex thyrsiflorus,ForestWetRich
77582,Rumex thyrsiflorus,ForestWetRich
77583,Rumex thyrsiflorus,ForestWetRich
77584,Rumex thyrsiflorus,ForestWetRich
77585,Rumex thyrsiflorus,ForestWetRich
77586,Rumex thyrsiflorus,ForestWetRich
77587,Rumex thyrsiflorus,ForestWetRich
77588,Rumex thyrsiflorus,ForestWetRich
77589,Rumex thyrsiflorus,ForestWetRich
77590,Rumex thyrsiflorus,ForestWetRich
77591,Rumex thyrsiflorus,ForestWetRich
77592,Rumex thyrsiflorus,ForestWetRich
77593,Rumex thyrsiflorus,ForestWetRich
77594,Rumex thyrsiflorus,ForestWetRich
77595,Rumex thyrsiflorus,ForestWetRich
77596,Rumex thyrsiflorus,ForestWetRich
77597,Rumex thyrsiflorus,ForestWetRich
77598,Rumex thyrsiflorus,ForestWetRich
77599,Rumex thyrsiflorus,ForestWetRich
77600,Rumex thyrsiflorus,ForestWetRich
77601,Rumex thyrsiflorus,ForestWetRich
77602,Rumex thyrsiflorus,ForestWetRich
77603,Rumex thyrsiflorus,ForestWetRich
77604,Rumex thyrsiflorus,ForestWetRich
77605,Rumex thyrsiflorus,ForestWetRich
77606,Rumex thyrsiflorus,ForestWetRich
77607,Rumex thyrsiflorus,ForestWetRich
78141,Rumex thyrsiflorus,ForestWetRich
78142,Rumex thyrsiflorus,ForestWetRich
78143,Rumex thyrsiflorus,ForestWetRich
78144,Rumex thyrsiflorus,ForestWetRich
78145,Rumex thyrsiflorus,ForestWetRich
78146,Rumex thyrsiflorus,ForestWetRich
78147,Rumex thyrsiflorus,ForestWetRich
78148,Rumex thyrsiflorus,ForestWetRich
78149,Rumex thyrsiflorus,ForestWetRich
78150,Rumex thyrsiflorus,ForestWetRich
78151,Rumex thyrsiflorus,ForestWetRich
78152,Rumex thyrsiflorus,ForestWetRich
78153,Rumex thyrsiflorus,ForestWetRich
78154,Rumex thyrsiflorus,ForestWetRich
78155,Rumex thyrsiflorus,ForestWetRich
78156,Rumex thyrsiflorus,ForestWetRich
78157,Rumex thyrsiflorus,ForestWetRich
78158,Rumex thyrsiflorus,ForestWetRich
78159,Rumex thyrsiflorus,ForestWetRich
78160,Rumex thyrsiflorus,ForestWetRich
78161,Rumex thyrsiflorus,ForestWetRich
78162,Rumex thyrsiflorus,ForestWetRich
78163,Rumex thyrsiflorus,ForestWetRich
78164,Rumex thyrsiflorus,ForestWetRich
78165,Rumex thyrsiflorus,ForestWetRich
78166,Rumex thyrsiflorus,ForestWetRich
78167,Rumex thyrsiflorus,ForestWetRich
78168,Rumex thyrsiflorus,ForestWetRich
78169,Rumex thyrsiflorus,ForestWetRich
78170,Rumex thyrsiflorus,ForestWetRich
78171,Rumex thyrsiflorus,ForestWetRich
78172,Rumex thyrsiflorus,ForestWetRich
78173,Rumex thyrsiflorus,ForestWetRich
78174,Rumex thyrsiflorus,ForestWetRich
78175,Rumex thyrsiflorus,ForestWetRich
78176,Rumex thyrsiflorus,ForestWetRich
78177,Rumex thyrsiflorus,ForestWetRich
78178,Rumex thyrsiflorus,ForestWetRich
78179,Rumex thyrsiflorus,ForestWetRich
78180,Rumex thyrsiflorus,ForestWetRich
78181,Rumex thyrsiflorus,ForestWetRich
78182,Rumex thyrsiflorus,ForestWetRich
78183,Rumex thyrsiflorus,ForestWetRich
78184,Rumex thyrsiflorus,ForestWetRich
78185,Rumex thyrsiflorus,ForestWetRich
78186,Rumex thyrsiflorus,ForestWetRich
78187,Rumex thyrsiflorus,ForestWetRich
78188,Rumex thyrsiflorus,ForestWetRich
78189,Rumex thyrsiflorus,ForestWetRich
78190,Rumex thyrsiflorus,ForestWetRich
78191,Rumex thyrsiflorus,ForestWetRich
78192,Rumex thyrsiflorus,ForestWetRich
78193,Rumex thyrsiflorus,ForestWetRich
78194,Rumex thyrsiflorus,ForestWetRich
78195,Rumex thyrsiflorus,ForestWetRich
78196,Rumex thyrsiflorus,ForestWetRich
78197,Rumex thyrsiflorus,ForestWetRich
78198,Rumex thyrsiflorus,ForestWetRich
78199,Rumex thyrsiflorus,ForestWetRich
78200,Rumex thyrsiflorus,ForestWetRich
78201,Rumex thyrsiflorus,ForestWetRich
78202,Rumex thyrsiflorus,ForestWetRich
78203,Rumex thyrsiflorus,ForestWetRich
78204,Rumex thyrsiflorus,ForestWetRich
78205,Rumex thyrsiflorus,ForestWetRich
78206,Rumex thyrsiflorus,ForestWetRich
78740,Rumex thyrsiflorus,ForestWetRich
78741,Rumex thyrsiflorus,ForestWetRich
78742,Rumex thyrsiflorus,ForestWetRich
78743,Rumex thyrsiflorus,ForestWetRich
78744,Rumex thyrsiflorus,ForestWetRich
78745,Rumex thyrsiflorus,ForestWetRich
78746,Rumex thyrsiflorus,ForestWetRich
78747,Rumex thyrsiflorus,ForestWetRich
78748,Rumex thyrsiflorus,ForestWetRich
78749,Rumex thyrsiflorus,ForestWetRich
78750,Rumex thyrsiflorus,ForestWetRich
78751,Rumex thyrsiflorus,ForestWetRich
78752,Rumex thyrsiflorus,ForestWetRich
78753,Rumex thyrsiflorus,ForestWetRich
78754,Rumex thyrsiflorus,ForestWetRich
78755,Rumex thyrsiflorus,ForestWetRich
78756,Rumex thyrsiflorus,ForestWetRich
78757,Rumex thyrsiflorus,ForestWetRich
78758,Rumex thyrsiflorus,ForestWetRich
78759,Rumex thyrsiflorus,ForestWetRich
78760,Rumex thyrsiflorus,ForestWetRich
78761,Rumex thyrsiflorus,ForestWetRich
78762,Rumex thyrsiflorus,ForestWetRich
78763,Rumex thyrsiflorus,ForestWetRich
78764,Rumex thyrsiflorus,ForestWetRich
78765,Rumex thyrsiflorus,ForestWetRich
78766,Rumex thyrsiflorus,ForestWetRich
78767,Rumex thyrsiflorus,ForestWetRich
78768,Rumex thyrsiflorus,ForestWetRich
78769,Rumex thyrsiflorus,ForestWetRich
78770,Rumex thyrsiflorus,ForestWetRich
78771,Rumex thyrsiflorus,ForestWetRich
78772,Rumex thyrsiflorus,ForestWetRich
78773,Rumex thyrsiflorus,ForestWetRich
78774,Rumex thyrsiflorus,ForestWetRich
78775,Rumex thyrsiflorus,ForestWetRich
78776,Rumex thyrsiflorus,ForestWetRich
78777,Rumex thyrsiflorus,ForestWetRich
78778,Rumex thyrsiflorus,ForestWetRich
78779,Rumex thyrsiflorus,ForestWetRich
78780,Rumex thyrsiflorus,ForestWetRich
78781,Rumex thyrsiflorus,ForestWetRich
78782,Rumex thyrsiflorus,ForestWetRich
78783,Rumex thyrsiflorus,ForestWetRich
78784,Rumex thyrsiflorus,ForestWetRich
78785,Rumex thyrsiflorus,ForestWetRich
78786,Rumex thyrsiflorus,ForestWetRich
78787,Rumex thyrsiflorus,ForestWetRich
78788,Rumex thyrsiflorus,ForestWetRich
78789,Rumex thyrsiflorus,ForestWetRich
78790,Rumex thyrsiflorus,ForestWetRich
78791,Rumex thyrsiflorus,ForestWetRich
78792,Rumex thyrsiflorus,ForestWetRich
78793,Rumex thyrsiflorus,ForestWetRich
78794,Rumex thyrsiflorus,ForestWetRich
78795,Rumex thyrsiflorus,ForestWetRich
78796,Rumex thyrsiflorus,ForestWetRich
78797,Rumex thyrsiflorus,ForestWetRich
78798,Rumex thyrsiflorus,ForestWetRich
78799,Rumex thyrsiflorus,ForestWetRich
78800,Rumex thyrsiflorus,ForestWetRich
78801,Rumex thyrsiflorus,ForestWetRich
78802,Rumex thyrsiflorus,ForestWetRich
78803,Rumex thyrsiflorus,ForestWetRich
78804,Rumex thyrsiflorus,ForestWetRich
78805,Rumex thyrsiflorus,ForestWetRich
79339,Rumex thyrsiflorus,ForestWetRich
79340,Rumex thyrsiflorus,ForestWetRich
79341,Rumex thyrsiflorus,ForestWetRich
79342,Rumex thyrsiflorus,ForestWetRich
79343,Rumex thyrsiflorus,ForestWetRich
79344,Rumex thyrsiflorus,ForestWetRich
79345,Rumex thyrsiflorus,ForestWetRich
79346,Rumex thyrsiflorus,ForestWetRich
79347,Rumex thyrsiflorus,ForestWetRich
79348,Rumex thyrsiflorus,ForestWetRich
79349,Rumex thyrsiflorus,ForestWetRich
79350,Rumex thyrsiflorus,ForestWetRich
79351,Rumex thyrsiflorus,ForestWetRich
79352,Rumex thyrsiflorus,ForestWetRich
79353,Rumex thyrsiflorus,ForestWetRich
79354,Rumex thyrsiflorus,ForestWetRich
79355,Rumex thyrsiflorus,ForestWetRich
79356,Rumex thyrsiflorus,ForestWetRich
79357,Rumex thyrsiflorus,ForestWetRich
79358,Rumex thyrsiflorus,ForestWetRich
79359,Rumex thyrsiflorus,ForestWetRich
79360,Rumex thyrsiflorus,ForestWetRich
79361,Rumex thyrsiflorus,ForestWetRich
79362,Rumex thyrsiflorus,ForestWetRich
79363,Rumex thyrsiflorus,ForestWetRich
79364,Rumex thyrsiflorus,ForestWetRich
79365,Rumex thyrsiflorus,ForestWetRich
79366,Rumex thyrsiflorus,ForestWetRich
79367,Rumex thyrsiflorus,ForestWetRich
79368,Rumex thyrsiflorus,ForestWetRich
79369,Rumex thyrsiflorus,ForestWetRich
79370,Rumex thyrsiflorus,ForestWetRich
79371,Rumex thyrsiflorus,ForestWetRich
79372,Rumex thyrsiflorus,ForestWetRich
79373,Rumex thyrsiflorus,ForestWetRich
79374,Rumex thyrsiflorus,ForestWetRich
79375,Rumex thyrsiflorus,ForestWetRich
79376,Rumex thyrsiflorus,ForestWetRich
79377,Rumex thyrsiflorus,ForestWetRich
79378,Rumex thyrsiflorus,ForestWetRich
79379,Rumex thyrsiflorus,ForestWetRich
79380,Rumex thyrsiflorus,ForestWetRich
79381,Rumex thyrsiflorus,ForestWetRich
79382,Rumex thyrsiflorus,ForestWetRich
79383,Rumex thyrsiflorus,ForestWetRich
79384,Rumex thyrsiflorus,ForestWetRich
79385,Rumex thyrsiflorus,ForestWetRich
79386,Rumex thyrsiflorus,ForestWetRich
79387,Rumex thyrsiflorus,ForestWetRich
79388,Rumex thyrsiflorus,ForestWetRich
79389,Rumex thyrsiflorus,ForestWetRich
79390,Rumex thyrsiflorus,ForestWetRich
79391,Rumex thyrsiflorus,ForestWetRich
79392,Rumex thyrsiflorus,ForestWetRich
79393,Rumex thyrsiflorus,ForestWetRich
79394,Rumex thyrsiflorus,ForestWetRich
79395,Rumex thyrsiflorus,ForestWetRich
79396,Rumex thyrsiflorus,ForestWetRich
79397,Rumex thyrsiflorus,ForestWetRich
79398,Rumex thyrsiflorus,ForestWetRich
79399,Rumex thyrsiflorus,ForestWetRich
79400,Rumex thyrsiflorus,ForestWetRich
79401,Rumex thyrsiflorus,ForestWetRich
79402,Rumex thyrsiflorus,ForestWetRich
79403,Rumex thyrsiflorus,ForestWetRich
79404,Rumex thyrsiflorus,ForestWetRich
79938,Rumex thyrsiflorus,ForestWetRich
79939,Rumex thyrsiflorus,ForestWetRich
79940,Rumex thyrsiflorus,ForestWetRich
79941,Rumex thyrsiflorus,ForestWetRich
79942,Rumex thyrsiflorus,ForestWetRich
79943,Rumex thyrsiflorus,ForestWetRich
79944,Rumex thyrsiflorus,ForestWetRich
79945,Rumex thyrsiflorus,ForestWetRich
79946,Rumex thyrsiflorus,ForestWetRich
79947,Rumex thyrsiflorus,ForestWetRich
79948,Rumex thyrsiflorus,ForestWetRich
79949,Rumex thyrsiflorus,ForestWetRich
79950,Rumex thyrsiflorus,ForestWetRich
79951,Rumex thyrsiflorus,ForestWetRich
79952,Rumex thyrsiflorus,ForestWetRich
79953,Rumex thyrsiflorus,ForestWetRich
79954,Rumex thyrsiflorus,ForestWetRich
79955,Rumex thyrsiflorus,ForestWetRich
79956,Rumex thyrsiflorus,ForestWetRich
79957,Rumex thyrsiflorus,ForestWetRich
79958,Rumex thyrsiflorus,ForestWetRich
79959,Rumex thyrsiflorus,ForestWetRich
79960,Rumex thyrsiflorus,ForestWetRich
79961,Rumex thyrsiflorus,ForestWetRich
79962,Rumex thyrsiflorus,ForestWetRich
79963,Rumex thyrsiflorus,ForestWetRich
79964,Rumex thyrsiflorus,ForestWetRich
79965,Rumex thyrsiflorus,ForestWetRich
79966,Rumex thyrsiflorus,ForestWetRich
79967,Rumex thyrsiflorus,ForestWetRich
79968,Rumex thyrsiflorus,ForestWetRich
79969,Rumex thyrsiflorus,ForestWetRich
79970,Rumex thyrsiflorus,ForestWetRich
79971,Rumex thyrsiflorus,ForestWetRich
79972,Rumex thyrsiflorus,ForestWetRich
79973,Rumex thyrsiflorus,ForestWetRich
79974,Rumex thyrsiflorus,ForestWetRich
79975,Rumex thyrsiflorus,ForestWetRich
79976,Rumex thyrsiflorus,ForestWetRich
79977,Rumex thyrsiflorus,ForestWetRich
79978,Rumex thyrsiflorus,ForestWetRich
79979,Rumex thyrsiflorus,ForestWetRich
79980,Rumex thyrsiflorus,ForestWetRich
79981,Rumex thyrsiflorus,ForestWetRich
79982,Rumex thyrsiflorus,ForestWetRich
79983,Rumex thyrsiflorus,ForestWetRich
79984,Rumex thyrsiflorus,ForestWetRich
79985,Rumex thyrsiflorus,ForestWetRich
79986,Rumex thyrsiflorus,ForestWetRich
79987,Rumex thyrsiflorus,ForestWetRich
79988,Rumex thyrsiflorus,ForestWetRich
79989,Rumex thyrsiflorus,ForestWetRich
79990,Rumex thyrsiflorus,ForestWetRich
79991,Rumex thyrsiflorus,ForestWetRich
79992,Rumex thyrsiflorus,ForestWetRich
79993,Rumex thyrsiflorus,ForestWetRich
79994,Rumex thyrsiflorus,ForestWetRich
79995,Rumex thyrsiflorus,ForestWetRich
79996,Rumex thyrsiflorus,ForestWetRich
79997,Rumex thyrsiflorus,ForestWetRich
79998,Rumex thyrsiflorus,ForestWetRich
79999,Rumex thyrsiflorus,ForestWetRich
80000,Rumex thyrsiflorus,ForestWetRich
80001,Rumex thyrsiflorus,ForestWetRich
80002,Rumex thyrsiflorus,ForestWetRich
80003,Rumex thyrsiflorus,ForestWetRich
80538,Rumex thyrsiflorus,ForestWetRich
80539,Rumex thyrsiflorus,ForestWetRich
80540,Rumex thyrsiflorus,ForestWetRich
80541,Rumex thyrsiflorus,ForestWetRich
80542,Rumex thyrsiflorus,ForestWetRich
80543,Rumex thyrsiflorus,ForestWetRich
80544,Rumex thyrsiflorus,ForestWetRich
80545,Rumex thyrsiflorus,ForestWetRich
80546,Rumex thyrsiflorus,ForestWetRich
80547,Rumex thyrsiflorus,ForestWetRich
80548,Rumex thyrsiflorus,ForestWetRich
80549,Rumex thyrsiflorus,ForestWetRich
80550,Rumex thyrsiflorus,ForestWetRich
80551,Rumex thyrsiflorus,ForestWetRich
80552,Rumex thyrsiflorus,ForestWetRich
80553,Rumex thyrsiflorus,ForestWetRich
80554,Rumex thyrsiflorus,ForestWetRich
80555,Rumex thyrsiflorus,ForestWetRich
80556,Rumex thyrsiflorus,ForestWetRich
80557,Rumex thyrsiflorus,ForestWetRich
80558,Rumex thyrsiflorus,ForestWetRich
80559,Rumex thyrsiflorus,ForestWetRich
80560,Rumex thyrsiflorus,ForestWetRich
80561,Rumex thyrsiflorus,ForestWetRich
80562,Rumex thyrsiflorus,ForestWetRich
80563,Rumex thyrsiflorus,ForestWetRich
80564,Rumex thyrsiflorus,ForestWetRich
80565,Rumex thyrsiflorus,ForestWetRich
80566,Rumex thyrsiflorus,ForestWetRich
80567,Rumex thyrsiflorus,ForestWetRich
80568,Rumex thyrsiflorus,ForestWetRich
80569,Rumex thyrsiflorus,ForestWetRich
80570,Rumex thyrsiflorus,ForestWetRich
80571,Rumex thyrsiflorus,ForestWetRich
80572,Rumex thyrsiflorus,ForestWetRich
80573,Rumex thyrsiflorus,ForestWetRich
80574,Rumex thyrsiflorus,ForestWetRich
80575,Rumex thyrsiflorus,ForestWetRich
80576,Rumex thyrsiflorus,ForestWetRich
80577,Rumex thyrsiflorus,ForestWetRich
80578,Rumex thyrsiflorus,ForestWetRich
80579,Rumex thyrsiflorus,ForestWetRich
80580,Rumex thyrsiflorus,ForestWetRich
80581,Rumex thyrsiflorus,ForestWetRich
80582,Rumex thyrsiflorus,ForestWetRich
80583,Rumex thyrsiflorus,ForestWetRich
80584,Rumex thyrsiflorus,ForestWetRich
80585,Rumex thyrsiflorus,ForestWetRich
80586,Rumex thyrsiflorus,ForestWetRich
80587,Rumex thyrsiflorus,ForestWetRich
80588,Rumex thyrsiflorus,ForestWetRich
80589,Rumex thyrsiflorus,ForestWetRich
80590,Rumex thyrsiflorus,ForestWetRich
80591,Rumex thyrsiflorus,ForestWetRich
80592,Rumex thyrsiflorus,ForestWetRich
80593,Rumex thyrsiflorus,ForestWetRich
80594,Rumex thyrsiflorus,ForestWetRich
80595,Rumex thyrsiflorus,ForestWetRich
80596,Rumex thyrsiflorus,ForestWetRich
80597,Rumex thyrsiflorus,ForestWetRich
80598,Rumex thyrsiflorus,ForestWetRich
80599,Rumex thyrsiflorus,ForestWetRich
80600,Rumex thyrsiflorus,ForestWetRich
80601,Rumex thyrsiflorus,ForestWetRich
80602,Rumex thyrsiflorus,ForestWetRich
81137,Rumex thyrsiflorus,ForestWetRich
81138,Rumex thyrsiflorus,ForestWetRich
81139,Rumex thyrsiflorus,ForestWetRich
81140,Rumex thyrsiflorus,ForestWetRich
81141,Rumex thyrsiflorus,ForestWetRich
81142,Rumex thyrsiflorus,ForestWetRich
81143,Rumex thyrsiflorus,ForestWetRich
81144,Rumex thyrsiflorus,ForestWetRich
81145,Rumex thyrsiflorus,ForestWetRich
81146,Rumex thyrsiflorus,ForestWetRich
81147,Rumex thyrsiflorus,ForestWetRich
81148,Rumex thyrsiflorus,ForestWetRich
81149,Rumex thyrsiflorus,ForestWetRich
81150,Rumex thyrsiflorus,ForestWetRich
81151,Rumex thyrsiflorus,ForestWetRich
81152,Rumex thyrsiflorus,ForestWetRich
81153,Rumex thyrsiflorus,ForestWetRich
81154,Rumex thyrsiflorus,ForestWetRich
81155,Rumex thyrsiflorus,ForestWetRich
81156,Rumex thyrsiflorus,ForestWetRich
81157,Rumex thyrsiflorus,ForestWetRich
81158,Rumex thyrsiflorus,ForestWetRich
81159,Rumex thyrsiflorus,ForestWetRich
81160,Rumex thyrsiflorus,ForestWetRich
81161,Rumex thyrsiflorus,ForestWetRich
81162,Rumex thyrsiflorus,ForestWetRich
81163,Rumex thyrsiflorus,ForestWetRich
81164,Rumex thyrsiflorus,ForestWetRich
81165,Rumex thyrsiflorus,ForestWetRich
81166,Rumex thyrsiflorus,ForestWetRich
81167,Rumex thyrsiflorus,ForestWetRich
81168,Rumex thyrsiflorus,ForestWetRich
81169,Rumex thyrsiflorus,ForestWetRich
81170,Rumex thyrsiflorus,ForestWetRich
81171,Rumex thyrsiflorus,ForestWetRich
81172,Rumex thyrsiflorus,ForestWetRich
81173,Rumex thyrsiflorus,ForestWetRich
81174,Rumex thyrsiflorus,ForestWetRich
81175,Rumex thyrsiflorus,ForestWetRich
81176,Rumex thyrsiflorus,ForestWetRich
81177,Rumex thyrsiflorus,ForestWetRich
81178,Rumex thyrsiflorus,ForestWetRich
81179,Rumex thyrsiflorus,ForestWetRich
81180,Rumex thyrsiflorus,ForestWetRich
81181,Rumex thyrsiflorus,ForestWetRich
81182,Rumex thyrsiflorus,ForestWetRich
81183,Rumex thyrsiflorus,ForestWetRich
81184,Rumex thyrsiflorus,ForestWetRich
81185,Rumex thyrsiflorus,ForestWetRich
81186,Rumex thyrsiflorus,ForestWetRich
81187,Rumex thyrsiflorus,ForestWetRich
81188,Rumex thyrsiflorus,ForestWetRich
81189,Rumex thyrsiflorus,ForestWetRich
81190,Rumex thyrsiflorus,ForestWetRich
81191,Rumex thyrsiflorus,ForestWetRich
81192,Rumex thyrsiflorus,ForestWetRich
81193,Rumex thyrsiflorus,ForestWetRich
81194,Rumex thyrsiflorus,ForestWetRich
81195,Rumex thyrsiflorus,ForestWetRich
81196,Rumex thyrsiflorus,ForestWetRich
81197,Rumex thyrsiflorus,ForestWetRich
81198,Rumex thyrsiflorus,ForestWetRich
81199,Rumex thyrsiflorus,ForestWetRich
81200,Rumex thyrsiflorus,ForestWetRich
81201,Rumex thyrsiflorus,ForestWetRich
81736,Rumex thyrsiflorus,ForestWetRich
81737,Rumex thyrsiflorus,ForestWetRich
81738,Rumex thyrsiflorus,ForestWetRich
81739,Rumex thyrsiflorus,ForestWetRich
81740,Rumex thyrsiflorus,ForestWetRich
81741,Rumex thyrsiflorus,ForestWetRich
81742,Rumex thyrsiflorus,ForestWetRich
81743,Rumex thyrsiflorus,ForestWetRich
81744,Rumex thyrsiflorus,ForestWetRich
81745,Rumex thyrsiflorus,ForestWetRich
81746,Rumex thyrsiflorus,ForestWetRich
81747,Rumex thyrsiflorus,ForestWetRich
81748,Rumex thyrsiflorus,ForestWetRich
81749,Rumex thyrsiflorus,ForestWetRich
81750,Rumex thyrsiflorus,ForestWetRich
81751,Rumex thyrsiflorus,ForestWetRich
81752,Rumex thyrsiflorus,ForestWetRich
81753,Rumex thyrsiflorus,ForestWetRich
81754,Rumex thyrsiflorus,ForestWetRich
81755,Rumex thyrsiflorus,ForestWetRich
81756,Rumex thyrsiflorus,ForestWetRich
81757,Rumex thyrsiflorus,ForestWetRich
81758,Rumex thyrsiflorus,ForestWetRich
81759,Rumex thyrsiflorus,ForestWetRich
81760,Rumex thyrsiflorus,ForestWetRich
81761,Rumex thyrsiflorus,ForestWetRich
81762,Rumex thyrsiflorus,ForestWetRich
81763,Rumex thyrsiflorus,ForestWetRich
81764,Rumex thyrsiflorus,ForestWetRich
81765,Rumex thyrsiflorus,ForestWetRich
81766,Rumex thyrsiflorus,ForestWetRich
81767,Rumex thyrsiflorus,ForestWetRich
81768,Rumex thyrsiflorus,ForestWetRich
81769,Rumex thyrsiflorus,ForestWetRich
81770,Rumex thyrsiflorus,ForestWetRich
81771,Rumex thyrsiflorus,ForestWetRich
81772,Rumex thyrsiflorus,ForestWetRich
81773,Rumex thyrsiflorus,ForestWetRich
81774,Rumex thyrsiflorus,ForestWetRich
81775,Rumex thyrsiflorus,ForestWetRich
81776,Rumex thyrsiflorus,ForestWetRich
81777,Rumex thyrsiflorus,ForestWetRich
81778,Rumex thyrsiflorus,ForestWetRich
81779,Rumex thyrsiflorus,ForestWetRich
81780,Rumex thyrsiflorus,ForestWetRich
81781,Rumex thyrsiflorus,ForestWetRich
81782,Rumex thyrsiflorus,ForestWetRich
81783,Rumex thyrsiflorus,ForestWetRich
81784,Rumex thyrsiflorus,ForestWetRich
81785,Rumex thyrsiflorus,ForestWetRich
81786,Rumex thyrsiflorus,ForestWetRich
81787,Rumex thyrsiflorus,ForestWetRich
81788,Rumex thyrsiflorus,ForestWetRich
81789,Rumex thyrsiflorus,ForestWetRich
81790,Rumex thyrsiflorus,ForestWetRich
81791,Rumex thyrsiflorus,ForestWetRich
81792,Rumex thyrsiflorus,ForestWetRich
81793,Rumex thyrsiflorus,ForestWetRich
81794,Rumex thyrsiflorus,ForestWetRich
81795,Rumex thyrsiflorus,ForestWetRich
81796,Rumex thyrsiflorus,ForestWetRich
81797,Rumex thyrsiflorus,ForestWetRich
81798,Rumex thyrsiflorus,ForestWetRich
81799,Rumex thyrsiflorus,ForestWetRich
81800,Rumex thyrsiflorus,ForestWetRich
82335,Rumex thyrsiflorus,ForestWetRich
82336,Rumex thyrsiflorus,ForestWetRich
82337,Rumex thyrsiflorus,ForestWetRich
82338,Rumex thyrsiflorus,ForestWetRich
82339,Rumex thyrsiflorus,ForestWetRich
82340,Rumex thyrsiflorus,ForestWetRich
82341,Rumex thyrsiflorus,ForestWetRich
82342,Rumex thyrsiflorus,ForestWetRich
82343,Rumex thyrsiflorus,ForestWetRich
82344,Rumex thyrsiflorus,ForestWetRich
82345,Rumex thyrsiflorus,ForestWetRich
82346,Rumex thyrsiflorus,ForestWetRich
82347,Rumex thyrsiflorus,ForestWetRich
82348,Rumex thyrsiflorus,ForestWetRich
82349,Rumex thyrsiflorus,ForestWetRich
82350,Rumex thyrsiflorus,ForestWetRich
82351,Rumex thyrsiflorus,ForestWetRich
82352,Rumex thyrsiflorus,ForestWetRich
82353,Rumex thyrsiflorus,ForestWetRich
82354,Rumex thyrsiflorus,ForestWetRich
82355,Rumex thyrsiflorus,ForestWetRich
82356,Rumex thyrsiflorus,ForestWetRich
82357,Rumex thyrsiflorus,ForestWetRich
82358,Rumex thyrsiflorus,ForestWetRich
82359,Rumex thyrsiflorus,ForestWetRich
82360,Rumex thyrsiflorus,ForestWetRich
82361,Rumex thyrsiflorus,ForestWetRich
82362,Rumex thyrsiflorus,ForestWetRich
82363,Rumex thyrsiflorus,ForestWetRich
82364,Rumex thyrsiflorus,ForestWetRich
82365,Rumex thyrsiflorus,ForestWetRich
82366,Rumex thyrsiflorus,ForestWetRich
82367,Rumex thyrsiflorus,ForestWetRich
82368,Rumex thyrsiflorus,ForestWetRich
82369,Rumex thyrsiflorus,ForestWetRich
82370,Rumex thyrsiflorus,ForestWetRich
82371,Rumex thyrsiflorus,ForestWetRich
82372,Rumex thyrsiflorus,ForestWetRich
82373,Rumex thyrsiflorus,ForestWetRich
82374,Rumex thyrsiflorus,ForestWetRich
82375,Rumex thyrsiflorus,ForestWetRich
82376,Rumex thyrsiflorus,ForestWetRich
82377,Rumex thyrsiflorus,ForestWetRich
82378,Rumex thyrsiflorus,ForestWetRich
82379,Rumex thyrsiflorus,ForestWetRich
82380,Rumex thyrsiflorus,ForestWetRich
82381,Rumex thyrsiflorus,ForestWetRich
82382,Rumex thyrsiflorus,ForestWetRich
82383,Rumex thyrsiflorus,ForestWetRich
82384,Rumex thyrsiflorus,ForestWetRich
82385,Rumex thyrsiflorus,ForestWetRich
82386,Rumex thyrsiflorus,ForestWetRich
82387,Rumex thyrsiflorus,ForestWetRich
82388,Rumex thyrsiflorus,ForestWetRich
82389,Rumex thyrsiflorus,ForestWetRich
82390,Rumex thyrsiflorus,ForestWetRich
82391,Rumex thyrsiflorus,ForestWetRich
82392,Rumex thyrsiflorus,ForestWetRich
82393,Rumex thyrsiflorus,ForestWetRich
82394,Rumex thyrsiflorus,ForestWetRich
82395,Rumex thyrsiflorus,ForestWetRich
82396,Rumex thyrsiflorus,ForestWetRich
82397,Rumex thyrsiflorus,ForestWetRich
82398,Rumex thyrsiflorus,ForestWetRich
82399,Rumex thyrsiflorus,ForestWetRich
82935,Rumex thyrsiflorus,ForestWetRich
82936,Rumex thyrsiflorus,ForestWetRich
82937,Rumex thyrsiflorus,ForestWetRich
82938,Rumex thyrsiflorus,ForestWetRich
82939,Rumex thyrsiflorus,ForestWetRich
82940,Rumex thyrsiflorus,ForestWetRich
82941,Rumex thyrsiflorus,ForestWetRich
82942,Rumex thyrsiflorus,ForestWetRich
82943,Rumex thyrsiflorus,ForestWetRich
82944,Rumex thyrsiflorus,ForestWetRich
82945,Rumex thyrsiflorus,ForestWetRich
82946,Rumex thyrsiflorus,ForestWetRich
82947,Rumex thyrsiflorus,ForestWetRich
82948,Rumex thyrsiflorus,ForestWetRich
82949,Rumex thyrsiflorus,ForestWetRich
82950,Rumex thyrsiflorus,ForestWetRich
82951,Rumex thyrsiflorus,ForestWetRich
82952,Rumex thyrsiflorus,ForestWetRich
82953,Rumex thyrsiflorus,ForestWetRich
82954,Rumex thyrsiflorus,ForestWetRich
82955,Rumex thyrsiflorus,ForestWetRich
82956,Rumex thyrsiflorus,ForestWetRich
82957,Rumex thyrsiflorus,ForestWetRich
82958,Rumex thyrsiflorus,ForestWetRich
82959,Rumex thyrsiflorus,ForestWetRich
82960,Rumex thyrsiflorus,ForestWetRich
82961,Rumex thyrsiflorus,ForestWetRich
82962,Rumex thyrsiflorus,ForestWetRich
82963,Rumex thyrsiflorus,ForestWetRich
82964,Rumex thyrsiflorus,ForestWetRich
82965,Rumex thyrsiflorus,ForestWetRich
82966,Rumex thyrsiflorus,ForestWetRich
82967,Rumex thyrsiflorus,ForestWetRich
82968,Rumex thyrsiflorus,ForestWetRich
82969,Rumex thyrsiflorus,ForestWetRich
82970,Rumex thyrsiflorus,ForestWetRich
82971,Rumex thyrsiflorus,ForestWetRich
82972,Rumex thyrsiflorus,ForestWetRich
82973,Rumex thyrsiflorus,ForestWetRich
82974,Rumex thyrsiflorus,ForestWetRich
82975,Rumex thyrsiflorus,ForestWetRich
82976,Rumex thyrsiflorus,ForestWetRich
82977,Rumex thyrsiflorus,ForestWetRich
82978,Rumex thyrsiflorus,ForestWetRich
82979,Rumex thyrsiflorus,ForestWetRich
82980,Rumex thyrsiflorus,ForestWetRich
82981,Rumex thyrsiflorus,ForestWetRich
82982,Rumex thyrsiflorus,ForestWetRich
82983,Rumex thyrsiflorus,ForestWetRich
82984,Rumex thyrsiflorus,ForestWetRich
82985,Rumex thyrsiflorus,ForestWetRich
82986,Rumex thyrsiflorus,ForestWetRich
82987,Rumex thyrsiflorus,ForestWetRich
82988,Rumex thyrsiflorus,ForestWetRich
82989,Rumex thyrsiflorus,ForestWetRich
82990,Rumex thyrsiflorus,ForestWetRich
82991,Rumex thyrsiflorus,ForestWetRich
82992,Rumex thyrsiflorus,ForestWetRich
82993,Rumex thyrsiflorus,ForestWetRich
82994,Rumex thyrsiflorus,ForestWetRich
82995,Rumex thyrsiflorus,ForestWetRich
82996,Rumex thyrsiflorus,ForestWetRich
82997,Rumex thyrsiflorus,ForestWetRich
82998,Rumex thyrsiflorus,ForestWetRich
83534,Rumex thyrsiflorus,ForestWetRich
83535,Rumex thyrsiflorus,ForestWetRich
83536,Rumex thyrsiflorus,ForestWetRich
83537,Rumex thyrsiflorus,ForestWetRich
83538,Rumex thyrsiflorus,ForestWetRich
83539,Rumex thyrsiflorus,ForestWetRich
83540,Rumex thyrsiflorus,ForestWetRich
83541,Rumex thyrsiflorus,ForestWetRich
83542,Rumex thyrsiflorus,ForestWetRich
83543,Rumex thyrsiflorus,ForestWetRich
83544,Rumex thyrsiflorus,ForestWetRich
83545,Rumex thyrsiflorus,ForestWetRich
83546,Rumex thyrsiflorus,ForestWetRich
83547,Rumex thyrsiflorus,ForestWetRich
83548,Rumex thyrsiflorus,ForestWetRich
83549,Rumex thyrsiflorus,ForestWetRich
83550,Rumex thyrsiflorus,ForestWetRich
83551,Rumex thyrsiflorus,ForestWetRich
83552,Rumex thyrsiflorus,ForestWetRich
83553,Rumex thyrsiflorus,ForestWetRich
83554,Rumex thyrsiflorus,ForestWetRich
83555,Rumex thyrsiflorus,ForestWetRich
83556,Rumex thyrsiflorus,ForestWetRich
83557,Rumex thyrsiflorus,ForestWetRich
83558,Rumex thyrsiflorus,ForestWetRich
83559,Rumex thyrsiflorus,ForestWetRich
83560,Rumex thyrsiflorus,ForestWetRich
83561,Rumex thyrsiflorus,ForestWetRich
83562,Rumex thyrsiflorus,ForestWetRich
83563,Rumex thyrsiflorus,ForestWetRich
83564,Rumex thyrsiflorus,ForestWetRich
83565,Rumex thyrsiflorus,ForestWetRich
83566,Rumex thyrsiflorus,ForestWetRich
83567,Rumex thyrsiflorus,ForestWetRich
83568,Rumex thyrsiflorus,ForestWetRich
83569,Rumex thyrsiflorus,ForestWetRich
83570,Rumex thyrsiflorus,ForestWetRich
83571,Rumex thyrsiflorus,ForestWetRich
83572,Rumex thyrsiflorus,ForestWetRich
83573,Rumex thyrsiflorus,ForestWetRich
83574,Rumex thyrsiflorus,ForestWetRich
83575,Rumex thyrsiflorus,ForestWetRich
83576,Rumex thyrsiflorus,ForestWetRich
83577,Rumex thyrsiflorus,ForestWetRich
83578,Rumex thyrsiflorus,ForestWetRich
83579,Rumex thyrsiflorus,ForestWetRich
83580,Rumex thyrsiflorus,ForestWetRich
83581,Rumex thyrsiflorus,ForestWetRich
83582,Rumex thyrsiflorus,ForestWetRich
83583,Rumex thyrsiflorus,ForestWetRich
83584,Rumex thyrsiflorus,ForestWetRich
83585,Rumex thyrsiflorus,ForestWetRich
83586,Rumex thyrsiflorus,ForestWetRich
83587,Rumex thyrsiflorus,ForestWetRich
83588,Rumex thyrsiflorus,ForestWetRich
83589,Rumex thyrsiflorus,ForestWetRich
83590,Rumex thyrsiflorus,ForestWetRich
83591,Rumex thyrsiflorus,ForestWetRich
83592,Rumex thyrsiflorus,ForestWetRich
83593,Rumex thyrsiflorus,ForestWetRich
83594,Rumex thyrsiflorus,ForestWetRich
83595,Rumex thyrsiflorus,ForestWetRich
83596,Rumex thyrsiflorus,ForestWetRich
83597,Rumex thyrsiflorus,ForestWetRich
84133,Rumex thyrsiflorus,ForestWetRich
84134,Rumex thyrsiflorus,ForestWetRich
84135,Rumex thyrsiflorus,ForestWetRich
84136,Rumex thyrsiflorus,ForestWetRich
84137,Rumex thyrsiflorus,ForestWetRich
84138,Rumex thyrsiflorus,ForestWetRich
84139,Rumex thyrsiflorus,ForestWetRich
84140,Rumex thyrsiflorus,ForestWetRich
84141,Rumex thyrsiflorus,ForestWetRich
84142,Rumex thyrsiflorus,ForestWetRich
84143,Rumex thyrsiflorus,ForestWetRich
84144,Rumex thyrsiflorus,ForestWetRich
84145,Rumex thyrsiflorus,ForestWetRich
84146,Rumex thyrsiflorus,ForestWetRich
84147,Rumex thyrsiflorus,ForestWetRich
84148,Rumex thyrsiflorus,ForestWetRich
84149,Rumex thyrsiflorus,ForestWetRich
84150,Rumex thyrsiflorus,ForestWetRich
84151,Rumex thyrsiflorus,ForestWetRich
84152,Rumex thyrsiflorus,ForestWetRich
84153,Rumex thyrsiflorus,ForestWetRich
84154,Rumex thyrsiflorus,ForestWetRich
84155,Rumex thyrsiflorus,ForestWetRich
84156,Rumex thyrsiflorus,ForestWetRich
84157,Rumex thyrsiflorus,ForestWetRich
84158,Rumex thyrsiflorus,ForestWetRich
84159,Rumex thyrsiflorus,ForestWetRich
84160,Rumex thyrsiflorus,ForestWetRich
84161,Rumex thyrsiflorus,ForestWetRich
84162,Rumex thyrsiflorus,ForestWetRich
84163,Rumex thyrsiflorus,ForestWetRich
84164,Rumex thyrsiflorus,ForestWetRich
84165,Rumex thyrsiflorus,ForestWetRich
84166,Rumex thyrsiflorus,ForestWetRich
84167,Rumex thyrsiflorus,ForestWetRich
84168,Rumex thyrsiflorus,ForestWetRich
84169,Rumex thyrsiflorus,ForestWetRich
84170,Rumex thyrsiflorus,ForestWetRich
84171,Rumex thyrsiflorus,ForestWetRich
84172,Rumex thyrsiflorus,ForestWetRich
84173,Rumex thyrsiflorus,ForestWetRich
84174,Rumex thyrsiflorus,ForestWetRich
84175,Rumex thyrsiflorus,ForestWetRich
84176,Rumex thyrsiflorus,ForestWetRich
84177,Rumex thyrsiflorus,ForestWetRich
84178,Rumex thyrsiflorus,ForestWetRich
84179,Rumex thyrsiflorus,ForestWetRich
84180,Rumex thyrsiflorus,ForestWetRich
84181,Rumex thyrsiflorus,ForestWetRich
84182,Rumex thyrsiflorus,ForestWetRich
84183,Rumex thyrsiflorus,ForestWetRich
84184,Rumex thyrsiflorus,ForestWetRich
84185,Rumex thyrsiflorus,ForestWetRich
84186,Rumex thyrsiflorus,ForestWetRich
84187,Rumex thyrsiflorus,ForestWetRich
84188,Rumex thyrsiflorus,ForestWetRich
84189,Rumex thyrsiflorus,ForestWetRich
84190,Rumex thyrsiflorus,ForestWetRich
84191,Rumex thyrsiflorus,ForestWetRich
84192,Rumex thyrsiflorus,ForestWetRich
84193,Rumex thyrsiflorus,ForestWetRich
84194,Rumex thyrsiflorus,ForestWetRich
84195,Rumex thyrsiflorus,ForestWetRich
84196,Rumex thyrsiflorus,ForestWetRich
84732,Rumex thyrsiflorus,ForestWetRich
84733,Rumex thyrsiflorus,ForestWetRich
84734,Rumex thyrsiflorus,ForestWetRich
84735,Rumex thyrsiflorus,ForestWetRich
84736,Rumex thyrsiflorus,ForestWetRich
84737,Rumex thyrsiflorus,ForestWetRich
84738,Rumex thyrsiflorus,ForestWetRich
84739,Rumex thyrsiflorus,ForestWetRich
84740,Rumex thyrsiflorus,ForestWetRich
84741,Rumex thyrsiflorus,ForestWetRich
84742,Rumex thyrsiflorus,ForestWetRich
84743,Rumex thyrsiflorus,ForestWetRich
84744,Rumex thyrsiflorus,ForestWetRich
84745,Rumex thyrsiflorus,ForestWetRich
84746,Rumex thyrsiflorus,ForestWetRich
84747,Rumex thyrsiflorus,ForestWetRich
84748,Rumex thyrsiflorus,ForestWetRich
84749,Rumex thyrsiflorus,ForestWetRich
84750,Rumex thyrsiflorus,ForestWetRich
84751,Rumex thyrsiflorus,ForestWetRich
84752,Rumex thyrsiflorus,ForestWetRich
84753,Rumex thyrsiflorus,ForestWetRich
84754,Rumex thyrsiflorus,ForestWetRich
84755,Rumex thyrsiflorus,ForestWetRich
84756,Rumex thyrsiflorus,ForestWetRich
84757,Rumex thyrsiflorus,ForestWetRich
84758,Rumex thyrsiflorus,ForestWetRich
84759,Rumex thyrsiflorus,ForestWetRich
84760,Rumex thyrsiflorus,ForestWetRich
84761,Rumex thyrsiflorus,ForestWetRich
84762,Rumex thyrsiflorus,ForestWetRich
84763,Rumex thyrsiflorus,ForestWetRich
84764,Rumex thyrsiflorus,ForestWetRich
84765,Rumex thyrsiflorus,ForestWetRich
84766,Rumex thyrsiflorus,ForestWetRich
84767,Rumex thyrsiflorus,ForestWetRich
84768,Rumex thyrsiflorus,ForestWetRich
84769,Rumex thyrsiflorus,ForestWetRich
84770,Rumex thyrsiflorus,ForestWetRich
84771,Rumex thyrsiflorus,ForestWetRich
84772,Rumex thyrsiflorus,ForestWetRich
84773,Rumex thyrsiflorus,ForestWetRich
84774,Rumex thyrsiflorus,ForestWetRich
84775,Rumex thyrsiflorus,ForestWetRich
84776,Rumex thyrsiflorus,ForestWetRich
84777,Rumex thyrsiflorus,ForestWetRich
84778,Rumex thyrsiflorus,ForestWetRich
84779,Rumex thyrsiflorus,ForestWetRich
84780,Rumex thyrsiflorus,ForestWetRich
84781,Rumex thyrsiflorus,ForestWetRich
84782,Rumex thyrsiflorus,ForestWetRich
84783,Rumex thyrsiflorus,ForestWetRich
84784,Rumex thyrsiflorus,ForestWetRich
84785,Rumex thyrsiflorus,ForestWetRich
84786,Rumex thyrsiflorus,ForestWetRich
84787,Rumex thyrsiflorus,ForestWetRich
84788,Rumex thyrsiflorus,ForestWetRich
84789,Rumex thyrsiflorus,ForestWetRich
84790,Rumex thyrsiflorus,ForestWetRich
84791,Rumex thyrsiflorus,ForestWetRich
84792,Rumex thyrsiflorus,ForestWetRich
84793,Rumex thyrsiflorus,ForestWetRich
84794,Rumex thyrsiflorus,ForestWetRich
84795,Rumex thyrsiflorus,ForestWetRich
85332,Rumex thyrsiflorus,ForestWetRich
85333,Rumex thyrsiflorus,ForestWetRich
85334,Rumex thyrsiflorus,ForestWetRich
85335,Rumex thyrsiflorus,ForestWetRich
85336,Rumex thyrsiflorus,ForestWetRich
85337,Rumex thyrsiflorus,ForestWetRich
85338,Rumex thyrsiflorus,ForestWetRich
85339,Rumex thyrsiflorus,ForestWetRich
85340,Rumex thyrsiflorus,ForestWetRich
85341,Rumex thyrsiflorus,ForestWetRich
85342,Rumex thyrsiflorus,ForestWetRich
85343,Rumex thyrsiflorus,ForestWetRich
85344,Rumex thyrsiflorus,ForestWetRich
85345,Rumex thyrsiflorus,ForestWetRich
85346,Rumex thyrsiflorus,ForestWetRich
85347,Rumex thyrsiflorus,ForestWetRich
85348,Rumex thyrsiflorus,ForestWetRich
85349,Rumex thyrsiflorus,ForestWetRich
85350,Rumex thyrsiflorus,ForestWetRich
85351,Rumex thyrsiflorus,ForestWetRich
85352,Rumex thyrsiflorus,ForestWetRich
85353,Rumex thyrsiflorus,ForestWetRich
85354,Rumex thyrsiflorus,ForestWetRich
85355,Rumex thyrsiflorus,ForestWetRich
85356,Rumex thyrsiflorus,ForestWetRich
85357,Rumex thyrsiflorus,ForestWetRich
85358,Rumex thyrsiflorus,ForestWetRich
85359,Rumex thyrsiflorus,ForestWetRich
85360,Rumex thyrsiflorus,ForestWetRich
85361,Rumex thyrsiflorus,ForestWetRich
85362,Rumex thyrsiflorus,ForestWetRich
85363,Rumex thyrsiflorus,ForestWetRich
85364,Rumex thyrsiflorus,ForestWetRich
85365,Rumex thyrsiflorus,ForestWetRich
85366,Rumex thyrsiflorus,ForestWetRich
85367,Rumex thyrsiflorus,ForestWetRich
85368,Rumex thyrsiflorus,ForestWetRich
85369,Rumex thyrsiflorus,ForestWetRich
85370,Rumex thyrsiflorus,ForestWetRich
85371,Rumex thyrsiflorus,ForestWetRich
85372,Rumex thyrsiflorus,ForestWetRich
85373,Rumex thyrsiflorus,ForestWetRich
85374,Rumex thyrsiflorus,ForestWetRich
85375,Rumex thyrsiflorus,ForestWetRich
85376,Rumex thyrsiflorus,ForestWetRich
85377,Rumex thyrsiflorus,ForestWetRich
85378,Rumex thyrsiflorus,ForestWetRich
85379,Rumex thyrsiflorus,ForestWetRich
85380,Rumex thyrsiflorus,ForestWetRich
85381,Rumex thyrsiflorus,ForestWetRich
85382,Rumex thyrsiflorus,ForestWetRich
85383,Rumex thyrsiflorus,ForestWetRich
85384,Rumex thyrsiflorus,ForestWetRich
85385,Rumex thyrsiflorus,ForestWetRich
85386,Rumex thyrsiflorus,ForestWetRich
85387,Rumex thyrsiflorus,ForestWetRich
85388,Rumex thyrsiflorus,ForestWetRich
85389,Rumex thyrsiflorus,ForestWetRich
85390,Rumex thyrsiflorus,ForestWetRich
85391,Rumex thyrsiflorus,ForestWetRich
85392,Rumex thyrsiflorus,ForestWetRich
85393,Rumex thyrsiflorus,ForestWetRich
85394,Rumex thyrsiflorus,ForestWetRich
85931,Rumex thyrsiflorus,ForestWetRich
85932,Rumex thyrsiflorus,ForestWetRich
85933,Rumex thyrsiflorus,ForestWetRich
85934,Rumex thyrsiflorus,ForestWetRich
85935,Rumex thyrsiflorus,ForestWetRich
85936,Rumex thyrsiflorus,ForestWetRich
85937,Rumex thyrsiflorus,ForestWetRich
85938,Rumex thyrsiflorus,ForestWetRich
85939,Rumex thyrsiflorus,ForestWetRich
85940,Rumex thyrsiflorus,ForestWetRich
85941,Rumex thyrsiflorus,ForestWetRich
85942,Rumex thyrsiflorus,ForestWetRich
85943,Rumex thyrsiflorus,ForestWetRich
85944,Rumex thyrsiflorus,ForestWetRich
85945,Rumex thyrsiflorus,ForestWetRich
85946,Rumex thyrsiflorus,ForestWetRich
85947,Rumex thyrsiflorus,ForestWetRich
85948,Rumex thyrsiflorus,ForestWetRich
85949,Rumex thyrsiflorus,ForestWetRich
85950,Rumex thyrsiflorus,ForestWetRich
85951,Rumex thyrsiflorus,ForestWetRich
85952,Rumex thyrsiflorus,ForestWetRich
85953,Rumex thyrsiflorus,ForestWetRich
85954,Rumex thyrsiflorus,ForestWetRich
85955,Rumex thyrsiflorus,ForestWetRich
85956,Rumex thyrsiflorus,ForestWetRich
85957,Rumex thyrsiflorus,ForestWetRich
85958,Rumex thyrsiflorus,ForestWetRich
85959,Rumex thyrsiflorus,ForestWetRich
85960,Rumex thyrsiflorus,ForestWetRich
85961,Rumex thyrsiflorus,ForestWetRich
85962,Rumex thyrsiflorus,ForestWetRich
85963,Rumex thyrsiflorus,ForestWetRich
85964,Rumex thyrsiflorus,ForestWetRich
85965,Rumex thyrsiflorus,ForestWetRich
85966,Rumex thyrsiflorus,ForestWetRich
85967,Rumex thyrsiflorus,ForestWetRich
85968,Rumex thyrsiflorus,ForestWetRich
85969,Rumex thyrsiflorus,ForestWetRich
85970,Rumex thyrsiflorus,ForestWetRich
85971,Rumex thyrsiflorus,ForestWetRich
85972,Rumex thyrsiflorus,ForestWetRich
85973,Rumex thyrsiflorus,ForestWetRich
85974,Rumex thyrsiflorus,ForestWetRich
85975,Rumex thyrsiflorus,ForestWetRich
85976,Rumex thyrsiflorus,ForestWetRich
85977,Rumex thyrsiflorus,ForestWetRich
85978,Rumex thyrsiflorus,ForestWetRich
85979,Rumex thyrsiflorus,ForestWetRich
85980,Rumex thyrsiflorus,ForestWetRich
85981,Rumex thyrsiflorus,ForestWetRich
85982,Rumex thyrsiflorus,ForestWetRich
85983,Rumex thyrsiflorus,ForestWetRich
85984,Rumex thyrsiflorus,ForestWetRich
85985,Rumex thyrsiflorus,ForestWetRich
85986,Rumex thyrsiflorus,ForestWetRich
85987,Rumex thyrsiflorus,ForestWetRich
85988,Rumex thyrsiflorus,ForestWetRich
85989,Rumex thyrsiflorus,ForestWetRich
85990,Rumex thyrsiflorus,ForestWetRich
85991,Rumex thyrsiflorus,ForestWetRich
85992,Rumex thyrsiflorus,ForestWetRich
85993,Rumex thyrsiflorus,ForestWetRich
86531,Rumex thyrsiflorus,ForestWetRich
86532,Rumex thyrsiflorus,ForestWetRich
86533,Rumex thyrsiflorus,ForestWetRich
86534,Rumex thyrsiflorus,ForestWetRich
86535,Rumex thyrsiflorus,ForestWetRich
86536,Rumex thyrsiflorus,ForestWetRich
86537,Rumex thyrsiflorus,ForestWetRich
86538,Rumex thyrsiflorus,ForestWetRich
86539,Rumex thyrsiflorus,ForestWetRich
86540,Rumex thyrsiflorus,ForestWetRich
86541,Rumex thyrsiflorus,ForestWetRich
86542,Rumex thyrsiflorus,ForestWetRich
86543,Rumex thyrsiflorus,ForestWetRich
86544,Rumex thyrsiflorus,ForestWetRich
86545,Rumex thyrsiflorus,ForestWetRich
86546,Rumex thyrsiflorus,ForestWetRich
86547,Rumex thyrsiflorus,ForestWetRich
86548,Rumex thyrsiflorus,ForestWetRich
86549,Rumex thyrsiflorus,ForestWetRich
86550,Rumex thyrsiflorus,ForestWetRich
86551,Rumex thyrsiflorus,ForestWetRich
86552,Rumex thyrsiflorus,ForestWetRich
86553,Rumex thyrsiflorus,ForestWetRich
86554,Rumex thyrsiflorus,ForestWetRich
86555,Rumex thyrsiflorus,ForestWetRich
86556,Rumex thyrsiflorus,ForestWetRich
86557,Rumex thyrsiflorus,ForestWetRich
86558,Rumex thyrsiflorus,ForestWetRich
86559,Rumex thyrsiflorus,ForestWetRich
86560,Rumex thyrsiflorus,ForestWetRich
86561,Rumex thyrsiflorus,ForestWetRich
86562,Rumex thyrsiflorus,ForestWetRich
86563,Rumex thyrsiflorus,ForestWetRich
86564,Rumex thyrsiflorus,ForestWetRich
86565,Rumex thyrsiflorus,ForestWetRich
86566,Rumex thyrsiflorus,ForestWetRich
86567,Rumex thyrsiflorus,ForestWetRich
86568,Rumex thyrsiflorus,ForestWetRich
86569,Rumex thyrsiflorus,ForestWetRich
86570,Rumex thyrsiflorus,ForestWetRich
86571,Rumex thyrsiflorus,ForestWetRich
86572,Rumex thyrsiflorus,ForestWetRich
86573,Rumex thyrsiflorus,ForestWetRich
86574,Rumex thyrsiflorus,ForestWetRich
86575,Rumex thyrsiflorus,ForestWetRich
86576,Rumex thyrsiflorus,ForestWetRich
86577,Rumex thyrsiflorus,ForestWetRich
86578,Rumex thyrsiflorus,ForestWetRich
86579,Rumex thyrsiflorus,ForestWetRich
86580,Rumex thyrsiflorus,ForestWetRich
86581,Rumex thyrsiflorus,ForestWetRich
86582,Rumex thyrsiflorus,ForestWetRich
86583,Rumex thyrsiflorus,ForestWetRich
86584,Rumex thyrsiflorus,ForestWetRich
86585,Rumex thyrsiflorus,ForestWetRich
86586,Rumex thyrsiflorus,ForestWetRich
86587,Rumex thyrsiflorus,ForestWetRich
86588,Rumex thyrsiflorus,ForestWetRich
86589,Rumex thyrsiflorus,ForestWetRich
86590,Rumex thyrsiflorus,ForestWetRich
86591,Rumex thyrsiflorus,ForestWetRich
86592,Rumex thyrsiflorus,ForestWetRich
86593,Rumex thyrsiflorus,ForestWetRich
86594,Rumex thyrsiflorus,ForestWetRich
86595,Rumex thyrsiflorus,ForestWetRich
86596,Rumex thyrsiflorus,ForestWetRich
86597,Rumex thyrsiflorus,ForestWetRich
86598,Rumex thyrsiflorus,ForestWetRich
86599,Rumex thyrsiflorus,ForestWetRich
86600,Rumex thyrsiflorus,ForestWetRich
86601,Rumex thyrsiflorus,ForestWetRich
86602,Rumex thyrsiflorus,ForestWetRich
86603,Rumex thyrsiflorus,ForestWetRich
86604,Rumex thyrsiflorus,ForestWetRich
86605,Rumex thyrsiflorus,ForestWetRich
86606,Rumex thyrsiflorus,ForestWetRich
86607,Rumex thyrsiflorus,ForestWetRich
86608,Rumex thyrsiflorus,ForestWetRich
86609,Rumex thyrsiflorus,ForestWetRich
86610,Rumex thyrsiflorus,ForestWetRich
86611,Rumex thyrsiflorus,ForestWetRich
86612,Rumex thyrsiflorus,ForestWetRich
86613,Rumex thyrsiflorus,ForestWetRich
86614,Rumex thyrsiflorus,ForestWetRich
86615,Rumex thyrsiflorus,ForestWetRich
86616,Rumex thyrsiflorus,ForestWetRich
86617,Rumex thyrsiflorus,ForestWetRich
86618,Rumex thyrsiflorus,ForestWetRich
86619,Rumex thyrsiflorus,ForestWetRich
86620,Rumex thyrsiflorus,ForestWetRich
86621,Rumex thyrsiflorus,ForestWetRich
86622,Rumex thyrsiflorus,ForestWetRich
87130,Rumex thyrsiflorus,ForestWetRich
87131,Rumex thyrsiflorus,ForestWetRich
87132,Rumex thyrsiflorus,ForestWetRich
87133,Rumex thyrsiflorus,ForestWetRich
87134,Rumex thyrsiflorus,ForestWetRich
87135,Rumex thyrsiflorus,ForestWetRich
87136,Rumex thyrsiflorus,ForestWetRich
87137,Rumex thyrsiflorus,ForestWetRich
87138,Rumex thyrsiflorus,ForestWetRich
87139,Rumex thyrsiflorus,ForestWetRich
87140,Rumex thyrsiflorus,ForestWetRich
87141,Rumex thyrsiflorus,ForestWetRich
87142,Rumex thyrsiflorus,ForestWetRich
87143,Rumex thyrsiflorus,ForestWetRich
87144,Rumex thyrsiflorus,ForestWetRich
87145,Rumex thyrsiflorus,ForestWetRich
87146,Rumex thyrsiflorus,ForestWetRich
87147,Rumex thyrsiflorus,ForestWetRich
87148,Rumex thyrsiflorus,ForestWetRich
87149,Rumex thyrsiflorus,ForestWetRich
87150,Rumex thyrsiflorus,ForestWetRich
87151,Rumex thyrsiflorus,ForestWetRich
87152,Rumex thyrsiflorus,ForestWetRich
87153,Rumex thyrsiflorus,ForestWetRich
87154,Rumex thyrsiflorus,ForestWetRich
87155,Rumex thyrsiflorus,ForestWetRich
87156,Rumex thyrsiflorus,ForestWetRich
87157,Rumex thyrsiflorus,ForestWetRich
87158,Rumex thyrsiflorus,ForestWetRich
87159,Rumex thyrsiflorus,ForestWetRich
87160,Rumex thyrsiflorus,ForestWetRich
87161,Rumex thyrsiflorus,ForestWetRich
87162,Rumex thyrsiflorus,ForestWetRich
87163,Rumex thyrsiflorus,ForestWetRich
87164,Rumex thyrsiflorus,ForestWetRich
87165,Rumex thyrsiflorus,ForestWetRich
87166,Rumex thyrsiflorus,ForestWetRich
87167,Rumex thyrsiflorus,ForestWetRich
87168,Rumex thyrsiflorus,ForestWetRich
87169,Rumex thyrsiflorus,ForestWetRich
87170,Rumex thyrsiflorus,ForestWetRich
87171,Rumex thyrsiflorus,ForestWetRich
87172,Rumex thyrsiflorus,ForestWetRich
87173,Rumex thyrsiflorus,ForestWetRich
87174,Rumex thyrsiflorus,ForestWetRich
87175,Rumex thyrsiflorus,ForestWetRich
87176,Rumex thyrsiflorus,ForestWetRich
87177,Rumex thyrsiflorus,ForestWetRich
87178,Rumex thyrsiflorus,ForestWetRich
87179,Rumex thyrsiflorus,ForestWetRich
87180,Rumex thyrsiflorus,ForestWetRich
87181,Rumex thyrsiflorus,ForestWetRich
87182,Rumex thyrsiflorus,ForestWetRich
87183,Rumex thyrsiflorus,ForestWetRich
87184,Rumex thyrsiflorus,ForestWetRich
87185,Rumex thyrsiflorus,ForestWetRich
87186,Rumex thyrsiflorus,ForestWetRich
87187,Rumex thyrsiflorus,ForestWetRich
87188,Rumex thyrsiflorus,ForestWetRich
87189,Rumex thyrsiflorus,ForestWetRich
87190,Rumex thyrsiflorus,ForestWetRich
87191,Rumex thyrsiflorus,ForestWetRich
87192,Rumex thyrsiflorus,ForestWetRich
87193,Rumex thyrsiflorus,ForestWetRich
87194,Rumex thyrsiflorus,ForestWetRich
87195,Rumex thyrsiflorus,ForestWetRich
87196,Rumex thyrsiflorus,ForestWetRich
87197,Rumex thyrsiflorus,ForestWetRich
87198,Rumex thyrsiflorus,ForestWetRich
87199,Rumex thyrsiflorus,ForestWetRich
87200,Rumex thyrsiflorus,ForestWetRich
87201,Rumex thyrsiflorus,ForestWetRich
87202,Rumex thyrsiflorus,ForestWetRich
87203,Rumex thyrsiflorus,ForestWetRich
87204,Rumex thyrsiflorus,ForestWetRich
87205,Rumex thyrsiflorus,ForestWetRich
87206,Rumex thyrsiflorus,ForestWetRich
87207,Rumex thyrsiflorus,ForestWetRich
87208,Rumex thyrsiflorus,ForestWetRich
87209,Rumex thyrsiflorus,ForestWetRich
87210,Rumex thyrsiflorus,ForestWetRich
87211,Rumex thyrsiflorus,ForestWetRich
87212,Rumex thyrsiflorus,ForestWetRich
87213,Rumex thyrsiflorus,ForestWetRich
87214,Rumex thyrsiflorus,ForestWetRich
87215,Rumex thyrsiflorus,ForestWetRich
87216,Rumex thyrsiflorus,ForestWetRich
87217,Rumex thyrsiflorus,ForestWetRich
87218,Rumex thyrsiflorus,ForestWetRich
87219,Rumex thyrsiflorus,ForestWetRich
87220,Rumex thyrsiflorus,ForestWetRich
87221,Rumex thyrsiflorus,ForestWetRich
87729,Rumex thyrsiflorus,ForestWetRich
87730,Rumex thyrsiflorus,ForestWetRich
87731,Rumex thyrsiflorus,ForestWetRich
87732,Rumex thyrsiflorus,ForestWetRich
87733,Rumex thyrsiflorus,ForestWetRich
87734,Rumex thyrsiflorus,ForestWetRich
87735,Rumex thyrsiflorus,ForestWetRich
87736,Rumex thyrsiflorus,ForestWetRich
87737,Rumex thyrsiflorus,ForestWetRich
87738,Rumex thyrsiflorus,ForestWetRich
87739,Rumex thyrsiflorus,ForestWetRich
87740,Rumex thyrsiflorus,ForestWetRich
87741,Rumex thyrsiflorus,ForestWetRich
87742,Rumex thyrsiflorus,ForestWetRich
87743,Rumex thyrsiflorus,ForestWetRich
87744,Rumex thyrsiflorus,ForestWetRich
87745,Rumex thyrsiflorus,ForestWetRich
87746,Rumex thyrsiflorus,ForestWetRich
87747,Rumex thyrsiflorus,ForestWetRich
87748,Rumex thyrsiflorus,ForestWetRich
87749,Rumex thyrsiflorus,ForestWetRich
87750,Rumex thyrsiflorus,ForestWetRich
87751,Rumex thyrsiflorus,ForestWetRich
87752,Rumex thyrsiflorus,ForestWetRich
87753,Rumex thyrsiflorus,ForestWetRich
87754,Rumex thyrsiflorus,ForestWetRich
87755,Rumex thyrsiflorus,ForestWetRich
87756,Rumex thyrsiflorus,ForestWetRich
87757,Rumex thyrsiflorus,ForestWetRich
87758,Rumex thyrsiflorus,ForestWetRich
87759,Rumex thyrsiflorus,ForestWetRich
87760,Rumex thyrsiflorus,ForestWetRich
87761,Rumex thyrsiflorus,ForestWetRich
87762,Rumex thyrsiflorus,ForestWetRich
87763,Rumex thyrsiflorus,ForestWetRich
87764,Rumex thyrsiflorus,ForestWetRich
87765,Rumex thyrsiflorus,ForestWetRich
87766,Rumex thyrsiflorus,ForestWetRich
87767,Rumex thyrsiflorus,ForestWetRich
87768,Rumex thyrsiflorus,ForestWetRich
87769,Rumex thyrsiflorus,ForestWetRich
87770,Rumex thyrsiflorus,ForestWetRich
87771,Rumex thyrsiflorus,ForestWetRich
87772,Rumex thyrsiflorus,ForestWetRich
87773,Rumex thyrsiflorus,ForestWetRich
87774,Rumex thyrsiflorus,ForestWetRich
87775,Rumex thyrsiflorus,ForestWetRich
87776,Rumex thyrsiflorus,ForestWetRich
87777,Rumex thyrsiflorus,ForestWetRich
87778,Rumex thyrsiflorus,ForestWetRich
87779,Rumex thyrsiflorus,ForestWetRich
87780,Rumex thyrsiflorus,ForestWetRich
87781,Rumex thyrsiflorus,ForestWetRich
87782,Rumex thyrsiflorus,ForestWetRich
87783,Rumex thyrsiflorus,ForestWetRich
87784,Rumex thyrsiflorus,ForestWetRich
87785,Rumex thyrsiflorus,ForestWetRich
87786,Rumex thyrsiflorus,ForestWetRich
87787,Rumex thyrsiflorus,ForestWetRich
87788,Rumex thyrsiflorus,ForestWetRich
87789,Rumex thyrsiflorus,ForestWetRich
87790,Rumex thyrsiflorus,ForestWetRich
87791,Rumex thyrsiflorus,ForestWetRich
87792,Rumex thyrsiflorus,ForestWetRich
87793,Rumex thyrsiflorus,ForestWetRich
87794,Rumex thyrsiflorus,ForestWetRich
87795,Rumex thyrsiflorus,ForestWetRich
87796,Rumex thyrsiflorus,ForestWetRich
87797,Rumex thyrsiflorus,ForestWetRich
87798,Rumex thyrsiflorus,ForestWetRich
87799,Rumex thyrsiflorus,ForestWetRich
87800,Rumex thyrsiflorus,ForestWetRich
87801,Rumex thyrsiflorus,ForestWetRich
87802,Rumex thyrsiflorus,ForestWetRich
87803,Rumex thyrsiflorus,ForestWetRich
87804,Rumex thyrsiflorus,ForestWetRich
87805,Rumex thyrsiflorus,ForestWetRich
87806,Rumex thyrsiflorus,ForestWetRich
87807,Rumex thyrsiflorus,ForestWetRich
87808,Rumex thyrsiflorus,ForestWetRich
87809,Rumex thyrsiflorus,ForestWetRich
87810,Rumex thyrsiflorus,ForestWetRich
87811,Rumex thyrsiflorus,ForestWetRich
87812,Rumex thyrsiflorus,ForestWetRich
87813,Rumex thyrsiflorus,ForestWetRich
87814,Rumex thyrsiflorus,ForestWetRich
87815,Rumex thyrsiflorus,ForestWetRich
87816,Rumex thyrsiflorus,ForestWetRich
87817,Rumex thyrsiflorus,ForestWetRich
87818,Rumex thyrsiflorus,ForestWetRich
87819,Rumex thyrsiflorus,ForestWetRich
88329,Rumex thyrsiflorus,ForestWetRich
88330,Rumex thyrsiflorus,ForestWetRich
88331,Rumex thyrsiflorus,ForestWetRich
88332,Rumex thyrsiflorus,ForestWetRich
88333,Rumex thyrsiflorus,ForestWetRich
88334,Rumex thyrsiflorus,ForestWetRich
88335,Rumex thyrsiflorus,ForestWetRich
88336,Rumex thyrsiflorus,ForestWetRich
88337,Rumex thyrsiflorus,ForestWetRich
88338,Rumex thyrsiflorus,ForestWetRich
88339,Rumex thyrsiflorus,ForestWetRich
88340,Rumex thyrsiflorus,ForestWetRich
88341,Rumex thyrsiflorus,ForestWetRich
88342,Rumex thyrsiflorus,ForestWetRich
88343,Rumex thyrsiflorus,ForestWetRich
88344,Rumex thyrsiflorus,ForestWetRich
88345,Rumex thyrsiflorus,ForestWetRich
88346,Rumex thyrsiflorus,ForestWetRich
88347,Rumex thyrsiflorus,ForestWetRich
88348,Rumex thyrsiflorus,ForestWetRich
88349,Rumex thyrsiflorus,ForestWetRich
88350,Rumex thyrsiflorus,ForestWetRich
88351,Rumex thyrsiflorus,ForestWetRich
88352,Rumex thyrsiflorus,ForestWetRich
88353,Rumex thyrsiflorus,ForestWetRich
88354,Rumex thyrsiflorus,ForestWetRich
88355,Rumex thyrsiflorus,ForestWetRich
88356,Rumex thyrsiflorus,ForestWetRich
88357,Rumex thyrsiflorus,ForestWetRich
88358,Rumex thyrsiflorus,ForestWetRich
88359,Rumex thyrsiflorus,ForestWetRich
88360,Rumex thyrsiflorus,ForestWetRich
88361,Rumex thyrsiflorus,ForestWetRich
88362,Rumex thyrsiflorus,ForestWetRich
88363,Rumex thyrsiflorus,ForestWetRich
88364,Rumex thyrsiflorus,ForestWetRich
88365,Rumex thyrsiflorus,ForestWetRich
88366,Rumex thyrsiflorus,ForestWetRich
88367,Rumex thyrsiflorus,ForestWetRich
88368,Rumex thyrsiflorus,ForestWetRich
88369,Rumex thyrsiflorus,ForestWetRich
88370,Rumex thyrsiflorus,ForestWetRich
88371,Rumex thyrsiflorus,ForestWetRich
88372,Rumex thyrsiflorus,ForestWetRich
88373,Rumex thyrsiflorus,ForestWetRich
88374,Rumex thyrsiflorus,ForestWetRich
88375,Rumex thyrsiflorus,ForestWetRich
88376,Rumex thyrsiflorus,ForestWetRich
88377,Rumex thyrsiflorus,ForestWetRich
88378,Rumex thyrsiflorus,ForestWetRich
88379,Rumex thyrsiflorus,ForestWetRich
88380,Rumex thyrsiflorus,ForestWetRich
88381,Rumex thyrsiflorus,ForestWetRich
88382,Rumex thyrsiflorus,ForestWetRich
88383,Rumex thyrsiflorus,ForestWetRich
88384,Rumex thyrsiflorus,ForestWetRich
88385,Rumex thyrsiflorus,ForestWetRich
88386,Rumex thyrsiflorus,ForestWetRich
88387,Rumex thyrsiflorus,ForestWetRich
88388,Rumex thyrsiflorus,ForestWetRich
88389,Rumex thyrsiflorus,ForestWetRich
88390,Rumex thyrsiflorus,ForestWetRich
88391,Rumex thyrsiflorus,ForestWetRich
88392,Rumex thyrsiflorus,ForestWetRich
88393,Rumex thyrsiflorus,ForestWetRich
88394,Rumex thyrsiflorus,ForestWetRich
88395,Rumex thyrsiflorus,ForestWetRich
88396,Rumex thyrsiflorus,ForestWetRich
88397,Rumex thyrsiflorus,ForestWetRich
88398,Rumex thyrsiflorus,ForestWetRich
88399,Rumex thyrsiflorus,ForestWetRich
88400,Rumex thyrsiflorus,ForestWetRich
88401,Rumex thyrsiflorus,ForestWetRich
88402,Rumex thyrsiflorus,ForestWetRich
88403,Rumex thyrsiflorus,ForestWetRich
88404,Rumex thyrsiflorus,ForestWetRich
88405,Rumex thyrsiflorus,ForestWetRich
88406,Rumex thyrsiflorus,ForestWetRich
88407,Rumex thyrsiflorus,ForestWetRich
88408,Rumex thyrsiflorus,ForestWetRich
88409,Rumex thyrsiflorus,ForestWetRich
88410,Rumex thyrsiflorus,ForestWetRich
88411,Rumex thyrsiflorus,ForestWetRich
88412,Rumex thyrsiflorus,ForestWetRich
88413,Rumex thyrsiflorus,ForestWetRich
88414,Rumex thyrsiflorus,ForestWetRich
88415,Rumex thyrsiflorus,ForestWetRich
88416,Rumex thyrsiflorus,ForestWetRich
88417,Rumex thyrsiflorus,ForestWetRich
88418,Rumex thyrsiflorus,ForestWetRich
88928,Rumex thyrsiflorus,ForestWetRich
88929,Rumex thyrsiflorus,ForestWetRich
88930,Rumex thyrsiflorus,ForestWetRich
88931,Rumex thyrsiflorus,ForestWetRich
88932,Rumex thyrsiflorus,ForestWetRich
88933,Rumex thyrsiflorus,ForestWetRich
88934,Rumex thyrsiflorus,ForestWetRich
88935,Rumex thyrsiflorus,ForestWetRich
88936,Rumex thyrsiflorus,ForestWetRich
88937,Rumex thyrsiflorus,ForestWetRich
88938,Rumex thyrsiflorus,ForestWetRich
88939,Rumex thyrsiflorus,ForestWetRich
88940,Rumex thyrsiflorus,ForestWetRich
88941,Rumex thyrsiflorus,ForestWetRich
88942,Rumex thyrsiflorus,ForestWetRich
88943,Rumex thyrsiflorus,ForestWetRich
88944,Rumex thyrsiflorus,ForestWetRich
88945,Rumex thyrsiflorus,ForestWetRich
88946,Rumex thyrsiflorus,ForestWetRich
88947,Rumex thyrsiflorus,ForestWetRich
88948,Rumex thyrsiflorus,ForestWetRich
88949,Rumex thyrsiflorus,ForestWetRich
88950,Rumex thyrsiflorus,ForestWetRich
88951,Rumex thyrsiflorus,ForestWetRich
88952,Rumex thyrsiflorus,ForestWetRich
88953,Rumex thyrsiflorus,ForestWetRich
88954,Rumex thyrsiflorus,ForestWetRich
88955,Rumex thyrsiflorus,ForestWetRich
88956,Rumex thyrsiflorus,ForestWetRich
88957,Rumex thyrsiflorus,ForestWetRich
88958,Rumex thyrsiflorus,ForestWetRich
88959,Rumex thyrsiflorus,ForestWetRich
88960,Rumex thyrsiflorus,ForestWetRich
88961,Rumex thyrsiflorus,ForestWetRich
88962,Rumex thyrsiflorus,ForestWetRich
88963,Rumex thyrsiflorus,ForestWetRich
88964,Rumex thyrsiflorus,ForestWetRich
88965,Rumex thyrsiflorus,ForestWetRich
88966,Rumex thyrsiflorus,ForestWetRich
88967,Rumex thyrsiflorus,ForestWetRich
88968,Rumex thyrsiflorus,ForestWetRich
88969,Rumex thyrsiflorus,ForestWetRich
88970,Rumex thyrsiflorus,ForestWetRich
88971,Rumex thyrsiflorus,ForestWetRich
88972,Rumex thyrsiflorus,ForestWetRich
88973,Rumex thyrsiflorus,ForestWetRich
88974,Rumex thyrsiflorus,ForestWetRich
88975,Rumex thyrsiflorus,ForestWetRich
88976,Rumex thyrsiflorus,ForestWetRich
88977,Rumex thyrsiflorus,ForestWetRich
88978,Rumex thyrsiflorus,ForestWetRich
88979,Rumex thyrsiflorus,ForestWetRich
88980,Rumex thyrsiflorus,ForestWetRich
88981,Rumex thyrsiflorus,ForestWetRich
88982,Rumex thyrsiflorus,ForestWetRich
88983,Rumex thyrsiflorus,ForestWetRich
88984,Rumex thyrsiflorus,ForestWetRich
88985,Rumex thyrsiflorus,ForestWetRich
88986,Rumex thyrsiflorus,ForestWetRich
88987,Rumex thyrsiflorus,ForestWetRich
88988,Rumex thyrsiflorus,ForestWetRich
88989,Rumex thyrsiflorus,ForestWetRich
88990,Rumex thyrsiflorus,ForestWetRich
88991,Rumex thyrsiflorus,ForestWetRich
88992,Rumex thyrsiflorus,ForestWetRich
88993,Rumex thyrsiflorus,ForestWetRich
88994,Rumex thyrsiflorus,ForestWetRich
88995,Rumex thyrsiflorus,ForestWetRich
88996,Rumex thyrsiflorus,ForestWetRich
88997,Rumex thyrsiflorus,ForestWetRich
88998,Rumex thyrsiflorus,ForestWetRich
88999,Rumex thyrsiflorus,ForestWetRich
89000,Rumex thyrsiflorus,ForestWetRich
89001,Rumex thyrsiflorus,ForestWetRich
89002,Rumex thyrsiflorus,ForestWetRich
89003,Rumex thyrsiflorus,ForestWetRich
89004,Rumex thyrsiflorus,ForestWetRich
89005,Rumex thyrsiflorus,ForestWetRich
89006,Rumex thyrsiflorus,ForestWetRich
89007,Rumex thyrsiflorus,ForestWetRich
89008,Rumex thyrsiflorus,ForestWetRich
89009,Rumex thyrsiflorus,ForestWetRich
89010,Rumex thyrsiflorus,ForestWetRich
89011,Rumex thyrsiflorus,ForestWetRich
89012,Rumex thyrsiflorus,ForestWetRich
89013,Rumex thyrsiflorus,ForestWetRich
89014,Rumex thyrsiflorus,ForestWetRich
89015,Rumex thyrsiflorus,ForestWetRich
89016,Rumex thyrsiflorus,ForestWetRich
89528,Rumex thyrsiflorus,ForestWetRich
89529,Rumex thyrsiflorus,ForestWetRich
89530,Rumex thyrsiflorus,ForestWetRich
89531,Rumex thyrsiflorus,ForestWetRich
89532,Rumex thyrsiflorus,ForestWetRich
89533,Rumex thyrsiflorus,ForestWetRich
89534,Rumex thyrsiflorus,ForestWetRich
89535,Rumex thyrsiflorus,ForestWetRich
89536,Rumex thyrsiflorus,ForestWetRich
89537,Rumex thyrsiflorus,ForestWetRich
89538,Rumex thyrsiflorus,ForestWetRich
89539,Rumex thyrsiflorus,ForestWetRich
89540,Rumex thyrsiflorus,ForestWetRich
89541,Rumex thyrsiflorus,ForestWetRich
89542,Rumex thyrsiflorus,ForestWetRich
89543,Rumex thyrsiflorus,ForestWetRich
89544,Rumex thyrsiflorus,ForestWetRich
89545,Rumex thyrsiflorus,ForestWetRich
89546,Rumex thyrsiflorus,ForestWetRich
89547,Rumex thyrsiflorus,ForestWetRich
89548,Rumex thyrsiflorus,ForestWetRich
89549,Rumex thyrsiflorus,ForestWetRich
89550,Rumex thyrsiflorus,ForestWetRich
89551,Rumex thyrsiflorus,ForestWetRich
89552,Rumex thyrsiflorus,ForestWetRich
89553,Rumex thyrsiflorus,ForestWetRich
89554,Rumex thyrsiflorus,ForestWetRich
89555,Rumex thyrsiflorus,ForestWetRich
89556,Rumex thyrsiflorus,ForestWetRich
89557,Rumex thyrsiflorus,ForestWetRich
89558,Rumex thyrsiflorus,ForestWetRich
89559,Rumex thyrsiflorus,ForestWetRich
89560,Rumex thyrsiflorus,ForestWetRich
89561,Rumex thyrsiflorus,ForestWetRich
89562,Rumex thyrsiflorus,ForestWetRich
89563,Rumex thyrsiflorus,ForestWetRich
89564,Rumex thyrsiflorus,ForestWetRich
89565,Rumex thyrsiflorus,ForestWetRich
89566,Rumex thyrsiflorus,ForestWetRich
89567,Rumex thyrsiflorus,ForestWetRich
89568,Rumex thyrsiflorus,ForestWetRich
89569,Rumex thyrsiflorus,ForestWetRich
89570,Rumex thyrsiflorus,ForestWetRich
89571,Rumex thyrsiflorus,ForestWetRich
89572,Rumex thyrsiflorus,ForestWetRich
89573,Rumex thyrsiflorus,ForestWetRich
89574,Rumex thyrsiflorus,ForestWetRich
89575,Rumex thyrsiflorus,ForestWetRich
89576,Rumex thyrsiflorus,ForestWetRich
89577,Rumex thyrsiflorus,ForestWetRich
89578,Rumex thyrsiflorus,ForestWetRich
89579,Rumex thyrsiflorus,ForestWetRich
89580,Rumex thyrsiflorus,ForestWetRich
89581,Rumex thyrsiflorus,ForestWetRich
89582,Rumex thyrsiflorus,ForestWetRich
89583,Rumex thyrsiflorus,ForestWetRich
89584,Rumex thyrsiflorus,ForestWetRich
89585,Rumex thyrsiflorus,ForestWetRich
89586,Rumex thyrsiflorus,ForestWetRich
89587,Rumex thyrsiflorus,ForestWetRich
89588,Rumex thyrsiflorus,ForestWetRich
89589,Rumex thyrsiflorus,ForestWetRich
89590,Rumex thyrsiflorus,ForestWetRich
89591,Rumex thyrsiflorus,ForestWetRich
89592,Rumex thyrsiflorus,ForestWetRich
89593,Rumex thyrsiflorus,ForestWetRich
89594,Rumex thyrsiflorus,ForestWetRich
89595,Rumex thyrsiflorus,ForestWetRich
89596,Rumex thyrsiflorus,ForestWetRich
89597,Rumex thyrsiflorus,ForestWetRich
89598,Rumex thyrsiflorus,ForestWetRich
89599,Rumex thyrsiflorus,ForestWetRich
89600,Rumex thyrsiflorus,ForestWetRich
89601,Rumex thyrsiflorus,ForestWetRich
89602,Rumex thyrsiflorus,ForestWetRich
89603,Rumex thyrsiflorus,ForestWetRich
89604,Rumex thyrsiflorus,ForestWetRich
89605,Rumex thyrsiflorus,ForestWetRich
89606,Rumex thyrsiflorus,ForestWetRich
89607,Rumex thyrsiflorus,ForestWetRich
89608,Rumex thyrsiflorus,ForestWetRich
89609,Rumex thyrsiflorus,ForestWetRich
89610,Rumex thyrsiflorus,ForestWetRich
89611,Rumex thyrsiflorus,ForestWetRich
89612,Rumex thyrsiflorus,ForestWetRich
89613,Rumex thyrsiflorus,ForestWetRich
89614,Rumex thyrsiflorus,ForestWetRich
89615,Rumex thyrsiflorus,ForestWetRich
90127,Rumex thyrsiflorus,ForestWetRich
90128,Rumex thyrsiflorus,ForestWetRich
90129,Rumex thyrsiflorus,ForestWetRich
90130,Rumex thyrsiflorus,ForestWetRich
90131,Rumex thyrsiflorus,ForestWetRich
90132,Rumex thyrsiflorus,ForestWetRich
90133,Rumex thyrsiflorus,ForestWetRich
90134,Rumex thyrsiflorus,ForestWetRich
90135,Rumex thyrsiflorus,ForestWetRich
90136,Rumex thyrsiflorus,ForestWetRich
90137,Rumex thyrsiflorus,ForestWetRich
90138,Rumex thyrsiflorus,ForestWetRich
90139,Rumex thyrsiflorus,ForestWetRich
90140,Rumex thyrsiflorus,ForestWetRich
90141,Rumex thyrsiflorus,ForestWetRich
90142,Rumex thyrsiflorus,ForestWetRich
90143,Rumex thyrsiflorus,ForestWetRich
90144,Rumex thyrsiflorus,ForestWetRich
90145,Rumex thyrsiflorus,ForestWetRich
90146,Rumex thyrsiflorus,ForestWetRich
90147,Rumex thyrsiflorus,ForestWetRich
90148,Rumex thyrsiflorus,ForestWetRich
90149,Rumex thyrsiflorus,ForestWetRich
90150,Rumex thyrsiflorus,ForestWetRich
90151,Rumex thyrsiflorus,ForestWetRich
90152,Rumex thyrsiflorus,ForestWetRich
90153,Rumex thyrsiflorus,ForestWetRich
90154,Rumex thyrsiflorus,ForestWetRich
90155,Rumex thyrsiflorus,ForestWetRich
90156,Rumex thyrsiflorus,ForestWetRich
90157,Rumex thyrsiflorus,ForestWetRich
90158,Rumex thyrsiflorus,ForestWetRich
90159,Rumex thyrsiflorus,ForestWetRich
90160,Rumex thyrsiflorus,ForestWetRich
90161,Rumex thyrsiflorus,ForestWetRich
90162,Rumex thyrsiflorus,ForestWetRich
90163,Rumex thyrsiflorus,ForestWetRich
90164,Rumex thyrsiflorus,ForestWetRich
90165,Rumex thyrsiflorus,ForestWetRich
90166,Rumex thyrsiflorus,ForestWetRich
90167,Rumex thyrsiflorus,ForestWetRich
90168,Rumex thyrsiflorus,ForestWetRich
90169,Rumex thyrsiflorus,ForestWetRich
90170,Rumex thyrsiflorus,ForestWetRich
90171,Rumex thyrsiflorus,ForestWetRich
90172,Rumex thyrsiflorus,ForestWetRich
90173,Rumex thyrsiflorus,ForestWetRich
90174,Rumex thyrsiflorus,ForestWetRich
90175,Rumex thyrsiflorus,ForestWetRich
90176,Rumex thyrsiflorus,ForestWetRich
90177,Rumex thyrsiflorus,ForestWetRich
90178,Rumex thyrsiflorus,ForestWetRich
90179,Rumex thyrsiflorus,ForestWetRich
90180,Rumex thyrsiflorus,ForestWetRich
90181,Rumex thyrsiflorus,ForestWetRich
90182,Rumex thyrsiflorus,ForestWetRich
90183,Rumex thyrsiflorus,ForestWetRich
90184,Rumex thyrsiflorus,ForestWetRich
90185,Rumex thyrsiflorus,ForestWetRich
90186,Rumex thyrsiflorus,ForestWetRich
90187,Rumex thyrsiflorus,ForestWetRich
90188,Rumex thyrsiflorus,ForestWetRich
90189,Rumex thyrsiflorus,ForestWetRich
90190,Rumex thyrsiflorus,ForestWetRich
90191,Rumex thyrsiflorus,ForestWetRich
90192,Rumex thyrsiflorus,ForestWetRich
90193,Rumex thyrsiflorus,ForestWetRich
90194,Rumex thyrsiflorus,ForestWetRich
90195,Rumex thyrsiflorus,ForestWetRich
90196,Rumex thyrsiflorus,ForestWetRich
90197,Rumex thyrsiflorus,ForestWetRich
90198,Rumex thyrsiflorus,ForestWetRich
90199,Rumex thyrsiflorus,ForestWetRich
90200,Rumex thyrsiflorus,ForestWetRich
90201,Rumex thyrsiflorus,ForestWetRich
90202,Rumex thyrsiflorus,ForestWetRich
90203,Rumex thyrsiflorus,ForestWetRich
90204,Rumex thyrsiflorus,ForestWetRich
90205,Rumex thyrsiflorus,ForestWetRich
90206,Rumex thyrsiflorus,ForestWetRich
90207,Rumex thyrsiflorus,ForestWetRich
90208,Rumex thyrsiflorus,ForestWetRich
90209,Rumex thyrsiflorus,ForestWetRich
90210,Rumex thyrsiflorus,ForestWetRich
90211,Rumex thyrsiflorus,ForestWetRich
90212,Rumex thyrsiflorus,ForestWetRich
90213,Rumex thyrsiflorus,ForestWetRich
90727,Rumex thyrsiflorus,ForestWetRich
90728,Rumex thyrsiflorus,ForestWetRich
90729,Rumex thyrsiflorus,ForestWetRich
90730,Rumex thyrsiflorus,ForestWetRich
90731,Rumex thyrsiflorus,ForestWetRich
90732,Rumex thyrsiflorus,ForestWetRich
90733,Rumex thyrsiflorus,ForestWetRich
90734,Rumex thyrsiflorus,ForestWetRich
90735,Rumex thyrsiflorus,ForestWetRich
90736,Rumex thyrsiflorus,ForestWetRich
90737,Rumex thyrsiflorus,ForestWetRich
90738,Rumex thyrsiflorus,ForestWetRich
90739,Rumex thyrsiflorus,ForestWetRich
90740,Rumex thyrsiflorus,ForestWetRich
90741,Rumex thyrsiflorus,ForestWetRich
90742,Rumex thyrsiflorus,ForestWetRich
90743,Rumex thyrsiflorus,ForestWetRich
90744,Rumex thyrsiflorus,ForestWetRich
90745,Rumex thyrsiflorus,ForestWetRich
90746,Rumex thyrsiflorus,ForestWetRich
90747,Rumex thyrsiflorus,ForestWetRich
90748,Rumex thyrsiflorus,ForestWetRich
90749,Rumex thyrsiflorus,ForestWetRich
90750,Rumex thyrsiflorus,ForestWetRich
90751,Rumex thyrsiflorus,ForestWetRich
90752,Rumex thyrsiflorus,ForestWetRich
90753,Rumex thyrsiflorus,ForestWetRich
90754,Rumex thyrsiflorus,ForestWetRich
90755,Rumex thyrsiflorus,ForestWetRich
90756,Rumex thyrsiflorus,ForestWetRich
90757,Rumex thyrsiflorus,ForestWetRich
90758,Rumex thyrsiflorus,ForestWetRich
90759,Rumex thyrsiflorus,ForestWetRich
90760,Rumex thyrsiflorus,ForestWetRich
90761,Rumex thyrsiflorus,ForestWetRich
90762,Rumex thyrsiflorus,ForestWetRich
90763,Rumex thyrsiflorus,ForestWetRich
90764,Rumex thyrsiflorus,ForestWetRich
90765,Rumex thyrsiflorus,ForestWetRich
90766,Rumex thyrsiflorus,ForestWetRich
90767,Rumex thyrsiflorus,ForestWetRich
90768,Rumex thyrsiflorus,ForestWetRich
90769,Rumex thyrsiflorus,ForestWetRich
90770,Rumex thyrsiflorus,ForestWetRich
90771,Rumex thyrsiflorus,ForestWetRich
90772,Rumex thyrsiflorus,ForestWetRich
90773,Rumex thyrsiflorus,ForestWetRich
90774,Rumex thyrsiflorus,ForestWetRich
90775,Rumex thyrsiflorus,ForestWetRich
90776,Rumex thyrsiflorus,ForestWetRich
90777,Rumex thyrsiflorus,ForestWetRich
90778,Rumex thyrsiflorus,ForestWetRich
90779,Rumex thyrsiflorus,ForestWetRich
90780,Rumex thyrsiflorus,ForestWetRich
90781,Rumex thyrsiflorus,ForestWetRich
90782,Rumex thyrsiflorus,ForestWetRich
90783,Rumex thyrsiflorus,ForestWetRich
90784,Rumex thyrsiflorus,ForestWetRich
90785,Rumex thyrsiflorus,ForestWetRich
90786,Rumex thyrsiflorus,ForestWetRich
90787,Rumex thyrsiflorus,ForestWetRich
90788,Rumex thyrsiflorus,ForestWetRich
90789,Rumex thyrsiflorus,ForestWetRich
90790,Rumex thyrsiflorus,ForestWetRich
90791,Rumex thyrsiflorus,ForestWetRich
90792,Rumex thyrsiflorus,ForestWetRich
90793,Rumex thyrsiflorus,ForestWetRich
90794,Rumex thyrsiflorus,ForestWetRich
90795,Rumex thyrsiflorus,ForestWetRich
90796,Rumex thyrsiflorus,ForestWetRich
90797,Rumex thyrsiflorus,ForestWetRich
90798,Rumex thyrsiflorus,ForestWetRich
90799,Rumex thyrsiflorus,ForestWetRich
90800,Rumex thyrsiflorus,ForestWetRich
90801,Rumex thyrsiflorus,ForestWetRich
90802,Rumex thyrsiflorus,ForestWetRich
90803,Rumex thyrsiflorus,ForestWetRich
90804,Rumex thyrsiflorus,ForestWetRich
90805,Rumex thyrsiflorus,ForestWetRich
90806,Rumex thyrsiflorus,ForestWetRich
90807,Rumex thyrsiflorus,ForestWetRich
90808,Rumex thyrsiflorus,ForestWetRich
90809,Rumex thyrsiflorus,ForestWetRich
90810,Rumex thyrsiflorus,ForestWetRich
90811,Rumex thyrsiflorus,ForestWetRich
91327,Rumex thyrsiflorus,ForestWetRich
91328,Rumex thyrsiflorus,ForestWetRich
91329,Rumex thyrsiflorus,ForestWetRich
91330,Rumex thyrsiflorus,ForestWetRich
91331,Rumex thyrsiflorus,ForestWetRich
91332,Rumex thyrsiflorus,ForestWetRich
91333,Rumex thyrsiflorus,ForestWetRich
91334,Rumex thyrsiflorus,ForestWetRich
91335,Rumex thyrsiflorus,ForestWetRich
91336,Rumex thyrsiflorus,ForestWetRich
91337,Rumex thyrsiflorus,ForestWetRich
91338,Rumex thyrsiflorus,ForestWetRich
91339,Rumex thyrsiflorus,ForestWetRich
91340,Rumex thyrsiflorus,ForestWetRich
91341,Rumex thyrsiflorus,ForestWetRich
91342,Rumex thyrsiflorus,ForestWetRich
91343,Rumex thyrsiflorus,ForestWetRich
91344,Rumex thyrsiflorus,ForestWetRich
91345,Rumex thyrsiflorus,ForestWetRich
91346,Rumex thyrsiflorus,ForestWetRich
91347,Rumex thyrsiflorus,ForestWetRich
91348,Rumex thyrsiflorus,ForestWetRich
91349,Rumex thyrsiflorus,ForestWetRich
91350,Rumex thyrsiflorus,ForestWetRich
91351,Rumex thyrsiflorus,ForestWetRich
91352,Rumex thyrsiflorus,ForestWetRich
91353,Rumex thyrsiflorus,ForestWetRich
91354,Rumex thyrsiflorus,ForestWetRich
91355,Rumex thyrsiflorus,ForestWetRich
91356,Rumex thyrsiflorus,ForestWetRich
91357,Rumex thyrsiflorus,ForestWetRich
91358,Rumex thyrsiflorus,ForestWetRich
91359,Rumex thyrsiflorus,ForestWetRich
91360,Rumex thyrsiflorus,ForestWetRich
91361,Rumex thyrsiflorus,ForestWetRich
91362,Rumex thyrsiflorus,ForestWetRich
91363,Rumex thyrsiflorus,ForestWetRich
91364,Rumex thyrsiflorus,ForestWetRich
91365,Rumex thyrsiflorus,ForestWetRich
91366,Rumex thyrsiflorus,ForestWetRich
91367,Rumex thyrsiflorus,ForestWetRich
91368,Rumex thyrsiflorus,ForestWetRich
91369,Rumex thyrsiflorus,ForestWetRich
91370,Rumex thyrsiflorus,ForestWetRich
91371,Rumex thyrsiflorus,ForestWetRich
91372,Rumex thyrsiflorus,ForestWetRich
91373,Rumex thyrsiflorus,ForestWetRich
91374,Rumex thyrsiflorus,ForestWetRich
91375,Rumex thyrsiflorus,ForestWetRich
91376,Rumex thyrsiflorus,ForestWetRich
91377,Rumex thyrsiflorus,ForestWetRich
91378,Rumex thyrsiflorus,ForestWetRich
91379,Rumex thyrsiflorus,ForestWetRich
91380,Rumex thyrsiflorus,ForestWetRich
91381,Rumex thyrsiflorus,ForestWetRich
91382,Rumex thyrsiflorus,ForestWetRich
91383,Rumex thyrsiflorus,ForestWetRich
91384,Rumex thyrsiflorus,ForestWetRich
91385,Rumex thyrsiflorus,ForestWetRich
91386,Rumex thyrsiflorus,ForestWetRich
91387,Rumex thyrsiflorus,ForestWetRich
91388,Rumex thyrsiflorus,ForestWetRich
91389,Rumex thyrsiflorus,ForestWetRich
91390,Rumex thyrsiflorus,ForestWetRich
91391,Rumex thyrsiflorus,ForestWetRich
91392,Rumex thyrsiflorus,ForestWetRich
91393,Rumex thyrsiflorus,ForestWetRich
91394,Rumex thyrsiflorus,ForestWetRich
91395,Rumex thyrsiflorus,ForestWetRich
91396,Rumex thyrsiflorus,ForestWetRich
91397,Rumex thyrsiflorus,ForestWetRich
91398,Rumex thyrsiflorus,ForestWetRich
91399,Rumex thyrsiflorus,ForestWetRich
91400,Rumex thyrsiflorus,ForestWetRich
91401,Rumex thyrsiflorus,ForestWetRich
91402,Rumex thyrsiflorus,ForestWetRich
91403,Rumex thyrsiflorus,ForestWetRich
91404,Rumex thyrsiflorus,ForestWetRich
91405,Rumex thyrsiflorus,ForestWetRich
91406,Rumex thyrsiflorus,ForestWetRich
91407,Rumex thyrsiflorus,ForestWetRich
91408,Rumex thyrsiflorus,ForestWetRich
91409,Rumex thyrsiflorus,ForestWetRich
91410,Rumex thyrsiflorus,ForestWetRich
91926,Rumex thyrsiflorus,ForestWetRich
91927,Rumex thyrsiflorus,ForestWetRich
91928,Rumex thyrsiflorus,ForestWetRich
91929,Rumex thyrsiflorus,ForestWetRich
91930,Rumex thyrsiflorus,ForestWetRich
91931,Rumex thyrsiflorus,ForestWetRich
91932,Rumex thyrsiflorus,ForestWetRich
91933,Rumex thyrsiflorus,ForestWetRich
91934,Rumex thyrsiflorus,ForestWetRich
91935,Rumex thyrsiflorus,ForestWetRich
91936,Rumex thyrsiflorus,ForestWetRich
91937,Rumex thyrsiflorus,ForestWetRich
91938,Rumex thyrsiflorus,ForestWetRich
91939,Rumex thyrsiflorus,ForestWetRich
91940,Rumex thyrsiflorus,ForestWetRich
91941,Rumex thyrsiflorus,ForestWetRich
91942,Rumex thyrsiflorus,ForestWetRich
91943,Rumex thyrsiflorus,ForestWetRich
91944,Rumex thyrsiflorus,ForestWetRich
91945,Rumex thyrsiflorus,ForestWetRich
91946,Rumex thyrsiflorus,ForestWetRich
91947,Rumex thyrsiflorus,ForestWetRich
91948,Rumex thyrsiflorus,ForestWetRich
91949,Rumex thyrsiflorus,ForestWetRich
91950,Rumex thyrsiflorus,ForestWetRich
91951,Rumex thyrsiflorus,ForestWetRich
91952,Rumex thyrsiflorus,ForestWetRich
91953,Rumex thyrsiflorus,ForestWetRich
91954,Rumex thyrsiflorus,ForestWetRich
91955,Rumex thyrsiflorus,ForestWetRich
91956,Rumex thyrsiflorus,ForestWetRich
91957,Rumex thyrsiflorus,ForestWetRich
91958,Rumex thyrsiflorus,ForestWetRich
91959,Rumex thyrsiflorus,ForestWetRich
91960,Rumex thyrsiflorus,ForestWetRich
91961,Rumex thyrsiflorus,ForestWetRich
91962,Rumex thyrsiflorus,ForestWetRich
91963,Rumex thyrsiflorus,ForestWetRich
91964,Rumex thyrsiflorus,ForestWetRich
91965,Rumex thyrsiflorus,ForestWetRich
91966,Rumex thyrsiflorus,ForestWetRich
91967,Rumex thyrsiflorus,ForestWetRich
91968,Rumex thyrsiflorus,ForestWetRich
91969,Rumex thyrsiflorus,ForestWetRich
91970,Rumex thyrsiflorus,ForestWetRich
91971,Rumex thyrsiflorus,ForestWetRich
91972,Rumex thyrsiflorus,ForestWetRich
91973,Rumex thyrsiflorus,ForestWetRich
91974,Rumex thyrsiflorus,ForestWetRich
91975,Rumex thyrsiflorus,ForestWetRich
91976,Rumex thyrsiflorus,ForestWetRich
91977,Rumex thyrsiflorus,ForestWetRich
91978,Rumex thyrsiflorus,ForestWetRich
91979,Rumex thyrsiflorus,ForestWetRich
91980,Rumex thyrsiflorus,ForestWetRich
91981,Rumex thyrsiflorus,ForestWetRich
91982,Rumex thyrsiflorus,ForestWetRich
91983,Rumex thyrsiflorus,ForestWetRich
91984,Rumex thyrsiflorus,ForestWetRich
91985,Rumex thyrsiflorus,ForestWetRich
91986,Rumex thyrsiflorus,ForestWetRich
91987,Rumex thyrsiflorus,ForestWetRich
91988,Rumex thyrsiflorus,ForestWetRich
91989,Rumex thyrsiflorus,ForestWetRich
91990,Rumex thyrsiflorus,ForestWetRich
91991,Rumex thyrsiflorus,ForestWetRich
91992,Rumex thyrsiflorus,ForestWetRich
91993,Rumex thyrsiflorus,ForestWetRich
91994,Rumex thyrsiflorus,ForestWetRich
91995,Rumex thyrsiflorus,ForestWetRich
91996,Rumex thyrsiflorus,ForestWetRich
91997,Rumex thyrsiflorus,ForestWetRich
91998,Rumex thyrsiflorus,ForestWetRich
91999,Rumex thyrsiflorus,ForestWetRich
92000,Rumex thyrsiflorus,ForestWetRich
92001,Rumex thyrsiflorus,ForestWetRich
92002,Rumex thyrsiflorus,ForestWetRich
92003,Rumex thyrsiflorus,ForestWetRich
92004,Rumex thyrsiflorus,ForestWetRich
92005,Rumex thyrsiflorus,ForestWetRich
92006,Rumex thyrsiflorus,ForestWetRich
92007,Rumex thyrsiflorus,ForestWetRich
92008,Rumex thyrsiflorus,ForestWetRich
92526,Rumex thyrsiflorus,ForestWetRich
92527,Rumex thyrsiflorus,ForestWetRich
92528,Rumex thyrsiflorus,ForestWetRich
92529,Rumex thyrsiflorus,ForestWetRich
92530,Rumex thyrsiflorus,ForestWetRich
92531,Rumex thyrsiflorus,ForestWetRich
92532,Rumex thyrsiflorus,ForestWetRich
92533,Rumex thyrsiflorus,ForestWetRich
92534,Rumex thyrsiflorus,ForestWetRich
92535,Rumex thyrsiflorus,ForestWetRich
92536,Rumex thyrsiflorus,ForestWetRich
92537,Rumex thyrsiflorus,ForestWetRich
92538,Rumex thyrsiflorus,ForestWetRich
92539,Rumex thyrsiflorus,ForestWetRich
92540,Rumex thyrsiflorus,ForestWetRich
92541,Rumex thyrsiflorus,ForestWetRich
92542,Rumex thyrsiflorus,ForestWetRich
92543,Rumex thyrsiflorus,ForestWetRich
92544,Rumex thyrsiflorus,ForestWetRich
92545,Rumex thyrsiflorus,ForestWetRich
92546,Rumex thyrsiflorus,ForestWetRich
92547,Rumex thyrsiflorus,ForestWetRich
92548,Rumex thyrsiflorus,ForestWetRich
92549,Rumex thyrsiflorus,ForestWetRich
92550,Rumex thyrsiflorus,ForestWetRich
92551,Rumex thyrsiflorus,ForestWetRich
92552,Rumex thyrsiflorus,ForestWetRich
92553,Rumex thyrsiflorus,ForestWetRich
92554,Rumex thyrsiflorus,ForestWetRich
92555,Rumex thyrsiflorus,ForestWetRich
92556,Rumex thyrsiflorus,ForestWetRich
92557,Rumex thyrsiflorus,ForestWetRich
92558,Rumex thyrsiflorus,ForestWetRich
92559,Rumex thyrsiflorus,ForestWetRich
92560,Rumex thyrsiflorus,ForestWetRich
92561,Rumex thyrsiflorus,ForestWetRich
92562,Rumex thyrsiflorus,ForestWetRich
92563,Rumex thyrsiflorus,ForestWetRich
92564,Rumex thyrsiflorus,ForestWetRich
92565,Rumex thyrsiflorus,ForestWetRich
92566,Rumex thyrsiflorus,ForestWetRich
92567,Rumex thyrsiflorus,ForestWetRich
92568,Rumex thyrsiflorus,ForestWetRich
92569,Rumex thyrsiflorus,ForestWetRich
92570,Rumex thyrsiflorus,ForestWetRich
92571,Rumex thyrsiflorus,ForestWetRich
92572,Rumex thyrsiflorus,ForestWetRich
92573,Rumex thyrsiflorus,ForestWetRich
92574,Rumex thyrsiflorus,ForestWetRich
92575,Rumex thyrsiflorus,ForestWetRich
92576,Rumex thyrsiflorus,ForestWetRich
92577,Rumex thyrsiflorus,ForestWetRich
92578,Rumex thyrsiflorus,ForestWetRich
92579,Rumex thyrsiflorus,ForestWetRich
92580,Rumex thyrsiflorus,ForestWetRich
92581,Rumex thyrsiflorus,ForestWetRich
92582,Rumex thyrsiflorus,ForestWetRich
92583,Rumex thyrsiflorus,ForestWetRich
92584,Rumex thyrsiflorus,ForestWetRich
92585,Rumex thyrsiflorus,ForestWetRich
92586,Rumex thyrsiflorus,ForestWetRich
92587,Rumex thyrsiflorus,ForestWetRich
92588,Rumex thyrsiflorus,ForestWetRich
92589,Rumex thyrsiflorus,ForestWetRich
92590,Rumex thyrsiflorus,ForestWetRich
92591,Rumex thyrsiflorus,ForestWetRich
92592,Rumex thyrsiflorus,ForestWetRich
92593,Rumex thyrsiflorus,ForestWetRich
92594,Rumex thyrsiflorus,ForestWetRich
92595,Rumex thyrsiflorus,ForestWetRich
92596,Rumex thyrsiflorus,ForestWetRich
92597,Rumex thyrsiflorus,ForestWetRich
92598,Rumex thyrsiflorus,ForestWetRich
92599,Rumex thyrsiflorus,ForestWetRich
92600,Rumex thyrsiflorus,ForestWetRich
92601,Rumex thyrsiflorus,ForestWetRich
92602,Rumex thyrsiflorus,ForestWetRich
92603,Rumex thyrsiflorus,ForestWetRich
92604,Rumex thyrsiflorus,ForestWetRich
92605,Rumex thyrsiflorus,ForestWetRich
92606,Rumex thyrsiflorus,ForestWetRich
92607,Rumex thyrsiflorus,ForestWetRich
93126,Rumex thyrsiflorus,ForestWetRich
93127,Rumex thyrsiflorus,ForestWetRich
93128,Rumex thyrsiflorus,ForestWetRich
93129,Rumex thyrsiflorus,ForestWetRich
93130,Rumex thyrsiflorus,ForestWetRich
93131,Rumex thyrsiflorus,ForestWetRich
93132,Rumex thyrsiflorus,ForestWetRich
93133,Rumex thyrsiflorus,ForestWetRich
93134,Rumex thyrsiflorus,ForestWetRich
93135,Rumex thyrsiflorus,ForestWetRich
93136,Rumex thyrsiflorus,ForestWetRich
93137,Rumex thyrsiflorus,ForestWetRich
93138,Rumex thyrsiflorus,ForestWetRich
93139,Rumex thyrsiflorus,ForestWetRich
93140,Rumex thyrsiflorus,ForestWetRich
93141,Rumex thyrsiflorus,ForestWetRich
93142,Rumex thyrsiflorus,ForestWetRich
93143,Rumex thyrsiflorus,ForestWetRich
93144,Rumex thyrsiflorus,ForestWetRich
93145,Rumex thyrsiflorus,ForestWetRich
93146,Rumex thyrsiflorus,ForestWetRich
93147,Rumex thyrsiflorus,ForestWetRich
93148,Rumex thyrsiflorus,ForestWetRich
93149,Rumex thyrsiflorus,ForestWetRich
93150,Rumex thyrsiflorus,ForestWetRich
93151,Rumex thyrsiflorus,ForestWetRich
93152,Rumex thyrsiflorus,ForestWetRich
93153,Rumex thyrsiflorus,ForestWetRich
93154,Rumex thyrsiflorus,ForestWetRich
93155,Rumex thyrsiflorus,ForestWetRich
93156,Rumex thyrsiflorus,ForestWetRich
93157,Rumex thyrsiflorus,ForestWetRich
93158,Rumex thyrsiflorus,ForestWetRich
93159,Rumex thyrsiflorus,ForestWetRich
93160,Rumex thyrsiflorus,ForestWetRich
93161,Rumex thyrsiflorus,ForestWetRich
93162,Rumex thyrsiflorus,ForestWetRich
93163,Rumex thyrsiflorus,ForestWetRich
93164,Rumex thyrsiflorus,ForestWetRich
93165,Rumex thyrsiflorus,ForestWetRich
93166,Rumex thyrsiflorus,ForestWetRich
93167,Rumex thyrsiflorus,ForestWetRich
93168,Rumex thyrsiflorus,ForestWetRich
93169,Rumex thyrsiflorus,ForestWetRich
93170,Rumex thyrsiflorus,ForestWetRich
93171,Rumex thyrsiflorus,ForestWetRich
93172,Rumex thyrsiflorus,ForestWetRich
93173,Rumex thyrsiflorus,ForestWetRich
93174,Rumex thyrsiflorus,ForestWetRich
93175,Rumex thyrsiflorus,ForestWetRich
93176,Rumex thyrsiflorus,ForestWetRich
93177,Rumex thyrsiflorus,ForestWetRich
93178,Rumex thyrsiflorus,ForestWetRich
93179,Rumex thyrsiflorus,ForestWetRich
93180,Rumex thyrsiflorus,ForestWetRich
93181,Rumex thyrsiflorus,ForestWetRich
93182,Rumex thyrsiflorus,ForestWetRich
93183,Rumex thyrsiflorus,ForestWetRich
93184,Rumex thyrsiflorus,ForestWetRich
93185,Rumex thyrsiflorus,ForestWetRich
93186,Rumex thyrsiflorus,ForestWetRich
93187,Rumex thyrsiflorus,ForestWetRich
93188,Rumex thyrsiflorus,ForestWetRich
93189,Rumex thyrsiflorus,ForestWetRich
93190,Rumex thyrsiflorus,ForestWetRich
93191,Rumex thyrsiflorus,ForestWetRich
93192,Rumex thyrsiflorus,ForestWetRich
93193,Rumex thyrsiflorus,ForestWetRich
93194,Rumex thyrsiflorus,ForestWetRich
93195,Rumex thyrsiflorus,ForestWetRich
93196,Rumex thyrsiflorus,ForestWetRich
93197,Rumex thyrsiflorus,ForestWetRich
93198,Rumex thyrsiflorus,ForestWetRich
93199,Rumex thyrsiflorus,ForestWetRich
93200,Rumex thyrsiflorus,ForestWetRich
93201,Rumex thyrsiflorus,ForestWetRich
93202,Rumex thyrsiflorus,ForestWetRich
93203,Rumex thyrsiflorus,ForestWetRich
93204,Rumex thyrsiflorus,ForestWetRich
93205,Rumex thyrsiflorus,ForestWetRich
93725,Rumex thyrsiflorus,ForestWetRich
93726,Rumex thyrsiflorus,ForestWetRich
93727,Rumex thyrsiflorus,ForestWetRich
93728,Rumex thyrsiflorus,ForestWetRich
93729,Rumex thyrsiflorus,ForestWetRich
93730,Rumex thyrsiflorus,ForestWetRich
93731,Rumex thyrsiflorus,ForestWetRich
93732,Rumex thyrsiflorus,ForestWetRich
93733,Rumex thyrsiflorus,ForestWetRich
93734,Rumex thyrsiflorus,ForestWetRich
93735,Rumex thyrsiflorus,ForestWetRich
93736,Rumex thyrsiflorus,ForestWetRich
93737,Rumex thyrsiflorus,ForestWetRich
93738,Rumex thyrsiflorus,ForestWetRich
93739,Rumex thyrsiflorus,ForestWetRich
93740,Rumex thyrsiflorus,ForestWetRich
93741,Rumex thyrsiflorus,ForestWetRich
93742,Rumex thyrsiflorus,ForestWetRich
93743,Rumex thyrsiflorus,ForestWetRich
93744,Rumex thyrsiflorus,ForestWetRich
93745,Rumex thyrsiflorus,ForestWetRich
93746,Rumex thyrsiflorus,ForestWetRich
93747,Rumex thyrsiflorus,ForestWetRich
93748,Rumex thyrsiflorus,ForestWetRich
93749,Rumex thyrsiflorus,ForestWetRich
93750,Rumex thyrsiflorus,ForestWetRich
93751,Rumex thyrsiflorus,ForestWetRich
93752,Rumex thyrsiflorus,ForestWetRich
93753,Rumex thyrsiflorus,ForestWetRich
93754,Rumex thyrsiflorus,ForestWetRich
93755,Rumex thyrsiflorus,ForestWetRich
93756,Rumex thyrsiflorus,ForestWetRich
93757,Rumex thyrsiflorus,ForestWetRich
93758,Rumex thyrsiflorus,ForestWetRich
93759,Rumex thyrsiflorus,ForestWetRich
93760,Rumex thyrsiflorus,ForestWetRich
93761,Rumex thyrsiflorus,ForestWetRich
93762,Rumex thyrsiflorus,ForestWetRich
93763,Rumex thyrsiflorus,ForestWetRich
93764,Rumex thyrsiflorus,ForestWetRich
93765,Rumex thyrsiflorus,ForestWetRich
93766,Rumex thyrsiflorus,ForestWetRich
93767,Rumex thyrsiflorus,ForestWetRich
93768,Rumex thyrsiflorus,ForestWetRich
93769,Rumex thyrsiflorus,ForestWetRich
93770,Rumex thyrsiflorus,ForestWetRich
93771,Rumex thyrsiflorus,ForestWetRich
93772,Rumex thyrsiflorus,ForestWetRich
93773,Rumex thyrsiflorus,ForestWetRich
93774,Rumex thyrsiflorus,ForestWetRich
93775,Rumex thyrsiflorus,ForestWetRich
93776,Rumex thyrsiflorus,ForestWetRich
93777,Rumex thyrsiflorus,ForestWetRich
93778,Rumex thyrsiflorus,ForestWetRich
93779,Rumex thyrsiflorus,ForestWetRich
93780,Rumex thyrsiflorus,ForestWetRich
93781,Rumex thyrsiflorus,ForestWetRich
93782,Rumex thyrsiflorus,ForestWetRich
93783,Rumex thyrsiflorus,ForestWetRich
93784,Rumex thyrsiflorus,ForestWetRich
93785,Rumex thyrsiflorus,ForestWetRich
93786,Rumex thyrsiflorus,ForestWetRich
93787,Rumex thyrsiflorus,ForestWetRich
93788,Rumex thyrsiflorus,ForestWetRich
93789,Rumex thyrsiflorus,ForestWetRich
93790,Rumex thyrsiflorus,ForestWetRich
93791,Rumex thyrsiflorus,ForestWetRich
93792,Rumex thyrsiflorus,ForestWetRich
93793,Rumex thyrsiflorus,ForestWetRich
93794,Rumex thyrsiflorus,ForestWetRich
93795,Rumex thyrsiflorus,ForestWetRich
93796,Rumex thyrsiflorus,ForestWetRich
93797,Rumex thyrsiflorus,ForestWetRich
93798,Rumex thyrsiflorus,ForestWetRich
93799,Rumex thyrsiflorus,ForestWetRich
93800,Rumex thyrsiflorus,ForestWetRich
93801,Rumex thyrsiflorus,ForestWetRich
93802,Rumex thyrsiflorus,ForestWetRich
93803,Rumex thyrsiflorus,ForestWetRich
94325,Rumex thyrsiflorus,ForestWetRich
94326,Rumex thyrsiflorus,ForestWetRich
94327,Rumex thyrsiflorus,ForestWetRich
94328,Rumex thyrsiflorus,ForestWetRich
94329,Rumex thyrsiflorus,ForestWetRich
94330,Rumex thyrsiflorus,ForestWetRich
94331,Rumex thyrsiflorus,ForestWetRich
94332,Rumex thyrsiflorus,ForestWetRich
94333,Rumex thyrsiflorus,ForestWetRich
94334,Rumex thyrsiflorus,ForestWetRich
94335,Rumex thyrsiflorus,ForestWetRich
94336,Rumex thyrsiflorus,ForestWetRich
94337,Rumex thyrsiflorus,ForestWetRich
94338,Rumex thyrsiflorus,ForestWetRich
94339,Rumex thyrsiflorus,ForestWetRich
94340,Rumex thyrsiflorus,ForestWetRich
94341,Rumex thyrsiflorus,ForestWetRich
94342,Rumex thyrsiflorus,ForestWetRich
94343,Rumex thyrsiflorus,ForestWetRich
94344,Rumex thyrsiflorus,ForestWetRich
94345,Rumex thyrsiflorus,ForestWetRich
94346,Rumex thyrsiflorus,ForestWetRich
94347,Rumex thyrsiflorus,ForestWetRich
94348,Rumex thyrsiflorus,ForestWetRich
94349,Rumex thyrsiflorus,ForestWetRich
94350,Rumex thyrsiflorus,ForestWetRich
94351,Rumex thyrsiflorus,ForestWetRich
94352,Rumex thyrsiflorus,ForestWetRich
94353,Rumex thyrsiflorus,ForestWetRich
94354,Rumex thyrsiflorus,ForestWetRich
94355,Rumex thyrsiflorus,ForestWetRich
94356,Rumex thyrsiflorus,ForestWetRich
94357,Rumex thyrsiflorus,ForestWetRich
94358,Rumex thyrsiflorus,ForestWetRich
94359,Rumex thyrsiflorus,ForestWetRich
94360,Rumex thyrsiflorus,ForestWetRich
94361,Rumex thyrsiflorus,ForestWetRich
94362,Rumex thyrsiflorus,ForestWetRich
94363,Rumex thyrsiflorus,ForestWetRich
94364,Rumex thyrsiflorus,ForestWetRich
94365,Rumex thyrsiflorus,ForestWetRich
94366,Rumex thyrsiflorus,ForestWetRich
94367,Rumex thyrsiflorus,ForestWetRich
94368,Rumex thyrsiflorus,ForestWetRich
94369,Rumex thyrsiflorus,ForestWetRich
94370,Rumex thyrsiflorus,ForestWetRich
94371,Rumex thyrsiflorus,ForestWetRich
94372,Rumex thyrsiflorus,ForestWetRich
94373,Rumex thyrsiflorus,ForestWetRich
94374,Rumex thyrsiflorus,ForestWetRich
94375,Rumex thyrsiflorus,ForestWetRich
94376,Rumex thyrsiflorus,ForestWetRich
94377,Rumex thyrsiflorus,ForestWetRich
94378,Rumex thyrsiflorus,ForestWetRich
94379,Rumex thyrsiflorus,ForestWetRich
94380,Rumex thyrsiflorus,ForestWetRich
94381,Rumex thyrsiflorus,ForestWetRich
94382,Rumex thyrsiflorus,ForestWetRich
94383,Rumex thyrsiflorus,ForestWetRich
94384,Rumex thyrsiflorus,ForestWetRich
94385,Rumex thyrsiflorus,ForestWetRich
94386,Rumex thyrsiflorus,ForestWetRich
94387,Rumex thyrsiflorus,ForestWetRich
94388,Rumex thyrsiflorus,ForestWetRich
94389,Rumex thyrsiflorus,ForestWetRich
94390,Rumex thyrsiflorus,ForestWetRich
94391,Rumex thyrsiflorus,ForestWetRich
94392,Rumex thyrsiflorus,ForestWetRich
94393,Rumex thyrsiflorus,ForestWetRich
94394,Rumex thyrsiflorus,ForestWetRich
94395,Rumex thyrsiflorus,ForestWetRich
94396,Rumex thyrsiflorus,ForestWetRich
94397,Rumex thyrsiflorus,ForestWetRich
94398,Rumex thyrsiflorus,ForestWetRich
94399,Rumex thyrsiflorus,ForestWetRich
94400,Rumex thyrsiflorus,ForestWetRich
94401,Rumex thyrsiflorus,ForestWetRich
94925,Rumex thyrsiflorus,ForestWetRich
94926,Rumex thyrsiflorus,ForestWetRich
94927,Rumex thyrsiflorus,ForestWetRich
94928,Rumex thyrsiflorus,ForestWetRich
94929,Rumex thyrsiflorus,ForestWetRich
94930,Rumex thyrsiflorus,ForestWetRich
94931,Rumex thyrsiflorus,ForestWetRich
94932,Rumex thyrsiflorus,ForestWetRich
94933,Rumex thyrsiflorus,ForestWetRich
94934,Rumex thyrsiflorus,ForestWetRich
94935,Rumex thyrsiflorus,ForestWetRich
94936,Rumex thyrsiflorus,ForestWetRich
94937,Rumex thyrsiflorus,ForestWetRich
94938,Rumex thyrsiflorus,ForestWetRich
94939,Rumex thyrsiflorus,ForestWetRich
94940,Rumex thyrsiflorus,ForestWetRich
94941,Rumex thyrsiflorus,ForestWetRich
94942,Rumex thyrsiflorus,ForestWetRich
94943,Rumex thyrsiflorus,ForestWetRich
94944,Rumex thyrsiflorus,ForestWetRich
94945,Rumex thyrsiflorus,ForestWetRich
94946,Rumex thyrsiflorus,ForestWetRich
94947,Rumex thyrsiflorus,ForestWetRich
94948,Rumex thyrsiflorus,ForestWetRich
94949,Rumex thyrsiflorus,ForestWetRich
94950,Rumex thyrsiflorus,ForestWetRich
94951,Rumex thyrsiflorus,ForestWetRich
94952,Rumex thyrsiflorus,ForestWetRich
94953,Rumex thyrsiflorus,ForestWetRich
94954,Rumex thyrsiflorus,ForestWetRich
94955,Rumex thyrsiflorus,ForestWetRich
94956,Rumex thyrsiflorus,ForestWetRich
94957,Rumex thyrsiflorus,ForestWetRich
94958,Rumex thyrsiflorus,ForestWetRich
94959,Rumex thyrsiflorus,ForestWetRich
94960,Rumex thyrsiflorus,ForestWetRich
94961,Rumex thyrsiflorus,ForestWetRich
94962,Rumex thyrsiflorus,ForestWetRich
94963,Rumex thyrsiflorus,ForestWetRich
94964,Rumex thyrsiflorus,ForestWetRich
94965,Rumex thyrsiflorus,ForestWetRich
94966,Rumex thyrsiflorus,ForestWetRich
94967,Rumex thyrsiflorus,ForestWetRich
94968,Rumex thyrsiflorus,ForestWetRich
94969,Rumex thyrsiflorus,ForestWetRich
94970,Rumex thyrsiflorus,ForestWetRich
94971,Rumex thyrsiflorus,ForestWetRich
94972,Rumex thyrsiflorus,ForestWetRich
94973,Rumex thyrsiflorus,ForestWetRich
94974,Rumex thyrsiflorus,ForestWetRich
94975,Rumex thyrsiflorus,ForestWetRich
94976,Rumex thyrsiflorus,ForestWetRich
94977,Rumex thyrsiflorus,ForestWetRich
94978,Rumex thyrsiflorus,ForestWetRich
94979,Rumex thyrsiflorus,ForestWetRich
94980,Rumex thyrsiflorus,ForestWetRich
94981,Rumex thyrsiflorus,ForestWetRich
94982,Rumex thyrsiflorus,ForestWetRich
94983,Rumex thyrsiflorus,ForestWetRich
94984,Rumex thyrsiflorus,ForestWetRich
94985,Rumex thyrsiflorus,ForestWetRich
94986,Rumex thyrsiflorus,ForestWetRich
94987,Rumex thyrsiflorus,ForestWetRich
94988,Rumex thyrsiflorus,ForestWetRich
94989,Rumex thyrsiflorus,ForestWetRich
94990,Rumex thyrsiflorus,ForestWetRich
94991,Rumex thyrsiflorus,ForestWetRich
94992,Rumex thyrsiflorus,ForestWetRich
94993,Rumex thyrsiflorus,ForestWetRich
94994,Rumex thyrsiflorus,ForestWetRich
94995,Rumex thyrsiflorus,ForestWetRich
94996,Rumex thyrsiflorus,ForestWetRich
94997,Rumex thyrsiflorus,ForestWetRich
94998,Rumex thyrsiflorus,ForestWetRich
94999,Rumex thyrsiflorus,ForestWetRich
95525,Rumex thyrsiflorus,ForestWetRich
95526,Rumex thyrsiflorus,ForestWetRich
95527,Rumex thyrsiflorus,ForestWetRich
95528,Rumex thyrsiflorus,ForestWetRich
95529,Rumex thyrsiflorus,ForestWetRich
95530,Rumex thyrsiflorus,ForestWetRich
95531,Rumex thyrsiflorus,ForestWetRich
95532,Rumex thyrsiflorus,ForestWetRich
95533,Rumex thyrsiflorus,ForestWetRich
95534,Rumex thyrsiflorus,ForestWetRich
95535,Rumex thyrsiflorus,ForestWetRich
95536,Rumex thyrsiflorus,ForestWetRich
95537,Rumex thyrsiflorus,ForestWetRich
95538,Rumex thyrsiflorus,ForestWetRich
95539,Rumex thyrsiflorus,ForestWetRich
95540,Rumex thyrsiflorus,ForestWetRich
95541,Rumex thyrsiflorus,ForestWetRich
95542,Rumex thyrsiflorus,ForestWetRich
95543,Rumex thyrsiflorus,ForestWetRich
95544,Rumex thyrsiflorus,ForestWetRich
95545,Rumex thyrsiflorus,ForestWetRich
95546,Rumex thyrsiflorus,ForestWetRich
95547,Rumex thyrsiflorus,ForestWetRich
95548,Rumex thyrsiflorus,ForestWetRich
95549,Rumex thyrsiflorus,ForestWetRich
95550,Rumex thyrsiflorus,ForestWetRich
95551,Rumex thyrsiflorus,ForestWetRich
95552,Rumex thyrsiflorus,ForestWetRich
95553,Rumex thyrsiflorus,ForestWetRich
95554,Rumex thyrsiflorus,ForestWetRich
95555,Rumex thyrsiflorus,ForestWetRich
95556,Rumex thyrsiflorus,ForestWetRich
95557,Rumex thyrsiflorus,ForestWetRich
95558,Rumex thyrsiflorus,ForestWetRich
95559,Rumex thyrsiflorus,ForestWetRich
95560,Rumex thyrsiflorus,ForestWetRich
95561,Rumex thyrsiflorus,ForestWetRich
95562,Rumex thyrsiflorus,ForestWetRich
95563,Rumex thyrsiflorus,ForestWetRich
95564,Rumex thyrsiflorus,ForestWetRich
95565,Rumex thyrsiflorus,ForestWetRich
95566,Rumex thyrsiflorus,ForestWetRich
95567,Rumex thyrsiflorus,ForestWetRich
95568,Rumex thyrsiflorus,ForestWetRich
95569,Rumex thyrsiflorus,ForestWetRich
95570,Rumex thyrsiflorus,ForestWetRich
95571,Rumex thyrsiflorus,ForestWetRich
95572,Rumex thyrsiflorus,ForestWetRich
95573,Rumex thyrsiflorus,ForestWetRich
95574,Rumex thyrsiflorus,ForestWetRich
95575,Rumex thyrsiflorus,ForestWetRich
95576,Rumex thyrsiflorus,ForestWetRich
95577,Rumex thyrsiflorus,ForestWetRich
95578,Rumex thyrsiflorus,ForestWetRich
95579,Rumex thyrsiflorus,ForestWetRich
95580,Rumex thyrsiflorus,ForestWetRich
95581,Rumex thyrsiflorus,ForestWetRich
95582,Rumex thyrsiflorus,ForestWetRich
95583,Rumex thyrsiflorus,ForestWetRich
95584,Rumex thyrsiflorus,ForestWetRich
95585,Rumex thyrsiflorus,ForestWetRich
95586,Rumex thyrsiflorus,ForestWetRich
95587,Rumex thyrsiflorus,ForestWetRich
95588,Rumex thyrsiflorus,ForestWetRich
95589,Rumex thyrsiflorus,ForestWetRich
95590,Rumex thyrsiflorus,ForestWetRich
95591,Rumex thyrsiflorus,ForestWetRich
95592,Rumex thyrsiflorus,ForestWetRich
95593,Rumex thyrsiflorus,ForestWetRich
95594,Rumex thyrsiflorus,ForestWetRich
95595,Rumex thyrsiflorus,ForestWetRich
95596,Rumex thyrsiflorus,ForestWetRich
95597,Rumex thyrsiflorus,ForestWetRich
96125,Rumex thyrsiflorus,ForestWetRich
96126,Rumex thyrsiflorus,ForestWetRich
96127,Rumex thyrsiflorus,ForestWetRich
96128,Rumex thyrsiflorus,ForestWetRich
96129,Rumex thyrsiflorus,ForestWetRich
96130,Rumex thyrsiflorus,ForestWetRich
96131,Rumex thyrsiflorus,ForestWetRich
96132,Rumex thyrsiflorus,ForestWetRich
96133,Rumex thyrsiflorus,ForestWetRich
96134,Rumex thyrsiflorus,ForestWetRich
96135,Rumex thyrsiflorus,ForestWetRich
96136,Rumex thyrsiflorus,ForestWetRich
96137,Rumex thyrsiflorus,ForestWetRich
96138,Rumex thyrsiflorus,ForestWetRich
96139,Rumex thyrsiflorus,ForestWetRich
96140,Rumex thyrsiflorus,ForestWetRich
96141,Rumex thyrsiflorus,ForestWetRich
96142,Rumex thyrsiflorus,ForestWetRich
96143,Rumex thyrsiflorus,ForestWetRich
96144,Rumex thyrsiflorus,ForestWetRich
96145,Rumex thyrsiflorus,ForestWetRich
96146,Rumex thyrsiflorus,ForestWetRich
96147,Rumex thyrsiflorus,ForestWetRich
96148,Rumex thyrsiflorus,ForestWetRich
96149,Rumex thyrsiflorus,ForestWetRich
96150,Rumex thyrsiflorus,ForestWetRich
96151,Rumex thyrsiflorus,ForestWetRich
96152,Rumex thyrsiflorus,ForestWetRich
96153,Rumex thyrsiflorus,ForestWetRich
96154,Rumex thyrsiflorus,ForestWetRich
96155,Rumex thyrsiflorus,ForestWetRich
96156,Rumex thyrsiflorus,ForestWetRich
96157,Rumex thyrsiflorus,ForestWetRich
96158,Rumex thyrsiflorus,ForestWetRich
96159,Rumex thyrsiflorus,ForestWetRich
96160,Rumex thyrsiflorus,ForestWetRich
96161,Rumex thyrsiflorus,ForestWetRich
96162,Rumex thyrsiflorus,ForestWetRich
96163,Rumex thyrsiflorus,ForestWetRich
96164,Rumex thyrsiflorus,ForestWetRich
96165,Rumex thyrsiflorus,ForestWetRich
96166,Rumex thyrsiflorus,ForestWetRich
96167,Rumex thyrsiflorus,ForestWetRich
96168,Rumex thyrsiflorus,ForestWetRich
96169,Rumex thyrsiflorus,ForestWetRich
96170,Rumex thyrsiflorus,ForestWetRich
96171,Rumex thyrsiflorus,ForestWetRich
96172,Rumex thyrsiflorus,ForestWetRich
96173,Rumex thyrsiflorus,ForestWetRich
96174,Rumex thyrsiflorus,ForestWetRich
96175,Rumex thyrsiflorus,ForestWetRich
96176,Rumex thyrsiflorus,ForestWetRich
96177,Rumex thyrsiflorus,ForestWetRich
96178,Rumex thyrsiflorus,ForestWetRich
96179,Rumex thyrsiflorus,ForestWetRich
96180,Rumex thyrsiflorus,ForestWetRich
96181,Rumex thyrsiflorus,ForestWetRich
96182,Rumex thyrsiflorus,ForestWetRich
96183,Rumex thyrsiflorus,ForestWetRich
96184,Rumex thyrsiflorus,ForestWetRich
96185,Rumex thyrsiflorus,ForestWetRich
96186,Rumex thyrsiflorus,ForestWetRich
96187,Rumex thyrsiflorus,ForestWetRich
96188,Rumex thyrsiflorus,ForestWetRich
96189,Rumex thyrsiflorus,ForestWetRich
96190,Rumex thyrsiflorus,ForestWetRich
96191,Rumex thyrsiflorus,ForestWetRich
96192,Rumex thyrsiflorus,ForestWetRich
96193,Rumex thyrsiflorus,ForestWetRich
96194,Rumex thyrsiflorus,ForestWetRich
96195,Rumex thyrsiflorus,ForestWetRich
96196,Rumex thyrsiflorus,ForestWetRich
96725,Rumex thyrsiflorus,ForestWetRich
96726,Rumex thyrsiflorus,ForestWetRich
96727,Rumex thyrsiflorus,ForestWetRich
96728,Rumex thyrsiflorus,ForestWetRich
96729,Rumex thyrsiflorus,ForestWetRich
96730,Rumex thyrsiflorus,ForestWetRich
96731,Rumex thyrsiflorus,ForestWetRich
96732,Rumex thyrsiflorus,ForestWetRich
96733,Rumex thyrsiflorus,ForestWetRich
96734,Rumex thyrsiflorus,ForestWetRich
96735,Rumex thyrsiflorus,ForestWetRich
96736,Rumex thyrsiflorus,ForestWetRich
96737,Rumex thyrsiflorus,ForestWetRich
96738,Rumex thyrsiflorus,ForestWetRich
96739,Rumex thyrsiflorus,ForestWetRich
96740,Rumex thyrsiflorus,ForestWetRich
96741,Rumex thyrsiflorus,ForestWetRich
96742,Rumex thyrsiflorus,ForestWetRich
96743,Rumex thyrsiflorus,ForestWetRich
96744,Rumex thyrsiflorus,ForestWetRich
96745,Rumex thyrsiflorus,ForestWetRich
96746,Rumex thyrsiflorus,ForestWetRich
96747,Rumex thyrsiflorus,ForestWetRich
96748,Rumex thyrsiflorus,ForestWetRich
96749,Rumex thyrsiflorus,ForestWetRich
96750,Rumex thyrsiflorus,ForestWetRich
96751,Rumex thyrsiflorus,ForestWetRich
96752,Rumex thyrsiflorus,ForestWetRich
96753,Rumex thyrsiflorus,ForestWetRich
96754,Rumex thyrsiflorus,ForestWetRich
96755,Rumex thyrsiflorus,ForestWetRich
96756,Rumex thyrsiflorus,ForestWetRich
96757,Rumex thyrsiflorus,ForestWetRich
96758,Rumex thyrsiflorus,ForestWetRich
96759,Rumex thyrsiflorus,ForestWetRich
96760,Rumex thyrsiflorus,ForestWetRich
96761,Rumex thyrsiflorus,ForestWetRich
96762,Rumex thyrsiflorus,ForestWetRich
96763,Rumex thyrsiflorus,ForestWetRich
96764,Rumex thyrsiflorus,ForestWetRich
96765,Rumex thyrsiflorus,ForestWetRich
96766,Rumex thyrsiflorus,ForestWetRich
96767,Rumex thyrsiflorus,ForestWetRich
96768,Rumex thyrsiflorus,ForestWetRich
96769,Rumex thyrsiflorus,ForestWetRich
96770,Rumex thyrsiflorus,ForestWetRich
96771,Rumex thyrsiflorus,ForestWetRich
96772,Rumex thyrsiflorus,ForestWetRich
96773,Rumex thyrsiflorus,ForestWetRich
96774,Rumex thyrsiflorus,ForestWetRich
96775,Rumex thyrsiflorus,ForestWetRich
96776,Rumex thyrsiflorus,ForestWetRich
96777,Rumex thyrsiflorus,ForestWetRich
96778,Rumex thyrsiflorus,ForestWetRich
96779,Rumex thyrsiflorus,ForestWetRich
96780,Rumex thyrsiflorus,ForestWetRich
96781,Rumex thyrsiflorus,ForestWetRich
96782,Rumex thyrsiflorus,ForestWetRich
96783,Rumex thyrsiflorus,ForestWetRich
96784,Rumex thyrsiflorus,ForestWetRich
96785,Rumex thyrsiflorus,ForestWetRich
96786,Rumex thyrsiflorus,ForestWetRich
96787,Rumex thyrsiflorus,ForestWetRich
96788,Rumex thyrsiflorus,ForestWetRich
96789,Rumex thyrsiflorus,ForestWetRich
96790,Rumex thyrsiflorus,ForestWetRich
96791,Rumex thyrsiflorus,ForestWetRich
96792,Rumex thyrsiflorus,ForestWetRich
96793,Rumex thyrsiflorus,ForestWetRich
96794,Rumex thyrsiflorus,ForestWetRich
97325,Rumex thyrsiflorus,ForestWetRich
97326,Rumex thyrsiflorus,ForestWetRich
97327,Rumex thyrsiflorus,ForestWetRich
97328,Rumex thyrsiflorus,ForestWetRich
97329,Rumex thyrsiflorus,ForestWetRich
97330,Rumex thyrsiflorus,ForestWetRich
97331,Rumex thyrsiflorus,ForestWetRich
97332,Rumex thyrsiflorus,ForestWetRich
97333,Rumex thyrsiflorus,ForestWetRich
97334,Rumex thyrsiflorus,ForestWetRich
97335,Rumex thyrsiflorus,ForestWetRich
97336,Rumex thyrsiflorus,ForestWetRich
97337,Rumex thyrsiflorus,ForestWetRich
97338,Rumex thyrsiflorus,ForestWetRich
97339,Rumex thyrsiflorus,ForestWetRich
97340,Rumex thyrsiflorus,ForestWetRich
97341,Rumex thyrsiflorus,ForestWetRich
97342,Rumex thyrsiflorus,ForestWetRich
97343,Rumex thyrsiflorus,ForestWetRich
97344,Rumex thyrsiflorus,ForestWetRich
97345,Rumex thyrsiflorus,ForestWetRich
97346,Rumex thyrsiflorus,ForestWetRich
97347,Rumex thyrsiflorus,ForestWetRich
97348,Rumex thyrsiflorus,ForestWetRich
97349,Rumex thyrsiflorus,ForestWetRich
97350,Rumex thyrsiflorus,ForestWetRich
97351,Rumex thyrsiflorus,ForestWetRich
97352,Rumex thyrsiflorus,ForestWetRich
97353,Rumex thyrsiflorus,ForestWetRich
97354,Rumex thyrsiflorus,ForestWetRich
97355,Rumex thyrsiflorus,ForestWetRich
97356,Rumex thyrsiflorus,ForestWetRich
97357,Rumex thyrsiflorus,ForestWetRich
97358,Rumex thyrsiflorus,ForestWetRich
97359,Rumex thyrsiflorus,ForestWetRich
97360,Rumex thyrsiflorus,ForestWetRich
97361,Rumex thyrsiflorus,ForestWetRich
97362,Rumex thyrsiflorus,ForestWetRich
97363,Rumex thyrsiflorus,ForestWetRich
97364,Rumex thyrsiflorus,ForestWetRich
97365,Rumex thyrsiflorus,ForestWetRich
97366,Rumex thyrsiflorus,ForestWetRich
97367,Rumex thyrsiflorus,ForestWetRich
97368,Rumex thyrsiflorus,ForestWetRich
97369,Rumex thyrsiflorus,ForestWetRich
97370,Rumex thyrsiflorus,ForestWetRich
97371,Rumex thyrsiflorus,ForestWetRich
97372,Rumex thyrsiflorus,ForestWetRich
97373,Rumex thyrsiflorus,ForestWetRich
97374,Rumex thyrsiflorus,ForestWetRich
97375,Rumex thyrsiflorus,ForestWetRich
97376,Rumex thyrsiflorus,ForestWetRich
97377,Rumex thyrsiflorus,ForestWetRich
97378,Rumex thyrsiflorus,ForestWetRich
97379,Rumex thyrsiflorus,ForestWetRich
97380,Rumex thyrsiflorus,ForestWetRich
97381,Rumex thyrsiflorus,ForestWetRich
97382,Rumex thyrsiflorus,ForestWetRich
97383,Rumex thyrsiflorus,ForestWetRich
97384,Rumex thyrsiflorus,ForestWetRich
97385,Rumex thyrsiflorus,ForestWetRich
97386,Rumex thyrsiflorus,ForestWetRich
97387,Rumex thyrsiflorus,ForestWetRich
97388,Rumex thyrsiflorus,ForestWetRich
97389,Rumex thyrsiflorus,ForestWetRich
97390,Rumex thyrsiflorus,ForestWetRich
97391,Rumex thyrsiflorus,ForestWetRich
97925,Rumex thyrsiflorus,ForestWetRich
97926,Rumex thyrsiflorus,ForestWetRich
97927,Rumex thyrsiflorus,ForestWetRich
97928,Rumex thyrsiflorus,ForestWetRich
97929,Rumex thyrsiflorus,ForestWetRich
97930,Rumex thyrsiflorus,ForestWetRich
97931,Rumex thyrsiflorus,ForestWetRich
97932,Rumex thyrsiflorus,ForestWetRich
97933,Rumex thyrsiflorus,ForestWetRich
97934,Rumex thyrsiflorus,ForestWetRich
97935,Rumex thyrsiflorus,ForestWetRich
97936,Rumex thyrsiflorus,ForestWetRich
97937,Rumex thyrsiflorus,ForestWetRich
97938,Rumex thyrsiflorus,ForestWetRich
97939,Rumex thyrsiflorus,ForestWetRich
97940,Rumex thyrsiflorus,ForestWetRich
97941,Rumex thyrsiflorus,ForestWetRich
97942,Rumex thyrsiflorus,ForestWetRich
97943,Rumex thyrsiflorus,ForestWetRich
97944,Rumex thyrsiflorus,ForestWetRich
97945,Rumex thyrsiflorus,ForestWetRich
97946,Rumex thyrsiflorus,ForestWetRich
97947,Rumex thyrsiflorus,ForestWetRich
97948,Rumex thyrsiflorus,ForestWetRich
97949,Rumex thyrsiflorus,ForestWetRich
97950,Rumex thyrsiflorus,ForestWetRich
97951,Rumex thyrsiflorus,ForestWetRich
97952,Rumex thyrsiflorus,ForestWetRich
97953,Rumex thyrsiflorus,ForestWetRich
97954,Rumex thyrsiflorus,ForestWetRich
97955,Rumex thyrsiflorus,ForestWetRich
97956,Rumex thyrsiflorus,ForestWetRich
97957,Rumex thyrsiflorus,ForestWetRich
97958,Rumex thyrsiflorus,ForestWetRich
97959,Rumex thyrsiflorus,ForestWetRich
97960,Rumex thyrsiflorus,ForestWetRich
97961,Rumex thyrsiflorus,ForestWetRich
97962,Rumex thyrsiflorus,ForestWetRich
97963,Rumex thyrsiflorus,ForestWetRich
97964,Rumex thyrsiflorus,ForestWetRich
97965,Rumex thyrsiflorus,ForestWetRich
97966,Rumex thyrsiflorus,ForestWetRich
97967,Rumex thyrsiflorus,ForestWetRich
97968,Rumex thyrsiflorus,ForestWetRich
97969,Rumex thyrsiflorus,ForestWetRich
97970,Rumex thyrsiflorus,ForestWetRich
97971,Rumex thyrsiflorus,ForestWetRich
97972,Rumex thyrsiflorus,ForestWetRich
97973,Rumex thyrsiflorus,ForestWetRich
97974,Rumex thyrsiflorus,ForestWetRich
97975,Rumex thyrsiflorus,ForestWetRich
97976,Rumex thyrsiflorus,ForestWetRich
97977,Rumex thyrsiflorus,ForestWetRich
97978,Rumex thyrsiflorus,ForestWetRich
97979,Rumex thyrsiflorus,ForestWetRich
97980,Rumex thyrsiflorus,ForestWetRich
97981,Rumex thyrsiflorus,ForestWetRich
97982,Rumex thyrsiflorus,ForestWetRich
97983,Rumex thyrsiflorus,ForestWetRich
97984,Rumex thyrsiflorus,ForestWetRich
97985,Rumex thyrsiflorus,ForestWetRich
97986,Rumex thyrsiflorus,ForestWetRich
97987,Rumex thyrsiflorus,ForestWetRich
97988,Rumex thyrsiflorus,ForestWetRich
97989,Rumex thyrsiflorus,ForestWetRich
98525,Rumex thyrsiflorus,ForestWetRich
98526,Rumex thyrsiflorus,ForestWetRich
98527,Rumex thyrsiflorus,ForestWetRich
98528,Rumex thyrsiflorus,ForestWetRich
98529,Rumex thyrsiflorus,ForestWetRich
98530,Rumex thyrsiflorus,ForestWetRich
98531,Rumex thyrsiflorus,ForestWetRich
98532,Rumex thyrsiflorus,ForestWetRich
99126,Rumex thyrsiflorus,ForestWetRich
99127,Rumex thyrsiflorus,ForestWetRich
99128,Rumex thyrsiflorus,ForestWetRich
99129,Rumex thyrsiflorus,ForestWetRich
99130,Rumex thyrsiflorus,ForestWetRich
99131,Rumex thyrsiflorus,ForestWetRich
99726,Rumex thyrsiflorus,ForestWetRich
99727,Rumex thyrsiflorus,ForestWetRich
99728,Rumex thyrsiflorus,ForestWetRich
99729,Rumex thyrsiflorus,ForestWetRich
99730,Rumex thyrsiflorus,ForestWetRich
100327,Rumex thyrsiflorus,ForestWetRich
100328,Rumex thyrsiflorus,ForestWetRich
100329,Rumex thyrsiflorus,ForestWetRich
100927,Rumex thyrsiflorus,ForestWetRich
100928,Rumex thyrsiflorus,ForestWetRich
187838,Rumex thyrsiflorus,ForestWetRich
188428,Rumex thyrsiflorus,ForestWetRich
188429,Rumex thyrsiflorus,ForestWetRich
188430,Rumex thyrsiflorus,ForestWetRich
188431,Rumex thyrsiflorus,ForestWetRich
188432,Rumex thyrsiflorus,ForestWetRich
188433,Rumex thyrsiflorus,ForestWetRich
188434,Rumex thyrsiflorus,ForestWetRich
188435,Rumex thyrsiflorus,ForestWetRich
188436,Rumex thyrsiflorus,ForestWetRich
188437,Rumex thyrsiflorus,ForestWetRich
188438,Rumex thyrsiflorus,ForestWetRich
188439,Rumex thyrsiflorus,ForestWetRich
188440,Rumex thyrsiflorus,ForestWetRich
188441,Rumex thyrsiflorus,ForestWetRich
188442,Rumex thyrsiflorus,ForestWetRich
188443,Rumex thyrsiflorus,ForestWetRich
188444,Rumex thyrsiflorus,ForestWetRich
188445,Rumex thyrsiflorus,ForestWetRich
188446,Rumex thyrsiflorus,ForestWetRich
189023,Rumex thyrsiflorus,ForestWetRich
189024,Rumex thyrsiflorus,ForestWetRich
189025,Rumex thyrsiflorus,ForestWetRich
189026,Rumex thyrsiflorus,ForestWetRich
189027,Rumex thyrsiflorus,ForestWetRich
189028,Rumex thyrsiflorus,ForestWetRich
189029,Rumex thyrsiflorus,ForestWetRich
189030,Rumex thyrsiflorus,ForestWetRich
189031,Rumex thyrsiflorus,ForestWetRich
189032,Rumex thyrsiflorus,ForestWetRich
189033,Rumex thyrsiflorus,ForestWetRich
189034,Rumex thyrsiflorus,ForestWetRich
189035,Rumex thyrsiflorus,ForestWetRich
189036,Rumex thyrsiflorus,ForestWetRich
189037,Rumex thyrsiflorus,ForestWetRich
189038,Rumex thyrsiflorus,ForestWetRich
189039,Rumex thyrsiflorus,ForestWetRich
189040,Rumex thyrsiflorus,ForestWetRich
189041,Rumex thyrsiflorus,ForestWetRich
189042,Rumex thyrsiflorus,ForestWetRich
189043,Rumex thyrsiflorus,ForestWetRich
189044,Rumex thyrsiflorus,ForestWetRich
189045,Rumex thyrsiflorus,ForestWetRich
189046,Rumex thyrsiflorus,ForestWetRich
189047,Rumex thyrsiflorus,ForestWetRich
189048,Rumex thyrsiflorus,ForestWetRich
189049,Rumex thyrsiflorus,ForestWetRich
189619,Rumex thyrsiflorus,ForestWetRich
189620,Rumex thyrsiflorus,ForestWetRich
189621,Rumex thyrsiflorus,ForestWetRich
189622,Rumex thyrsiflorus,ForestWetRich
189623,Rumex thyrsiflorus,ForestWetRich
189624,Rumex thyrsiflorus,ForestWetRich
189625,Rumex thyrsiflorus,ForestWetRich
189626,Rumex thyrsiflorus,ForestWetRich
189627,Rumex thyrsiflorus,ForestWetRich
189628,Rumex thyrsiflorus,ForestWetRich
189629,Rumex thyrsiflorus,ForestWetRich
189630,Rumex thyrsiflorus,ForestWetRich
189631,Rumex thyrsiflorus,ForestWetRich
189632,Rumex thyrsiflorus,ForestWetRich
189633,Rumex thyrsiflorus,ForestWetRich
189634,Rumex thyrsiflorus,ForestWetRich
189635,Rumex thyrsiflorus,ForestWetRich
189636,Rumex thyrsiflorus,ForestWetRich
189637,Rumex thyrsiflorus,ForestWetRich
189638,Rumex thyrsiflorus,ForestWetRich
189639,Rumex thyrsiflorus,ForestWetRich
189640,Rumex thyrsiflorus,ForestWetRich
189641,Rumex thyrsiflorus,ForestWetRich
189642,Rumex thyrsiflorus,ForestWetRich
189643,Rumex thyrsiflorus,ForestWetRich
189644,Rumex thyrsiflorus,ForestWetRich
189645,Rumex thyrsiflorus,ForestWetRich
189646,Rumex thyrsiflorus,ForestWetRich
189647,Rumex thyrsiflorus,ForestWetRich
189648,Rumex thyrsiflorus,ForestWetRich
189649,Rumex thyrsiflorus,ForestWetRich
189650,Rumex thyrsiflorus,ForestWetRich
189651,Rumex thyrsiflorus,ForestWetRich
189652,Rumex thyrsiflorus,ForestWetRich
190215,Rumex thyrsiflorus,ForestWetRich
190216,Rumex thyrsiflorus,ForestWetRich
190217,Rumex thyrsiflorus,ForestWetRich
190218,Rumex thyrsiflorus,ForestWetRich
190219,Rumex thyrsiflorus,ForestWetRich
190220,Rumex thyrsiflorus,ForestWetRich
190221,Rumex thyrsiflorus,ForestWetRich
190222,Rumex thyrsiflorus,ForestWetRich
190223,Rumex thyrsiflorus,ForestWetRich
190224,Rumex thyrsiflorus,ForestWetRich
190225,Rumex thyrsiflorus,ForestWetRich
190226,Rumex thyrsiflorus,ForestWetRich
190227,Rumex thyrsiflorus,ForestWetRich
190228,Rumex thyrsiflorus,ForestWetRich
190229,Rumex thyrsiflorus,ForestWetRich
190230,Rumex thyrsiflorus,ForestWetRich
190231,Rumex thyrsiflorus,ForestWetRich
190232,Rumex thyrsiflorus,ForestWetRich
190233,Rumex thyrsiflorus,ForestWetRich
190234,Rumex thyrsiflorus,ForestWetRich
190235,Rumex thyrsiflorus,ForestWetRich
190236,Rumex thyrsiflorus,ForestWetRich
190237,Rumex thyrsiflorus,ForestWetRich
190238,Rumex thyrsiflorus,ForestWetRich
190239,Rumex thyrsiflorus,ForestWetRich
190240,Rumex thyrsiflorus,ForestWetRich
190241,Rumex thyrsiflorus,ForestWetRich
190242,Rumex thyrsiflorus,ForestWetRich
190243,Rumex thyrsiflorus,ForestWetRich
190244,Rumex thyrsiflorus,ForestWetRich
190245,Rumex thyrsiflorus,ForestWetRich
190246,Rumex thyrsiflorus,ForestWetRich
190247,Rumex thyrsiflorus,ForestWetRich
190248,Rumex thyrsiflorus,ForestWetRich
190249,Rumex thyrsiflorus,ForestWetRich
190250,Rumex thyrsiflorus,ForestWetRich
190251,Rumex thyrsiflorus,ForestWetRich
190252,Rumex thyrsiflorus,ForestWetRich
190253,Rumex thyrsiflorus,ForestWetRich
190812,Rumex thyrsiflorus,ForestWetRich
190813,Rumex thyrsiflorus,ForestWetRich
190814,Rumex thyrsiflorus,ForestWetRich
190815,Rumex thyrsiflorus,ForestWetRich
190816,Rumex thyrsiflorus,ForestWetRich
190817,Rumex thyrsiflorus,ForestWetRich
190818,Rumex thyrsiflorus,ForestWetRich
190819,Rumex thyrsiflorus,ForestWetRich
190820,Rumex thyrsiflorus,ForestWetRich
190821,Rumex thyrsiflorus,ForestWetRich
190822,Rumex thyrsiflorus,ForestWetRich
190823,Rumex thyrsiflorus,ForestWetRich
190824,Rumex thyrsiflorus,ForestWetRich
190825,Rumex thyrsiflorus,ForestWetRich
190826,Rumex thyrsiflorus,ForestWetRich
190827,Rumex thyrsiflorus,ForestWetRich
190828,Rumex thyrsiflorus,ForestWetRich
190829,Rumex thyrsiflorus,ForestWetRich
190830,Rumex thyrsiflorus,ForestWetRich
190831,Rumex thyrsiflorus,ForestWetRich
190832,Rumex thyrsiflorus,ForestWetRich
190833,Rumex thyrsiflorus,ForestWetRich
190834,Rumex thyrsiflorus,ForestWetRich
190835,Rumex thyrsiflorus,ForestWetRich
190836,Rumex thyrsiflorus,ForestWetRich
190837,Rumex thyrsiflorus,ForestWetRich
190838,Rumex thyrsiflorus,ForestWetRich
190839,Rumex thyrsiflorus,ForestWetRich
190840,Rumex thyrsiflorus,ForestWetRich
190841,Rumex thyrsiflorus,ForestWetRich
190842,Rumex thyrsiflorus,ForestWetRich
190843,Rumex thyrsiflorus,ForestWetRich
190844,Rumex thyrsiflorus,ForestWetRich
190845,Rumex thyrsiflorus,ForestWetRich
190846,Rumex thyrsiflorus,ForestWetRich
190847,Rumex thyrsiflorus,ForestWetRich
190848,Rumex thyrsiflorus,ForestWetRich
190849,Rumex thyrsiflorus,ForestWetRich
190850,Rumex thyrsiflorus,ForestWetRich
190851,Rumex thyrsiflorus,ForestWetRich
190852,Rumex thyrsiflorus,ForestWetRich
190853,Rumex thyrsiflorus,ForestWetRich
190854,Rumex thyrsiflorus,ForestWetRich
191409,Rumex thyrsiflorus,ForestWetRich
191410,Rumex thyrsiflorus,ForestWetRich
191411,Rumex thyrsiflorus,ForestWetRich
191412,Rumex thyrsiflorus,ForestWetRich
191413,Rumex thyrsiflorus,ForestWetRich
191414,Rumex thyrsiflorus,ForestWetRich
191415,Rumex thyrsiflorus,ForestWetRich
191416,Rumex thyrsiflorus,ForestWetRich
191417,Rumex thyrsiflorus,ForestWetRich
191418,Rumex thyrsiflorus,ForestWetRich
191419,Rumex thyrsiflorus,ForestWetRich
191420,Rumex thyrsiflorus,ForestWetRich
191421,Rumex thyrsiflorus,ForestWetRich
191422,Rumex thyrsiflorus,ForestWetRich
191423,Rumex thyrsiflorus,ForestWetRich
191424,Rumex thyrsiflorus,ForestWetRich
191425,Rumex thyrsiflorus,ForestWetRich
191426,Rumex thyrsiflorus,ForestWetRich
191427,Rumex thyrsiflorus,ForestWetRich
191428,Rumex thyrsiflorus,ForestWetRich
191429,Rumex thyrsiflorus,ForestWetRich
191430,Rumex thyrsiflorus,ForestWetRich
191431,Rumex thyrsiflorus,ForestWetRich
191432,Rumex thyrsiflorus,ForestWetRich
191433,Rumex thyrsiflorus,ForestWetRich
191434,Rumex thyrsiflorus,ForestWetRich
191435,Rumex thyrsiflorus,ForestWetRich
191436,Rumex thyrsiflorus,ForestWetRich
191437,Rumex thyrsiflorus,ForestWetRich
191438,Rumex thyrsiflorus,ForestWetRich
191439,Rumex thyrsiflorus,ForestWetRich
191440,Rumex thyrsiflorus,ForestWetRich
191441,Rumex thyrsiflorus,ForestWetRich
191442,Rumex thyrsiflorus,ForestWetRich
191443,Rumex thyrsiflorus,ForestWetRich
191444,Rumex thyrsiflorus,ForestWetRich
191445,Rumex thyrsiflorus,ForestWetRich
191446,Rumex thyrsiflorus,ForestWetRich
191447,Rumex thyrsiflorus,ForestWetRich
191448,Rumex thyrsiflorus,ForestWetRich
191449,Rumex thyrsiflorus,ForestWetRich
191450,Rumex thyrsiflorus,ForestWetRich
191451,Rumex thyrsiflorus,ForestWetRich
191452,Rumex thyrsiflorus,ForestWetRich
191453,Rumex thyrsiflorus,ForestWetRich
191454,Rumex thyrsiflorus,ForestWetRich
191455,Rumex thyrsiflorus,ForestWetRich
192006,Rumex thyrsiflorus,ForestWetRich
192007,Rumex thyrsiflorus,ForestWetRich
192008,Rumex thyrsiflorus,ForestWetRich
192009,Rumex thyrsiflorus,ForestWetRich
192010,Rumex thyrsiflorus,ForestWetRich
192011,Rumex thyrsiflorus,ForestWetRich
192012,Rumex thyrsiflorus,ForestWetRich
192013,Rumex thyrsiflorus,ForestWetRich
192014,Rumex thyrsiflorus,ForestWetRich
192015,Rumex thyrsiflorus,ForestWetRich
192016,Rumex thyrsiflorus,ForestWetRich
192017,Rumex thyrsiflorus,ForestWetRich
192018,Rumex thyrsiflorus,ForestWetRich
192019,Rumex thyrsiflorus,ForestWetRich
192020,Rumex thyrsiflorus,ForestWetRich
192021,Rumex thyrsiflorus,ForestWetRich
192022,Rumex thyrsiflorus,ForestWetRich
192023,Rumex thyrsiflorus,ForestWetRich
192024,Rumex thyrsiflorus,ForestWetRich
192025,Rumex thyrsiflorus,ForestWetRich
192026,Rumex thyrsiflorus,ForestWetRich
192027,Rumex thyrsiflorus,ForestWetRich
192028,Rumex thyrsiflorus,ForestWetRich
192029,Rumex thyrsiflorus,ForestWetRich
192030,Rumex thyrsiflorus,ForestWetRich
192031,Rumex thyrsiflorus,ForestWetRich
192032,Rumex thyrsiflorus,ForestWetRich
192033,Rumex thyrsiflorus,ForestWetRich
192034,Rumex thyrsiflorus,ForestWetRich
192035,Rumex thyrsiflorus,ForestWetRich
192036,Rumex thyrsiflorus,ForestWetRich
192037,Rumex thyrsiflorus,ForestWetRich
192038,Rumex thyrsiflorus,ForestWetRich
192039,Rumex thyrsiflorus,ForestWetRich
192040,Rumex thyrsiflorus,ForestWetRich
192041,Rumex thyrsiflorus,ForestWetRich
192042,Rumex thyrsiflorus,ForestWetRich
192043,Rumex thyrsiflorus,ForestWetRich
192044,Rumex thyrsiflorus,ForestWetRich
192045,Rumex thyrsiflorus,ForestWetRich
192046,Rumex thyrsiflorus,ForestWetRich
192047,Rumex thyrsiflorus,ForestWetRich
192048,Rumex thyrsiflorus,ForestWetRich
192049,Rumex thyrsiflorus,ForestWetRich
192050,Rumex thyrsiflorus,ForestWetRich
192051,Rumex thyrsiflorus,ForestWetRich
192052,Rumex thyrsiflorus,ForestWetRich
192053,Rumex thyrsiflorus,ForestWetRich
192054,Rumex thyrsiflorus,ForestWetRich
192055,Rumex thyrsiflorus,ForestWetRich
192056,Rumex thyrsiflorus,ForestWetRich
192604,Rumex thyrsiflorus,ForestWetRich
192605,Rumex thyrsiflorus,ForestWetRich
192606,Rumex thyrsiflorus,ForestWetRich
192607,Rumex thyrsiflorus,ForestWetRich
192608,Rumex thyrsiflorus,ForestWetRich
192609,Rumex thyrsiflorus,ForestWetRich
192610,Rumex thyrsiflorus,ForestWetRich
192611,Rumex thyrsiflorus,ForestWetRich
192612,Rumex thyrsiflorus,ForestWetRich
192613,Rumex thyrsiflorus,ForestWetRich
192614,Rumex thyrsiflorus,ForestWetRich
192615,Rumex thyrsiflorus,ForestWetRich
192616,Rumex thyrsiflorus,ForestWetRich
192617,Rumex thyrsiflorus,ForestWetRich
192618,Rumex thyrsiflorus,ForestWetRich
192619,Rumex thyrsiflorus,ForestWetRich
192620,Rumex thyrsiflorus,ForestWetRich
192621,Rumex thyrsiflorus,ForestWetRich
192622,Rumex thyrsiflorus,ForestWetRich
192623,Rumex thyrsiflorus,ForestWetRich
192624,Rumex thyrsiflorus,ForestWetRich
192625,Rumex thyrsiflorus,ForestWetRich
192626,Rumex thyrsiflorus,ForestWetRich
192627,Rumex thyrsiflorus,ForestWetRich
192628,Rumex thyrsiflorus,ForestWetRich
192629,Rumex thyrsiflorus,ForestWetRich
192630,Rumex thyrsiflorus,ForestWetRich
192631,Rumex thyrsiflorus,ForestWetRich
192632,Rumex thyrsiflorus,ForestWetRich
192633,Rumex thyrsiflorus,ForestWetRich
192634,Rumex thyrsiflorus,ForestWetRich
192635,Rumex thyrsiflorus,ForestWetRich
192636,Rumex thyrsiflorus,ForestWetRich
192637,Rumex thyrsiflorus,ForestWetRich
192638,Rumex thyrsiflorus,ForestWetRich
192639,Rumex thyrsiflorus,ForestWetRich
192640,Rumex thyrsiflorus,ForestWetRich
192641,Rumex thyrsiflorus,ForestWetRich
192642,Rumex thyrsiflorus,ForestWetRich
192643,Rumex thyrsiflorus,ForestWetRich
192644,Rumex thyrsiflorus,ForestWetRich
192645,Rumex thyrsiflorus,ForestWetRich
192646,Rumex thyrsiflorus,ForestWetRich
192647,Rumex thyrsiflorus,ForestWetRich
192648,Rumex thyrsiflorus,ForestWetRich
192649,Rumex thyrsiflorus,ForestWetRich
192650,Rumex thyrsiflorus,ForestWetRich
192651,Rumex thyrsiflorus,ForestWetRich
192652,Rumex thyrsiflorus,ForestWetRich
192653,Rumex thyrsiflorus,ForestWetRich
192654,Rumex thyrsiflorus,ForestWetRich
192655,Rumex thyrsiflorus,ForestWetRich
193201,Rumex thyrsiflorus,ForestWetRich
193202,Rumex thyrsiflorus,ForestWetRich
193203,Rumex thyrsiflorus,ForestWetRich
193204,Rumex thyrsiflorus,ForestWetRich
193205,Rumex thyrsiflorus,ForestWetRich
193206,Rumex thyrsiflorus,ForestWetRich
193207,Rumex thyrsiflorus,ForestWetRich
193208,Rumex thyrsiflorus,ForestWetRich
193209,Rumex thyrsiflorus,ForestWetRich
193210,Rumex thyrsiflorus,ForestWetRich
193211,Rumex thyrsiflorus,ForestWetRich
193212,Rumex thyrsiflorus,ForestWetRich
193213,Rumex thyrsiflorus,ForestWetRich
193214,Rumex thyrsiflorus,ForestWetRich
193215,Rumex thyrsiflorus,ForestWetRich
193216,Rumex thyrsiflorus,ForestWetRich
193217,Rumex thyrsiflorus,ForestWetRich
193218,Rumex thyrsiflorus,ForestWetRich
193219,Rumex thyrsiflorus,ForestWetRich
193220,Rumex thyrsiflorus,ForestWetRich
193221,Rumex thyrsiflorus,ForestWetRich
193222,Rumex thyrsiflorus,ForestWetRich
193223,Rumex thyrsiflorus,ForestWetRich
193224,Rumex thyrsiflorus,ForestWetRich
193225,Rumex thyrsiflorus,ForestWetRich
193226,Rumex thyrsiflorus,ForestWetRich
193227,Rumex thyrsiflorus,ForestWetRich
193228,Rumex thyrsiflorus,ForestWetRich
193229,Rumex thyrsiflorus,ForestWetRich
193230,Rumex thyrsiflorus,ForestWetRich
193231,Rumex thyrsiflorus,ForestWetRich
193232,Rumex thyrsiflorus,ForestWetRich
193233,Rumex thyrsiflorus,ForestWetRich
193234,Rumex thyrsiflorus,ForestWetRich
193235,Rumex thyrsiflorus,ForestWetRich
193236,Rumex thyrsiflorus,ForestWetRich
193237,Rumex thyrsiflorus,ForestWetRich
193238,Rumex thyrsiflorus,ForestWetRich
193239,Rumex thyrsiflorus,ForestWetRich
193240,Rumex thyrsiflorus,ForestWetRich
193241,Rumex thyrsiflorus,ForestWetRich
193242,Rumex thyrsiflorus,ForestWetRich
193243,Rumex thyrsiflorus,ForestWetRich
193244,Rumex thyrsiflorus,ForestWetRich
193245,Rumex thyrsiflorus,ForestWetRich
193246,Rumex thyrsiflorus,ForestWetRich
193247,Rumex thyrsiflorus,ForestWetRich
193248,Rumex thyrsiflorus,ForestWetRich
193249,Rumex thyrsiflorus,ForestWetRich
193250,Rumex thyrsiflorus,ForestWetRich
193251,Rumex thyrsiflorus,ForestWetRich
193252,Rumex thyrsiflorus,ForestWetRich
193253,Rumex thyrsiflorus,ForestWetRich
193254,Rumex thyrsiflorus,ForestWetRich
193799,Rumex thyrsiflorus,ForestWetRich
193800,Rumex thyrsiflorus,ForestWetRich
193801,Rumex thyrsiflorus,ForestWetRich
193802,Rumex thyrsiflorus,ForestWetRich
193803,Rumex thyrsiflorus,ForestWetRich
193804,Rumex thyrsiflorus,ForestWetRich
193805,Rumex thyrsiflorus,ForestWetRich
193806,Rumex thyrsiflorus,ForestWetRich
193807,Rumex thyrsiflorus,ForestWetRich
193808,Rumex thyrsiflorus,ForestWetRich
193809,Rumex thyrsiflorus,ForestWetRich
193810,Rumex thyrsiflorus,ForestWetRich
193811,Rumex thyrsiflorus,ForestWetRich
193812,Rumex thyrsiflorus,ForestWetRich
193813,Rumex thyrsiflorus,ForestWetRich
193814,Rumex thyrsiflorus,ForestWetRich
193815,Rumex thyrsiflorus,ForestWetRich
193816,Rumex thyrsiflorus,ForestWetRich
193817,Rumex thyrsiflorus,ForestWetRich
193818,Rumex thyrsiflorus,ForestWetRich
193819,Rumex thyrsiflorus,ForestWetRich
193820,Rumex thyrsiflorus,ForestWetRich
193821,Rumex thyrsiflorus,ForestWetRich
193822,Rumex thyrsiflorus,ForestWetRich
193823,Rumex thyrsiflorus,ForestWetRich
193824,Rumex thyrsiflorus,ForestWetRich
193825,Rumex thyrsiflorus,ForestWetRich
193826,Rumex thyrsiflorus,ForestWetRich
193827,Rumex thyrsiflorus,ForestWetRich
193828,Rumex thyrsiflorus,ForestWetRich
193829,Rumex thyrsiflorus,ForestWetRich
193830,Rumex thyrsiflorus,ForestWetRich
193831,Rumex thyrsiflorus,ForestWetRich
193832,Rumex thyrsiflorus,ForestWetRich
193833,Rumex thyrsiflorus,ForestWetRich
193834,Rumex thyrsiflorus,ForestWetRich
193835,Rumex thyrsiflorus,ForestWetRich
193836,Rumex thyrsiflorus,ForestWetRich
193837,Rumex thyrsiflorus,ForestWetRich
193838,Rumex thyrsiflorus,ForestWetRich
193839,Rumex thyrsiflorus,ForestWetRich
193840,Rumex thyrsiflorus,ForestWetRich
193841,Rumex thyrsiflorus,ForestWetRich
193842,Rumex thyrsiflorus,ForestWetRich
193843,Rumex thyrsiflorus,ForestWetRich
193844,Rumex thyrsiflorus,ForestWetRich
193845,Rumex thyrsiflorus,ForestWetRich
193846,Rumex thyrsiflorus,ForestWetRich
193847,Rumex thyrsiflorus,ForestWetRich
193848,Rumex thyrsiflorus,ForestWetRich
193849,Rumex thyrsiflorus,ForestWetRich
193850,Rumex thyrsiflorus,ForestWetRich
193851,Rumex thyrsiflorus,ForestWetRich
193852,Rumex thyrsiflorus,ForestWetRich
193853,Rumex thyrsiflorus,ForestWetRich
194396,Rumex thyrsiflorus,ForestWetRich
194397,Rumex thyrsiflorus,ForestWetRich
194398,Rumex thyrsiflorus,ForestWetRich
194399,Rumex thyrsiflorus,ForestWetRich
194400,Rumex thyrsiflorus,ForestWetRich
194401,Rumex thyrsiflorus,ForestWetRich
194402,Rumex thyrsiflorus,ForestWetRich
194403,Rumex thyrsiflorus,ForestWetRich
194404,Rumex thyrsiflorus,ForestWetRich
194405,Rumex thyrsiflorus,ForestWetRich
194406,Rumex thyrsiflorus,ForestWetRich
194407,Rumex thyrsiflorus,ForestWetRich
194408,Rumex thyrsiflorus,ForestWetRich
194409,Rumex thyrsiflorus,ForestWetRich
194410,Rumex thyrsiflorus,ForestWetRich
194411,Rumex thyrsiflorus,ForestWetRich
194412,Rumex thyrsiflorus,ForestWetRich
194413,Rumex thyrsiflorus,ForestWetRich
194414,Rumex thyrsiflorus,ForestWetRich
194415,Rumex thyrsiflorus,ForestWetRich
194416,Rumex thyrsiflorus,ForestWetRich
194417,Rumex thyrsiflorus,ForestWetRich
194418,Rumex thyrsiflorus,ForestWetRich
194419,Rumex thyrsiflorus,ForestWetRich
194420,Rumex thyrsiflorus,ForestWetRich
194421,Rumex thyrsiflorus,ForestWetRich
194422,Rumex thyrsiflorus,ForestWetRich
194423,Rumex thyrsiflorus,ForestWetRich
194424,Rumex thyrsiflorus,ForestWetRich
194425,Rumex thyrsiflorus,ForestWetRich
194426,Rumex thyrsiflorus,ForestWetRich
194427,Rumex thyrsiflorus,ForestWetRich
194428,Rumex thyrsiflorus,ForestWetRich
194429,Rumex thyrsiflorus,ForestWetRich
194430,Rumex thyrsiflorus,ForestWetRich
194431,Rumex thyrsiflorus,ForestWetRich
194432,Rumex thyrsiflorus,ForestWetRich
194433,Rumex thyrsiflorus,ForestWetRich
194434,Rumex thyrsiflorus,ForestWetRich
194435,Rumex thyrsiflorus,ForestWetRich
194436,Rumex thyrsiflorus,ForestWetRich
194437,Rumex thyrsiflorus,ForestWetRich
194438,Rumex thyrsiflorus,ForestWetRich
194439,Rumex thyrsiflorus,ForestWetRich
194440,Rumex thyrsiflorus,ForestWetRich
194441,Rumex thyrsiflorus,ForestWetRich
194442,Rumex thyrsiflorus,ForestWetRich
194443,Rumex thyrsiflorus,ForestWetRich
194444,Rumex thyrsiflorus,ForestWetRich
194445,Rumex thyrsiflorus,ForestWetRich
194446,Rumex thyrsiflorus,ForestWetRich
194447,Rumex thyrsiflorus,ForestWetRich
194448,Rumex thyrsiflorus,ForestWetRich
194449,Rumex thyrsiflorus,ForestWetRich
194450,Rumex thyrsiflorus,ForestWetRich
194451,Rumex thyrsiflorus,ForestWetRich
194452,Rumex thyrsiflorus,ForestWetRich
194994,Rumex thyrsiflorus,ForestWetRich
194995,Rumex thyrsiflorus,ForestWetRich
194996,Rumex thyrsiflorus,ForestWetRich
194997,Rumex thyrsiflorus,ForestWetRich
194998,Rumex thyrsiflorus,ForestWetRich
194999,Rumex thyrsiflorus,ForestWetRich
195000,Rumex thyrsiflorus,ForestWetRich
195001,Rumex thyrsiflorus,ForestWetRich
195002,Rumex thyrsiflorus,ForestWetRich
195003,Rumex thyrsiflorus,ForestWetRich
195004,Rumex thyrsiflorus,ForestWetRich
195005,Rumex thyrsiflorus,ForestWetRich
195006,Rumex thyrsiflorus,ForestWetRich
195007,Rumex thyrsiflorus,ForestWetRich
195008,Rumex thyrsiflorus,ForestWetRich
195009,Rumex thyrsiflorus,ForestWetRich
195010,Rumex thyrsiflorus,ForestWetRich
195011,Rumex thyrsiflorus,ForestWetRich
195012,Rumex thyrsiflorus,ForestWetRich
195013,Rumex thyrsiflorus,ForestWetRich
195014,Rumex thyrsiflorus,ForestWetRich
195015,Rumex thyrsiflorus,ForestWetRich
195016,Rumex thyrsiflorus,ForestWetRich
195017,Rumex thyrsiflorus,ForestWetRich
195018,Rumex thyrsiflorus,ForestWetRich
195019,Rumex thyrsiflorus,ForestWetRich
195020,Rumex thyrsiflorus,ForestWetRich
195021,Rumex thyrsiflorus,ForestWetRich
195022,Rumex thyrsiflorus,ForestWetRich
195023,Rumex thyrsiflorus,ForestWetRich
195024,Rumex thyrsiflorus,ForestWetRich
195025,Rumex thyrsiflorus,ForestWetRich
195026,Rumex thyrsiflorus,ForestWetRich
195027,Rumex thyrsiflorus,ForestWetRich
195028,Rumex thyrsiflorus,ForestWetRich
195029,Rumex thyrsiflorus,ForestWetRich
195030,Rumex thyrsiflorus,ForestWetRich
195031,Rumex thyrsiflorus,ForestWetRich
195032,Rumex thyrsiflorus,ForestWetRich
195033,Rumex thyrsiflorus,ForestWetRich
195034,Rumex thyrsiflorus,ForestWetRich
195035,Rumex thyrsiflorus,ForestWetRich
195036,Rumex thyrsiflorus,ForestWetRich
195037,Rumex thyrsiflorus,ForestWetRich
195038,Rumex thyrsiflorus,ForestWetRich
195039,Rumex thyrsiflorus,ForestWetRich
195040,Rumex thyrsiflorus,ForestWetRich
195041,Rumex thyrsiflorus,ForestWetRich
195042,Rumex thyrsiflorus,ForestWetRich
195043,Rumex thyrsiflorus,ForestWetRich
195044,Rumex thyrsiflorus,ForestWetRich
195045,Rumex thyrsiflorus,ForestWetRich
195046,Rumex thyrsiflorus,ForestWetRich
195047,Rumex thyrsiflorus,ForestWetRich
195048,Rumex thyrsiflorus,ForestWetRich
195049,Rumex thyrsiflorus,ForestWetRich
195050,Rumex thyrsiflorus,ForestWetRich
195051,Rumex thyrsiflorus,ForestWetRich
195592,Rumex thyrsiflorus,ForestWetRich
195593,Rumex thyrsiflorus,ForestWetRich
195594,Rumex thyrsiflorus,ForestWetRich
195595,Rumex thyrsiflorus,ForestWetRich
195596,Rumex thyrsiflorus,ForestWetRich
195597,Rumex thyrsiflorus,ForestWetRich
195598,Rumex thyrsiflorus,ForestWetRich
195599,Rumex thyrsiflorus,ForestWetRich
195600,Rumex thyrsiflorus,ForestWetRich
195601,Rumex thyrsiflorus,ForestWetRich
195602,Rumex thyrsiflorus,ForestWetRich
195603,Rumex thyrsiflorus,ForestWetRich
195604,Rumex thyrsiflorus,ForestWetRich
195605,Rumex thyrsiflorus,ForestWetRich
195606,Rumex thyrsiflorus,ForestWetRich
195607,Rumex thyrsiflorus,ForestWetRich
195608,Rumex thyrsiflorus,ForestWetRich
195609,Rumex thyrsiflorus,ForestWetRich
195610,Rumex thyrsiflorus,ForestWetRich
195611,Rumex thyrsiflorus,ForestWetRich
195612,Rumex thyrsiflorus,ForestWetRich
195613,Rumex thyrsiflorus,ForestWetRich
195614,Rumex thyrsiflorus,ForestWetRich
195615,Rumex thyrsiflorus,ForestWetRich
195616,Rumex thyrsiflorus,ForestWetRich
195617,Rumex thyrsiflorus,ForestWetRich
195618,Rumex thyrsiflorus,ForestWetRich
195619,Rumex thyrsiflorus,ForestWetRich
195620,Rumex thyrsiflorus,ForestWetRich
195621,Rumex thyrsiflorus,ForestWetRich
195622,Rumex thyrsiflorus,ForestWetRich
195623,Rumex thyrsiflorus,ForestWetRich
195624,Rumex thyrsiflorus,ForestWetRich
195625,Rumex thyrsiflorus,ForestWetRich
195626,Rumex thyrsiflorus,ForestWetRich
195627,Rumex thyrsiflorus,ForestWetRich
195628,Rumex thyrsiflorus,ForestWetRich
195629,Rumex thyrsiflorus,ForestWetRich
195630,Rumex thyrsiflorus,ForestWetRich
195631,Rumex thyrsiflorus,ForestWetRich
195632,Rumex thyrsiflorus,ForestWetRich
195633,Rumex thyrsiflorus,ForestWetRich
195634,Rumex thyrsiflorus,ForestWetRich
195635,Rumex thyrsiflorus,ForestWetRich
195636,Rumex thyrsiflorus,ForestWetRich
195637,Rumex thyrsiflorus,ForestWetRich
195638,Rumex thyrsiflorus,ForestWetRich
195639,Rumex thyrsiflorus,ForestWetRich
195640,Rumex thyrsiflorus,ForestWetRich
195641,Rumex thyrsiflorus,ForestWetRich
195642,Rumex thyrsiflorus,ForestWetRich
195643,Rumex thyrsiflorus,ForestWetRich
195644,Rumex thyrsiflorus,ForestWetRich
195645,Rumex thyrsiflorus,ForestWetRich
195646,Rumex thyrsiflorus,ForestWetRich
195647,Rumex thyrsiflorus,ForestWetRich
195648,Rumex thyrsiflorus,ForestWetRich
195649,Rumex thyrsiflorus,ForestWetRich
195650,Rumex thyrsiflorus,ForestWetRich
196190,Rumex thyrsiflorus,ForestWetRich
196191,Rumex thyrsiflorus,ForestWetRich
196192,Rumex thyrsiflorus,ForestWetRich
196193,Rumex thyrsiflorus,ForestWetRich
196194,Rumex thyrsiflorus,ForestWetRich
196195,Rumex thyrsiflorus,ForestWetRich
196196,Rumex thyrsiflorus,ForestWetRich
196197,Rumex thyrsiflorus,ForestWetRich
196198,Rumex thyrsiflorus,ForestWetRich
196199,Rumex thyrsiflorus,ForestWetRich
196200,Rumex thyrsiflorus,ForestWetRich
196201,Rumex thyrsiflorus,ForestWetRich
196202,Rumex thyrsiflorus,ForestWetRich
196203,Rumex thyrsiflorus,ForestWetRich
196204,Rumex thyrsiflorus,ForestWetRich
196205,Rumex thyrsiflorus,ForestWetRich
196206,Rumex thyrsiflorus,ForestWetRich
196207,Rumex thyrsiflorus,ForestWetRich
196208,Rumex thyrsiflorus,ForestWetRich
196209,Rumex thyrsiflorus,ForestWetRich
196210,Rumex thyrsiflorus,ForestWetRich
196211,Rumex thyrsiflorus,ForestWetRich
196212,Rumex thyrsiflorus,ForestWetRich
196213,Rumex thyrsiflorus,ForestWetRich
196214,Rumex thyrsiflorus,ForestWetRich
196215,Rumex thyrsiflorus,ForestWetRich
196216,Rumex thyrsiflorus,ForestWetRich
196217,Rumex thyrsiflorus,ForestWetRich
196218,Rumex thyrsiflorus,ForestWetRich
196219,Rumex thyrsiflorus,ForestWetRich
196220,Rumex thyrsiflorus,ForestWetRich
196221,Rumex thyrsiflorus,ForestWetRich
196222,Rumex thyrsiflorus,ForestWetRich
196223,Rumex thyrsiflorus,ForestWetRich
196224,Rumex thyrsiflorus,ForestWetRich
196225,Rumex thyrsiflorus,ForestWetRich
196226,Rumex thyrsiflorus,ForestWetRich
196227,Rumex thyrsiflorus,ForestWetRich
196228,Rumex thyrsiflorus,ForestWetRich
196229,Rumex thyrsiflorus,ForestWetRich
196230,Rumex thyrsiflorus,ForestWetRich
196231,Rumex thyrsiflorus,ForestWetRich
196232,Rumex thyrsiflorus,ForestWetRich
196233,Rumex thyrsiflorus,ForestWetRich
196234,Rumex thyrsiflorus,ForestWetRich
196235,Rumex thyrsiflorus,ForestWetRich
196236,Rumex thyrsiflorus,ForestWetRich
196237,Rumex thyrsiflorus,ForestWetRich
196238,Rumex thyrsiflorus,ForestWetRich
196239,Rumex thyrsiflorus,ForestWetRich
196240,Rumex thyrsiflorus,ForestWetRich
196241,Rumex thyrsiflorus,ForestWetRich
196242,Rumex thyrsiflorus,ForestWetRich
196243,Rumex thyrsiflorus,ForestWetRich
196244,Rumex thyrsiflorus,ForestWetRich
196245,Rumex thyrsiflorus,ForestWetRich
196246,Rumex thyrsiflorus,ForestWetRich
196247,Rumex thyrsiflorus,ForestWetRich
196248,Rumex thyrsiflorus,ForestWetRich
196249,Rumex thyrsiflorus,ForestWetRich
196788,Rumex thyrsiflorus,ForestWetRich
196789,Rumex thyrsiflorus,ForestWetRich
196790,Rumex thyrsiflorus,ForestWetRich
196791,Rumex thyrsiflorus,ForestWetRich
196792,Rumex thyrsiflorus,ForestWetRich
196793,Rumex thyrsiflorus,ForestWetRich
196794,Rumex thyrsiflorus,ForestWetRich
196795,Rumex thyrsiflorus,ForestWetRich
196796,Rumex thyrsiflorus,ForestWetRich
196797,Rumex thyrsiflorus,ForestWetRich
196798,Rumex thyrsiflorus,ForestWetRich
196799,Rumex thyrsiflorus,ForestWetRich
196800,Rumex thyrsiflorus,ForestWetRich
196801,Rumex thyrsiflorus,ForestWetRich
196802,Rumex thyrsiflorus,ForestWetRich
196803,Rumex thyrsiflorus,ForestWetRich
196804,Rumex thyrsiflorus,ForestWetRich
196805,Rumex thyrsiflorus,ForestWetRich
196806,Rumex thyrsiflorus,ForestWetRich
196807,Rumex thyrsiflorus,ForestWetRich
196808,Rumex thyrsiflorus,ForestWetRich
196809,Rumex thyrsiflorus,ForestWetRich
196810,Rumex thyrsiflorus,ForestWetRich
196811,Rumex thyrsiflorus,ForestWetRich
196812,Rumex thyrsiflorus,ForestWetRich
196813,Rumex thyrsiflorus,ForestWetRich
196814,Rumex thyrsiflorus,ForestWetRich
196815,Rumex thyrsiflorus,ForestWetRich
196816,Rumex thyrsiflorus,ForestWetRich
196817,Rumex thyrsiflorus,ForestWetRich
196818,Rumex thyrsiflorus,ForestWetRich
196819,Rumex thyrsiflorus,ForestWetRich
196820,Rumex thyrsiflorus,ForestWetRich
196821,Rumex thyrsiflorus,ForestWetRich
196822,Rumex thyrsiflorus,ForestWetRich
196823,Rumex thyrsiflorus,ForestWetRich
196824,Rumex thyrsiflorus,ForestWetRich
196825,Rumex thyrsiflorus,ForestWetRich
196826,Rumex thyrsiflorus,ForestWetRich
196827,Rumex thyrsiflorus,ForestWetRich
196828,Rumex thyrsiflorus,ForestWetRich
196829,Rumex thyrsiflorus,ForestWetRich
196830,Rumex thyrsiflorus,ForestWetRich
196831,Rumex thyrsiflorus,ForestWetRich
196832,Rumex thyrsiflorus,ForestWetRich
196833,Rumex thyrsiflorus,ForestWetRich
196834,Rumex thyrsiflorus,ForestWetRich
196835,Rumex thyrsiflorus,ForestWetRich
196836,Rumex thyrsiflorus,ForestWetRich
196837,Rumex thyrsiflorus,ForestWetRich
196838,Rumex thyrsiflorus,ForestWetRich
196839,Rumex thyrsiflorus,ForestWetRich
196840,Rumex thyrsiflorus,ForestWetRich
196841,Rumex thyrsiflorus,ForestWetRich
196842,Rumex thyrsiflorus,ForestWetRich
196843,Rumex thyrsiflorus,ForestWetRich
196844,Rumex thyrsiflorus,ForestWetRich
196845,Rumex thyrsiflorus,ForestWetRich
196846,Rumex thyrsiflorus,ForestWetRich
196847,Rumex thyrsiflorus,ForestWetRich
196848,Rumex thyrsiflorus,ForestWetRich
197386,Rumex thyrsiflorus,ForestWetRich
197387,Rumex thyrsiflorus,ForestWetRich
197388,Rumex thyrsiflorus,ForestWetRich
197389,Rumex thyrsiflorus,ForestWetRich
197390,Rumex thyrsiflorus,ForestWetRich
197391,Rumex thyrsiflorus,ForestWetRich
197392,Rumex thyrsiflorus,ForestWetRich
197393,Rumex thyrsiflorus,ForestWetRich
197394,Rumex thyrsiflorus,ForestWetRich
197395,Rumex thyrsiflorus,ForestWetRich
197396,Rumex thyrsiflorus,ForestWetRich
197397,Rumex thyrsiflorus,ForestWetRich
197398,Rumex thyrsiflorus,ForestWetRich
197399,Rumex thyrsiflorus,ForestWetRich
197400,Rumex thyrsiflorus,ForestWetRich
197401,Rumex thyrsiflorus,ForestWetRich
197402,Rumex thyrsiflorus,ForestWetRich
197403,Rumex thyrsiflorus,ForestWetRich
197404,Rumex thyrsiflorus,ForestWetRich
197405,Rumex thyrsiflorus,ForestWetRich
197406,Rumex thyrsiflorus,ForestWetRich
197407,Rumex thyrsiflorus,ForestWetRich
197408,Rumex thyrsiflorus,ForestWetRich
197409,Rumex thyrsiflorus,ForestWetRich
197410,Rumex thyrsiflorus,ForestWetRich
197411,Rumex thyrsiflorus,ForestWetRich
197412,Rumex thyrsiflorus,ForestWetRich
197413,Rumex thyrsiflorus,ForestWetRich
197414,Rumex thyrsiflorus,ForestWetRich
197415,Rumex thyrsiflorus,ForestWetRich
197416,Rumex thyrsiflorus,ForestWetRich
197417,Rumex thyrsiflorus,ForestWetRich
197418,Rumex thyrsiflorus,ForestWetRich
197419,Rumex thyrsiflorus,ForestWetRich
197420,Rumex thyrsiflorus,ForestWetRich
197421,Rumex thyrsiflorus,ForestWetRich
197422,Rumex thyrsiflorus,ForestWetRich
197423,Rumex thyrsiflorus,ForestWetRich
197424,Rumex thyrsiflorus,ForestWetRich
197425,Rumex thyrsiflorus,ForestWetRich
197426,Rumex thyrsiflorus,ForestWetRich
197427,Rumex thyrsiflorus,ForestWetRich
197428,Rumex thyrsiflorus,ForestWetRich
197429,Rumex thyrsiflorus,ForestWetRich
197430,Rumex thyrsiflorus,ForestWetRich
197431,Rumex thyrsiflorus,ForestWetRich
197432,Rumex thyrsiflorus,ForestWetRich
197433,Rumex thyrsiflorus,ForestWetRich
197434,Rumex thyrsiflorus,ForestWetRich
197435,Rumex thyrsiflorus,ForestWetRich
197436,Rumex thyrsiflorus,ForestWetRich
197437,Rumex thyrsiflorus,ForestWetRich
197438,Rumex thyrsiflorus,ForestWetRich
197439,Rumex thyrsiflorus,ForestWetRich
197440,Rumex thyrsiflorus,ForestWetRich
197441,Rumex thyrsiflorus,ForestWetRich
197442,Rumex thyrsiflorus,ForestWetRich
197443,Rumex thyrsiflorus,ForestWetRich
197444,Rumex thyrsiflorus,ForestWetRich
197445,Rumex thyrsiflorus,ForestWetRich
197446,Rumex thyrsiflorus,ForestWetRich
197447,Rumex thyrsiflorus,ForestWetRich
197984,Rumex thyrsiflorus,ForestWetRich
197985,Rumex thyrsiflorus,ForestWetRich
197986,Rumex thyrsiflorus,ForestWetRich
197987,Rumex thyrsiflorus,ForestWetRich
197988,Rumex thyrsiflorus,ForestWetRich
197989,Rumex thyrsiflorus,ForestWetRich
197990,Rumex thyrsiflorus,ForestWetRich
197991,Rumex thyrsiflorus,ForestWetRich
197992,Rumex thyrsiflorus,ForestWetRich
197993,Rumex thyrsiflorus,ForestWetRich
197994,Rumex thyrsiflorus,ForestWetRich
197995,Rumex thyrsiflorus,ForestWetRich
197996,Rumex thyrsiflorus,ForestWetRich
197997,Rumex thyrsiflorus,ForestWetRich
197998,Rumex thyrsiflorus,ForestWetRich
197999,Rumex thyrsiflorus,ForestWetRich
198000,Rumex thyrsiflorus,ForestWetRich
198001,Rumex thyrsiflorus,ForestWetRich
198002,Rumex thyrsiflorus,ForestWetRich
198003,Rumex thyrsiflorus,ForestWetRich
198004,Rumex thyrsiflorus,ForestWetRich
198005,Rumex thyrsiflorus,ForestWetRich
198006,Rumex thyrsiflorus,ForestWetRich
198007,Rumex thyrsiflorus,ForestWetRich
198008,Rumex thyrsiflorus,ForestWetRich
198009,Rumex thyrsiflorus,ForestWetRich
198010,Rumex thyrsiflorus,ForestWetRich
198011,Rumex thyrsiflorus,ForestWetRich
198012,Rumex thyrsiflorus,ForestWetRich
198013,Rumex thyrsiflorus,ForestWetRich
198014,Rumex thyrsiflorus,ForestWetRich
198015,Rumex thyrsiflorus,ForestWetRich
198016,Rumex thyrsiflorus,ForestWetRich
198017,Rumex thyrsiflorus,ForestWetRich
198018,Rumex thyrsiflorus,ForestWetRich
198019,Rumex thyrsiflorus,ForestWetRich
198020,Rumex thyrsiflorus,ForestWetRich
198021,Rumex thyrsiflorus,ForestWetRich
198022,Rumex thyrsiflorus,ForestWetRich
198023,Rumex thyrsiflorus,ForestWetRich
198024,Rumex thyrsiflorus,ForestWetRich
198025,Rumex thyrsiflorus,ForestWetRich
198026,Rumex thyrsiflorus,ForestWetRich
198027,Rumex thyrsiflorus,ForestWetRich
198028,Rumex thyrsiflorus,ForestWetRich
198029,Rumex thyrsiflorus,ForestWetRich
198030,Rumex thyrsiflorus,ForestWetRich
198031,Rumex thyrsiflorus,ForestWetRich
198032,Rumex thyrsiflorus,ForestWetRich
198033,Rumex thyrsiflorus,ForestWetRich
198034,Rumex thyrsiflorus,ForestWetRich
198035,Rumex thyrsiflorus,ForestWetRich
198036,Rumex thyrsiflorus,ForestWetRich
198037,Rumex thyrsiflorus,ForestWetRich
198038,Rumex thyrsiflorus,ForestWetRich
198039,Rumex thyrsiflorus,ForestWetRich
198040,Rumex thyrsiflorus,ForestWetRich
198041,Rumex thyrsiflorus,ForestWetRich
198042,Rumex thyrsiflorus,ForestWetRich
198043,Rumex thyrsiflorus,ForestWetRich
198044,Rumex thyrsiflorus,ForestWetRich
198045,Rumex thyrsiflorus,ForestWetRich
198046,Rumex thyrsiflorus,ForestWetRich
198582,Rumex thyrsiflorus,ForestWetRich
198583,Rumex thyrsiflorus,ForestWetRich
198584,Rumex thyrsiflorus,ForestWetRich
198585,Rumex thyrsiflorus,ForestWetRich
198586,Rumex thyrsiflorus,ForestWetRich
198587,Rumex thyrsiflorus,ForestWetRich
198588,Rumex thyrsiflorus,ForestWetRich
198589,Rumex thyrsiflorus,ForestWetRich
198590,Rumex thyrsiflorus,ForestWetRich
198591,Rumex thyrsiflorus,ForestWetRich
198592,Rumex thyrsiflorus,ForestWetRich
198593,Rumex thyrsiflorus,ForestWetRich
198594,Rumex thyrsiflorus,ForestWetRich
198595,Rumex thyrsiflorus,ForestWetRich
198596,Rumex thyrsiflorus,ForestWetRich
198597,Rumex thyrsiflorus,ForestWetRich
198598,Rumex thyrsiflorus,ForestWetRich
198599,Rumex thyrsiflorus,ForestWetRich
198600,Rumex thyrsiflorus,ForestWetRich
198601,Rumex thyrsiflorus,ForestWetRich
198602,Rumex thyrsiflorus,ForestWetRich
198603,Rumex thyrsiflorus,ForestWetRich
198604,Rumex thyrsiflorus,ForestWetRich
198605,Rumex thyrsiflorus,ForestWetRich
198606,Rumex thyrsiflorus,ForestWetRich
198607,Rumex thyrsiflorus,ForestWetRich
198608,Rumex thyrsiflorus,ForestWetRich
198609,Rumex thyrsiflorus,ForestWetRich
198610,Rumex thyrsiflorus,ForestWetRich
198611,Rumex thyrsiflorus,ForestWetRich
198612,Rumex thyrsiflorus,ForestWetRich
198613,Rumex thyrsiflorus,ForestWetRich
198614,Rumex thyrsiflorus,ForestWetRich
198615,Rumex thyrsiflorus,ForestWetRich
198616,Rumex thyrsiflorus,ForestWetRich
198617,Rumex thyrsiflorus,ForestWetRich
198618,Rumex thyrsiflorus,ForestWetRich
198619,Rumex thyrsiflorus,ForestWetRich
198620,Rumex thyrsiflorus,ForestWetRich
198621,Rumex thyrsiflorus,ForestWetRich
198622,Rumex thyrsiflorus,ForestWetRich
198623,Rumex thyrsiflorus,ForestWetRich
198624,Rumex thyrsiflorus,ForestWetRich
198625,Rumex thyrsiflorus,ForestWetRich
198626,Rumex thyrsiflorus,ForestWetRich
198627,Rumex thyrsiflorus,ForestWetRich
198628,Rumex thyrsiflorus,ForestWetRich
198629,Rumex thyrsiflorus,ForestWetRich
198630,Rumex thyrsiflorus,ForestWetRich
198631,Rumex thyrsiflorus,ForestWetRich
198632,Rumex thyrsiflorus,ForestWetRich
198633,Rumex thyrsiflorus,ForestWetRich
198634,Rumex thyrsiflorus,ForestWetRich
198635,Rumex thyrsiflorus,ForestWetRich
198636,Rumex thyrsiflorus,ForestWetRich
198637,Rumex thyrsiflorus,ForestWetRich
198638,Rumex thyrsiflorus,ForestWetRich
198639,Rumex thyrsiflorus,ForestWetRich
198640,Rumex thyrsiflorus,ForestWetRich
198641,Rumex thyrsiflorus,ForestWetRich
198642,Rumex thyrsiflorus,ForestWetRich
198643,Rumex thyrsiflorus,ForestWetRich
198644,Rumex thyrsiflorus,ForestWetRich
198645,Rumex thyrsiflorus,ForestWetRich
199181,Rumex thyrsiflorus,ForestWetRich
199182,Rumex thyrsiflorus,ForestWetRich
199183,Rumex thyrsiflorus,ForestWetRich
199184,Rumex thyrsiflorus,ForestWetRich
199185,Rumex thyrsiflorus,ForestWetRich
199186,Rumex thyrsiflorus,ForestWetRich
199187,Rumex thyrsiflorus,ForestWetRich
199188,Rumex thyrsiflorus,ForestWetRich
199189,Rumex thyrsiflorus,ForestWetRich
199190,Rumex thyrsiflorus,ForestWetRich
199191,Rumex thyrsiflorus,ForestWetRich
199192,Rumex thyrsiflorus,ForestWetRich
199193,Rumex thyrsiflorus,ForestWetRich
199194,Rumex thyrsiflorus,ForestWetRich
199195,Rumex thyrsiflorus,ForestWetRich
199196,Rumex thyrsiflorus,ForestWetRich
199197,Rumex thyrsiflorus,ForestWetRich
199198,Rumex thyrsiflorus,ForestWetRich
199199,Rumex thyrsiflorus,ForestWetRich
199200,Rumex thyrsiflorus,ForestWetRich
199201,Rumex thyrsiflorus,ForestWetRich
199202,Rumex thyrsiflorus,ForestWetRich
199203,Rumex thyrsiflorus,ForestWetRich
199204,Rumex thyrsiflorus,ForestWetRich
199205,Rumex thyrsiflorus,ForestWetRich
199206,Rumex thyrsiflorus,ForestWetRich
199207,Rumex thyrsiflorus,ForestWetRich
199208,Rumex thyrsiflorus,ForestWetRich
199209,Rumex thyrsiflorus,ForestWetRich
199210,Rumex thyrsiflorus,ForestWetRich
199211,Rumex thyrsiflorus,ForestWetRich
199212,Rumex thyrsiflorus,ForestWetRich
199213,Rumex thyrsiflorus,ForestWetRich
199214,Rumex thyrsiflorus,ForestWetRich
199215,Rumex thyrsiflorus,ForestWetRich
199216,Rumex thyrsiflorus,ForestWetRich
199217,Rumex thyrsiflorus,ForestWetRich
199218,Rumex thyrsiflorus,ForestWetRich
199219,Rumex thyrsiflorus,ForestWetRich
199220,Rumex thyrsiflorus,ForestWetRich
199221,Rumex thyrsiflorus,ForestWetRich
199222,Rumex thyrsiflorus,ForestWetRich
199223,Rumex thyrsiflorus,ForestWetRich
199224,Rumex thyrsiflorus,ForestWetRich
199225,Rumex thyrsiflorus,ForestWetRich
199226,Rumex thyrsiflorus,ForestWetRich
199227,Rumex thyrsiflorus,ForestWetRich
199228,Rumex thyrsiflorus,ForestWetRich
199229,Rumex thyrsiflorus,ForestWetRich
199230,Rumex thyrsiflorus,ForestWetRich
199231,Rumex thyrsiflorus,ForestWetRich
199232,Rumex thyrsiflorus,ForestWetRich
199233,Rumex thyrsiflorus,ForestWetRich
199234,Rumex thyrsiflorus,ForestWetRich
199235,Rumex thyrsiflorus,ForestWetRich
199236,Rumex thyrsiflorus,ForestWetRich
199237,Rumex thyrsiflorus,ForestWetRich
199238,Rumex thyrsiflorus,ForestWetRich
199239,Rumex thyrsiflorus,ForestWetRich
199240,Rumex thyrsiflorus,ForestWetRich
199241,Rumex thyrsiflorus,ForestWetRich
199242,Rumex thyrsiflorus,ForestWetRich
199243,Rumex thyrsiflorus,ForestWetRich
199244,Rumex thyrsiflorus,ForestWetRich
199779,Rumex thyrsiflorus,ForestWetRich
199780,Rumex thyrsiflorus,ForestWetRich
199781,Rumex thyrsiflorus,ForestWetRich
199782,Rumex thyrsiflorus,ForestWetRich
199783,Rumex thyrsiflorus,ForestWetRich
199784,Rumex thyrsiflorus,ForestWetRich
199785,Rumex thyrsiflorus,ForestWetRich
199786,Rumex thyrsiflorus,ForestWetRich
199787,Rumex thyrsiflorus,ForestWetRich
199788,Rumex thyrsiflorus,ForestWetRich
199789,Rumex thyrsiflorus,ForestWetRich
199790,Rumex thyrsiflorus,ForestWetRich
199791,Rumex thyrsiflorus,ForestWetRich
199792,Rumex thyrsiflorus,ForestWetRich
199793,Rumex thyrsiflorus,ForestWetRich
199794,Rumex thyrsiflorus,ForestWetRich
199795,Rumex thyrsiflorus,ForestWetRich
199796,Rumex thyrsiflorus,ForestWetRich
199797,Rumex thyrsiflorus,ForestWetRich
199798,Rumex thyrsiflorus,ForestWetRich
199799,Rumex thyrsiflorus,ForestWetRich
199800,Rumex thyrsiflorus,ForestWetRich
199801,Rumex thyrsiflorus,ForestWetRich
199802,Rumex thyrsiflorus,ForestWetRich
199803,Rumex thyrsiflorus,ForestWetRich
199804,Rumex thyrsiflorus,ForestWetRich
199805,Rumex thyrsiflorus,ForestWetRich
199806,Rumex thyrsiflorus,ForestWetRich
199807,Rumex thyrsiflorus,ForestWetRich
199808,Rumex thyrsiflorus,ForestWetRich
199809,Rumex thyrsiflorus,ForestWetRich
199810,Rumex thyrsiflorus,ForestWetRich
199811,Rumex thyrsiflorus,ForestWetRich
199812,Rumex thyrsiflorus,ForestWetRich
199813,Rumex thyrsiflorus,ForestWetRich
199814,Rumex thyrsiflorus,ForestWetRich
199815,Rumex thyrsiflorus,ForestWetRich
199816,Rumex thyrsiflorus,ForestWetRich
199817,Rumex thyrsiflorus,ForestWetRich
199818,Rumex thyrsiflorus,ForestWetRich
199819,Rumex thyrsiflorus,ForestWetRich
199820,Rumex thyrsiflorus,ForestWetRich
199821,Rumex thyrsiflorus,ForestWetRich
199822,Rumex thyrsiflorus,ForestWetRich
199823,Rumex thyrsiflorus,ForestWetRich
199824,Rumex thyrsiflorus,ForestWetRich
199825,Rumex thyrsiflorus,ForestWetRich
199826,Rumex thyrsiflorus,ForestWetRich
199827,Rumex thyrsiflorus,ForestWetRich
199828,Rumex thyrsiflorus,ForestWetRich
199829,Rumex thyrsiflorus,ForestWetRich
199830,Rumex thyrsiflorus,ForestWetRich
199831,Rumex thyrsiflorus,ForestWetRich
199832,Rumex thyrsiflorus,ForestWetRich
199833,Rumex thyrsiflorus,ForestWetRich
199834,Rumex thyrsiflorus,ForestWetRich
199835,Rumex thyrsiflorus,ForestWetRich
199836,Rumex thyrsiflorus,ForestWetRich
199837,Rumex thyrsiflorus,ForestWetRich
199838,Rumex thyrsiflorus,ForestWetRich
199839,Rumex thyrsiflorus,ForestWetRich
199840,Rumex thyrsiflorus,ForestWetRich
199841,Rumex thyrsiflorus,ForestWetRich
199842,Rumex thyrsiflorus,ForestWetRich
199843,Rumex thyrsiflorus,ForestWetRich
200377,Rumex thyrsiflorus,ForestWetRich
200378,Rumex thyrsiflorus,ForestWetRich
200379,Rumex thyrsiflorus,ForestWetRich
200380,Rumex thyrsiflorus,ForestWetRich
200381,Rumex thyrsiflorus,ForestWetRich
200382,Rumex thyrsiflorus,ForestWetRich
200383,Rumex thyrsiflorus,ForestWetRich
200384,Rumex thyrsiflorus,ForestWetRich
200385,Rumex thyrsiflorus,ForestWetRich
200386,Rumex thyrsiflorus,ForestWetRich
200387,Rumex thyrsiflorus,ForestWetRich
200388,Rumex thyrsiflorus,ForestWetRich
200389,Rumex thyrsiflorus,ForestWetRich
200390,Rumex thyrsiflorus,ForestWetRich
200391,Rumex thyrsiflorus,ForestWetRich
200392,Rumex thyrsiflorus,ForestWetRich
200393,Rumex thyrsiflorus,ForestWetRich
200394,Rumex thyrsiflorus,ForestWetRich
200395,Rumex thyrsiflorus,ForestWetRich
200396,Rumex thyrsiflorus,ForestWetRich
200397,Rumex thyrsiflorus,ForestWetRich
200398,Rumex thyrsiflorus,ForestWetRich
200399,Rumex thyrsiflorus,ForestWetRich
200400,Rumex thyrsiflorus,ForestWetRich
200401,Rumex thyrsiflorus,ForestWetRich
200402,Rumex thyrsiflorus,ForestWetRich
200403,Rumex thyrsiflorus,ForestWetRich
200404,Rumex thyrsiflorus,ForestWetRich
200405,Rumex thyrsiflorus,ForestWetRich
200406,Rumex thyrsiflorus,ForestWetRich
200407,Rumex thyrsiflorus,ForestWetRich
200408,Rumex thyrsiflorus,ForestWetRich
200409,Rumex thyrsiflorus,ForestWetRich
200410,Rumex thyrsiflorus,ForestWetRich
200411,Rumex thyrsiflorus,ForestWetRich
200412,Rumex thyrsiflorus,ForestWetRich
200413,Rumex thyrsiflorus,ForestWetRich
200414,Rumex thyrsiflorus,ForestWetRich
200415,Rumex thyrsiflorus,ForestWetRich
200416,Rumex thyrsiflorus,ForestWetRich
200417,Rumex thyrsiflorus,ForestWetRich
200418,Rumex thyrsiflorus,ForestWetRich
200419,Rumex thyrsiflorus,ForestWetRich
200420,Rumex thyrsiflorus,ForestWetRich
200421,Rumex thyrsiflorus,ForestWetRich
200422,Rumex thyrsiflorus,ForestWetRich
200423,Rumex thyrsiflorus,ForestWetRich
200424,Rumex thyrsiflorus,ForestWetRich
200425,Rumex thyrsiflorus,ForestWetRich
200426,Rumex thyrsiflorus,ForestWetRich
200427,Rumex thyrsiflorus,ForestWetRich
200428,Rumex thyrsiflorus,ForestWetRich
200429,Rumex thyrsiflorus,ForestWetRich
200430,Rumex thyrsiflorus,ForestWetRich
200431,Rumex thyrsiflorus,ForestWetRich
200432,Rumex thyrsiflorus,ForestWetRich
200433,Rumex thyrsiflorus,ForestWetRich
200434,Rumex thyrsiflorus,ForestWetRich
200435,Rumex thyrsiflorus,ForestWetRich
200436,Rumex thyrsiflorus,ForestWetRich
200437,Rumex thyrsiflorus,ForestWetRich
200438,Rumex thyrsiflorus,ForestWetRich
200439,Rumex thyrsiflorus,ForestWetRich
200440,Rumex thyrsiflorus,ForestWetRich
200441,Rumex thyrsiflorus,ForestWetRich
200442,Rumex thyrsiflorus,ForestWetRich
200975,Rumex thyrsiflorus,ForestWetRich
200976,Rumex thyrsiflorus,ForestWetRich
200977,Rumex thyrsiflorus,ForestWetRich
200978,Rumex thyrsiflorus,ForestWetRich
200979,Rumex thyrsiflorus,ForestWetRich
200980,Rumex thyrsiflorus,ForestWetRich
200981,Rumex thyrsiflorus,ForestWetRich
200982,Rumex thyrsiflorus,ForestWetRich
200983,Rumex thyrsiflorus,ForestWetRich
200984,Rumex thyrsiflorus,ForestWetRich
200985,Rumex thyrsiflorus,ForestWetRich
200986,Rumex thyrsiflorus,ForestWetRich
200987,Rumex thyrsiflorus,ForestWetRich
200988,Rumex thyrsiflorus,ForestWetRich
200989,Rumex thyrsiflorus,ForestWetRich
200990,Rumex thyrsiflorus,ForestWetRich
200991,Rumex thyrsiflorus,ForestWetRich
200992,Rumex thyrsiflorus,ForestWetRich
200993,Rumex thyrsiflorus,ForestWetRich
200994,Rumex thyrsiflorus,ForestWetRich
200995,Rumex thyrsiflorus,ForestWetRich
200996,Rumex thyrsiflorus,ForestWetRich
200997,Rumex thyrsiflorus,ForestWetRich
200998,Rumex thyrsiflorus,ForestWetRich
200999,Rumex thyrsiflorus,ForestWetRich
201000,Rumex thyrsiflorus,ForestWetRich
201001,Rumex thyrsiflorus,ForestWetRich
201002,Rumex thyrsiflorus,ForestWetRich
201003,Rumex thyrsiflorus,ForestWetRich
201004,Rumex thyrsiflorus,ForestWetRich
201005,Rumex thyrsiflorus,ForestWetRich
201006,Rumex thyrsiflorus,ForestWetRich
201007,Rumex thyrsiflorus,ForestWetRich
201008,Rumex thyrsiflorus,ForestWetRich
201009,Rumex thyrsiflorus,ForestWetRich
201010,Rumex thyrsiflorus,ForestWetRich
201011,Rumex thyrsiflorus,ForestWetRich
201012,Rumex thyrsiflorus,ForestWetRich
201013,Rumex thyrsiflorus,ForestWetRich
201014,Rumex thyrsiflorus,ForestWetRich
201015,Rumex thyrsiflorus,ForestWetRich
201016,Rumex thyrsiflorus,ForestWetRich
201017,Rumex thyrsiflorus,ForestWetRich
201018,Rumex thyrsiflorus,ForestWetRich
201019,Rumex thyrsiflorus,ForestWetRich
201020,Rumex thyrsiflorus,ForestWetRich
201021,Rumex thyrsiflorus,ForestWetRich
201022,Rumex thyrsiflorus,ForestWetRich
201023,Rumex thyrsiflorus,ForestWetRich
201024,Rumex thyrsiflorus,ForestWetRich
201025,Rumex thyrsiflorus,ForestWetRich
201026,Rumex thyrsiflorus,ForestWetRich
201027,Rumex thyrsiflorus,ForestWetRich
201028,Rumex thyrsiflorus,ForestWetRich
201029,Rumex thyrsiflorus,ForestWetRich
201030,Rumex thyrsiflorus,ForestWetRich
201031,Rumex thyrsiflorus,ForestWetRich
201032,Rumex thyrsiflorus,ForestWetRich
201033,Rumex thyrsiflorus,ForestWetRich
201034,Rumex thyrsiflorus,ForestWetRich
201035,Rumex thyrsiflorus,ForestWetRich
201036,Rumex thyrsiflorus,ForestWetRich
201037,Rumex thyrsiflorus,ForestWetRich
201038,Rumex thyrsiflorus,ForestWetRich
201039,Rumex thyrsiflorus,ForestWetRich
201040,Rumex thyrsiflorus,ForestWetRich
201041,Rumex thyrsiflorus,ForestWetRich
201574,Rumex thyrsiflorus,ForestWetRich
201575,Rumex thyrsiflorus,ForestWetRich
201576,Rumex thyrsiflorus,ForestWetRich
201577,Rumex thyrsiflorus,ForestWetRich
201578,Rumex thyrsiflorus,ForestWetRich
201579,Rumex thyrsiflorus,ForestWetRich
201580,Rumex thyrsiflorus,ForestWetRich
201581,Rumex thyrsiflorus,ForestWetRich
201582,Rumex thyrsiflorus,ForestWetRich
201583,Rumex thyrsiflorus,ForestWetRich
201584,Rumex thyrsiflorus,ForestWetRich
201585,Rumex thyrsiflorus,ForestWetRich
201586,Rumex thyrsiflorus,ForestWetRich
201587,Rumex thyrsiflorus,ForestWetRich
201588,Rumex thyrsiflorus,ForestWetRich
201589,Rumex thyrsiflorus,ForestWetRich
201590,Rumex thyrsiflorus,ForestWetRich
201591,Rumex thyrsiflorus,ForestWetRich
201592,Rumex thyrsiflorus,ForestWetRich
201593,Rumex thyrsiflorus,ForestWetRich
201594,Rumex thyrsiflorus,ForestWetRich
201595,Rumex thyrsiflorus,ForestWetRich
201596,Rumex thyrsiflorus,ForestWetRich
201597,Rumex thyrsiflorus,ForestWetRich
201598,Rumex thyrsiflorus,ForestWetRich
201599,Rumex thyrsiflorus,ForestWetRich
201600,Rumex thyrsiflorus,ForestWetRich
201601,Rumex thyrsiflorus,ForestWetRich
201602,Rumex thyrsiflorus,ForestWetRich
201603,Rumex thyrsiflorus,ForestWetRich
201604,Rumex thyrsiflorus,ForestWetRich
201605,Rumex thyrsiflorus,ForestWetRich
201606,Rumex thyrsiflorus,ForestWetRich
201607,Rumex thyrsiflorus,ForestWetRich
201608,Rumex thyrsiflorus,ForestWetRich
201609,Rumex thyrsiflorus,ForestWetRich
201610,Rumex thyrsiflorus,ForestWetRich
201611,Rumex thyrsiflorus,ForestWetRich
201612,Rumex thyrsiflorus,ForestWetRich
201613,Rumex thyrsiflorus,ForestWetRich
201614,Rumex thyrsiflorus,ForestWetRich
201615,Rumex thyrsiflorus,ForestWetRich
201616,Rumex thyrsiflorus,ForestWetRich
201617,Rumex thyrsiflorus,ForestWetRich
201618,Rumex thyrsiflorus,ForestWetRich
201619,Rumex thyrsiflorus,ForestWetRich
201620,Rumex thyrsiflorus,ForestWetRich
201621,Rumex thyrsiflorus,ForestWetRich
201622,Rumex thyrsiflorus,ForestWetRich
201623,Rumex thyrsiflorus,ForestWetRich
201624,Rumex thyrsiflorus,ForestWetRich
201625,Rumex thyrsiflorus,ForestWetRich
201626,Rumex thyrsiflorus,ForestWetRich
201627,Rumex thyrsiflorus,ForestWetRich
201628,Rumex thyrsiflorus,ForestWetRich
201629,Rumex thyrsiflorus,ForestWetRich
201630,Rumex thyrsiflorus,ForestWetRich
201631,Rumex thyrsiflorus,ForestWetRich
201632,Rumex thyrsiflorus,ForestWetRich
201633,Rumex thyrsiflorus,ForestWetRich
201634,Rumex thyrsiflorus,ForestWetRich
201635,Rumex thyrsiflorus,ForestWetRich
201636,Rumex thyrsiflorus,ForestWetRich
201637,Rumex thyrsiflorus,ForestWetRich
201638,Rumex thyrsiflorus,ForestWetRich
201639,Rumex thyrsiflorus,ForestWetRich
201640,Rumex thyrsiflorus,ForestWetRich
202172,Rumex thyrsiflorus,ForestWetRich
202173,Rumex thyrsiflorus,ForestWetRich
202174,Rumex thyrsiflorus,ForestWetRich
202175,Rumex thyrsiflorus,ForestWetRich
202176,Rumex thyrsiflorus,ForestWetRich
202177,Rumex thyrsiflorus,ForestWetRich
202178,Rumex thyrsiflorus,ForestWetRich
202179,Rumex thyrsiflorus,ForestWetRich
202180,Rumex thyrsiflorus,ForestWetRich
202181,Rumex thyrsiflorus,ForestWetRich
202182,Rumex thyrsiflorus,ForestWetRich
202183,Rumex thyrsiflorus,ForestWetRich
202184,Rumex thyrsiflorus,ForestWetRich
202185,Rumex thyrsiflorus,ForestWetRich
202186,Rumex thyrsiflorus,ForestWetRich
202187,Rumex thyrsiflorus,ForestWetRich
202188,Rumex thyrsiflorus,ForestWetRich
202189,Rumex thyrsiflorus,ForestWetRich
202190,Rumex thyrsiflorus,ForestWetRich
202191,Rumex thyrsiflorus,ForestWetRich
202192,Rumex thyrsiflorus,ForestWetRich
202193,Rumex thyrsiflorus,ForestWetRich
202194,Rumex thyrsiflorus,ForestWetRich
202195,Rumex thyrsiflorus,ForestWetRich
202196,Rumex thyrsiflorus,ForestWetRich
202197,Rumex thyrsiflorus,ForestWetRich
202198,Rumex thyrsiflorus,ForestWetRich
202199,Rumex thyrsiflorus,ForestWetRich
202200,Rumex thyrsiflorus,ForestWetRich
202201,Rumex thyrsiflorus,ForestWetRich
202202,Rumex thyrsiflorus,ForestWetRich
202203,Rumex thyrsiflorus,ForestWetRich
202204,Rumex thyrsiflorus,ForestWetRich
202205,Rumex thyrsiflorus,ForestWetRich
202206,Rumex thyrsiflorus,ForestWetRich
202207,Rumex thyrsiflorus,ForestWetRich
202208,Rumex thyrsiflorus,ForestWetRich
202209,Rumex thyrsiflorus,ForestWetRich
202210,Rumex thyrsiflorus,ForestWetRich
202211,Rumex thyrsiflorus,ForestWetRich
202212,Rumex thyrsiflorus,ForestWetRich
202213,Rumex thyrsiflorus,ForestWetRich
202214,Rumex thyrsiflorus,ForestWetRich
202215,Rumex thyrsiflorus,ForestWetRich
202216,Rumex thyrsiflorus,ForestWetRich
202217,Rumex thyrsiflorus,ForestWetRich
202218,Rumex thyrsiflorus,ForestWetRich
202219,Rumex thyrsiflorus,ForestWetRich
202220,Rumex thyrsiflorus,ForestWetRich
202221,Rumex thyrsiflorus,ForestWetRich
202222,Rumex thyrsiflorus,ForestWetRich
202223,Rumex thyrsiflorus,ForestWetRich
202224,Rumex thyrsiflorus,ForestWetRich
202225,Rumex thyrsiflorus,ForestWetRich
202226,Rumex thyrsiflorus,ForestWetRich
202227,Rumex thyrsiflorus,ForestWetRich
202228,Rumex thyrsiflorus,ForestWetRich
202229,Rumex thyrsiflorus,ForestWetRich
202230,Rumex thyrsiflorus,ForestWetRich
202231,Rumex thyrsiflorus,ForestWetRich
202232,Rumex thyrsiflorus,ForestWetRich
202233,Rumex thyrsiflorus,ForestWetRich
202234,Rumex thyrsiflorus,ForestWetRich
202235,Rumex thyrsiflorus,ForestWetRich
202236,Rumex thyrsiflorus,ForestWetRich
202237,Rumex thyrsiflorus,ForestWetRich
202238,Rumex thyrsiflorus,ForestWetRich
202239,Rumex thyrsiflorus,ForestWetRich
202770,Rumex thyrsiflorus,ForestWetRich
202771,Rumex thyrsiflorus,ForestWetRich
202772,Rumex thyrsiflorus,ForestWetRich
202773,Rumex thyrsiflorus,ForestWetRich
202774,Rumex thyrsiflorus,ForestWetRich
202775,Rumex thyrsiflorus,ForestWetRich
202776,Rumex thyrsiflorus,ForestWetRich
202777,Rumex thyrsiflorus,ForestWetRich
202778,Rumex thyrsiflorus,ForestWetRich
202779,Rumex thyrsiflorus,ForestWetRich
202780,Rumex thyrsiflorus,ForestWetRich
202781,Rumex thyrsiflorus,ForestWetRich
202782,Rumex thyrsiflorus,ForestWetRich
202783,Rumex thyrsiflorus,ForestWetRich
202784,Rumex thyrsiflorus,ForestWetRich
202785,Rumex thyrsiflorus,ForestWetRich
202786,Rumex thyrsiflorus,ForestWetRich
202787,Rumex thyrsiflorus,ForestWetRich
202788,Rumex thyrsiflorus,ForestWetRich
202789,Rumex thyrsiflorus,ForestWetRich
202790,Rumex thyrsiflorus,ForestWetRich
202791,Rumex thyrsiflorus,ForestWetRich
202792,Rumex thyrsiflorus,ForestWetRich
202793,Rumex thyrsiflorus,ForestWetRich
202794,Rumex thyrsiflorus,ForestWetRich
202795,Rumex thyrsiflorus,ForestWetRich
202796,Rumex thyrsiflorus,ForestWetRich
202797,Rumex thyrsiflorus,ForestWetRich
202798,Rumex thyrsiflorus,ForestWetRich
202799,Rumex thyrsiflorus,ForestWetRich
202800,Rumex thyrsiflorus,ForestWetRich
202801,Rumex thyrsiflorus,ForestWetRich
202802,Rumex thyrsiflorus,ForestWetRich
202803,Rumex thyrsiflorus,ForestWetRich
202804,Rumex thyrsiflorus,ForestWetRich
202805,Rumex thyrsiflorus,ForestWetRich
202806,Rumex thyrsiflorus,ForestWetRich
202807,Rumex thyrsiflorus,ForestWetRich
202808,Rumex thyrsiflorus,ForestWetRich
202809,Rumex thyrsiflorus,ForestWetRich
202810,Rumex thyrsiflorus,ForestWetRich
202811,Rumex thyrsiflorus,ForestWetRich
202812,Rumex thyrsiflorus,ForestWetRich
202813,Rumex thyrsiflorus,ForestWetRich
202814,Rumex thyrsiflorus,ForestWetRich
202815,Rumex thyrsiflorus,ForestWetRich
202816,Rumex thyrsiflorus,ForestWetRich
202817,Rumex thyrsiflorus,ForestWetRich
202818,Rumex thyrsiflorus,ForestWetRich
202819,Rumex thyrsiflorus,ForestWetRich
202820,Rumex thyrsiflorus,ForestWetRich
202821,Rumex thyrsiflorus,ForestWetRich
202822,Rumex thyrsiflorus,ForestWetRich
202823,Rumex thyrsiflorus,ForestWetRich
202824,Rumex thyrsiflorus,ForestWetRich
202825,Rumex thyrsiflorus,ForestWetRich
202826,Rumex thyrsiflorus,ForestWetRich
202827,Rumex thyrsiflorus,ForestWetRich
202828,Rumex thyrsiflorus,ForestWetRich
202829,Rumex thyrsiflorus,ForestWetRich
202830,Rumex thyrsiflorus,ForestWetRich
202831,Rumex thyrsiflorus,ForestWetRich
202832,Rumex thyrsiflorus,ForestWetRich
202833,Rumex thyrsiflorus,ForestWetRich
202834,Rumex thyrsiflorus,ForestWetRich
202835,Rumex thyrsiflorus,ForestWetRich
202836,Rumex thyrsiflorus,ForestWetRich
202837,Rumex thyrsiflorus,ForestWetRich
202838,Rumex thyrsiflorus,ForestWetRich
203369,Rumex thyrsiflorus,ForestWetRich
203370,Rumex thyrsiflorus,ForestWetRich
203371,Rumex thyrsiflorus,ForestWetRich
203372,Rumex thyrsiflorus,ForestWetRich
203373,Rumex thyrsiflorus,ForestWetRich
203374,Rumex thyrsiflorus,ForestWetRich
203375,Rumex thyrsiflorus,ForestWetRich
203376,Rumex thyrsiflorus,ForestWetRich
203377,Rumex thyrsiflorus,ForestWetRich
203378,Rumex thyrsiflorus,ForestWetRich
203379,Rumex thyrsiflorus,ForestWetRich
203380,Rumex thyrsiflorus,ForestWetRich
203381,Rumex thyrsiflorus,ForestWetRich
203382,Rumex thyrsiflorus,ForestWetRich
203383,Rumex thyrsiflorus,ForestWetRich
203384,Rumex thyrsiflorus,ForestWetRich
203385,Rumex thyrsiflorus,ForestWetRich
203386,Rumex thyrsiflorus,ForestWetRich
203387,Rumex thyrsiflorus,ForestWetRich
203388,Rumex thyrsiflorus,ForestWetRich
203389,Rumex thyrsiflorus,ForestWetRich
203390,Rumex thyrsiflorus,ForestWetRich
203391,Rumex thyrsiflorus,ForestWetRich
203392,Rumex thyrsiflorus,ForestWetRich
203393,Rumex thyrsiflorus,ForestWetRich
203394,Rumex thyrsiflorus,ForestWetRich
203395,Rumex thyrsiflorus,ForestWetRich
203396,Rumex thyrsiflorus,ForestWetRich
203397,Rumex thyrsiflorus,ForestWetRich
203398,Rumex thyrsiflorus,ForestWetRich
203399,Rumex thyrsiflorus,ForestWetRich
203400,Rumex thyrsiflorus,ForestWetRich
203401,Rumex thyrsiflorus,ForestWetRich
203402,Rumex thyrsiflorus,ForestWetRich
203403,Rumex thyrsiflorus,ForestWetRich
203404,Rumex thyrsiflorus,ForestWetRich
203405,Rumex thyrsiflorus,ForestWetRich
203406,Rumex thyrsiflorus,ForestWetRich
203407,Rumex thyrsiflorus,ForestWetRich
203408,Rumex thyrsiflorus,ForestWetRich
203409,Rumex thyrsiflorus,ForestWetRich
203410,Rumex thyrsiflorus,ForestWetRich
203411,Rumex thyrsiflorus,ForestWetRich
203412,Rumex thyrsiflorus,ForestWetRich
203413,Rumex thyrsiflorus,ForestWetRich
203414,Rumex thyrsiflorus,ForestWetRich
203415,Rumex thyrsiflorus,ForestWetRich
203416,Rumex thyrsiflorus,ForestWetRich
203417,Rumex thyrsiflorus,ForestWetRich
203418,Rumex thyrsiflorus,ForestWetRich
203419,Rumex thyrsiflorus,ForestWetRich
203420,Rumex thyrsiflorus,ForestWetRich
203421,Rumex thyrsiflorus,ForestWetRich
203422,Rumex thyrsiflorus,ForestWetRich
203423,Rumex thyrsiflorus,ForestWetRich
203424,Rumex thyrsiflorus,ForestWetRich
203425,Rumex thyrsiflorus,ForestWetRich
203426,Rumex thyrsiflorus,ForestWetRich
203427,Rumex thyrsiflorus,ForestWetRich
203428,Rumex thyrsiflorus,ForestWetRich
203429,Rumex thyrsiflorus,ForestWetRich
203430,Rumex thyrsiflorus,ForestWetRich
203431,Rumex thyrsiflorus,ForestWetRich
203432,Rumex thyrsiflorus,ForestWetRich
203433,Rumex thyrsiflorus,ForestWetRich
203434,Rumex thyrsiflorus,ForestWetRich
203435,Rumex thyrsiflorus,ForestWetRich
203436,Rumex thyrsiflorus,ForestWetRich
203437,Rumex thyrsiflorus,ForestWetRich
203967,Rumex thyrsiflorus,ForestWetRich
203968,Rumex thyrsiflorus,ForestWetRich
203969,Rumex thyrsiflorus,ForestWetRich
203970,Rumex thyrsiflorus,ForestWetRich
203971,Rumex thyrsiflorus,ForestWetRich
203972,Rumex thyrsiflorus,ForestWetRich
203973,Rumex thyrsiflorus,ForestWetRich
203974,Rumex thyrsiflorus,ForestWetRich
203975,Rumex thyrsiflorus,ForestWetRich
203976,Rumex thyrsiflorus,ForestWetRich
203977,Rumex thyrsiflorus,ForestWetRich
203978,Rumex thyrsiflorus,ForestWetRich
203979,Rumex thyrsiflorus,ForestWetRich
203980,Rumex thyrsiflorus,ForestWetRich
203981,Rumex thyrsiflorus,ForestWetRich
203982,Rumex thyrsiflorus,ForestWetRich
203983,Rumex thyrsiflorus,ForestWetRich
203984,Rumex thyrsiflorus,ForestWetRich
203985,Rumex thyrsiflorus,ForestWetRich
203986,Rumex thyrsiflorus,ForestWetRich
203987,Rumex thyrsiflorus,ForestWetRich
203988,Rumex thyrsiflorus,ForestWetRich
203989,Rumex thyrsiflorus,ForestWetRich
203990,Rumex thyrsiflorus,ForestWetRich
203991,Rumex thyrsiflorus,ForestWetRich
203992,Rumex thyrsiflorus,ForestWetRich
203993,Rumex thyrsiflorus,ForestWetRich
203994,Rumex thyrsiflorus,ForestWetRich
203995,Rumex thyrsiflorus,ForestWetRich
203996,Rumex thyrsiflorus,ForestWetRich
203997,Rumex thyrsiflorus,ForestWetRich
203998,Rumex thyrsiflorus,ForestWetRich
203999,Rumex thyrsiflorus,ForestWetRich
204000,Rumex thyrsiflorus,ForestWetRich
204001,Rumex thyrsiflorus,ForestWetRich
204002,Rumex thyrsiflorus,ForestWetRich
204003,Rumex thyrsiflorus,ForestWetRich
204004,Rumex thyrsiflorus,ForestWetRich
204005,Rumex thyrsiflorus,ForestWetRich
204006,Rumex thyrsiflorus,ForestWetRich
204007,Rumex thyrsiflorus,ForestWetRich
204008,Rumex thyrsiflorus,ForestWetRich
204009,Rumex thyrsiflorus,ForestWetRich
204010,Rumex thyrsiflorus,ForestWetRich
204011,Rumex thyrsiflorus,ForestWetRich
204012,Rumex thyrsiflorus,ForestWetRich
204013,Rumex thyrsiflorus,ForestWetRich
204014,Rumex thyrsiflorus,ForestWetRich
204015,Rumex thyrsiflorus,ForestWetRich
204016,Rumex thyrsiflorus,ForestWetRich
204017,Rumex thyrsiflorus,ForestWetRich
204018,Rumex thyrsiflorus,ForestWetRich
204019,Rumex thyrsiflorus,ForestWetRich
204020,Rumex thyrsiflorus,ForestWetRich
204021,Rumex thyrsiflorus,ForestWetRich
204022,Rumex thyrsiflorus,ForestWetRich
204023,Rumex thyrsiflorus,ForestWetRich
204024,Rumex thyrsiflorus,ForestWetRich
204025,Rumex thyrsiflorus,ForestWetRich
204026,Rumex thyrsiflorus,ForestWetRich
204027,Rumex thyrsiflorus,ForestWetRich
204028,Rumex thyrsiflorus,ForestWetRich
204029,Rumex thyrsiflorus,ForestWetRich
204030,Rumex thyrsiflorus,ForestWetRich
204031,Rumex thyrsiflorus,ForestWetRich
204032,Rumex thyrsiflorus,ForestWetRich
204033,Rumex thyrsiflorus,ForestWetRich
204034,Rumex thyrsiflorus,ForestWetRich
204035,Rumex thyrsiflorus,ForestWetRich
204036,Rumex thyrsiflorus,ForestWetRich
204566,Rumex thyrsiflorus,ForestWetRich
204567,Rumex thyrsiflorus,ForestWetRich
204568,Rumex thyrsiflorus,ForestWetRich
204569,Rumex thyrsiflorus,ForestWetRich
204570,Rumex thyrsiflorus,ForestWetRich
204571,Rumex thyrsiflorus,ForestWetRich
204572,Rumex thyrsiflorus,ForestWetRich
204573,Rumex thyrsiflorus,ForestWetRich
204574,Rumex thyrsiflorus,ForestWetRich
204575,Rumex thyrsiflorus,ForestWetRich
204576,Rumex thyrsiflorus,ForestWetRich
204577,Rumex thyrsiflorus,ForestWetRich
204578,Rumex thyrsiflorus,ForestWetRich
204579,Rumex thyrsiflorus,ForestWetRich
204580,Rumex thyrsiflorus,ForestWetRich
204581,Rumex thyrsiflorus,ForestWetRich
204582,Rumex thyrsiflorus,ForestWetRich
204583,Rumex thyrsiflorus,ForestWetRich
204584,Rumex thyrsiflorus,ForestWetRich
204585,Rumex thyrsiflorus,ForestWetRich
204586,Rumex thyrsiflorus,ForestWetRich
204587,Rumex thyrsiflorus,ForestWetRich
204588,Rumex thyrsiflorus,ForestWetRich
204589,Rumex thyrsiflorus,ForestWetRich
204590,Rumex thyrsiflorus,ForestWetRich
204591,Rumex thyrsiflorus,ForestWetRich
204592,Rumex thyrsiflorus,ForestWetRich
204593,Rumex thyrsiflorus,ForestWetRich
204594,Rumex thyrsiflorus,ForestWetRich
204595,Rumex thyrsiflorus,ForestWetRich
204596,Rumex thyrsiflorus,ForestWetRich
204597,Rumex thyrsiflorus,ForestWetRich
204598,Rumex thyrsiflorus,ForestWetRich
204599,Rumex thyrsiflorus,ForestWetRich
204600,Rumex thyrsiflorus,ForestWetRich
204601,Rumex thyrsiflorus,ForestWetRich
204602,Rumex thyrsiflorus,ForestWetRich
204603,Rumex thyrsiflorus,ForestWetRich
204604,Rumex thyrsiflorus,ForestWetRich
204605,Rumex thyrsiflorus,ForestWetRich
204606,Rumex thyrsiflorus,ForestWetRich
204607,Rumex thyrsiflorus,ForestWetRich
204608,Rumex thyrsiflorus,ForestWetRich
204609,Rumex thyrsiflorus,ForestWetRich
204610,Rumex thyrsiflorus,ForestWetRich
204611,Rumex thyrsiflorus,ForestWetRich
204612,Rumex thyrsiflorus,ForestWetRich
204613,Rumex thyrsiflorus,ForestWetRich
204614,Rumex thyrsiflorus,ForestWetRich
204615,Rumex thyrsiflorus,ForestWetRich
204616,Rumex thyrsiflorus,ForestWetRich
204617,Rumex thyrsiflorus,ForestWetRich
204618,Rumex thyrsiflorus,ForestWetRich
204619,Rumex thyrsiflorus,ForestWetRich
204620,Rumex thyrsiflorus,ForestWetRich
204621,Rumex thyrsiflorus,ForestWetRich
204622,Rumex thyrsiflorus,ForestWetRich
204623,Rumex thyrsiflorus,ForestWetRich
204624,Rumex thyrsiflorus,ForestWetRich
204625,Rumex thyrsiflorus,ForestWetRich
204626,Rumex thyrsiflorus,ForestWetRich
204627,Rumex thyrsiflorus,ForestWetRich
204628,Rumex thyrsiflorus,ForestWetRich
204629,Rumex thyrsiflorus,ForestWetRich
204630,Rumex thyrsiflorus,ForestWetRich
204631,Rumex thyrsiflorus,ForestWetRich
204632,Rumex thyrsiflorus,ForestWetRich
204633,Rumex thyrsiflorus,ForestWetRich
204634,Rumex thyrsiflorus,ForestWetRich
204635,Rumex thyrsiflorus,ForestWetRich
205164,Rumex thyrsiflorus,ForestWetRich
205165,Rumex thyrsiflorus,ForestWetRich
205166,Rumex thyrsiflorus,ForestWetRich
205167,Rumex thyrsiflorus,ForestWetRich
205168,Rumex thyrsiflorus,ForestWetRich
205169,Rumex thyrsiflorus,ForestWetRich
205170,Rumex thyrsiflorus,ForestWetRich
205171,Rumex thyrsiflorus,ForestWetRich
205172,Rumex thyrsiflorus,ForestWetRich
205173,Rumex thyrsiflorus,ForestWetRich
205174,Rumex thyrsiflorus,ForestWetRich
205175,Rumex thyrsiflorus,ForestWetRich
205176,Rumex thyrsiflorus,ForestWetRich
205177,Rumex thyrsiflorus,ForestWetRich
205178,Rumex thyrsiflorus,ForestWetRich
205179,Rumex thyrsiflorus,ForestWetRich
205180,Rumex thyrsiflorus,ForestWetRich
205181,Rumex thyrsiflorus,ForestWetRich
205182,Rumex thyrsiflorus,ForestWetRich
205183,Rumex thyrsiflorus,ForestWetRich
205184,Rumex thyrsiflorus,ForestWetRich
205185,Rumex thyrsiflorus,ForestWetRich
205186,Rumex thyrsiflorus,ForestWetRich
205187,Rumex thyrsiflorus,ForestWetRich
205188,Rumex thyrsiflorus,ForestWetRich
205189,Rumex thyrsiflorus,ForestWetRich
205190,Rumex thyrsiflorus,ForestWetRich
205191,Rumex thyrsiflorus,ForestWetRich
205192,Rumex thyrsiflorus,ForestWetRich
205193,Rumex thyrsiflorus,ForestWetRich
205194,Rumex thyrsiflorus,ForestWetRich
205195,Rumex thyrsiflorus,ForestWetRich
205196,Rumex thyrsiflorus,ForestWetRich
205197,Rumex thyrsiflorus,ForestWetRich
205198,Rumex thyrsiflorus,ForestWetRich
205199,Rumex thyrsiflorus,ForestWetRich
205200,Rumex thyrsiflorus,ForestWetRich
205201,Rumex thyrsiflorus,ForestWetRich
205202,Rumex thyrsiflorus,ForestWetRich
205203,Rumex thyrsiflorus,ForestWetRich
205204,Rumex thyrsiflorus,ForestWetRich
205205,Rumex thyrsiflorus,ForestWetRich
205206,Rumex thyrsiflorus,ForestWetRich
205207,Rumex thyrsiflorus,ForestWetRich
205208,Rumex thyrsiflorus,ForestWetRich
205209,Rumex thyrsiflorus,ForestWetRich
205210,Rumex thyrsiflorus,ForestWetRich
205211,Rumex thyrsiflorus,ForestWetRich
205212,Rumex thyrsiflorus,ForestWetRich
205213,Rumex thyrsiflorus,ForestWetRich
205214,Rumex thyrsiflorus,ForestWetRich
205215,Rumex thyrsiflorus,ForestWetRich
205216,Rumex thyrsiflorus,ForestWetRich
205217,Rumex thyrsiflorus,ForestWetRich
205218,Rumex thyrsiflorus,ForestWetRich
205219,Rumex thyrsiflorus,ForestWetRich
205220,Rumex thyrsiflorus,ForestWetRich
205221,Rumex thyrsiflorus,ForestWetRich
205222,Rumex thyrsiflorus,ForestWetRich
205223,Rumex thyrsiflorus,ForestWetRich
205224,Rumex thyrsiflorus,ForestWetRich
205225,Rumex thyrsiflorus,ForestWetRich
205226,Rumex thyrsiflorus,ForestWetRich
205227,Rumex thyrsiflorus,ForestWetRich
205228,Rumex thyrsiflorus,ForestWetRich
205229,Rumex thyrsiflorus,ForestWetRich
205230,Rumex thyrsiflorus,ForestWetRich
205231,Rumex thyrsiflorus,ForestWetRich
205232,Rumex thyrsiflorus,ForestWetRich
205233,Rumex thyrsiflorus,ForestWetRich
205234,Rumex thyrsiflorus,ForestWetRich
205763,Rumex thyrsiflorus,ForestWetRich
205764,Rumex thyrsiflorus,ForestWetRich
205765,Rumex thyrsiflorus,ForestWetRich
205766,Rumex thyrsiflorus,ForestWetRich
205767,Rumex thyrsiflorus,ForestWetRich
205768,Rumex thyrsiflorus,ForestWetRich
205769,Rumex thyrsiflorus,ForestWetRich
205770,Rumex thyrsiflorus,ForestWetRich
205771,Rumex thyrsiflorus,ForestWetRich
205772,Rumex thyrsiflorus,ForestWetRich
205773,Rumex thyrsiflorus,ForestWetRich
205774,Rumex thyrsiflorus,ForestWetRich
205775,Rumex thyrsiflorus,ForestWetRich
205776,Rumex thyrsiflorus,ForestWetRich
205777,Rumex thyrsiflorus,ForestWetRich
205778,Rumex thyrsiflorus,ForestWetRich
205779,Rumex thyrsiflorus,ForestWetRich
205780,Rumex thyrsiflorus,ForestWetRich
205781,Rumex thyrsiflorus,ForestWetRich
205782,Rumex thyrsiflorus,ForestWetRich
205783,Rumex thyrsiflorus,ForestWetRich
205784,Rumex thyrsiflorus,ForestWetRich
205785,Rumex thyrsiflorus,ForestWetRich
205786,Rumex thyrsiflorus,ForestWetRich
205787,Rumex thyrsiflorus,ForestWetRich
205788,Rumex thyrsiflorus,ForestWetRich
205789,Rumex thyrsiflorus,ForestWetRich
205790,Rumex thyrsiflorus,ForestWetRich
205791,Rumex thyrsiflorus,ForestWetRich
205792,Rumex thyrsiflorus,ForestWetRich
205793,Rumex thyrsiflorus,ForestWetRich
205794,Rumex thyrsiflorus,ForestWetRich
205795,Rumex thyrsiflorus,ForestWetRich
205796,Rumex thyrsiflorus,ForestWetRich
205797,Rumex thyrsiflorus,ForestWetRich
205798,Rumex thyrsiflorus,ForestWetRich
205799,Rumex thyrsiflorus,ForestWetRich
205800,Rumex thyrsiflorus,ForestWetRich
205801,Rumex thyrsiflorus,ForestWetRich
205802,Rumex thyrsiflorus,ForestWetRich
205803,Rumex thyrsiflorus,ForestWetRich
205804,Rumex thyrsiflorus,ForestWetRich
205805,Rumex thyrsiflorus,ForestWetRich
205806,Rumex thyrsiflorus,ForestWetRich
205807,Rumex thyrsiflorus,ForestWetRich
205808,Rumex thyrsiflorus,ForestWetRich
205809,Rumex thyrsiflorus,ForestWetRich
205810,Rumex thyrsiflorus,ForestWetRich
205811,Rumex thyrsiflorus,ForestWetRich
205812,Rumex thyrsiflorus,ForestWetRich
205813,Rumex thyrsiflorus,ForestWetRich
205814,Rumex thyrsiflorus,ForestWetRich
205815,Rumex thyrsiflorus,ForestWetRich
205816,Rumex thyrsiflorus,ForestWetRich
205817,Rumex thyrsiflorus,ForestWetRich
205818,Rumex thyrsiflorus,ForestWetRich
205819,Rumex thyrsiflorus,ForestWetRich
205820,Rumex thyrsiflorus,ForestWetRich
205821,Rumex thyrsiflorus,ForestWetRich
205822,Rumex thyrsiflorus,ForestWetRich
205823,Rumex thyrsiflorus,ForestWetRich
205824,Rumex thyrsiflorus,ForestWetRich
205825,Rumex thyrsiflorus,ForestWetRich
205826,Rumex thyrsiflorus,ForestWetRich
205827,Rumex thyrsiflorus,ForestWetRich
205828,Rumex thyrsiflorus,ForestWetRich
205829,Rumex thyrsiflorus,ForestWetRich
205830,Rumex thyrsiflorus,ForestWetRich
205831,Rumex thyrsiflorus,ForestWetRich
205832,Rumex thyrsiflorus,ForestWetRich
205833,Rumex thyrsiflorus,ForestWetRich
206362,Rumex thyrsiflorus,ForestWetRich
206363,Rumex thyrsiflorus,ForestWetRich
206364,Rumex thyrsiflorus,ForestWetRich
206365,Rumex thyrsiflorus,ForestWetRich
206366,Rumex thyrsiflorus,ForestWetRich
206367,Rumex thyrsiflorus,ForestWetRich
206368,Rumex thyrsiflorus,ForestWetRich
206369,Rumex thyrsiflorus,ForestWetRich
206370,Rumex thyrsiflorus,ForestWetRich
206371,Rumex thyrsiflorus,ForestWetRich
206372,Rumex thyrsiflorus,ForestWetRich
206373,Rumex thyrsiflorus,ForestWetRich
206374,Rumex thyrsiflorus,ForestWetRich
206375,Rumex thyrsiflorus,ForestWetRich
206376,Rumex thyrsiflorus,ForestWetRich
206377,Rumex thyrsiflorus,ForestWetRich
206378,Rumex thyrsiflorus,ForestWetRich
206379,Rumex thyrsiflorus,ForestWetRich
206380,Rumex thyrsiflorus,ForestWetRich
206381,Rumex thyrsiflorus,ForestWetRich
206382,Rumex thyrsiflorus,ForestWetRich
206383,Rumex thyrsiflorus,ForestWetRich
206384,Rumex thyrsiflorus,ForestWetRich
206385,Rumex thyrsiflorus,ForestWetRich
206386,Rumex thyrsiflorus,ForestWetRich
206387,Rumex thyrsiflorus,ForestWetRich
206388,Rumex thyrsiflorus,ForestWetRich
206389,Rumex thyrsiflorus,ForestWetRich
206390,Rumex thyrsiflorus,ForestWetRich
206391,Rumex thyrsiflorus,ForestWetRich
206392,Rumex thyrsiflorus,ForestWetRich
206393,Rumex thyrsiflorus,ForestWetRich
206394,Rumex thyrsiflorus,ForestWetRich
206395,Rumex thyrsiflorus,ForestWetRich
206396,Rumex thyrsiflorus,ForestWetRich
206397,Rumex thyrsiflorus,ForestWetRich
206398,Rumex thyrsiflorus,ForestWetRich
206399,Rumex thyrsiflorus,ForestWetRich
206400,Rumex thyrsiflorus,ForestWetRich
206401,Rumex thyrsiflorus,ForestWetRich
206402,Rumex thyrsiflorus,ForestWetRich
206403,Rumex thyrsiflorus,ForestWetRich
206404,Rumex thyrsiflorus,ForestWetRich
206405,Rumex thyrsiflorus,ForestWetRich
206406,Rumex thyrsiflorus,ForestWetRich
206407,Rumex thyrsiflorus,ForestWetRich
206408,Rumex thyrsiflorus,ForestWetRich
206409,Rumex thyrsiflorus,ForestWetRich
206410,Rumex thyrsiflorus,ForestWetRich
206411,Rumex thyrsiflorus,ForestWetRich
206412,Rumex thyrsiflorus,ForestWetRich
206960,Rumex thyrsiflorus,ForestWetRich
206961,Rumex thyrsiflorus,ForestWetRich
206962,Rumex thyrsiflorus,ForestWetRich
206963,Rumex thyrsiflorus,ForestWetRich
206964,Rumex thyrsiflorus,ForestWetRich
206965,Rumex thyrsiflorus,ForestWetRich
206966,Rumex thyrsiflorus,ForestWetRich
206967,Rumex thyrsiflorus,ForestWetRich
206968,Rumex thyrsiflorus,ForestWetRich
206969,Rumex thyrsiflorus,ForestWetRich
206970,Rumex thyrsiflorus,ForestWetRich
206971,Rumex thyrsiflorus,ForestWetRich
206972,Rumex thyrsiflorus,ForestWetRich
206973,Rumex thyrsiflorus,ForestWetRich
206974,Rumex thyrsiflorus,ForestWetRich
206975,Rumex thyrsiflorus,ForestWetRich
206976,Rumex thyrsiflorus,ForestWetRich
206977,Rumex thyrsiflorus,ForestWetRich
206978,Rumex thyrsiflorus,ForestWetRich
206979,Rumex thyrsiflorus,ForestWetRich
206980,Rumex thyrsiflorus,ForestWetRich
206981,Rumex thyrsiflorus,ForestWetRich
206982,Rumex thyrsiflorus,ForestWetRich
206983,Rumex thyrsiflorus,ForestWetRich
206984,Rumex thyrsiflorus,ForestWetRich
206985,Rumex thyrsiflorus,ForestWetRich
206986,Rumex thyrsiflorus,ForestWetRich
206987,Rumex thyrsiflorus,ForestWetRich
206988,Rumex thyrsiflorus,ForestWetRich
206989,Rumex thyrsiflorus,ForestWetRich
206990,Rumex thyrsiflorus,ForestWetRich
206991,Rumex thyrsiflorus,ForestWetRich
206992,Rumex thyrsiflorus,ForestWetRich
206993,Rumex thyrsiflorus,ForestWetRich
206994,Rumex thyrsiflorus,ForestWetRich
206995,Rumex thyrsiflorus,ForestWetRich
206996,Rumex thyrsiflorus,ForestWetRich
206997,Rumex thyrsiflorus,ForestWetRich
206998,Rumex thyrsiflorus,ForestWetRich
206999,Rumex thyrsiflorus,ForestWetRich
207000,Rumex thyrsiflorus,ForestWetRich
207001,Rumex thyrsiflorus,ForestWetRich
207002,Rumex thyrsiflorus,ForestWetRich
207003,Rumex thyrsiflorus,ForestWetRich
207004,Rumex thyrsiflorus,ForestWetRich
207005,Rumex thyrsiflorus,ForestWetRich
207006,Rumex thyrsiflorus,ForestWetRich
207007,Rumex thyrsiflorus,ForestWetRich
207008,Rumex thyrsiflorus,ForestWetRich
207009,Rumex thyrsiflorus,ForestWetRich
207010,Rumex thyrsiflorus,ForestWetRich
207011,Rumex thyrsiflorus,ForestWetRich
207559,Rumex thyrsiflorus,ForestWetRich
207560,Rumex thyrsiflorus,ForestWetRich
207561,Rumex thyrsiflorus,ForestWetRich
207562,Rumex thyrsiflorus,ForestWetRich
207563,Rumex thyrsiflorus,ForestWetRich
207564,Rumex thyrsiflorus,ForestWetRich
207565,Rumex thyrsiflorus,ForestWetRich
207566,Rumex thyrsiflorus,ForestWetRich
207567,Rumex thyrsiflorus,ForestWetRich
207568,Rumex thyrsiflorus,ForestWetRich
207569,Rumex thyrsiflorus,ForestWetRich
207570,Rumex thyrsiflorus,ForestWetRich
207571,Rumex thyrsiflorus,ForestWetRich
207572,Rumex thyrsiflorus,ForestWetRich
207573,Rumex thyrsiflorus,ForestWetRich
207574,Rumex thyrsiflorus,ForestWetRich
207575,Rumex thyrsiflorus,ForestWetRich
207576,Rumex thyrsiflorus,ForestWetRich
207577,Rumex thyrsiflorus,ForestWetRich
207578,Rumex thyrsiflorus,ForestWetRich
207579,Rumex thyrsiflorus,ForestWetRich
207580,Rumex thyrsiflorus,ForestWetRich
207581,Rumex thyrsiflorus,ForestWetRich
207582,Rumex thyrsiflorus,ForestWetRich
207583,Rumex thyrsiflorus,ForestWetRich
207584,Rumex thyrsiflorus,ForestWetRich
207585,Rumex thyrsiflorus,ForestWetRich
207586,Rumex thyrsiflorus,ForestWetRich
207587,Rumex thyrsiflorus,ForestWetRich
207588,Rumex thyrsiflorus,ForestWetRich
207589,Rumex thyrsiflorus,ForestWetRich
207590,Rumex thyrsiflorus,ForestWetRich
207591,Rumex thyrsiflorus,ForestWetRich
207592,Rumex thyrsiflorus,ForestWetRich
207593,Rumex thyrsiflorus,ForestWetRich
207594,Rumex thyrsiflorus,ForestWetRich
207595,Rumex thyrsiflorus,ForestWetRich
207596,Rumex thyrsiflorus,ForestWetRich
207597,Rumex thyrsiflorus,ForestWetRich
207598,Rumex thyrsiflorus,ForestWetRich
207599,Rumex thyrsiflorus,ForestWetRich
207600,Rumex thyrsiflorus,ForestWetRich
207601,Rumex thyrsiflorus,ForestWetRich
207602,Rumex thyrsiflorus,ForestWetRich
207603,Rumex thyrsiflorus,ForestWetRich
207604,Rumex thyrsiflorus,ForestWetRich
207605,Rumex thyrsiflorus,ForestWetRich
207606,Rumex thyrsiflorus,ForestWetRich
207607,Rumex thyrsiflorus,ForestWetRich
207608,Rumex thyrsiflorus,ForestWetRich
207609,Rumex thyrsiflorus,ForestWetRich
207610,Rumex thyrsiflorus,ForestWetRich
208157,Rumex thyrsiflorus,ForestWetRich
208158,Rumex thyrsiflorus,ForestWetRich
208159,Rumex thyrsiflorus,ForestWetRich
208160,Rumex thyrsiflorus,ForestWetRich
208161,Rumex thyrsiflorus,ForestWetRich
208162,Rumex thyrsiflorus,ForestWetRich
208163,Rumex thyrsiflorus,ForestWetRich
208164,Rumex thyrsiflorus,ForestWetRich
208165,Rumex thyrsiflorus,ForestWetRich
208166,Rumex thyrsiflorus,ForestWetRich
208167,Rumex thyrsiflorus,ForestWetRich
208168,Rumex thyrsiflorus,ForestWetRich
208169,Rumex thyrsiflorus,ForestWetRich
208170,Rumex thyrsiflorus,ForestWetRich
208171,Rumex thyrsiflorus,ForestWetRich
208172,Rumex thyrsiflorus,ForestWetRich
208173,Rumex thyrsiflorus,ForestWetRich
208174,Rumex thyrsiflorus,ForestWetRich
208175,Rumex thyrsiflorus,ForestWetRich
208176,Rumex thyrsiflorus,ForestWetRich
208177,Rumex thyrsiflorus,ForestWetRich
208178,Rumex thyrsiflorus,ForestWetRich
208179,Rumex thyrsiflorus,ForestWetRich
208180,Rumex thyrsiflorus,ForestWetRich
208181,Rumex thyrsiflorus,ForestWetRich
208182,Rumex thyrsiflorus,ForestWetRich
208183,Rumex thyrsiflorus,ForestWetRich
208184,Rumex thyrsiflorus,ForestWetRich
208185,Rumex thyrsiflorus,ForestWetRich
208186,Rumex thyrsiflorus,ForestWetRich
208187,Rumex thyrsiflorus,ForestWetRich
208188,Rumex thyrsiflorus,ForestWetRich
208189,Rumex thyrsiflorus,ForestWetRich
208190,Rumex thyrsiflorus,ForestWetRich
208191,Rumex thyrsiflorus,ForestWetRich
208192,Rumex thyrsiflorus,ForestWetRich
208193,Rumex thyrsiflorus,ForestWetRich
208194,Rumex thyrsiflorus,ForestWetRich
208195,Rumex thyrsiflorus,ForestWetRich
208196,Rumex thyrsiflorus,ForestWetRich
208197,Rumex thyrsiflorus,ForestWetRich
208198,Rumex thyrsiflorus,ForestWetRich
208199,Rumex thyrsiflorus,ForestWetRich
208200,Rumex thyrsiflorus,ForestWetRich
208201,Rumex thyrsiflorus,ForestWetRich
208202,Rumex thyrsiflorus,ForestWetRich
208203,Rumex thyrsiflorus,ForestWetRich
208204,Rumex thyrsiflorus,ForestWetRich
208205,Rumex thyrsiflorus,ForestWetRich
208206,Rumex thyrsiflorus,ForestWetRich
208207,Rumex thyrsiflorus,ForestWetRich
208208,Rumex thyrsiflorus,ForestWetRich
208209,Rumex thyrsiflorus,ForestWetRich
208756,Rumex thyrsiflorus,ForestWetRich
208757,Rumex thyrsiflorus,ForestWetRich
208758,Rumex thyrsiflorus,ForestWetRich
208759,Rumex thyrsiflorus,ForestWetRich
208760,Rumex thyrsiflorus,ForestWetRich
208761,Rumex thyrsiflorus,ForestWetRich
208762,Rumex thyrsiflorus,ForestWetRich
208763,Rumex thyrsiflorus,ForestWetRich
208764,Rumex thyrsiflorus,ForestWetRich
208765,Rumex thyrsiflorus,ForestWetRich
208766,Rumex thyrsiflorus,ForestWetRich
208767,Rumex thyrsiflorus,ForestWetRich
208768,Rumex thyrsiflorus,ForestWetRich
208769,Rumex thyrsiflorus,ForestWetRich
208770,Rumex thyrsiflorus,ForestWetRich
208771,Rumex thyrsiflorus,ForestWetRich
208772,Rumex thyrsiflorus,ForestWetRich
208773,Rumex thyrsiflorus,ForestWetRich
208774,Rumex thyrsiflorus,ForestWetRich
208775,Rumex thyrsiflorus,ForestWetRich
208776,Rumex thyrsiflorus,ForestWetRich
208777,Rumex thyrsiflorus,ForestWetRich
208778,Rumex thyrsiflorus,ForestWetRich
208779,Rumex thyrsiflorus,ForestWetRich
208780,Rumex thyrsiflorus,ForestWetRich
208781,Rumex thyrsiflorus,ForestWetRich
208782,Rumex thyrsiflorus,ForestWetRich
208783,Rumex thyrsiflorus,ForestWetRich
208784,Rumex thyrsiflorus,ForestWetRich
208785,Rumex thyrsiflorus,ForestWetRich
208786,Rumex thyrsiflorus,ForestWetRich
208787,Rumex thyrsiflorus,ForestWetRich
208788,Rumex thyrsiflorus,ForestWetRich
208789,Rumex thyrsiflorus,ForestWetRich
208790,Rumex thyrsiflorus,ForestWetRich
208791,Rumex thyrsiflorus,ForestWetRich
208792,Rumex thyrsiflorus,ForestWetRich
208793,Rumex thyrsiflorus,ForestWetRich
208794,Rumex thyrsiflorus,ForestWetRich
208795,Rumex thyrsiflorus,ForestWetRich
208796,Rumex thyrsiflorus,ForestWetRich
208797,Rumex thyrsiflorus,ForestWetRich
208798,Rumex thyrsiflorus,ForestWetRich
208799,Rumex thyrsiflorus,ForestWetRich
208800,Rumex thyrsiflorus,ForestWetRich
208801,Rumex thyrsiflorus,ForestWetRich
208802,Rumex thyrsiflorus,ForestWetRich
208803,Rumex thyrsiflorus,ForestWetRich
208804,Rumex thyrsiflorus,ForestWetRich
208805,Rumex thyrsiflorus,ForestWetRich
208806,Rumex thyrsiflorus,ForestWetRich
208807,Rumex thyrsiflorus,ForestWetRich
208808,Rumex thyrsiflorus,ForestWetRich
209355,Rumex thyrsiflorus,ForestWetRich
209356,Rumex thyrsiflorus,ForestWetRich
209357,Rumex thyrsiflorus,ForestWetRich
209358,Rumex thyrsiflorus,ForestWetRich
209359,Rumex thyrsiflorus,ForestWetRich
209360,Rumex thyrsiflorus,ForestWetRich
209361,Rumex thyrsiflorus,ForestWetRich
209362,Rumex thyrsiflorus,ForestWetRich
209363,Rumex thyrsiflorus,ForestWetRich
209364,Rumex thyrsiflorus,ForestWetRich
209365,Rumex thyrsiflorus,ForestWetRich
209366,Rumex thyrsiflorus,ForestWetRich
209367,Rumex thyrsiflorus,ForestWetRich
209368,Rumex thyrsiflorus,ForestWetRich
209369,Rumex thyrsiflorus,ForestWetRich
209370,Rumex thyrsiflorus,ForestWetRich
209371,Rumex thyrsiflorus,ForestWetRich
209372,Rumex thyrsiflorus,ForestWetRich
209373,Rumex thyrsiflorus,ForestWetRich
209374,Rumex thyrsiflorus,ForestWetRich
209375,Rumex thyrsiflorus,ForestWetRich
209376,Rumex thyrsiflorus,ForestWetRich
209377,Rumex thyrsiflorus,ForestWetRich
209378,Rumex thyrsiflorus,ForestWetRich
209379,Rumex thyrsiflorus,ForestWetRich
209380,Rumex thyrsiflorus,ForestWetRich
209381,Rumex thyrsiflorus,ForestWetRich
209382,Rumex thyrsiflorus,ForestWetRich
209383,Rumex thyrsiflorus,ForestWetRich
209384,Rumex thyrsiflorus,ForestWetRich
209385,Rumex thyrsiflorus,ForestWetRich
209386,Rumex thyrsiflorus,ForestWetRich
209387,Rumex thyrsiflorus,ForestWetRich
209388,Rumex thyrsiflorus,ForestWetRich
209389,Rumex thyrsiflorus,ForestWetRich
209390,Rumex thyrsiflorus,ForestWetRich
209391,Rumex thyrsiflorus,ForestWetRich
209392,Rumex thyrsiflorus,ForestWetRich
209393,Rumex thyrsiflorus,ForestWetRich
209394,Rumex thyrsiflorus,ForestWetRich
209395,Rumex thyrsiflorus,ForestWetRich
209396,Rumex thyrsiflorus,ForestWetRich
209397,Rumex thyrsiflorus,ForestWetRich
209398,Rumex thyrsiflorus,ForestWetRich
209399,Rumex thyrsiflorus,ForestWetRich
209400,Rumex thyrsiflorus,ForestWetRich
209401,Rumex thyrsiflorus,ForestWetRich
209402,Rumex thyrsiflorus,ForestWetRich
209403,Rumex thyrsiflorus,ForestWetRich
209404,Rumex thyrsiflorus,ForestWetRich
209405,Rumex thyrsiflorus,ForestWetRich
209406,Rumex thyrsiflorus,ForestWetRich
209407,Rumex thyrsiflorus,ForestWetRich
209953,Rumex thyrsiflorus,ForestWetRich
209954,Rumex thyrsiflorus,ForestWetRich
209955,Rumex thyrsiflorus,ForestWetRich
209956,Rumex thyrsiflorus,ForestWetRich
209957,Rumex thyrsiflorus,ForestWetRich
209958,Rumex thyrsiflorus,ForestWetRich
209959,Rumex thyrsiflorus,ForestWetRich
209960,Rumex thyrsiflorus,ForestWetRich
209961,Rumex thyrsiflorus,ForestWetRich
209962,Rumex thyrsiflorus,ForestWetRich
209963,Rumex thyrsiflorus,ForestWetRich
209964,Rumex thyrsiflorus,ForestWetRich
209965,Rumex thyrsiflorus,ForestWetRich
209966,Rumex thyrsiflorus,ForestWetRich
209967,Rumex thyrsiflorus,ForestWetRich
209968,Rumex thyrsiflorus,ForestWetRich
209969,Rumex thyrsiflorus,ForestWetRich
209970,Rumex thyrsiflorus,ForestWetRich
209971,Rumex thyrsiflorus,ForestWetRich
209972,Rumex thyrsiflorus,ForestWetRich
209973,Rumex thyrsiflorus,ForestWetRich
209974,Rumex thyrsiflorus,ForestWetRich
209975,Rumex thyrsiflorus,ForestWetRich
209976,Rumex thyrsiflorus,ForestWetRich
209977,Rumex thyrsiflorus,ForestWetRich
209978,Rumex thyrsiflorus,ForestWetRich
209979,Rumex thyrsiflorus,ForestWetRich
209980,Rumex thyrsiflorus,ForestWetRich
209981,Rumex thyrsiflorus,ForestWetRich
209982,Rumex thyrsiflorus,ForestWetRich
209983,Rumex thyrsiflorus,ForestWetRich
209984,Rumex thyrsiflorus,ForestWetRich
209985,Rumex thyrsiflorus,ForestWetRich
209986,Rumex thyrsiflorus,ForestWetRich
209987,Rumex thyrsiflorus,ForestWetRich
209988,Rumex thyrsiflorus,ForestWetRich
209989,Rumex thyrsiflorus,ForestWetRich
209990,Rumex thyrsiflorus,ForestWetRich
209991,Rumex thyrsiflorus,ForestWetRich
209992,Rumex thyrsiflorus,ForestWetRich
209993,Rumex thyrsiflorus,ForestWetRich
209994,Rumex thyrsiflorus,ForestWetRich
209995,Rumex thyrsiflorus,ForestWetRich
209996,Rumex thyrsiflorus,ForestWetRich
209997,Rumex thyrsiflorus,ForestWetRich
209998,Rumex thyrsiflorus,ForestWetRich
209999,Rumex thyrsiflorus,ForestWetRich
210000,Rumex thyrsiflorus,ForestWetRich
210001,Rumex thyrsiflorus,ForestWetRich
210002,Rumex thyrsiflorus,ForestWetRich
210003,Rumex thyrsiflorus,ForestWetRich
210004,Rumex thyrsiflorus,ForestWetRich
210005,Rumex thyrsiflorus,ForestWetRich
210006,Rumex thyrsiflorus,ForestWetRich
210552,Rumex thyrsiflorus,ForestWetRich
210553,Rumex thyrsiflorus,ForestWetRich
210554,Rumex thyrsiflorus,ForestWetRich
210555,Rumex thyrsiflorus,ForestWetRich
210556,Rumex thyrsiflorus,ForestWetRich
210557,Rumex thyrsiflorus,ForestWetRich
210558,Rumex thyrsiflorus,ForestWetRich
210559,Rumex thyrsiflorus,ForestWetRich
210560,Rumex thyrsiflorus,ForestWetRich
210561,Rumex thyrsiflorus,ForestWetRich
210562,Rumex thyrsiflorus,ForestWetRich
210563,Rumex thyrsiflorus,ForestWetRich
210564,Rumex thyrsiflorus,ForestWetRich
210565,Rumex thyrsiflorus,ForestWetRich
210566,Rumex thyrsiflorus,ForestWetRich
210567,Rumex thyrsiflorus,ForestWetRich
210568,Rumex thyrsiflorus,ForestWetRich
210569,Rumex thyrsiflorus,ForestWetRich
210570,Rumex thyrsiflorus,ForestWetRich
210571,Rumex thyrsiflorus,ForestWetRich
210572,Rumex thyrsiflorus,ForestWetRich
210573,Rumex thyrsiflorus,ForestWetRich
210574,Rumex thyrsiflorus,ForestWetRich
210575,Rumex thyrsiflorus,ForestWetRich
210576,Rumex thyrsiflorus,ForestWetRich
210577,Rumex thyrsiflorus,ForestWetRich
210578,Rumex thyrsiflorus,ForestWetRich
210579,Rumex thyrsiflorus,ForestWetRich
210580,Rumex thyrsiflorus,ForestWetRich
210581,Rumex thyrsiflorus,ForestWetRich
210582,Rumex thyrsiflorus,ForestWetRich
210583,Rumex thyrsiflorus,ForestWetRich
210584,Rumex thyrsiflorus,ForestWetRich
210585,Rumex thyrsiflorus,ForestWetRich
210586,Rumex thyrsiflorus,ForestWetRich
210587,Rumex thyrsiflorus,ForestWetRich
210588,Rumex thyrsiflorus,ForestWetRich
210589,Rumex thyrsiflorus,ForestWetRich
210590,Rumex thyrsiflorus,ForestWetRich
210591,Rumex thyrsiflorus,ForestWetRich
210592,Rumex thyrsiflorus,ForestWetRich
210593,Rumex thyrsiflorus,ForestWetRich
210594,Rumex thyrsiflorus,ForestWetRich
210595,Rumex thyrsiflorus,ForestWetRich
210596,Rumex thyrsiflorus,ForestWetRich
210597,Rumex thyrsiflorus,ForestWetRich
210598,Rumex thyrsiflorus,ForestWetRich
210599,Rumex thyrsiflorus,ForestWetRich
210600,Rumex thyrsiflorus,ForestWetRich
210601,Rumex thyrsiflorus,ForestWetRich
210602,Rumex thyrsiflorus,ForestWetRich
210603,Rumex thyrsiflorus,ForestWetRich
210604,Rumex thyrsiflorus,ForestWetRich
210605,Rumex thyrsiflorus,ForestWetRich
211151,Rumex thyrsiflorus,ForestWetRich
211152,Rumex thyrsiflorus,ForestWetRich
211153,Rumex thyrsiflorus,ForestWetRich
211154,Rumex thyrsiflorus,ForestWetRich
211155,Rumex thyrsiflorus,ForestWetRich
211156,Rumex thyrsiflorus,ForestWetRich
211157,Rumex thyrsiflorus,ForestWetRich
211158,Rumex thyrsiflorus,ForestWetRich
211159,Rumex thyrsiflorus,ForestWetRich
211160,Rumex thyrsiflorus,ForestWetRich
211161,Rumex thyrsiflorus,ForestWetRich
211162,Rumex thyrsiflorus,ForestWetRich
211163,Rumex thyrsiflorus,ForestWetRich
211164,Rumex thyrsiflorus,ForestWetRich
211165,Rumex thyrsiflorus,ForestWetRich
211166,Rumex thyrsiflorus,ForestWetRich
211167,Rumex thyrsiflorus,ForestWetRich
211168,Rumex thyrsiflorus,ForestWetRich
211169,Rumex thyrsiflorus,ForestWetRich
211170,Rumex thyrsiflorus,ForestWetRich
211171,Rumex thyrsiflorus,ForestWetRich
211172,Rumex thyrsiflorus,ForestWetRich
211173,Rumex thyrsiflorus,ForestWetRich
211174,Rumex thyrsiflorus,ForestWetRich
211175,Rumex thyrsiflorus,ForestWetRich
211176,Rumex thyrsiflorus,ForestWetRich
211177,Rumex thyrsiflorus,ForestWetRich
211178,Rumex thyrsiflorus,ForestWetRich
211179,Rumex thyrsiflorus,ForestWetRich
211180,Rumex thyrsiflorus,ForestWetRich
211181,Rumex thyrsiflorus,ForestWetRich
211182,Rumex thyrsiflorus,ForestWetRich
211183,Rumex thyrsiflorus,ForestWetRich
211184,Rumex thyrsiflorus,ForestWetRich
211185,Rumex thyrsiflorus,ForestWetRich
211186,Rumex thyrsiflorus,ForestWetRich
211187,Rumex thyrsiflorus,ForestWetRich
211188,Rumex thyrsiflorus,ForestWetRich
211189,Rumex thyrsiflorus,ForestWetRich
211190,Rumex thyrsiflorus,ForestWetRich
211191,Rumex thyrsiflorus,ForestWetRich
211192,Rumex thyrsiflorus,ForestWetRich
211193,Rumex thyrsiflorus,ForestWetRich
211194,Rumex thyrsiflorus,ForestWetRich
211195,Rumex thyrsiflorus,ForestWetRich
211196,Rumex thyrsiflorus,ForestWetRich
211197,Rumex thyrsiflorus,ForestWetRich
211198,Rumex thyrsiflorus,ForestWetRich
211199,Rumex thyrsiflorus,ForestWetRich
211200,Rumex thyrsiflorus,ForestWetRich
211201,Rumex thyrsiflorus,ForestWetRich
211202,Rumex thyrsiflorus,ForestWetRich
211203,Rumex thyrsiflorus,ForestWetRich
211204,Rumex thyrsiflorus,ForestWetRich
211750,Rumex thyrsiflorus,ForestWetRich
211751,Rumex thyrsiflorus,ForestWetRich
211752,Rumex thyrsiflorus,ForestWetRich
211753,Rumex thyrsiflorus,ForestWetRich
211754,Rumex thyrsiflorus,ForestWetRich
211755,Rumex thyrsiflorus,ForestWetRich
211756,Rumex thyrsiflorus,ForestWetRich
211757,Rumex thyrsiflorus,ForestWetRich
211758,Rumex thyrsiflorus,ForestWetRich
211759,Rumex thyrsiflorus,ForestWetRich
211760,Rumex thyrsiflorus,ForestWetRich
211761,Rumex thyrsiflorus,ForestWetRich
211762,Rumex thyrsiflorus,ForestWetRich
211763,Rumex thyrsiflorus,ForestWetRich
211764,Rumex thyrsiflorus,ForestWetRich
211765,Rumex thyrsiflorus,ForestWetRich
211766,Rumex thyrsiflorus,ForestWetRich
211767,Rumex thyrsiflorus,ForestWetRich
211768,Rumex thyrsiflorus,ForestWetRich
211769,Rumex thyrsiflorus,ForestWetRich
211770,Rumex thyrsiflorus,ForestWetRich
211771,Rumex thyrsiflorus,ForestWetRich
211772,Rumex thyrsiflorus,ForestWetRich
211773,Rumex thyrsiflorus,ForestWetRich
211774,Rumex thyrsiflorus,ForestWetRich
211775,Rumex thyrsiflorus,ForestWetRich
211776,Rumex thyrsiflorus,ForestWetRich
211777,Rumex thyrsiflorus,ForestWetRich
211778,Rumex thyrsiflorus,ForestWetRich
211779,Rumex thyrsiflorus,ForestWetRich
211780,Rumex thyrsiflorus,ForestWetRich
211781,Rumex thyrsiflorus,ForestWetRich
211782,Rumex thyrsiflorus,ForestWetRich
211783,Rumex thyrsiflorus,ForestWetRich
211784,Rumex thyrsiflorus,ForestWetRich
211785,Rumex thyrsiflorus,ForestWetRich
211786,Rumex thyrsiflorus,ForestWetRich
211787,Rumex thyrsiflorus,ForestWetRich
211788,Rumex thyrsiflorus,ForestWetRich
211789,Rumex thyrsiflorus,ForestWetRich
211790,Rumex thyrsiflorus,ForestWetRich
211791,Rumex thyrsiflorus,ForestWetRich
211792,Rumex thyrsiflorus,ForestWetRich
211793,Rumex thyrsiflorus,ForestWetRich
211794,Rumex thyrsiflorus,ForestWetRich
211795,Rumex thyrsiflorus,ForestWetRich
211796,Rumex thyrsiflorus,ForestWetRich
211797,Rumex thyrsiflorus,ForestWetRich
211798,Rumex thyrsiflorus,ForestWetRich
211799,Rumex thyrsiflorus,ForestWetRich
211800,Rumex thyrsiflorus,ForestWetRich
211801,Rumex thyrsiflorus,ForestWetRich
211802,Rumex thyrsiflorus,ForestWetRich
211803,Rumex thyrsiflorus,ForestWetRich
212349,Rumex thyrsiflorus,ForestWetRich
212350,Rumex thyrsiflorus,ForestWetRich
212351,Rumex thyrsiflorus,ForestWetRich
212352,Rumex thyrsiflorus,ForestWetRich
212353,Rumex thyrsiflorus,ForestWetRich
212354,Rumex thyrsiflorus,ForestWetRich
212355,Rumex thyrsiflorus,ForestWetRich
212356,Rumex thyrsiflorus,ForestWetRich
212357,Rumex thyrsiflorus,ForestWetRich
212358,Rumex thyrsiflorus,ForestWetRich
212359,Rumex thyrsiflorus,ForestWetRich
212360,Rumex thyrsiflorus,ForestWetRich
212361,Rumex thyrsiflorus,ForestWetRich
212362,Rumex thyrsiflorus,ForestWetRich
212363,Rumex thyrsiflorus,ForestWetRich
212364,Rumex thyrsiflorus,ForestWetRich
212365,Rumex thyrsiflorus,ForestWetRich
212366,Rumex thyrsiflorus,ForestWetRich
212367,Rumex thyrsiflorus,ForestWetRich
212368,Rumex thyrsiflorus,ForestWetRich
212369,Rumex thyrsiflorus,ForestWetRich
212370,Rumex thyrsiflorus,ForestWetRich
212371,Rumex thyrsiflorus,ForestWetRich
212372,Rumex thyrsiflorus,ForestWetRich
212373,Rumex thyrsiflorus,ForestWetRich
212374,Rumex thyrsiflorus,ForestWetRich
212375,Rumex thyrsiflorus,ForestWetRich
212376,Rumex thyrsiflorus,ForestWetRich
212377,Rumex thyrsiflorus,ForestWetRich
212378,Rumex thyrsiflorus,ForestWetRich
212379,Rumex thyrsiflorus,ForestWetRich
212380,Rumex thyrsiflorus,ForestWetRich
212381,Rumex thyrsiflorus,ForestWetRich
212382,Rumex thyrsiflorus,ForestWetRich
212383,Rumex thyrsiflorus,ForestWetRich
212384,Rumex thyrsiflorus,ForestWetRich
212385,Rumex thyrsiflorus,ForestWetRich
212386,Rumex thyrsiflorus,ForestWetRich
212387,Rumex thyrsiflorus,ForestWetRich
212388,Rumex thyrsiflorus,ForestWetRich
212389,Rumex thyrsiflorus,ForestWetRich
212390,Rumex thyrsiflorus,ForestWetRich
212391,Rumex thyrsiflorus,ForestWetRich
212392,Rumex thyrsiflorus,ForestWetRich
212393,Rumex thyrsiflorus,ForestWetRich
212394,Rumex thyrsiflorus,ForestWetRich
212395,Rumex thyrsiflorus,ForestWetRich
212396,Rumex thyrsiflorus,ForestWetRich
212397,Rumex thyrsiflorus,ForestWetRich
212398,Rumex thyrsiflorus,ForestWetRich
212399,Rumex thyrsiflorus,ForestWetRich
212400,Rumex thyrsiflorus,ForestWetRich
212401,Rumex thyrsiflorus,ForestWetRich
212402,Rumex thyrsiflorus,ForestWetRich
212947,Rumex thyrsiflorus,ForestWetRich
212948,Rumex thyrsiflorus,ForestWetRich
212949,Rumex thyrsiflorus,ForestWetRich
212950,Rumex thyrsiflorus,ForestWetRich
212951,Rumex thyrsiflorus,ForestWetRich
212952,Rumex thyrsiflorus,ForestWetRich
212953,Rumex thyrsiflorus,ForestWetRich
212954,Rumex thyrsiflorus,ForestWetRich
212955,Rumex thyrsiflorus,ForestWetRich
212956,Rumex thyrsiflorus,ForestWetRich
212957,Rumex thyrsiflorus,ForestWetRich
212958,Rumex thyrsiflorus,ForestWetRich
212959,Rumex thyrsiflorus,ForestWetRich
212960,Rumex thyrsiflorus,ForestWetRich
212961,Rumex thyrsiflorus,ForestWetRich
212962,Rumex thyrsiflorus,ForestWetRich
212963,Rumex thyrsiflorus,ForestWetRich
212964,Rumex thyrsiflorus,ForestWetRich
212965,Rumex thyrsiflorus,ForestWetRich
212966,Rumex thyrsiflorus,ForestWetRich
212967,Rumex thyrsiflorus,ForestWetRich
212968,Rumex thyrsiflorus,ForestWetRich
212969,Rumex thyrsiflorus,ForestWetRich
212970,Rumex thyrsiflorus,ForestWetRich
212971,Rumex thyrsiflorus,ForestWetRich
212972,Rumex thyrsiflorus,ForestWetRich
212973,Rumex thyrsiflorus,ForestWetRich
212974,Rumex thyrsiflorus,ForestWetRich
212975,Rumex thyrsiflorus,ForestWetRich
212976,Rumex thyrsiflorus,ForestWetRich
212977,Rumex thyrsiflorus,ForestWetRich
212978,Rumex thyrsiflorus,ForestWetRich
212979,Rumex thyrsiflorus,ForestWetRich
212980,Rumex thyrsiflorus,ForestWetRich
212981,Rumex thyrsiflorus,ForestWetRich
212982,Rumex thyrsiflorus,ForestWetRich
212983,Rumex thyrsiflorus,ForestWetRich
212984,Rumex thyrsiflorus,ForestWetRich
212985,Rumex thyrsiflorus,ForestWetRich
212986,Rumex thyrsiflorus,ForestWetRich
212987,Rumex thyrsiflorus,ForestWetRich
212988,Rumex thyrsiflorus,ForestWetRich
212989,Rumex thyrsiflorus,ForestWetRich
212990,Rumex thyrsiflorus,ForestWetRich
212991,Rumex thyrsiflorus,ForestWetRich
212992,Rumex thyrsiflorus,ForestWetRich
212993,Rumex thyrsiflorus,ForestWetRich
212994,Rumex thyrsiflorus,ForestWetRich
212995,Rumex thyrsiflorus,ForestWetRich
212996,Rumex thyrsiflorus,ForestWetRich
212997,Rumex thyrsiflorus,ForestWetRich
212998,Rumex thyrsiflorus,ForestWetRich
212999,Rumex thyrsiflorus,ForestWetRich
213000,Rumex thyrsiflorus,ForestWetRich
213001,Rumex thyrsiflorus,ForestWetRich
213546,Rumex thyrsiflorus,ForestWetRich
213547,Rumex thyrsiflorus,ForestWetRich
213548,Rumex thyrsiflorus,ForestWetRich
213549,Rumex thyrsiflorus,ForestWetRich
213550,Rumex thyrsiflorus,ForestWetRich
213551,Rumex thyrsiflorus,ForestWetRich
213552,Rumex thyrsiflorus,ForestWetRich
213553,Rumex thyrsiflorus,ForestWetRich
213554,Rumex thyrsiflorus,ForestWetRich
213555,Rumex thyrsiflorus,ForestWetRich
213556,Rumex thyrsiflorus,ForestWetRich
213557,Rumex thyrsiflorus,ForestWetRich
213558,Rumex thyrsiflorus,ForestWetRich
213559,Rumex thyrsiflorus,ForestWetRich
213560,Rumex thyrsiflorus,ForestWetRich
213561,Rumex thyrsiflorus,ForestWetRich
213562,Rumex thyrsiflorus,ForestWetRich
213563,Rumex thyrsiflorus,ForestWetRich
213564,Rumex thyrsiflorus,ForestWetRich
213565,Rumex thyrsiflorus,ForestWetRich
213566,Rumex thyrsiflorus,ForestWetRich
213567,Rumex thyrsiflorus,ForestWetRich
213568,Rumex thyrsiflorus,ForestWetRich
213569,Rumex thyrsiflorus,ForestWetRich
213570,Rumex thyrsiflorus,ForestWetRich
213571,Rumex thyrsiflorus,ForestWetRich
213572,Rumex thyrsiflorus,ForestWetRich
213573,Rumex thyrsiflorus,ForestWetRich
213574,Rumex thyrsiflorus,ForestWetRich
213575,Rumex thyrsiflorus,ForestWetRich
213576,Rumex thyrsiflorus,ForestWetRich
213577,Rumex thyrsiflorus,ForestWetRich
213578,Rumex thyrsiflorus,ForestWetRich
213579,Rumex thyrsiflorus,ForestWetRich
213580,Rumex thyrsiflorus,ForestWetRich
213581,Rumex thyrsiflorus,ForestWetRich
213582,Rumex thyrsiflorus,ForestWetRich
213583,Rumex thyrsiflorus,ForestWetRich
213584,Rumex thyrsiflorus,ForestWetRich
213585,Rumex thyrsiflorus,ForestWetRich
213586,Rumex thyrsiflorus,ForestWetRich
213587,Rumex thyrsiflorus,ForestWetRich
213588,Rumex thyrsiflorus,ForestWetRich
213589,Rumex thyrsiflorus,ForestWetRich
213590,Rumex thyrsiflorus,ForestWetRich
213591,Rumex thyrsiflorus,ForestWetRich
213592,Rumex thyrsiflorus,ForestWetRich
213593,Rumex thyrsiflorus,ForestWetRich
213594,Rumex thyrsiflorus,ForestWetRich
213595,Rumex thyrsiflorus,ForestWetRich
213596,Rumex thyrsiflorus,ForestWetRich
213597,Rumex thyrsiflorus,ForestWetRich
213598,Rumex thyrsiflorus,ForestWetRich
213599,Rumex thyrsiflorus,ForestWetRich
213600,Rumex thyrsiflorus,ForestWetRich
214145,Rumex thyrsiflorus,ForestWetRich
214146,Rumex thyrsiflorus,ForestWetRich
214147,Rumex thyrsiflorus,ForestWetRich
214148,Rumex thyrsiflorus,ForestWetRich
214149,Rumex thyrsiflorus,ForestWetRich
214150,Rumex thyrsiflorus,ForestWetRich
214151,Rumex thyrsiflorus,ForestWetRich
214152,Rumex thyrsiflorus,ForestWetRich
214153,Rumex thyrsiflorus,ForestWetRich
214154,Rumex thyrsiflorus,ForestWetRich
214155,Rumex thyrsiflorus,ForestWetRich
214156,Rumex thyrsiflorus,ForestWetRich
214157,Rumex thyrsiflorus,ForestWetRich
214158,Rumex thyrsiflorus,ForestWetRich
214159,Rumex thyrsiflorus,ForestWetRich
214160,Rumex thyrsiflorus,ForestWetRich
214161,Rumex thyrsiflorus,ForestWetRich
214162,Rumex thyrsiflorus,ForestWetRich
214163,Rumex thyrsiflorus,ForestWetRich
214164,Rumex thyrsiflorus,ForestWetRich
214165,Rumex thyrsiflorus,ForestWetRich
214166,Rumex thyrsiflorus,ForestWetRich
214167,Rumex thyrsiflorus,ForestWetRich
214168,Rumex thyrsiflorus,ForestWetRich
214169,Rumex thyrsiflorus,ForestWetRich
214170,Rumex thyrsiflorus,ForestWetRich
214171,Rumex thyrsiflorus,ForestWetRich
214172,Rumex thyrsiflorus,ForestWetRich
214173,Rumex thyrsiflorus,ForestWetRich
214174,Rumex thyrsiflorus,ForestWetRich
214175,Rumex thyrsiflorus,ForestWetRich
214176,Rumex thyrsiflorus,ForestWetRich
214177,Rumex thyrsiflorus,ForestWetRich
214178,Rumex thyrsiflorus,ForestWetRich
214179,Rumex thyrsiflorus,ForestWetRich
214180,Rumex thyrsiflorus,ForestWetRich
214181,Rumex thyrsiflorus,ForestWetRich
214182,Rumex thyrsiflorus,ForestWetRich
214183,Rumex thyrsiflorus,ForestWetRich
214184,Rumex thyrsiflorus,ForestWetRich
214185,Rumex thyrsiflorus,ForestWetRich
214186,Rumex thyrsiflorus,ForestWetRich
214187,Rumex thyrsiflorus,ForestWetRich
214188,Rumex thyrsiflorus,ForestWetRich
214189,Rumex thyrsiflorus,ForestWetRich
214190,Rumex thyrsiflorus,ForestWetRich
214191,Rumex thyrsiflorus,ForestWetRich
214192,Rumex thyrsiflorus,ForestWetRich
214193,Rumex thyrsiflorus,ForestWetRich
214194,Rumex thyrsiflorus,ForestWetRich
214195,Rumex thyrsiflorus,ForestWetRich
214196,Rumex thyrsiflorus,ForestWetRich
214197,Rumex thyrsiflorus,ForestWetRich
214198,Rumex thyrsiflorus,ForestWetRich
214199,Rumex thyrsiflorus,ForestWetRich
214744,Rumex thyrsiflorus,ForestWetRich
214745,Rumex thyrsiflorus,ForestWetRich
214746,Rumex thyrsiflorus,ForestWetRich
214747,Rumex thyrsiflorus,ForestWetRich
214748,Rumex thyrsiflorus,ForestWetRich
214749,Rumex thyrsiflorus,ForestWetRich
214750,Rumex thyrsiflorus,ForestWetRich
214751,Rumex thyrsiflorus,ForestWetRich
214752,Rumex thyrsiflorus,ForestWetRich
214753,Rumex thyrsiflorus,ForestWetRich
214754,Rumex thyrsiflorus,ForestWetRich
214755,Rumex thyrsiflorus,ForestWetRich
214756,Rumex thyrsiflorus,ForestWetRich
214757,Rumex thyrsiflorus,ForestWetRich
214758,Rumex thyrsiflorus,ForestWetRich
214759,Rumex thyrsiflorus,ForestWetRich
214760,Rumex thyrsiflorus,ForestWetRich
214761,Rumex thyrsiflorus,ForestWetRich
214762,Rumex thyrsiflorus,ForestWetRich
214763,Rumex thyrsiflorus,ForestWetRich
214764,Rumex thyrsiflorus,ForestWetRich
214765,Rumex thyrsiflorus,ForestWetRich
214766,Rumex thyrsiflorus,ForestWetRich
214767,Rumex thyrsiflorus,ForestWetRich
214768,Rumex thyrsiflorus,ForestWetRich
214769,Rumex thyrsiflorus,ForestWetRich
214770,Rumex thyrsiflorus,ForestWetRich
214771,Rumex thyrsiflorus,ForestWetRich
214772,Rumex thyrsiflorus,ForestWetRich
214773,Rumex thyrsiflorus,ForestWetRich
214774,Rumex thyrsiflorus,ForestWetRich
214775,Rumex thyrsiflorus,ForestWetRich
214776,Rumex thyrsiflorus,ForestWetRich
214777,Rumex thyrsiflorus,ForestWetRich
214778,Rumex thyrsiflorus,ForestWetRich
214779,Rumex thyrsiflorus,ForestWetRich
214780,Rumex thyrsiflorus,ForestWetRich
214781,Rumex thyrsiflorus,ForestWetRich
214782,Rumex thyrsiflorus,ForestWetRich
214783,Rumex thyrsiflorus,ForestWetRich
214784,Rumex thyrsiflorus,ForestWetRich
214785,Rumex thyrsiflorus,ForestWetRich
214786,Rumex thyrsiflorus,ForestWetRich
214787,Rumex thyrsiflorus,ForestWetRich
214788,Rumex thyrsiflorus,ForestWetRich
214789,Rumex thyrsiflorus,ForestWetRich
214790,Rumex thyrsiflorus,ForestWetRich
214791,Rumex thyrsiflorus,ForestWetRich
214792,Rumex thyrsiflorus,ForestWetRich
214793,Rumex thyrsiflorus,ForestWetRich
214794,Rumex thyrsiflorus,ForestWetRich
214795,Rumex thyrsiflorus,ForestWetRich
214796,Rumex thyrsiflorus,ForestWetRich
214797,Rumex thyrsiflorus,ForestWetRich
214798,Rumex thyrsiflorus,ForestWetRich
215343,Rumex thyrsiflorus,ForestWetRich
215344,Rumex thyrsiflorus,ForestWetRich
215345,Rumex thyrsiflorus,ForestWetRich
215346,Rumex thyrsiflorus,ForestWetRich
215347,Rumex thyrsiflorus,ForestWetRich
215348,Rumex thyrsiflorus,ForestWetRich
215349,Rumex thyrsiflorus,ForestWetRich
215350,Rumex thyrsiflorus,ForestWetRich
215351,Rumex thyrsiflorus,ForestWetRich
215352,Rumex thyrsiflorus,ForestWetRich
215353,Rumex thyrsiflorus,ForestWetRich
215354,Rumex thyrsiflorus,ForestWetRich
215355,Rumex thyrsiflorus,ForestWetRich
215356,Rumex thyrsiflorus,ForestWetRich
215357,Rumex thyrsiflorus,ForestWetRich
215358,Rumex thyrsiflorus,ForestWetRich
215359,Rumex thyrsiflorus,ForestWetRich
215360,Rumex thyrsiflorus,ForestWetRich
215361,Rumex thyrsiflorus,ForestWetRich
215362,Rumex thyrsiflorus,ForestWetRich
215363,Rumex thyrsiflorus,ForestWetRich
215364,Rumex thyrsiflorus,ForestWetRich
215365,Rumex thyrsiflorus,ForestWetRich
215366,Rumex thyrsiflorus,ForestWetRich
215367,Rumex thyrsiflorus,ForestWetRich
215368,Rumex thyrsiflorus,ForestWetRich
215369,Rumex thyrsiflorus,ForestWetRich
215370,Rumex thyrsiflorus,ForestWetRich
215371,Rumex thyrsiflorus,ForestWetRich
215372,Rumex thyrsiflorus,ForestWetRich
215373,Rumex thyrsiflorus,ForestWetRich
215374,Rumex thyrsiflorus,ForestWetRich
215375,Rumex thyrsiflorus,ForestWetRich
215376,Rumex thyrsiflorus,ForestWetRich
215377,Rumex thyrsiflorus,ForestWetRich
215378,Rumex thyrsiflorus,ForestWetRich
215379,Rumex thyrsiflorus,ForestWetRich
215380,Rumex thyrsiflorus,ForestWetRich
215381,Rumex thyrsiflorus,ForestWetRich
215382,Rumex thyrsiflorus,ForestWetRich
215383,Rumex thyrsiflorus,ForestWetRich
215384,Rumex thyrsiflorus,ForestWetRich
215385,Rumex thyrsiflorus,ForestWetRich
215386,Rumex thyrsiflorus,ForestWetRich
215387,Rumex thyrsiflorus,ForestWetRich
215388,Rumex thyrsiflorus,ForestWetRich
215389,Rumex thyrsiflorus,ForestWetRich
215390,Rumex thyrsiflorus,ForestWetRich
215391,Rumex thyrsiflorus,ForestWetRich
215392,Rumex thyrsiflorus,ForestWetRich
215393,Rumex thyrsiflorus,ForestWetRich
215394,Rumex thyrsiflorus,ForestWetRich
215395,Rumex thyrsiflorus,ForestWetRich
215396,Rumex thyrsiflorus,ForestWetRich
215397,Rumex thyrsiflorus,ForestWetRich
215942,Rumex thyrsiflorus,ForestWetRich
215943,Rumex thyrsiflorus,ForestWetRich
215944,Rumex thyrsiflorus,ForestWetRich
215945,Rumex thyrsiflorus,ForestWetRich
215946,Rumex thyrsiflorus,ForestWetRich
215947,Rumex thyrsiflorus,ForestWetRich
215948,Rumex thyrsiflorus,ForestWetRich
215949,Rumex thyrsiflorus,ForestWetRich
215950,Rumex thyrsiflorus,ForestWetRich
215951,Rumex thyrsiflorus,ForestWetRich
215952,Rumex thyrsiflorus,ForestWetRich
215953,Rumex thyrsiflorus,ForestWetRich
215954,Rumex thyrsiflorus,ForestWetRich
215955,Rumex thyrsiflorus,ForestWetRich
215956,Rumex thyrsiflorus,ForestWetRich
215957,Rumex thyrsiflorus,ForestWetRich
215958,Rumex thyrsiflorus,ForestWetRich
215959,Rumex thyrsiflorus,ForestWetRich
215960,Rumex thyrsiflorus,ForestWetRich
215961,Rumex thyrsiflorus,ForestWetRich
215962,Rumex thyrsiflorus,ForestWetRich
215963,Rumex thyrsiflorus,ForestWetRich
215964,Rumex thyrsiflorus,ForestWetRich
215965,Rumex thyrsiflorus,ForestWetRich
215966,Rumex thyrsiflorus,ForestWetRich
215967,Rumex thyrsiflorus,ForestWetRich
215968,Rumex thyrsiflorus,ForestWetRich
215969,Rumex thyrsiflorus,ForestWetRich
215970,Rumex thyrsiflorus,ForestWetRich
215971,Rumex thyrsiflorus,ForestWetRich
215972,Rumex thyrsiflorus,ForestWetRich
215973,Rumex thyrsiflorus,ForestWetRich
215974,Rumex thyrsiflorus,ForestWetRich
215975,Rumex thyrsiflorus,ForestWetRich
215976,Rumex thyrsiflorus,ForestWetRich
215977,Rumex thyrsiflorus,ForestWetRich
215978,Rumex thyrsiflorus,ForestWetRich
215979,Rumex thyrsiflorus,ForestWetRich
215980,Rumex thyrsiflorus,ForestWetRich
215981,Rumex thyrsiflorus,ForestWetRich
215982,Rumex thyrsiflorus,ForestWetRich
215983,Rumex thyrsiflorus,ForestWetRich
215984,Rumex thyrsiflorus,ForestWetRich
215985,Rumex thyrsiflorus,ForestWetRich
215986,Rumex thyrsiflorus,ForestWetRich
215987,Rumex thyrsiflorus,ForestWetRich
215988,Rumex thyrsiflorus,ForestWetRich
215989,Rumex thyrsiflorus,ForestWetRich
215990,Rumex thyrsiflorus,ForestWetRich
215991,Rumex thyrsiflorus,ForestWetRich
215992,Rumex thyrsiflorus,ForestWetRich
215993,Rumex thyrsiflorus,ForestWetRich
215994,Rumex thyrsiflorus,ForestWetRich
215995,Rumex thyrsiflorus,ForestWetRich
215996,Rumex thyrsiflorus,ForestWetRich
216541,Rumex thyrsiflorus,ForestWetRich
216542,Rumex thyrsiflorus,ForestWetRich
216543,Rumex thyrsiflorus,ForestWetRich
216544,Rumex thyrsiflorus,ForestWetRich
216545,Rumex thyrsiflorus,ForestWetRich
216546,Rumex thyrsiflorus,ForestWetRich
216547,Rumex thyrsiflorus,ForestWetRich
216548,Rumex thyrsiflorus,ForestWetRich
216549,Rumex thyrsiflorus,ForestWetRich
216550,Rumex thyrsiflorus,ForestWetRich
216551,Rumex thyrsiflorus,ForestWetRich
216552,Rumex thyrsiflorus,ForestWetRich
216553,Rumex thyrsiflorus,ForestWetRich
216554,Rumex thyrsiflorus,ForestWetRich
216555,Rumex thyrsiflorus,ForestWetRich
216556,Rumex thyrsiflorus,ForestWetRich
216557,Rumex thyrsiflorus,ForestWetRich
216558,Rumex thyrsiflorus,ForestWetRich
216559,Rumex thyrsiflorus,ForestWetRich
216560,Rumex thyrsiflorus,ForestWetRich
216561,Rumex thyrsiflorus,ForestWetRich
216562,Rumex thyrsiflorus,ForestWetRich
216563,Rumex thyrsiflorus,ForestWetRich
216564,Rumex thyrsiflorus,ForestWetRich
216565,Rumex thyrsiflorus,ForestWetRich
216566,Rumex thyrsiflorus,ForestWetRich
216567,Rumex thyrsiflorus,ForestWetRich
216568,Rumex thyrsiflorus,ForestWetRich
216569,Rumex thyrsiflorus,ForestWetRich
216570,Rumex thyrsiflorus,ForestWetRich
216571,Rumex thyrsiflorus,ForestWetRich
216572,Rumex thyrsiflorus,ForestWetRich
216573,Rumex thyrsiflorus,ForestWetRich
216574,Rumex thyrsiflorus,ForestWetRich
216575,Rumex thyrsiflorus,ForestWetRich
216576,Rumex thyrsiflorus,ForestWetRich
216577,Rumex thyrsiflorus,ForestWetRich
216578,Rumex thyrsiflorus,ForestWetRich
216579,Rumex thyrsiflorus,ForestWetRich
216580,Rumex thyrsiflorus,ForestWetRich
216581,Rumex thyrsiflorus,ForestWetRich
216582,Rumex thyrsiflorus,ForestWetRich
216583,Rumex thyrsiflorus,ForestWetRich
216584,Rumex thyrsiflorus,ForestWetRich
216585,Rumex thyrsiflorus,ForestWetRich
216586,Rumex thyrsiflorus,ForestWetRich
216587,Rumex thyrsiflorus,ForestWetRich
216588,Rumex thyrsiflorus,ForestWetRich
216589,Rumex thyrsiflorus,ForestWetRich
216590,Rumex thyrsiflorus,ForestWetRich
216591,Rumex thyrsiflorus,ForestWetRich
216592,Rumex thyrsiflorus,ForestWetRich
216593,Rumex thyrsiflorus,ForestWetRich
216594,Rumex thyrsiflorus,ForestWetRich
216595,Rumex thyrsiflorus,ForestWetRich
217140,Rumex thyrsiflorus,ForestWetRich
217141,Rumex thyrsiflorus,ForestWetRich
217142,Rumex thyrsiflorus,ForestWetRich
217143,Rumex thyrsiflorus,ForestWetRich
217144,Rumex thyrsiflorus,ForestWetRich
217145,Rumex thyrsiflorus,ForestWetRich
217146,Rumex thyrsiflorus,ForestWetRich
217147,Rumex thyrsiflorus,ForestWetRich
217148,Rumex thyrsiflorus,ForestWetRich
217149,Rumex thyrsiflorus,ForestWetRich
217150,Rumex thyrsiflorus,ForestWetRich
217151,Rumex thyrsiflorus,ForestWetRich
217152,Rumex thyrsiflorus,ForestWetRich
217153,Rumex thyrsiflorus,ForestWetRich
217154,Rumex thyrsiflorus,ForestWetRich
217155,Rumex thyrsiflorus,ForestWetRich
217156,Rumex thyrsiflorus,ForestWetRich
217157,Rumex thyrsiflorus,ForestWetRich
217158,Rumex thyrsiflorus,ForestWetRich
217159,Rumex thyrsiflorus,ForestWetRich
217160,Rumex thyrsiflorus,ForestWetRich
217161,Rumex thyrsiflorus,ForestWetRich
217162,Rumex thyrsiflorus,ForestWetRich
217163,Rumex thyrsiflorus,ForestWetRich
217164,Rumex thyrsiflorus,ForestWetRich
217165,Rumex thyrsiflorus,ForestWetRich
217166,Rumex thyrsiflorus,ForestWetRich
217167,Rumex thyrsiflorus,ForestWetRich
217168,Rumex thyrsiflorus,ForestWetRich
217169,Rumex thyrsiflorus,ForestWetRich
217170,Rumex thyrsiflorus,ForestWetRich
217171,Rumex thyrsiflorus,ForestWetRich
217172,Rumex thyrsiflorus,ForestWetRich
217173,Rumex thyrsiflorus,ForestWetRich
217174,Rumex thyrsiflorus,ForestWetRich
217175,Rumex thyrsiflorus,ForestWetRich
217176,Rumex thyrsiflorus,ForestWetRich
217177,Rumex thyrsiflorus,ForestWetRich
217178,Rumex thyrsiflorus,ForestWetRich
217179,Rumex thyrsiflorus,ForestWetRich
217180,Rumex thyrsiflorus,ForestWetRich
217181,Rumex thyrsiflorus,ForestWetRich
217182,Rumex thyrsiflorus,ForestWetRich
217183,Rumex thyrsiflorus,ForestWetRich
217184,Rumex thyrsiflorus,ForestWetRich
217185,Rumex thyrsiflorus,ForestWetRich
217186,Rumex thyrsiflorus,ForestWetRich
217187,Rumex thyrsiflorus,ForestWetRich
217188,Rumex thyrsiflorus,ForestWetRich
217189,Rumex thyrsiflorus,ForestWetRich
217190,Rumex thyrsiflorus,ForestWetRich
217191,Rumex thyrsiflorus,ForestWetRich
217192,Rumex thyrsiflorus,ForestWetRich
217193,Rumex thyrsiflorus,ForestWetRich
217194,Rumex thyrsiflorus,ForestWetRich
217739,Rumex thyrsiflorus,ForestWetRich
217740,Rumex thyrsiflorus,ForestWetRich
217741,Rumex thyrsiflorus,ForestWetRich
217742,Rumex thyrsiflorus,ForestWetRich
217743,Rumex thyrsiflorus,ForestWetRich
217744,Rumex thyrsiflorus,ForestWetRich
217745,Rumex thyrsiflorus,ForestWetRich
217746,Rumex thyrsiflorus,ForestWetRich
217747,Rumex thyrsiflorus,ForestWetRich
217748,Rumex thyrsiflorus,ForestWetRich
217749,Rumex thyrsiflorus,ForestWetRich
217750,Rumex thyrsiflorus,ForestWetRich
217751,Rumex thyrsiflorus,ForestWetRich
217752,Rumex thyrsiflorus,ForestWetRich
217753,Rumex thyrsiflorus,ForestWetRich
217754,Rumex thyrsiflorus,ForestWetRich
217755,Rumex thyrsiflorus,ForestWetRich
217756,Rumex thyrsiflorus,ForestWetRich
217757,Rumex thyrsiflorus,ForestWetRich
217758,Rumex thyrsiflorus,ForestWetRich
217759,Rumex thyrsiflorus,ForestWetRich
217760,Rumex thyrsiflorus,ForestWetRich
217761,Rumex thyrsiflorus,ForestWetRich
217762,Rumex thyrsiflorus,ForestWetRich
217763,Rumex thyrsiflorus,ForestWetRich
217764,Rumex thyrsiflorus,ForestWetRich
217765,Rumex thyrsiflorus,ForestWetRich
217766,Rumex thyrsiflorus,ForestWetRich
217767,Rumex thyrsiflorus,ForestWetRich
217768,Rumex thyrsiflorus,ForestWetRich
217769,Rumex thyrsiflorus,ForestWetRich
217770,Rumex thyrsiflorus,ForestWetRich
217771,Rumex thyrsiflorus,ForestWetRich
217772,Rumex thyrsiflorus,ForestWetRich
217773,Rumex thyrsiflorus,ForestWetRich
217774,Rumex thyrsiflorus,ForestWetRich
217775,Rumex thyrsiflorus,ForestWetRich
217776,Rumex thyrsiflorus,ForestWetRich
217777,Rumex thyrsiflorus,ForestWetRich
217778,Rumex thyrsiflorus,ForestWetRich
217779,Rumex thyrsiflorus,ForestWetRich
217780,Rumex thyrsiflorus,ForestWetRich
217781,Rumex thyrsiflorus,ForestWetRich
217782,Rumex thyrsiflorus,ForestWetRich
217783,Rumex thyrsiflorus,ForestWetRich
217784,Rumex thyrsiflorus,ForestWetRich
217785,Rumex thyrsiflorus,ForestWetRich
217786,Rumex thyrsiflorus,ForestWetRich
217787,Rumex thyrsiflorus,ForestWetRich
217788,Rumex thyrsiflorus,ForestWetRich
217789,Rumex thyrsiflorus,ForestWetRich
217790,Rumex thyrsiflorus,ForestWetRich
217791,Rumex thyrsiflorus,ForestWetRich
217792,Rumex thyrsiflorus,ForestWetRich
217793,Rumex thyrsiflorus,ForestWetRich
218338,Rumex thyrsiflorus,ForestWetRich
218339,Rumex thyrsiflorus,ForestWetRich
218340,Rumex thyrsiflorus,ForestWetRich
218341,Rumex thyrsiflorus,ForestWetRich
218342,Rumex thyrsiflorus,ForestWetRich
218343,Rumex thyrsiflorus,ForestWetRich
218344,Rumex thyrsiflorus,ForestWetRich
218345,Rumex thyrsiflorus,ForestWetRich
218346,Rumex thyrsiflorus,ForestWetRich
218347,Rumex thyrsiflorus,ForestWetRich
218348,Rumex thyrsiflorus,ForestWetRich
218349,Rumex thyrsiflorus,ForestWetRich
218350,Rumex thyrsiflorus,ForestWetRich
218351,Rumex thyrsiflorus,ForestWetRich
218352,Rumex thyrsiflorus,ForestWetRich
218373,Rumex thyrsiflorus,ForestWetRich
218374,Rumex thyrsiflorus,ForestWetRich
218375,Rumex thyrsiflorus,ForestWetRich
218376,Rumex thyrsiflorus,ForestWetRich
218377,Rumex thyrsiflorus,ForestWetRich
218378,Rumex thyrsiflorus,ForestWetRich
218379,Rumex thyrsiflorus,ForestWetRich
218380,Rumex thyrsiflorus,ForestWetRich
218381,Rumex thyrsiflorus,ForestWetRich
218382,Rumex thyrsiflorus,ForestWetRich
218383,Rumex thyrsiflorus,ForestWetRich
218384,Rumex thyrsiflorus,ForestWetRich
218385,Rumex thyrsiflorus,ForestWetRich
218386,Rumex thyrsiflorus,ForestWetRich
218387,Rumex thyrsiflorus,ForestWetRich
218388,Rumex thyrsiflorus,ForestWetRich
218389,Rumex thyrsiflorus,ForestWetRich
218390,Rumex thyrsiflorus,ForestWetRich
218391,Rumex thyrsiflorus,ForestWetRich
218392,Rumex thyrsiflorus,ForestWetRich
218937,Rumex thyrsiflorus,ForestWetRich
218938,Rumex thyrsiflorus,ForestWetRich
218939,Rumex thyrsiflorus,ForestWetRich
218940,Rumex thyrsiflorus,ForestWetRich
218941,Rumex thyrsiflorus,ForestWetRich
218942,Rumex thyrsiflorus,ForestWetRich
218943,Rumex thyrsiflorus,ForestWetRich
218944,Rumex thyrsiflorus,ForestWetRich
218945,Rumex thyrsiflorus,ForestWetRich
218946,Rumex thyrsiflorus,ForestWetRich
218947,Rumex thyrsiflorus,ForestWetRich
218948,Rumex thyrsiflorus,ForestWetRich
218949,Rumex thyrsiflorus,ForestWetRich
218950,Rumex thyrsiflorus,ForestWetRich
218951,Rumex thyrsiflorus,ForestWetRich
218972,Rumex thyrsiflorus,ForestWetRich
218973,Rumex thyrsiflorus,ForestWetRich
218974,Rumex thyrsiflorus,ForestWetRich
218975,Rumex thyrsiflorus,ForestWetRich
218976,Rumex thyrsiflorus,ForestWetRich
218977,Rumex thyrsiflorus,ForestWetRich
218978,Rumex thyrsiflorus,ForestWetRich
218979,Rumex thyrsiflorus,ForestWetRich
218980,Rumex thyrsiflorus,ForestWetRich
218981,Rumex thyrsiflorus,ForestWetRich
218982,Rumex thyrsiflorus,ForestWetRich
218983,Rumex thyrsiflorus,ForestWetRich
218984,Rumex thyrsiflorus,ForestWetRich
218985,Rumex thyrsiflorus,ForestWetRich
218986,Rumex thyrsiflorus,ForestWetRich
218987,Rumex thyrsiflorus,ForestWetRich
218988,Rumex thyrsiflorus,ForestWetRich
218989,Rumex thyrsiflorus,ForestWetRich
218990,Rumex thyrsiflorus,ForestWetRich
218991,Rumex thyrsiflorus,ForestWetRich
219536,Rumex thyrsiflorus,ForestWetRich
219537,Rumex thyrsiflorus,ForestWetRich
219538,Rumex thyrsiflorus,ForestWetRich
219539,Rumex thyrsiflorus,ForestWetRich
219540,Rumex thyrsiflorus,ForestWetRich
219541,Rumex thyrsiflorus,ForestWetRich
219542,Rumex thyrsiflorus,ForestWetRich
219543,Rumex thyrsiflorus,ForestWetRich
219544,Rumex thyrsiflorus,ForestWetRich
219545,Rumex thyrsiflorus,ForestWetRich
219546,Rumex thyrsiflorus,ForestWetRich
219547,Rumex thyrsiflorus,ForestWetRich
219548,Rumex thyrsiflorus,ForestWetRich
219549,Rumex thyrsiflorus,ForestWetRich
219550,Rumex thyrsiflorus,ForestWetRich
219571,Rumex thyrsiflorus,ForestWetRich
219572,Rumex thyrsiflorus,ForestWetRich
219573,Rumex thyrsiflorus,ForestWetRich
219574,Rumex thyrsiflorus,ForestWetRich
219575,Rumex thyrsiflorus,ForestWetRich
219576,Rumex thyrsiflorus,ForestWetRich
219577,Rumex thyrsiflorus,ForestWetRich
219578,Rumex thyrsiflorus,ForestWetRich
219579,Rumex thyrsiflorus,ForestWetRich
219580,Rumex thyrsiflorus,ForestWetRich
219581,Rumex thyrsiflorus,ForestWetRich
219582,Rumex thyrsiflorus,ForestWetRich
219583,Rumex thyrsiflorus,ForestWetRich
219584,Rumex thyrsiflorus,ForestWetRich
219585,Rumex thyrsiflorus,ForestWetRich
219586,Rumex thyrsiflorus,ForestWetRich
219587,Rumex thyrsiflorus,ForestWetRich
219588,Rumex thyrsiflorus,ForestWetRich
219589,Rumex thyrsiflorus,ForestWetRich
219590,Rumex thyrsiflorus,ForestWetRich
220135,Rumex thyrsiflorus,ForestWetRich
220136,Rumex thyrsiflorus,ForestWetRich
220137,Rumex thyrsiflorus,ForestWetRich
220138,Rumex thyrsiflorus,ForestWetRich
220139,Rumex thyrsiflorus,ForestWetRich
220140,Rumex thyrsiflorus,ForestWetRich
220141,Rumex thyrsiflorus,ForestWetRich
220142,Rumex thyrsiflorus,ForestWetRich
220143,Rumex thyrsiflorus,ForestWetRich
220144,Rumex thyrsiflorus,ForestWetRich
220145,Rumex thyrsiflorus,ForestWetRich
220146,Rumex thyrsiflorus,ForestWetRich
220147,Rumex thyrsiflorus,ForestWetRich
220148,Rumex thyrsiflorus,ForestWetRich
220149,Rumex thyrsiflorus,ForestWetRich
220170,Rumex thyrsiflorus,ForestWetRich
220171,Rumex thyrsiflorus,ForestWetRich
220172,Rumex thyrsiflorus,ForestWetRich
220173,Rumex thyrsiflorus,ForestWetRich
220174,Rumex thyrsiflorus,ForestWetRich
220175,Rumex thyrsiflorus,ForestWetRich
220176,Rumex thyrsiflorus,ForestWetRich
220177,Rumex thyrsiflorus,ForestWetRich
220178,Rumex thyrsiflorus,ForestWetRich
220179,Rumex thyrsiflorus,ForestWetRich
220180,Rumex thyrsiflorus,ForestWetRich
220181,Rumex thyrsiflorus,ForestWetRich
220182,Rumex thyrsiflorus,ForestWetRich
220183,Rumex thyrsiflorus,ForestWetRich
220184,Rumex thyrsiflorus,ForestWetRich
220185,Rumex thyrsiflorus,ForestWetRich
220186,Rumex thyrsiflorus,ForestWetRich
220187,Rumex thyrsiflorus,ForestWetRich
220188,Rumex thyrsiflorus,ForestWetRich
220189,Rumex thyrsiflorus,ForestWetRich
220734,Rumex thyrsiflorus,ForestWetRich
220735,Rumex thyrsiflorus,ForestWetRich
220736,Rumex thyrsiflorus,ForestWetRich
220737,Rumex thyrsiflorus,ForestWetRich
220738,Rumex thyrsiflorus,ForestWetRich
220739,Rumex thyrsiflorus,ForestWetRich
220740,Rumex thyrsiflorus,ForestWetRich
220741,Rumex thyrsiflorus,ForestWetRich
220742,Rumex thyrsiflorus,ForestWetRich
220743,Rumex thyrsiflorus,ForestWetRich
220744,Rumex thyrsiflorus,ForestWetRich
220745,Rumex thyrsiflorus,ForestWetRich
220746,Rumex thyrsiflorus,ForestWetRich
220747,Rumex thyrsiflorus,ForestWetRich
220748,Rumex thyrsiflorus,ForestWetRich
220769,Rumex thyrsiflorus,ForestWetRich
220770,Rumex thyrsiflorus,ForestWetRich
220771,Rumex thyrsiflorus,ForestWetRich
220772,Rumex thyrsiflorus,ForestWetRich
220773,Rumex thyrsiflorus,ForestWetRich
220774,Rumex thyrsiflorus,ForestWetRich
220775,Rumex thyrsiflorus,ForestWetRich
220776,Rumex thyrsiflorus,ForestWetRich
220777,Rumex thyrsiflorus,ForestWetRich
220778,Rumex thyrsiflorus,ForestWetRich
220779,Rumex thyrsiflorus,ForestWetRich
220780,Rumex thyrsiflorus,ForestWetRich
220781,Rumex thyrsiflorus,ForestWetRich
220782,Rumex thyrsiflorus,ForestWetRich
220783,Rumex thyrsiflorus,ForestWetRich
220784,Rumex thyrsiflorus,ForestWetRich
220785,Rumex thyrsiflorus,ForestWetRich
220786,Rumex thyrsiflorus,ForestWetRich
220787,Rumex thyrsiflorus,ForestWetRich
220788,Rumex thyrsiflorus,ForestWetRich
221333,Rumex thyrsiflorus,ForestWetRich
221334,Rumex thyrsiflorus,ForestWetRich
221335,Rumex thyrsiflorus,ForestWetRich
221336,Rumex thyrsiflorus,ForestWetRich
221337,Rumex thyrsiflorus,ForestWetRich
221338,Rumex thyrsiflorus,ForestWetRich
221339,Rumex thyrsiflorus,ForestWetRich
221340,Rumex thyrsiflorus,ForestWetRich
221341,Rumex thyrsiflorus,ForestWetRich
221342,Rumex thyrsiflorus,ForestWetRich
221343,Rumex thyrsiflorus,ForestWetRich
221344,Rumex thyrsiflorus,ForestWetRich
221345,Rumex thyrsiflorus,ForestWetRich
221346,Rumex thyrsiflorus,ForestWetRich
221347,Rumex thyrsiflorus,ForestWetRich
221368,Rumex thyrsiflorus,ForestWetRich
221369,Rumex thyrsiflorus,ForestWetRich
221370,Rumex thyrsiflorus,ForestWetRich
221371,Rumex thyrsiflorus,ForestWetRich
221372,Rumex thyrsiflorus,ForestWetRich
221373,Rumex thyrsiflorus,ForestWetRich
221374,Rumex thyrsiflorus,ForestWetRich
221375,Rumex thyrsiflorus,ForestWetRich
221376,Rumex thyrsiflorus,ForestWetRich
221377,Rumex thyrsiflorus,ForestWetRich
221378,Rumex thyrsiflorus,ForestWetRich
221379,Rumex thyrsiflorus,ForestWetRich
221380,Rumex thyrsiflorus,ForestWetRich
221381,Rumex thyrsiflorus,ForestWetRich
221382,Rumex thyrsiflorus,ForestWetRich
221383,Rumex thyrsiflorus,ForestWetRich
221384,Rumex thyrsiflorus,ForestWetRich
221385,Rumex thyrsiflorus,ForestWetRich
221386,Rumex thyrsiflorus,ForestWetRich
221387,Rumex thyrsiflorus,ForestWetRich
221932,Rumex thyrsiflorus,ForestWetRich
221933,Rumex thyrsiflorus,ForestWetRich
221934,Rumex thyrsiflorus,ForestWetRich
221935,Rumex thyrsiflorus,ForestWetRich
221936,Rumex thyrsiflorus,ForestWetRich
221937,Rumex thyrsiflorus,ForestWetRich
221938,Rumex thyrsiflorus,ForestWetRich
221939,Rumex thyrsiflorus,ForestWetRich
221940,Rumex thyrsiflorus,ForestWetRich
221941,Rumex thyrsiflorus,ForestWetRich
221942,Rumex thyrsiflorus,ForestWetRich
221943,Rumex thyrsiflorus,ForestWetRich
221944,Rumex thyrsiflorus,ForestWetRich
221945,Rumex thyrsiflorus,ForestWetRich
221946,Rumex thyrsiflorus,ForestWetRich
221967,Rumex thyrsiflorus,ForestWetRich
221968,Rumex thyrsiflorus,ForestWetRich
221969,Rumex thyrsiflorus,ForestWetRich
221970,Rumex thyrsiflorus,ForestWetRich
221971,Rumex thyrsiflorus,ForestWetRich
221972,Rumex thyrsiflorus,ForestWetRich
221973,Rumex thyrsiflorus,ForestWetRich
221974,Rumex thyrsiflorus,ForestWetRich
221975,Rumex thyrsiflorus,ForestWetRich
221976,Rumex thyrsiflorus,ForestWetRich
221977,Rumex thyrsiflorus,ForestWetRich
221978,Rumex thyrsiflorus,ForestWetRich
221979,Rumex thyrsiflorus,ForestWetRich
221980,Rumex thyrsiflorus,ForestWetRich
221981,Rumex thyrsiflorus,ForestWetRich
221982,Rumex thyrsiflorus,ForestWetRich
221983,Rumex thyrsiflorus,ForestWetRich
221984,Rumex thyrsiflorus,ForestWetRich
221985,Rumex thyrsiflorus,ForestWetRich
221986,Rumex thyrsiflorus,ForestWetRich
222531,Rumex thyrsiflorus,ForestWetRich
222532,Rumex thyrsiflorus,ForestWetRich
222533,Rumex thyrsiflorus,ForestWetRich
222534,Rumex thyrsiflorus,ForestWetRich
222535,Rumex thyrsiflorus,ForestWetRich
222536,Rumex thyrsiflorus,ForestWetRich
222537,Rumex thyrsiflorus,ForestWetRich
222538,Rumex thyrsiflorus,ForestWetRich
222539,Rumex thyrsiflorus,ForestWetRich
222540,Rumex thyrsiflorus,ForestWetRich
222541,Rumex thyrsiflorus,ForestWetRich
222542,Rumex thyrsiflorus,ForestWetRich
222543,Rumex thyrsiflorus,ForestWetRich
222544,Rumex thyrsiflorus,ForestWetRich
222545,Rumex thyrsiflorus,ForestWetRich
222566,Rumex thyrsiflorus,ForestWetRich
222567,Rumex thyrsiflorus,ForestWetRich
222568,Rumex thyrsiflorus,ForestWetRich
222569,Rumex thyrsiflorus,ForestWetRich
222570,Rumex thyrsiflorus,ForestWetRich
222571,Rumex thyrsiflorus,ForestWetRich
222572,Rumex thyrsiflorus,ForestWetRich
222573,Rumex thyrsiflorus,ForestWetRich
222574,Rumex thyrsiflorus,ForestWetRich
222575,Rumex thyrsiflorus,ForestWetRich
222576,Rumex thyrsiflorus,ForestWetRich
222577,Rumex thyrsiflorus,ForestWetRich
222578,Rumex thyrsiflorus,ForestWetRich
222579,Rumex thyrsiflorus,ForestWetRich
222580,Rumex thyrsiflorus,ForestWetRich
222581,Rumex thyrsiflorus,ForestWetRich
222582,Rumex thyrsiflorus,ForestWetRich
222583,Rumex thyrsiflorus,ForestWetRich
222584,Rumex thyrsiflorus,ForestWetRich
222585,Rumex thyrsiflorus,ForestWetRich
223131,Rumex thyrsiflorus,ForestWetRich
223132,Rumex thyrsiflorus,ForestWetRich
223133,Rumex thyrsiflorus,ForestWetRich
223134,Rumex thyrsiflorus,ForestWetRich
223135,Rumex thyrsiflorus,ForestWetRich
223136,Rumex thyrsiflorus,ForestWetRich
223137,Rumex thyrsiflorus,ForestWetRich
223138,Rumex thyrsiflorus,ForestWetRich
223139,Rumex thyrsiflorus,ForestWetRich
223140,Rumex thyrsiflorus,ForestWetRich
223141,Rumex thyrsiflorus,ForestWetRich
223142,Rumex thyrsiflorus,ForestWetRich
223143,Rumex thyrsiflorus,ForestWetRich
223144,Rumex thyrsiflorus,ForestWetRich
223165,Rumex thyrsiflorus,ForestWetRich
223166,Rumex thyrsiflorus,ForestWetRich
223167,Rumex thyrsiflorus,ForestWetRich
223168,Rumex thyrsiflorus,ForestWetRich
223169,Rumex thyrsiflorus,ForestWetRich
223170,Rumex thyrsiflorus,ForestWetRich
223171,Rumex thyrsiflorus,ForestWetRich
223172,Rumex thyrsiflorus,ForestWetRich
223173,Rumex thyrsiflorus,ForestWetRich
223174,Rumex thyrsiflorus,ForestWetRich
223175,Rumex thyrsiflorus,ForestWetRich
223176,Rumex thyrsiflorus,ForestWetRich
223177,Rumex thyrsiflorus,ForestWetRich
223178,Rumex thyrsiflorus,ForestWetRich
223179,Rumex thyrsiflorus,ForestWetRich
223180,Rumex thyrsiflorus,ForestWetRich
223181,Rumex thyrsiflorus,ForestWetRich
223182,Rumex thyrsiflorus,ForestWetRich
223183,Rumex thyrsiflorus,ForestWetRich
223184,Rumex thyrsiflorus,ForestWetRich
223730,Rumex thyrsiflorus,ForestWetRich
223731,Rumex thyrsiflorus,ForestWetRich
223732,Rumex thyrsiflorus,ForestWetRich
223733,Rumex thyrsiflorus,ForestWetRich
223734,Rumex thyrsiflorus,ForestWetRich
223735,Rumex thyrsiflorus,ForestWetRich
223736,Rumex thyrsiflorus,ForestWetRich
223737,Rumex thyrsiflorus,ForestWetRich
223738,Rumex thyrsiflorus,ForestWetRich
223739,Rumex thyrsiflorus,ForestWetRich
223740,Rumex thyrsiflorus,ForestWetRich
223741,Rumex thyrsiflorus,ForestWetRich
223742,Rumex thyrsiflorus,ForestWetRich
223743,Rumex thyrsiflorus,ForestWetRich
223764,Rumex thyrsiflorus,ForestWetRich
223765,Rumex thyrsiflorus,ForestWetRich
223766,Rumex thyrsiflorus,ForestWetRich
223767,Rumex thyrsiflorus,ForestWetRich
223768,Rumex thyrsiflorus,ForestWetRich
223769,Rumex thyrsiflorus,ForestWetRich
223770,Rumex thyrsiflorus,ForestWetRich
223771,Rumex thyrsiflorus,ForestWetRich
223772,Rumex thyrsiflorus,ForestWetRich
223773,Rumex thyrsiflorus,ForestWetRich
223774,Rumex thyrsiflorus,ForestWetRich
223775,Rumex thyrsiflorus,ForestWetRich
223776,Rumex thyrsiflorus,ForestWetRich
223777,Rumex thyrsiflorus,ForestWetRich
223778,Rumex thyrsiflorus,ForestWetRich
223779,Rumex thyrsiflorus,ForestWetRich
223780,Rumex thyrsiflorus,ForestWetRich
223781,Rumex thyrsiflorus,ForestWetRich
223782,Rumex thyrsiflorus,ForestWetRich
223783,Rumex thyrsiflorus,ForestWetRich
224329,Rumex thyrsiflorus,ForestWetRich
224330,Rumex thyrsiflorus,ForestWetRich
224331,Rumex thyrsiflorus,ForestWetRich
224332,Rumex thyrsiflorus,ForestWetRich
224333,Rumex thyrsiflorus,ForestWetRich
224334,Rumex thyrsiflorus,ForestWetRich
224335,Rumex thyrsiflorus,ForestWetRich
224336,Rumex thyrsiflorus,ForestWetRich
224337,Rumex thyrsiflorus,ForestWetRich
224338,Rumex thyrsiflorus,ForestWetRich
224339,Rumex thyrsiflorus,ForestWetRich
224340,Rumex thyrsiflorus,ForestWetRich
224341,Rumex thyrsiflorus,ForestWetRich
224342,Rumex thyrsiflorus,ForestWetRich
224363,Rumex thyrsiflorus,ForestWetRich
224364,Rumex thyrsiflorus,ForestWetRich
224365,Rumex thyrsiflorus,ForestWetRich
224366,Rumex thyrsiflorus,ForestWetRich
224367,Rumex thyrsiflorus,ForestWetRich
224368,Rumex thyrsiflorus,ForestWetRich
224369,Rumex thyrsiflorus,ForestWetRich
224370,Rumex thyrsiflorus,ForestWetRich
224371,Rumex thyrsiflorus,ForestWetRich
224372,Rumex thyrsiflorus,ForestWetRich
224373,Rumex thyrsiflorus,ForestWetRich
224374,Rumex thyrsiflorus,ForestWetRich
224375,Rumex thyrsiflorus,ForestWetRich
224376,Rumex thyrsiflorus,ForestWetRich
224377,Rumex thyrsiflorus,ForestWetRich
224378,Rumex thyrsiflorus,ForestWetRich
224379,Rumex thyrsiflorus,ForestWetRich
224380,Rumex thyrsiflorus,ForestWetRich
224381,Rumex thyrsiflorus,ForestWetRich
224382,Rumex thyrsiflorus,ForestWetRich
224928,Rumex thyrsiflorus,ForestWetRich
224929,Rumex thyrsiflorus,ForestWetRich
224930,Rumex thyrsiflorus,ForestWetRich
224931,Rumex thyrsiflorus,ForestWetRich
224932,Rumex thyrsiflorus,ForestWetRich
224933,Rumex thyrsiflorus,ForestWetRich
224934,Rumex thyrsiflorus,ForestWetRich
224935,Rumex thyrsiflorus,ForestWetRich
224936,Rumex thyrsiflorus,ForestWetRich
224937,Rumex thyrsiflorus,ForestWetRich
224938,Rumex thyrsiflorus,ForestWetRich
224939,Rumex thyrsiflorus,ForestWetRich
224940,Rumex thyrsiflorus,ForestWetRich
224941,Rumex thyrsiflorus,ForestWetRich
224962,Rumex thyrsiflorus,ForestWetRich
224963,Rumex thyrsiflorus,ForestWetRich
224964,Rumex thyrsiflorus,ForestWetRich
224965,Rumex thyrsiflorus,ForestWetRich
224966,Rumex thyrsiflorus,ForestWetRich
224967,Rumex thyrsiflorus,ForestWetRich
224968,Rumex thyrsiflorus,ForestWetRich
224969,Rumex thyrsiflorus,ForestWetRich
224970,Rumex thyrsiflorus,ForestWetRich
224971,Rumex thyrsiflorus,ForestWetRich
224972,Rumex thyrsiflorus,ForestWetRich
224973,Rumex thyrsiflorus,ForestWetRich
224974,Rumex thyrsiflorus,ForestWetRich
224975,Rumex thyrsiflorus,ForestWetRich
224976,Rumex thyrsiflorus,ForestWetRich
224977,Rumex thyrsiflorus,ForestWetRich
224978,Rumex thyrsiflorus,ForestWetRich
224979,Rumex thyrsiflorus,ForestWetRich
224980,Rumex thyrsiflorus,ForestWetRich
224981,Rumex thyrsiflorus,ForestWetRich
225528,Rumex thyrsiflorus,ForestWetRich
225529,Rumex thyrsiflorus,ForestWetRich
225530,Rumex thyrsiflorus,ForestWetRich
225531,Rumex thyrsiflorus,ForestWetRich
225532,Rumex thyrsiflorus,ForestWetRich
225533,Rumex thyrsiflorus,ForestWetRich
225534,Rumex thyrsiflorus,ForestWetRich
225535,Rumex thyrsiflorus,ForestWetRich
225536,Rumex thyrsiflorus,ForestWetRich
225537,Rumex thyrsiflorus,ForestWetRich
225538,Rumex thyrsiflorus,ForestWetRich
225539,Rumex thyrsiflorus,ForestWetRich
225540,Rumex thyrsiflorus,ForestWetRich
225561,Rumex thyrsiflorus,ForestWetRich
225562,Rumex thyrsiflorus,ForestWetRich
225563,Rumex thyrsiflorus,ForestWetRich
225564,Rumex thyrsiflorus,ForestWetRich
225565,Rumex thyrsiflorus,ForestWetRich
225566,Rumex thyrsiflorus,ForestWetRich
225567,Rumex thyrsiflorus,ForestWetRich
225568,Rumex thyrsiflorus,ForestWetRich
225569,Rumex thyrsiflorus,ForestWetRich
225570,Rumex thyrsiflorus,ForestWetRich
225571,Rumex thyrsiflorus,ForestWetRich
225572,Rumex thyrsiflorus,ForestWetRich
225573,Rumex thyrsiflorus,ForestWetRich
225574,Rumex thyrsiflorus,ForestWetRich
225575,Rumex thyrsiflorus,ForestWetRich
225576,Rumex thyrsiflorus,ForestWetRich
225577,Rumex thyrsiflorus,ForestWetRich
225578,Rumex thyrsiflorus,ForestWetRich
225579,Rumex thyrsiflorus,ForestWetRich
225580,Rumex thyrsiflorus,ForestWetRich
226127,Rumex thyrsiflorus,ForestWetRich
226128,Rumex thyrsiflorus,ForestWetRich
226129,Rumex thyrsiflorus,ForestWetRich
226130,Rumex thyrsiflorus,ForestWetRich
226131,Rumex thyrsiflorus,ForestWetRich
226132,Rumex thyrsiflorus,ForestWetRich
226133,Rumex thyrsiflorus,ForestWetRich
226134,Rumex thyrsiflorus,ForestWetRich
226135,Rumex thyrsiflorus,ForestWetRich
226136,Rumex thyrsiflorus,ForestWetRich
226137,Rumex thyrsiflorus,ForestWetRich
226138,Rumex thyrsiflorus,ForestWetRich
226139,Rumex thyrsiflorus,ForestWetRich
226160,Rumex thyrsiflorus,ForestWetRich
226161,Rumex thyrsiflorus,ForestWetRich
226162,Rumex thyrsiflorus,ForestWetRich
226163,Rumex thyrsiflorus,ForestWetRich
226164,Rumex thyrsiflorus,ForestWetRich
226165,Rumex thyrsiflorus,ForestWetRich
226166,Rumex thyrsiflorus,ForestWetRich
226167,Rumex thyrsiflorus,ForestWetRich
226168,Rumex thyrsiflorus,ForestWetRich
226169,Rumex thyrsiflorus,ForestWetRich
226170,Rumex thyrsiflorus,ForestWetRich
226171,Rumex thyrsiflorus,ForestWetRich
226172,Rumex thyrsiflorus,ForestWetRich
226173,Rumex thyrsiflorus,ForestWetRich
226174,Rumex thyrsiflorus,ForestWetRich
226175,Rumex thyrsiflorus,ForestWetRich
226176,Rumex thyrsiflorus,ForestWetRich
226177,Rumex thyrsiflorus,ForestWetRich
226178,Rumex thyrsiflorus,ForestWetRich
226179,Rumex thyrsiflorus,ForestWetRich
226726,Rumex thyrsiflorus,ForestWetRich
226727,Rumex thyrsiflorus,ForestWetRich
226728,Rumex thyrsiflorus,ForestWetRich
226729,Rumex thyrsiflorus,ForestWetRich
226730,Rumex thyrsiflorus,ForestWetRich
226731,Rumex thyrsiflorus,ForestWetRich
226732,Rumex thyrsiflorus,ForestWetRich
226733,Rumex thyrsiflorus,ForestWetRich
226734,Rumex thyrsiflorus,ForestWetRich
226735,Rumex thyrsiflorus,ForestWetRich
226736,Rumex thyrsiflorus,ForestWetRich
226737,Rumex thyrsiflorus,ForestWetRich
226738,Rumex thyrsiflorus,ForestWetRich
226759,Rumex thyrsiflorus,ForestWetRich
226760,Rumex thyrsiflorus,ForestWetRich
226761,Rumex thyrsiflorus,ForestWetRich
226762,Rumex thyrsiflorus,ForestWetRich
226763,Rumex thyrsiflorus,ForestWetRich
226764,Rumex thyrsiflorus,ForestWetRich
226765,Rumex thyrsiflorus,ForestWetRich
226766,Rumex thyrsiflorus,ForestWetRich
226767,Rumex thyrsiflorus,ForestWetRich
226768,Rumex thyrsiflorus,ForestWetRich
226769,Rumex thyrsiflorus,ForestWetRich
226770,Rumex thyrsiflorus,ForestWetRich
226771,Rumex thyrsiflorus,ForestWetRich
226772,Rumex thyrsiflorus,ForestWetRich
226773,Rumex thyrsiflorus,ForestWetRich
226774,Rumex thyrsiflorus,ForestWetRich
226775,Rumex thyrsiflorus,ForestWetRich
226776,Rumex thyrsiflorus,ForestWetRich
226777,Rumex thyrsiflorus,ForestWetRich
226778,Rumex thyrsiflorus,ForestWetRich
227325,Rumex thyrsiflorus,ForestWetRich
227326,Rumex thyrsiflorus,ForestWetRich
227327,Rumex thyrsiflorus,ForestWetRich
227328,Rumex thyrsiflorus,ForestWetRich
227329,Rumex thyrsiflorus,ForestWetRich
227330,Rumex thyrsiflorus,ForestWetRich
227331,Rumex thyrsiflorus,ForestWetRich
227332,Rumex thyrsiflorus,ForestWetRich
227333,Rumex thyrsiflorus,ForestWetRich
227334,Rumex thyrsiflorus,ForestWetRich
227335,Rumex thyrsiflorus,ForestWetRich
227336,Rumex thyrsiflorus,ForestWetRich
227337,Rumex thyrsiflorus,ForestWetRich
227358,Rumex thyrsiflorus,ForestWetRich
227359,Rumex thyrsiflorus,ForestWetRich
227360,Rumex thyrsiflorus,ForestWetRich
227361,Rumex thyrsiflorus,ForestWetRich
227362,Rumex thyrsiflorus,ForestWetRich
227363,Rumex thyrsiflorus,ForestWetRich
227364,Rumex thyrsiflorus,ForestWetRich
227365,Rumex thyrsiflorus,ForestWetRich
227366,Rumex thyrsiflorus,ForestWetRich
227367,Rumex thyrsiflorus,ForestWetRich
227368,Rumex thyrsiflorus,ForestWetRich
227369,Rumex thyrsiflorus,ForestWetRich
227370,Rumex thyrsiflorus,ForestWetRich
227371,Rumex thyrsiflorus,ForestWetRich
227372,Rumex thyrsiflorus,ForestWetRich
227373,Rumex thyrsiflorus,ForestWetRich
227374,Rumex thyrsiflorus,ForestWetRich
227375,Rumex thyrsiflorus,ForestWetRich
227376,Rumex thyrsiflorus,ForestWetRich
227377,Rumex thyrsiflorus,ForestWetRich
227925,Rumex thyrsiflorus,ForestWetRich
227926,Rumex thyrsiflorus,ForestWetRich
227927,Rumex thyrsiflorus,ForestWetRich
227928,Rumex thyrsiflorus,ForestWetRich
227929,Rumex thyrsiflorus,ForestWetRich
227930,Rumex thyrsiflorus,ForestWetRich
227931,Rumex thyrsiflorus,ForestWetRich
227932,Rumex thyrsiflorus,ForestWetRich
227933,Rumex thyrsiflorus,ForestWetRich
227934,Rumex thyrsiflorus,ForestWetRich
227935,Rumex thyrsiflorus,ForestWetRich
227936,Rumex thyrsiflorus,ForestWetRich
227957,Rumex thyrsiflorus,ForestWetRich
227958,Rumex thyrsiflorus,ForestWetRich
227959,Rumex thyrsiflorus,ForestWetRich
227960,Rumex thyrsiflorus,ForestWetRich
227961,Rumex thyrsiflorus,ForestWetRich
227962,Rumex thyrsiflorus,ForestWetRich
227963,Rumex thyrsiflorus,ForestWetRich
227964,Rumex thyrsiflorus,ForestWetRich
227965,Rumex thyrsiflorus,ForestWetRich
227966,Rumex thyrsiflorus,ForestWetRich
227967,Rumex thyrsiflorus,ForestWetRich
227968,Rumex thyrsiflorus,ForestWetRich
227969,Rumex thyrsiflorus,ForestWetRich
227970,Rumex thyrsiflorus,ForestWetRich
227971,Rumex thyrsiflorus,ForestWetRich
227972,Rumex thyrsiflorus,ForestWetRich
227973,Rumex thyrsiflorus,ForestWetRich
227974,Rumex thyrsiflorus,ForestWetRich
227975,Rumex thyrsiflorus,ForestWetRich
227976,Rumex thyrsiflorus,ForestWetRich
228524,Rumex thyrsiflorus,ForestWetRich
228525,Rumex thyrsiflorus,ForestWetRich
228526,Rumex thyrsiflorus,ForestWetRich
228527,Rumex thyrsiflorus,ForestWetRich
228528,Rumex thyrsiflorus,ForestWetRich
228529,Rumex thyrsiflorus,ForestWetRich
228530,Rumex thyrsiflorus,ForestWetRich
228531,Rumex thyrsiflorus,ForestWetRich
228532,Rumex thyrsiflorus,ForestWetRich
228533,Rumex thyrsiflorus,ForestWetRich
228534,Rumex thyrsiflorus,ForestWetRich
228535,Rumex thyrsiflorus,ForestWetRich
228556,Rumex thyrsiflorus,ForestWetRich
228557,Rumex thyrsiflorus,ForestWetRich
228558,Rumex thyrsiflorus,ForestWetRich
228559,Rumex thyrsiflorus,ForestWetRich
228560,Rumex thyrsiflorus,ForestWetRich
228561,Rumex thyrsiflorus,ForestWetRich
228562,Rumex thyrsiflorus,ForestWetRich
228563,Rumex thyrsiflorus,ForestWetRich
228564,Rumex thyrsiflorus,ForestWetRich
228565,Rumex thyrsiflorus,ForestWetRich
228566,Rumex thyrsiflorus,ForestWetRich
228567,Rumex thyrsiflorus,ForestWetRich
228568,Rumex thyrsiflorus,ForestWetRich
228569,Rumex thyrsiflorus,ForestWetRich
228570,Rumex thyrsiflorus,ForestWetRich
228571,Rumex thyrsiflorus,ForestWetRich
228572,Rumex thyrsiflorus,ForestWetRich
228573,Rumex thyrsiflorus,ForestWetRich
228574,Rumex thyrsiflorus,ForestWetRich
228575,Rumex thyrsiflorus,ForestWetRich
229124,Rumex thyrsiflorus,ForestWetRich
229125,Rumex thyrsiflorus,ForestWetRich
229126,Rumex thyrsiflorus,ForestWetRich
229127,Rumex thyrsiflorus,ForestWetRich
229128,Rumex thyrsiflorus,ForestWetRich
229129,Rumex thyrsiflorus,ForestWetRich
229130,Rumex thyrsiflorus,ForestWetRich
229131,Rumex thyrsiflorus,ForestWetRich
229132,Rumex thyrsiflorus,ForestWetRich
229133,Rumex thyrsiflorus,ForestWetRich
229134,Rumex thyrsiflorus,ForestWetRich
229155,Rumex thyrsiflorus,ForestWetRich
229156,Rumex thyrsiflorus,ForestWetRich
229157,Rumex thyrsiflorus,ForestWetRich
229158,Rumex thyrsiflorus,ForestWetRich
229159,Rumex thyrsiflorus,ForestWetRich
229160,Rumex thyrsiflorus,ForestWetRich
229161,Rumex thyrsiflorus,ForestWetRich
229162,Rumex thyrsiflorus,ForestWetRich
229163,Rumex thyrsiflorus,ForestWetRich
229164,Rumex thyrsiflorus,ForestWetRich
229165,Rumex thyrsiflorus,ForestWetRich
229166,Rumex thyrsiflorus,ForestWetRich
229167,Rumex thyrsiflorus,ForestWetRich
229168,Rumex thyrsiflorus,ForestWetRich
229169,Rumex thyrsiflorus,ForestWetRich
229170,Rumex thyrsiflorus,ForestWetRich
229171,Rumex thyrsiflorus,ForestWetRich
229172,Rumex thyrsiflorus,ForestWetRich
229173,Rumex thyrsiflorus,ForestWetRich
229174,Rumex thyrsiflorus,ForestWetRich
229723,Rumex thyrsiflorus,ForestWetRich
229724,Rumex thyrsiflorus,ForestWetRich
229725,Rumex thyrsiflorus,ForestWetRich
229726,Rumex thyrsiflorus,ForestWetRich
229727,Rumex thyrsiflorus,ForestWetRich
229728,Rumex thyrsiflorus,ForestWetRich
229729,Rumex thyrsiflorus,ForestWetRich
229730,Rumex thyrsiflorus,ForestWetRich
229731,Rumex thyrsiflorus,ForestWetRich
229732,Rumex thyrsiflorus,ForestWetRich
229733,Rumex thyrsiflorus,ForestWetRich
229754,Rumex thyrsiflorus,ForestWetRich
229755,Rumex thyrsiflorus,ForestWetRich
229756,Rumex thyrsiflorus,ForestWetRich
229757,Rumex thyrsiflorus,ForestWetRich
229758,Rumex thyrsiflorus,ForestWetRich
229759,Rumex thyrsiflorus,ForestWetRich
229760,Rumex thyrsiflorus,ForestWetRich
229761,Rumex thyrsiflorus,ForestWetRich
229762,Rumex thyrsiflorus,ForestWetRich
229763,Rumex thyrsiflorus,ForestWetRich
229764,Rumex thyrsiflorus,ForestWetRich
229765,Rumex thyrsiflorus,ForestWetRich
229766,Rumex thyrsiflorus,ForestWetRich
229767,Rumex thyrsiflorus,ForestWetRich
229768,Rumex thyrsiflorus,ForestWetRich
229769,Rumex thyrsiflorus,ForestWetRich
229770,Rumex thyrsiflorus,ForestWetRich
229771,Rumex thyrsiflorus,ForestWetRich
229772,Rumex thyrsiflorus,ForestWetRich
229773,Rumex thyrsiflorus,ForestWetRich
230322,Rumex thyrsiflorus,ForestWetRich
230323,Rumex thyrsiflorus,ForestWetRich
230324,Rumex thyrsiflorus,ForestWetRich
230325,Rumex thyrsiflorus,ForestWetRich
230326,Rumex thyrsiflorus,ForestWetRich
230327,Rumex thyrsiflorus,ForestWetRich
230328,Rumex thyrsiflorus,ForestWetRich
230329,Rumex thyrsiflorus,ForestWetRich
230330,Rumex thyrsiflorus,ForestWetRich
230331,Rumex thyrsiflorus,ForestWetRich
230332,Rumex thyrsiflorus,ForestWetRich
230333,Rumex thyrsiflorus,ForestWetRich
230334,Rumex thyrsiflorus,ForestWetRich
230335,Rumex thyrsiflorus,ForestWetRich
230336,Rumex thyrsiflorus,ForestWetRich
230337,Rumex thyrsiflorus,ForestWetRich
230338,Rumex thyrsiflorus,ForestWetRich
230339,Rumex thyrsiflorus,ForestWetRich
230340,Rumex thyrsiflorus,ForestWetRich
230341,Rumex thyrsiflorus,ForestWetRich
230342,Rumex thyrsiflorus,ForestWetRich
230343,Rumex thyrsiflorus,ForestWetRich
230344,Rumex thyrsiflorus,ForestWetRich
230345,Rumex thyrsiflorus,ForestWetRich
230346,Rumex thyrsiflorus,ForestWetRich
230347,Rumex thyrsiflorus,ForestWetRich
230348,Rumex thyrsiflorus,ForestWetRich
230349,Rumex thyrsiflorus,ForestWetRich
230350,Rumex thyrsiflorus,ForestWetRich
230351,Rumex thyrsiflorus,ForestWetRich
230352,Rumex thyrsiflorus,ForestWetRich
230353,Rumex thyrsiflorus,ForestWetRich
230354,Rumex thyrsiflorus,ForestWetRich
230355,Rumex thyrsiflorus,ForestWetRich
230356,Rumex thyrsiflorus,ForestWetRich
230357,Rumex thyrsiflorus,ForestWetRich
230358,Rumex thyrsiflorus,ForestWetRich
230359,Rumex thyrsiflorus,ForestWetRich
230360,Rumex thyrsiflorus,ForestWetRich
230361,Rumex thyrsiflorus,ForestWetRich
230362,Rumex thyrsiflorus,ForestWetRich
230363,Rumex thyrsiflorus,ForestWetRich
230364,Rumex thyrsiflorus,ForestWetRich
230365,Rumex thyrsiflorus,ForestWetRich
230366,Rumex thyrsiflorus,ForestWetRich
230367,Rumex thyrsiflorus,ForestWetRich
230368,Rumex thyrsiflorus,ForestWetRich
230369,Rumex thyrsiflorus,ForestWetRich
230370,Rumex thyrsiflorus,ForestWetRich
230371,Rumex thyrsiflorus,ForestWetRich
230372,Rumex thyrsiflorus,ForestWetRich
230922,Rumex thyrsiflorus,ForestWetRich
230923,Rumex thyrsiflorus,ForestWetRich
230924,Rumex thyrsiflorus,ForestWetRich
230925,Rumex thyrsiflorus,ForestWetRich
230926,Rumex thyrsiflorus,ForestWetRich
230927,Rumex thyrsiflorus,ForestWetRich
230928,Rumex thyrsiflorus,ForestWetRich
230929,Rumex thyrsiflorus,ForestWetRich
230930,Rumex thyrsiflorus,ForestWetRich
230931,Rumex thyrsiflorus,ForestWetRich
230932,Rumex thyrsiflorus,ForestWetRich
230933,Rumex thyrsiflorus,ForestWetRich
230934,Rumex thyrsiflorus,ForestWetRich
230935,Rumex thyrsiflorus,ForestWetRich
230936,Rumex thyrsiflorus,ForestWetRich
230937,Rumex thyrsiflorus,ForestWetRich
230938,Rumex thyrsiflorus,ForestWetRich
230939,Rumex thyrsiflorus,ForestWetRich
230940,Rumex thyrsiflorus,ForestWetRich
230941,Rumex thyrsiflorus,ForestWetRich
230942,Rumex thyrsiflorus,ForestWetRich
230943,Rumex thyrsiflorus,ForestWetRich
230944,Rumex thyrsiflorus,ForestWetRich
230945,Rumex thyrsiflorus,ForestWetRich
230946,Rumex thyrsiflorus,ForestWetRich
230947,Rumex thyrsiflorus,ForestWetRich
230948,Rumex thyrsiflorus,ForestWetRich
230949,Rumex thyrsiflorus,ForestWetRich
230950,Rumex thyrsiflorus,ForestWetRich
230951,Rumex thyrsiflorus,ForestWetRich
230952,Rumex thyrsiflorus,ForestWetRich
230953,Rumex thyrsiflorus,ForestWetRich
230954,Rumex thyrsiflorus,ForestWetRich
230955,Rumex thyrsiflorus,ForestWetRich
230956,Rumex thyrsiflorus,ForestWetRich
230957,Rumex thyrsiflorus,ForestWetRich
230958,Rumex thyrsiflorus,ForestWetRich
230959,Rumex thyrsiflorus,ForestWetRich
230960,Rumex thyrsiflorus,ForestWetRich
230961,Rumex thyrsiflorus,ForestWetRich
230962,Rumex thyrsiflorus,ForestWetRich
230963,Rumex thyrsiflorus,ForestWetRich
230964,Rumex thyrsiflorus,ForestWetRich
230965,Rumex thyrsiflorus,ForestWetRich
230966,Rumex thyrsiflorus,ForestWetRich
230967,Rumex thyrsiflorus,ForestWetRich
230968,Rumex thyrsiflorus,ForestWetRich
230969,Rumex thyrsiflorus,ForestWetRich
230970,Rumex thyrsiflorus,ForestWetRich
230971,Rumex thyrsiflorus,ForestWetRich
231521,Rumex thyrsiflorus,ForestWetRich
231522,Rumex thyrsiflorus,ForestWetRich
231523,Rumex thyrsiflorus,ForestWetRich
231524,Rumex thyrsiflorus,ForestWetRich
231525,Rumex thyrsiflorus,ForestWetRich
231526,Rumex thyrsiflorus,ForestWetRich
231527,Rumex thyrsiflorus,ForestWetRich
231528,Rumex thyrsiflorus,ForestWetRich
231529,Rumex thyrsiflorus,ForestWetRich
231530,Rumex thyrsiflorus,ForestWetRich
231531,Rumex thyrsiflorus,ForestWetRich
231532,Rumex thyrsiflorus,ForestWetRich
231533,Rumex thyrsiflorus,ForestWetRich
231534,Rumex thyrsiflorus,ForestWetRich
231535,Rumex thyrsiflorus,ForestWetRich
231536,Rumex thyrsiflorus,ForestWetRich
231537,Rumex thyrsiflorus,ForestWetRich
231538,Rumex thyrsiflorus,ForestWetRich
231539,Rumex thyrsiflorus,ForestWetRich
231540,Rumex thyrsiflorus,ForestWetRich
231541,Rumex thyrsiflorus,ForestWetRich
231542,Rumex thyrsiflorus,ForestWetRich
231543,Rumex thyrsiflorus,ForestWetRich
231544,Rumex thyrsiflorus,ForestWetRich
231545,Rumex thyrsiflorus,ForestWetRich
231546,Rumex thyrsiflorus,ForestWetRich
231547,Rumex thyrsiflorus,ForestWetRich
231548,Rumex thyrsiflorus,ForestWetRich
231549,Rumex thyrsiflorus,ForestWetRich
231550,Rumex thyrsiflorus,ForestWetRich
231551,Rumex thyrsiflorus,ForestWetRich
231552,Rumex thyrsiflorus,ForestWetRich
231553,Rumex thyrsiflorus,ForestWetRich
231554,Rumex thyrsiflorus,ForestWetRich
231555,Rumex thyrsiflorus,ForestWetRich
231556,Rumex thyrsiflorus,ForestWetRich
231557,Rumex thyrsiflorus,ForestWetRich
231558,Rumex thyrsiflorus,ForestWetRich
231559,Rumex thyrsiflorus,ForestWetRich
231560,Rumex thyrsiflorus,ForestWetRich
231561,Rumex thyrsiflorus,ForestWetRich
231562,Rumex thyrsiflorus,ForestWetRich
231563,Rumex thyrsiflorus,ForestWetRich
231564,Rumex thyrsiflorus,ForestWetRich
231565,Rumex thyrsiflorus,ForestWetRich
231566,Rumex thyrsiflorus,ForestWetRich
231567,Rumex thyrsiflorus,ForestWetRich
231568,Rumex thyrsiflorus,ForestWetRich
231569,Rumex thyrsiflorus,ForestWetRich
231570,Rumex thyrsiflorus,ForestWetRich
232121,Rumex thyrsiflorus,ForestWetRich
232122,Rumex thyrsiflorus,ForestWetRich
232123,Rumex thyrsiflorus,ForestWetRich
232124,Rumex thyrsiflorus,ForestWetRich
232125,Rumex thyrsiflorus,ForestWetRich
232126,Rumex thyrsiflorus,ForestWetRich
232127,Rumex thyrsiflorus,ForestWetRich
232128,Rumex thyrsiflorus,ForestWetRich
232129,Rumex thyrsiflorus,ForestWetRich
232130,Rumex thyrsiflorus,ForestWetRich
232131,Rumex thyrsiflorus,ForestWetRich
232132,Rumex thyrsiflorus,ForestWetRich
232133,Rumex thyrsiflorus,ForestWetRich
232134,Rumex thyrsiflorus,ForestWetRich
232135,Rumex thyrsiflorus,ForestWetRich
232136,Rumex thyrsiflorus,ForestWetRich
232137,Rumex thyrsiflorus,ForestWetRich
232138,Rumex thyrsiflorus,ForestWetRich
232139,Rumex thyrsiflorus,ForestWetRich
232140,Rumex thyrsiflorus,ForestWetRich
232141,Rumex thyrsiflorus,ForestWetRich
232142,Rumex thyrsiflorus,ForestWetRich
232143,Rumex thyrsiflorus,ForestWetRich
232144,Rumex thyrsiflorus,ForestWetRich
232145,Rumex thyrsiflorus,ForestWetRich
232146,Rumex thyrsiflorus,ForestWetRich
232147,Rumex thyrsiflorus,ForestWetRich
232148,Rumex thyrsiflorus,ForestWetRich
232149,Rumex thyrsiflorus,ForestWetRich
232150,Rumex thyrsiflorus,ForestWetRich
232151,Rumex thyrsiflorus,ForestWetRich
232152,Rumex thyrsiflorus,ForestWetRich
232153,Rumex thyrsiflorus,ForestWetRich
232154,Rumex thyrsiflorus,ForestWetRich
232155,Rumex thyrsiflorus,ForestWetRich
232156,Rumex thyrsiflorus,ForestWetRich
232157,Rumex thyrsiflorus,ForestWetRich
232158,Rumex thyrsiflorus,ForestWetRich
232159,Rumex thyrsiflorus,ForestWetRich
232160,Rumex thyrsiflorus,ForestWetRich
232161,Rumex thyrsiflorus,ForestWetRich
232162,Rumex thyrsiflorus,ForestWetRich
232163,Rumex thyrsiflorus,ForestWetRich
232164,Rumex thyrsiflorus,ForestWetRich
232165,Rumex thyrsiflorus,ForestWetRich
232166,Rumex thyrsiflorus,ForestWetRich
232167,Rumex thyrsiflorus,ForestWetRich
232168,Rumex thyrsiflorus,ForestWetRich
232169,Rumex thyrsiflorus,ForestWetRich
232721,Rumex thyrsiflorus,ForestWetRich
232722,Rumex thyrsiflorus,ForestWetRich
232723,Rumex thyrsiflorus,ForestWetRich
232724,Rumex thyrsiflorus,ForestWetRich
232725,Rumex thyrsiflorus,ForestWetRich
232726,Rumex thyrsiflorus,ForestWetRich
232727,Rumex thyrsiflorus,ForestWetRich
232728,Rumex thyrsiflorus,ForestWetRich
232729,Rumex thyrsiflorus,ForestWetRich
232730,Rumex thyrsiflorus,ForestWetRich
232731,Rumex thyrsiflorus,ForestWetRich
232732,Rumex thyrsiflorus,ForestWetRich
232733,Rumex thyrsiflorus,ForestWetRich
232734,Rumex thyrsiflorus,ForestWetRich
232735,Rumex thyrsiflorus,ForestWetRich
232736,Rumex thyrsiflorus,ForestWetRich
232737,Rumex thyrsiflorus,ForestWetRich
232738,Rumex thyrsiflorus,ForestWetRich
232739,Rumex thyrsiflorus,ForestWetRich
232740,Rumex thyrsiflorus,ForestWetRich
232741,Rumex thyrsiflorus,ForestWetRich
232742,Rumex thyrsiflorus,ForestWetRich
232743,Rumex thyrsiflorus,ForestWetRich
232744,Rumex thyrsiflorus,ForestWetRich
232745,Rumex thyrsiflorus,ForestWetRich
232746,Rumex thyrsiflorus,ForestWetRich
232747,Rumex thyrsiflorus,ForestWetRich
232748,Rumex thyrsiflorus,ForestWetRich
232749,Rumex thyrsiflorus,ForestWetRich
232750,Rumex thyrsiflorus,ForestWetRich
232751,Rumex thyrsiflorus,ForestWetRich
232752,Rumex thyrsiflorus,ForestWetRich
232753,Rumex thyrsiflorus,ForestWetRich
232754,Rumex thyrsiflorus,ForestWetRich
232755,Rumex thyrsiflorus,ForestWetRich
232756,Rumex thyrsiflorus,ForestWetRich
232757,Rumex thyrsiflorus,ForestWetRich
232758,Rumex thyrsiflorus,ForestWetRich
232759,Rumex thyrsiflorus,ForestWetRich
232760,Rumex thyrsiflorus,ForestWetRich
232761,Rumex thyrsiflorus,ForestWetRich
232762,Rumex thyrsiflorus,ForestWetRich
232763,Rumex thyrsiflorus,ForestWetRich
232764,Rumex thyrsiflorus,ForestWetRich
232765,Rumex thyrsiflorus,ForestWetRich
232766,Rumex thyrsiflorus,ForestWetRich
232767,Rumex thyrsiflorus,ForestWetRich
232768,Rumex thyrsiflorus,ForestWetRich
233320,Rumex thyrsiflorus,ForestWetRich
233321,Rumex thyrsiflorus,ForestWetRich
233322,Rumex thyrsiflorus,ForestWetRich
233323,Rumex thyrsiflorus,ForestWetRich
233324,Rumex thyrsiflorus,ForestWetRich
233325,Rumex thyrsiflorus,ForestWetRich
233326,Rumex thyrsiflorus,ForestWetRich
233327,Rumex thyrsiflorus,ForestWetRich
233328,Rumex thyrsiflorus,ForestWetRich
233329,Rumex thyrsiflorus,ForestWetRich
233330,Rumex thyrsiflorus,ForestWetRich
233331,Rumex thyrsiflorus,ForestWetRich
233332,Rumex thyrsiflorus,ForestWetRich
233333,Rumex thyrsiflorus,ForestWetRich
233334,Rumex thyrsiflorus,ForestWetRich
233335,Rumex thyrsiflorus,ForestWetRich
233336,Rumex thyrsiflorus,ForestWetRich
233337,Rumex thyrsiflorus,ForestWetRich
233338,Rumex thyrsiflorus,ForestWetRich
233339,Rumex thyrsiflorus,ForestWetRich
233340,Rumex thyrsiflorus,ForestWetRich
233341,Rumex thyrsiflorus,ForestWetRich
233342,Rumex thyrsiflorus,ForestWetRich
233343,Rumex thyrsiflorus,ForestWetRich
233344,Rumex thyrsiflorus,ForestWetRich
233345,Rumex thyrsiflorus,ForestWetRich
233346,Rumex thyrsiflorus,ForestWetRich
233347,Rumex thyrsiflorus,ForestWetRich
233348,Rumex thyrsiflorus,ForestWetRich
233349,Rumex thyrsiflorus,ForestWetRich
233350,Rumex thyrsiflorus,ForestWetRich
233351,Rumex thyrsiflorus,ForestWetRich
233352,Rumex thyrsiflorus,ForestWetRich
233353,Rumex thyrsiflorus,ForestWetRich
233354,Rumex thyrsiflorus,ForestWetRich
233355,Rumex thyrsiflorus,ForestWetRich
233356,Rumex thyrsiflorus,ForestWetRich
233357,Rumex thyrsiflorus,ForestWetRich
233358,Rumex thyrsiflorus,ForestWetRich
233359,Rumex thyrsiflorus,ForestWetRich
233360,Rumex thyrsiflorus,ForestWetRich
233361,Rumex thyrsiflorus,ForestWetRich
233362,Rumex thyrsiflorus,ForestWetRich
233363,Rumex thyrsiflorus,ForestWetRich
233364,Rumex thyrsiflorus,ForestWetRich
233365,Rumex thyrsiflorus,ForestWetRich
233366,Rumex thyrsiflorus,ForestWetRich
233367,Rumex thyrsiflorus,ForestWetRich
233920,Rumex thyrsiflorus,ForestWetRich
233921,Rumex thyrsiflorus,ForestWetRich
233922,Rumex thyrsiflorus,ForestWetRich
233923,Rumex thyrsiflorus,ForestWetRich
233924,Rumex thyrsiflorus,ForestWetRich
233925,Rumex thyrsiflorus,ForestWetRich
233926,Rumex thyrsiflorus,ForestWetRich
233927,Rumex thyrsiflorus,ForestWetRich
233928,Rumex thyrsiflorus,ForestWetRich
233929,Rumex thyrsiflorus,ForestWetRich
233930,Rumex thyrsiflorus,ForestWetRich
233931,Rumex thyrsiflorus,ForestWetRich
233932,Rumex thyrsiflorus,ForestWetRich
233933,Rumex thyrsiflorus,ForestWetRich
233934,Rumex thyrsiflorus,ForestWetRich
233935,Rumex thyrsiflorus,ForestWetRich
233936,Rumex thyrsiflorus,ForestWetRich
233937,Rumex thyrsiflorus,ForestWetRich
233938,Rumex thyrsiflorus,ForestWetRich
233939,Rumex thyrsiflorus,ForestWetRich
233940,Rumex thyrsiflorus,ForestWetRich
233941,Rumex thyrsiflorus,ForestWetRich
233942,Rumex thyrsiflorus,ForestWetRich
233943,Rumex thyrsiflorus,ForestWetRich
233944,Rumex thyrsiflorus,ForestWetRich
233945,Rumex thyrsiflorus,ForestWetRich
233946,Rumex thyrsiflorus,ForestWetRich
233947,Rumex thyrsiflorus,ForestWetRich
233948,Rumex thyrsiflorus,ForestWetRich
233949,Rumex thyrsiflorus,ForestWetRich
233950,Rumex thyrsiflorus,ForestWetRich
233951,Rumex thyrsiflorus,ForestWetRich
233952,Rumex thyrsiflorus,ForestWetRich
233953,Rumex thyrsiflorus,ForestWetRich
233954,Rumex thyrsiflorus,ForestWetRich
233955,Rumex thyrsiflorus,ForestWetRich
233956,Rumex thyrsiflorus,ForestWetRich
233957,Rumex thyrsiflorus,ForestWetRich
233958,Rumex thyrsiflorus,ForestWetRich
233959,Rumex thyrsiflorus,ForestWetRich
233960,Rumex thyrsiflorus,ForestWetRich
233961,Rumex thyrsiflorus,ForestWetRich
233962,Rumex thyrsiflorus,ForestWetRich
233963,Rumex thyrsiflorus,ForestWetRich
233964,Rumex thyrsiflorus,ForestWetRich
233965,Rumex thyrsiflorus,ForestWetRich
233966,Rumex thyrsiflorus,ForestWetRich
234519,Rumex thyrsiflorus,ForestWetRich
234520,Rumex thyrsiflorus,ForestWetRich
234521,Rumex thyrsiflorus,ForestWetRich
234522,Rumex thyrsiflorus,ForestWetRich
234523,Rumex thyrsiflorus,ForestWetRich
234524,Rumex thyrsiflorus,ForestWetRich
234525,Rumex thyrsiflorus,ForestWetRich
234526,Rumex thyrsiflorus,ForestWetRich
234527,Rumex thyrsiflorus,ForestWetRich
234528,Rumex thyrsiflorus,ForestWetRich
234529,Rumex thyrsiflorus,ForestWetRich
234530,Rumex thyrsiflorus,ForestWetRich
234531,Rumex thyrsiflorus,ForestWetRich
234532,Rumex thyrsiflorus,ForestWetRich
234533,Rumex thyrsiflorus,ForestWetRich
234534,Rumex thyrsiflorus,ForestWetRich
234535,Rumex thyrsiflorus,ForestWetRich
234536,Rumex thyrsiflorus,ForestWetRich
234537,Rumex thyrsiflorus,ForestWetRich
234538,Rumex thyrsiflorus,ForestWetRich
234539,Rumex thyrsiflorus,ForestWetRich
234540,Rumex thyrsiflorus,ForestWetRich
234541,Rumex thyrsiflorus,ForestWetRich
234542,Rumex thyrsiflorus,ForestWetRich
234543,Rumex thyrsiflorus,ForestWetRich
234544,Rumex thyrsiflorus,ForestWetRich
234545,Rumex thyrsiflorus,ForestWetRich
234546,Rumex thyrsiflorus,ForestWetRich
234547,Rumex thyrsiflorus,ForestWetRich
234548,Rumex thyrsiflorus,ForestWetRich
234549,Rumex thyrsiflorus,ForestWetRich
234550,Rumex thyrsiflorus,ForestWetRich
234551,Rumex thyrsiflorus,ForestWetRich
234552,Rumex thyrsiflorus,ForestWetRich
234553,Rumex thyrsiflorus,ForestWetRich
234554,Rumex thyrsiflorus,ForestWetRich
234555,Rumex thyrsiflorus,ForestWetRich
234556,Rumex thyrsiflorus,ForestWetRich
234557,Rumex thyrsiflorus,ForestWetRich
234558,Rumex thyrsiflorus,ForestWetRich
234559,Rumex thyrsiflorus,ForestWetRich
234560,Rumex thyrsiflorus,ForestWetRich
234561,Rumex thyrsiflorus,ForestWetRich
234562,Rumex thyrsiflorus,ForestWetRich
234563,Rumex thyrsiflorus,ForestWetRich
234564,Rumex thyrsiflorus,ForestWetRich
234565,Rumex thyrsiflorus,ForestWetRich
235119,Rumex thyrsiflorus,ForestWetRich
235120,Rumex thyrsiflorus,ForestWetRich
235121,Rumex thyrsiflorus,ForestWetRich
235122,Rumex thyrsiflorus,ForestWetRich
235123,Rumex thyrsiflorus,ForestWetRich
235124,Rumex thyrsiflorus,ForestWetRich
235125,Rumex thyrsiflorus,ForestWetRich
235126,Rumex thyrsiflorus,ForestWetRich
235127,Rumex thyrsiflorus,ForestWetRich
235128,Rumex thyrsiflorus,ForestWetRich
235129,Rumex thyrsiflorus,ForestWetRich
235130,Rumex thyrsiflorus,ForestWetRich
235131,Rumex thyrsiflorus,ForestWetRich
235132,Rumex thyrsiflorus,ForestWetRich
235133,Rumex thyrsiflorus,ForestWetRich
235134,Rumex thyrsiflorus,ForestWetRich
235135,Rumex thyrsiflorus,ForestWetRich
235136,Rumex thyrsiflorus,ForestWetRich
235137,Rumex thyrsiflorus,ForestWetRich
235138,Rumex thyrsiflorus,ForestWetRich
235139,Rumex thyrsiflorus,ForestWetRich
235140,Rumex thyrsiflorus,ForestWetRich
235141,Rumex thyrsiflorus,ForestWetRich
235142,Rumex thyrsiflorus,ForestWetRich
235143,Rumex thyrsiflorus,ForestWetRich
235144,Rumex thyrsiflorus,ForestWetRich
235145,Rumex thyrsiflorus,ForestWetRich
235146,Rumex thyrsiflorus,ForestWetRich
235147,Rumex thyrsiflorus,ForestWetRich
235148,Rumex thyrsiflorus,ForestWetRich
235149,Rumex thyrsiflorus,ForestWetRich
235150,Rumex thyrsiflorus,ForestWetRich
235151,Rumex thyrsiflorus,ForestWetRich
235152,Rumex thyrsiflorus,ForestWetRich
235153,Rumex thyrsiflorus,ForestWetRich
235154,Rumex thyrsiflorus,ForestWetRich
235155,Rumex thyrsiflorus,ForestWetRich
235156,Rumex thyrsiflorus,ForestWetRich
235157,Rumex thyrsiflorus,ForestWetRich
235158,Rumex thyrsiflorus,ForestWetRich
235159,Rumex thyrsiflorus,ForestWetRich
235160,Rumex thyrsiflorus,ForestWetRich
235161,Rumex thyrsiflorus,ForestWetRich
235162,Rumex thyrsiflorus,ForestWetRich
235163,Rumex thyrsiflorus,ForestWetRich
235164,Rumex thyrsiflorus,ForestWetRich
235719,Rumex thyrsiflorus,ForestWetRich
235720,Rumex thyrsiflorus,ForestWetRich
235721,Rumex thyrsiflorus,ForestWetRich
235722,Rumex thyrsiflorus,ForestWetRich
235723,Rumex thyrsiflorus,ForestWetRich
235724,Rumex thyrsiflorus,ForestWetRich
235725,Rumex thyrsiflorus,ForestWetRich
235726,Rumex thyrsiflorus,ForestWetRich
235727,Rumex thyrsiflorus,ForestWetRich
235728,Rumex thyrsiflorus,ForestWetRich
235729,Rumex thyrsiflorus,ForestWetRich
235730,Rumex thyrsiflorus,ForestWetRich
235731,Rumex thyrsiflorus,ForestWetRich
235732,Rumex thyrsiflorus,ForestWetRich
235733,Rumex thyrsiflorus,ForestWetRich
235734,Rumex thyrsiflorus,ForestWetRich
235735,Rumex thyrsiflorus,ForestWetRich
235736,Rumex thyrsiflorus,ForestWetRich
235737,Rumex thyrsiflorus,ForestWetRich
235738,Rumex thyrsiflorus,ForestWetRich
235739,Rumex thyrsiflorus,ForestWetRich
235740,Rumex thyrsiflorus,ForestWetRich
235741,Rumex thyrsiflorus,ForestWetRich
235742,Rumex thyrsiflorus,ForestWetRich
235743,Rumex thyrsiflorus,ForestWetRich
235744,Rumex thyrsiflorus,ForestWetRich
235745,Rumex thyrsiflorus,ForestWetRich
235746,Rumex thyrsiflorus,ForestWetRich
235747,Rumex thyrsiflorus,ForestWetRich
235748,Rumex thyrsiflorus,ForestWetRich
235749,Rumex thyrsiflorus,ForestWetRich
235750,Rumex thyrsiflorus,ForestWetRich
235751,Rumex thyrsiflorus,ForestWetRich
235752,Rumex thyrsiflorus,ForestWetRich
235753,Rumex thyrsiflorus,ForestWetRich
235754,Rumex thyrsiflorus,ForestWetRich
235755,Rumex thyrsiflorus,ForestWetRich
235756,Rumex thyrsiflorus,ForestWetRich
235757,Rumex thyrsiflorus,ForestWetRich
235758,Rumex thyrsiflorus,ForestWetRich
235759,Rumex thyrsiflorus,ForestWetRich
235760,Rumex thyrsiflorus,ForestWetRich
235761,Rumex thyrsiflorus,ForestWetRich
235762,Rumex thyrsiflorus,ForestWetRich
235763,Rumex thyrsiflorus,ForestWetRich
236319,Rumex thyrsiflorus,ForestWetRich
236320,Rumex thyrsiflorus,ForestWetRich
236321,Rumex thyrsiflorus,ForestWetRich
236322,Rumex thyrsiflorus,ForestWetRich
236323,Rumex thyrsiflorus,ForestWetRich
236324,Rumex thyrsiflorus,ForestWetRich
236325,Rumex thyrsiflorus,ForestWetRich
236326,Rumex thyrsiflorus,ForestWetRich
236327,Rumex thyrsiflorus,ForestWetRich
236328,Rumex thyrsiflorus,ForestWetRich
236329,Rumex thyrsiflorus,ForestWetRich
236330,Rumex thyrsiflorus,ForestWetRich
236331,Rumex thyrsiflorus,ForestWetRich
236332,Rumex thyrsiflorus,ForestWetRich
236333,Rumex thyrsiflorus,ForestWetRich
236334,Rumex thyrsiflorus,ForestWetRich
236335,Rumex thyrsiflorus,ForestWetRich
236336,Rumex thyrsiflorus,ForestWetRich
236337,Rumex thyrsiflorus,ForestWetRich
236338,Rumex thyrsiflorus,ForestWetRich
236339,Rumex thyrsiflorus,ForestWetRich
236340,Rumex thyrsiflorus,ForestWetRich
236341,Rumex thyrsiflorus,ForestWetRich
236342,Rumex thyrsiflorus,ForestWetRich
236343,Rumex thyrsiflorus,ForestWetRich
236344,Rumex thyrsiflorus,ForestWetRich
236345,Rumex thyrsiflorus,ForestWetRich
236346,Rumex thyrsiflorus,ForestWetRich
236347,Rumex thyrsiflorus,ForestWetRich
236348,Rumex thyrsiflorus,ForestWetRich
236349,Rumex thyrsiflorus,ForestWetRich
236350,Rumex thyrsiflorus,ForestWetRich
236351,Rumex thyrsiflorus,ForestWetRich
236352,Rumex thyrsiflorus,ForestWetRich
236353,Rumex thyrsiflorus,ForestWetRich
236354,Rumex thyrsiflorus,ForestWetRich
236355,Rumex thyrsiflorus,ForestWetRich
236356,Rumex thyrsiflorus,ForestWetRich
236357,Rumex thyrsiflorus,ForestWetRich
236358,Rumex thyrsiflorus,ForestWetRich
236359,Rumex thyrsiflorus,ForestWetRich
236360,Rumex thyrsiflorus,ForestWetRich
236361,Rumex thyrsiflorus,ForestWetRich
236362,Rumex thyrsiflorus,ForestWetRich
236918,Rumex thyrsiflorus,ForestWetRich
236919,Rumex thyrsiflorus,ForestWetRich
236920,Rumex thyrsiflorus,ForestWetRich
236921,Rumex thyrsiflorus,ForestWetRich
236922,Rumex thyrsiflorus,ForestWetRich
236923,Rumex thyrsiflorus,ForestWetRich
236924,Rumex thyrsiflorus,ForestWetRich
236925,Rumex thyrsiflorus,ForestWetRich
236926,Rumex thyrsiflorus,ForestWetRich
236927,Rumex thyrsiflorus,ForestWetRich
236928,Rumex thyrsiflorus,ForestWetRich
236929,Rumex thyrsiflorus,ForestWetRich
236930,Rumex thyrsiflorus,ForestWetRich
236931,Rumex thyrsiflorus,ForestWetRich
236932,Rumex thyrsiflorus,ForestWetRich
236933,Rumex thyrsiflorus,ForestWetRich
236934,Rumex thyrsiflorus,ForestWetRich
236935,Rumex thyrsiflorus,ForestWetRich
236936,Rumex thyrsiflorus,ForestWetRich
236937,Rumex thyrsiflorus,ForestWetRich
236938,Rumex thyrsiflorus,ForestWetRich
236939,Rumex thyrsiflorus,ForestWetRich
236940,Rumex thyrsiflorus,ForestWetRich
236941,Rumex thyrsiflorus,ForestWetRich
236942,Rumex thyrsiflorus,ForestWetRich
236943,Rumex thyrsiflorus,ForestWetRich
236944,Rumex thyrsiflorus,ForestWetRich
236945,Rumex thyrsiflorus,ForestWetRich
236946,Rumex thyrsiflorus,ForestWetRich
236947,Rumex thyrsiflorus,ForestWetRich
236948,Rumex thyrsiflorus,ForestWetRich
236949,Rumex thyrsiflorus,ForestWetRich
236950,Rumex thyrsiflorus,ForestWetRich
236951,Rumex thyrsiflorus,ForestWetRich
236952,Rumex thyrsiflorus,ForestWetRich
236953,Rumex thyrsiflorus,ForestWetRich
236954,Rumex thyrsiflorus,ForestWetRich
236955,Rumex thyrsiflorus,ForestWetRich
236956,Rumex thyrsiflorus,ForestWetRich
236957,Rumex thyrsiflorus,ForestWetRich
236958,Rumex thyrsiflorus,ForestWetRich
236959,Rumex thyrsiflorus,ForestWetRich
236960,Rumex thyrsiflorus,ForestWetRich
236961,Rumex thyrsiflorus,ForestWetRich
237518,Rumex thyrsiflorus,ForestWetRich
237519,Rumex thyrsiflorus,ForestWetRich
237520,Rumex thyrsiflorus,ForestWetRich
237521,Rumex thyrsiflorus,ForestWetRich
237522,Rumex thyrsiflorus,ForestWetRich
237523,Rumex thyrsiflorus,ForestWetRich
237524,Rumex thyrsiflorus,ForestWetRich
237525,Rumex thyrsiflorus,ForestWetRich
237526,Rumex thyrsiflorus,ForestWetRich
237527,Rumex thyrsiflorus,ForestWetRich
237528,Rumex thyrsiflorus,ForestWetRich
237529,Rumex thyrsiflorus,ForestWetRich
237530,Rumex thyrsiflorus,ForestWetRich
237531,Rumex thyrsiflorus,ForestWetRich
237532,Rumex thyrsiflorus,ForestWetRich
237533,Rumex thyrsiflorus,ForestWetRich
237534,Rumex thyrsiflorus,ForestWetRich
237535,Rumex thyrsiflorus,ForestWetRich
237536,Rumex thyrsiflorus,ForestWetRich
237537,Rumex thyrsiflorus,ForestWetRich
237538,Rumex thyrsiflorus,ForestWetRich
237539,Rumex thyrsiflorus,ForestWetRich
237540,Rumex thyrsiflorus,ForestWetRich
237541,Rumex thyrsiflorus,ForestWetRich
237542,Rumex thyrsiflorus,ForestWetRich
237543,Rumex thyrsiflorus,ForestWetRich
237544,Rumex thyrsiflorus,ForestWetRich
237545,Rumex thyrsiflorus,ForestWetRich
237546,Rumex thyrsiflorus,ForestWetRich
237547,Rumex thyrsiflorus,ForestWetRich
237548,Rumex thyrsiflorus,ForestWetRich
237549,Rumex thyrsiflorus,ForestWetRich
237550,Rumex thyrsiflorus,ForestWetRich
237551,Rumex thyrsiflorus,ForestWetRich
237552,Rumex thyrsiflorus,ForestWetRich
237553,Rumex thyrsiflorus,ForestWetRich
237554,Rumex thyrsiflorus,ForestWetRich
237555,Rumex thyrsiflorus,ForestWetRich
237556,Rumex thyrsiflorus,ForestWetRich
237557,Rumex thyrsiflorus,ForestWetRich
237558,Rumex thyrsiflorus,ForestWetRich
237559,Rumex thyrsiflorus,ForestWetRich
237560,Rumex thyrsiflorus,ForestWetRich
238118,Rumex thyrsiflorus,ForestWetRich
238119,Rumex thyrsiflorus,ForestWetRich
238120,Rumex thyrsiflorus,ForestWetRich
238121,Rumex thyrsiflorus,ForestWetRich
238122,Rumex thyrsiflorus,ForestWetRich
238123,Rumex thyrsiflorus,ForestWetRich
238124,Rumex thyrsiflorus,ForestWetRich
238125,Rumex thyrsiflorus,ForestWetRich
238126,Rumex thyrsiflorus,ForestWetRich
238127,Rumex thyrsiflorus,ForestWetRich
238128,Rumex thyrsiflorus,ForestWetRich
238129,Rumex thyrsiflorus,ForestWetRich
238130,Rumex thyrsiflorus,ForestWetRich
238131,Rumex thyrsiflorus,ForestWetRich
238132,Rumex thyrsiflorus,ForestWetRich
238133,Rumex thyrsiflorus,ForestWetRich
238134,Rumex thyrsiflorus,ForestWetRich
238135,Rumex thyrsiflorus,ForestWetRich
238136,Rumex thyrsiflorus,ForestWetRich
238137,Rumex thyrsiflorus,ForestWetRich
238138,Rumex thyrsiflorus,ForestWetRich
238139,Rumex thyrsiflorus,ForestWetRich
238140,Rumex thyrsiflorus,ForestWetRich
238141,Rumex thyrsiflorus,ForestWetRich
238142,Rumex thyrsiflorus,ForestWetRich
238143,Rumex thyrsiflorus,ForestWetRich
238144,Rumex thyrsiflorus,ForestWetRich
238145,Rumex thyrsiflorus,ForestWetRich
238146,Rumex thyrsiflorus,ForestWetRich
238147,Rumex thyrsiflorus,ForestWetRich
238148,Rumex thyrsiflorus,ForestWetRich
238149,Rumex thyrsiflorus,ForestWetRich
238150,Rumex thyrsiflorus,ForestWetRich
238151,Rumex thyrsiflorus,ForestWetRich
238152,Rumex thyrsiflorus,ForestWetRich
238153,Rumex thyrsiflorus,ForestWetRich
238154,Rumex thyrsiflorus,ForestWetRich
238155,Rumex thyrsiflorus,ForestWetRich
238156,Rumex thyrsiflorus,ForestWetRich
238157,Rumex thyrsiflorus,ForestWetRich
238158,Rumex thyrsiflorus,ForestWetRich
238159,Rumex thyrsiflorus,ForestWetRich
238718,Rumex thyrsiflorus,ForestWetRich
238719,Rumex thyrsiflorus,ForestWetRich
238720,Rumex thyrsiflorus,ForestWetRich
238721,Rumex thyrsiflorus,ForestWetRich
238722,Rumex thyrsiflorus,ForestWetRich
238723,Rumex thyrsiflorus,ForestWetRich
238724,Rumex thyrsiflorus,ForestWetRich
238725,Rumex thyrsiflorus,ForestWetRich
238726,Rumex thyrsiflorus,ForestWetRich
238727,Rumex thyrsiflorus,ForestWetRich
238728,Rumex thyrsiflorus,ForestWetRich
238729,Rumex thyrsiflorus,ForestWetRich
238730,Rumex thyrsiflorus,ForestWetRich
238731,Rumex thyrsiflorus,ForestWetRich
238732,Rumex thyrsiflorus,ForestWetRich
238733,Rumex thyrsiflorus,ForestWetRich
238734,Rumex thyrsiflorus,ForestWetRich
238735,Rumex thyrsiflorus,ForestWetRich
238736,Rumex thyrsiflorus,ForestWetRich
238737,Rumex thyrsiflorus,ForestWetRich
238738,Rumex thyrsiflorus,ForestWetRich
238739,Rumex thyrsiflorus,ForestWetRich
238740,Rumex thyrsiflorus,ForestWetRich
238741,Rumex thyrsiflorus,ForestWetRich
238742,Rumex thyrsiflorus,ForestWetRich
238743,Rumex thyrsiflorus,ForestWetRich
238744,Rumex thyrsiflorus,ForestWetRich
238745,Rumex thyrsiflorus,ForestWetRich
238746,Rumex thyrsiflorus,ForestWetRich
238747,Rumex thyrsiflorus,ForestWetRich
238748,Rumex thyrsiflorus,ForestWetRich
238749,Rumex thyrsiflorus,ForestWetRich
238750,Rumex thyrsiflorus,ForestWetRich
238751,Rumex thyrsiflorus,ForestWetRich
238752,Rumex thyrsiflorus,ForestWetRich
238753,Rumex thyrsiflorus,ForestWetRich
238754,Rumex thyrsiflorus,ForestWetRich
238755,Rumex thyrsiflorus,ForestWetRich
238756,Rumex thyrsiflorus,ForestWetRich
238757,Rumex thyrsiflorus,ForestWetRich
238758,Rumex thyrsiflorus,ForestWetRich
239318,Rumex thyrsiflorus,ForestWetRich
239319,Rumex thyrsiflorus,ForestWetRich
239320,Rumex thyrsiflorus,ForestWetRich
239321,Rumex thyrsiflorus,ForestWetRich
239322,Rumex thyrsiflorus,ForestWetRich
239323,Rumex thyrsiflorus,ForestWetRich
239324,Rumex thyrsiflorus,ForestWetRich
239325,Rumex thyrsiflorus,ForestWetRich
239326,Rumex thyrsiflorus,ForestWetRich
239327,Rumex thyrsiflorus,ForestWetRich
239328,Rumex thyrsiflorus,ForestWetRich
239329,Rumex thyrsiflorus,ForestWetRich
239330,Rumex thyrsiflorus,ForestWetRich
239331,Rumex thyrsiflorus,ForestWetRich
239332,Rumex thyrsiflorus,ForestWetRich
239333,Rumex thyrsiflorus,ForestWetRich
239334,Rumex thyrsiflorus,ForestWetRich
239335,Rumex thyrsiflorus,ForestWetRich
239336,Rumex thyrsiflorus,ForestWetRich
239337,Rumex thyrsiflorus,ForestWetRich
239338,Rumex thyrsiflorus,ForestWetRich
239339,Rumex thyrsiflorus,ForestWetRich
239340,Rumex thyrsiflorus,ForestWetRich
239341,Rumex thyrsiflorus,ForestWetRich
239342,Rumex thyrsiflorus,ForestWetRich
239343,Rumex thyrsiflorus,ForestWetRich
239344,Rumex thyrsiflorus,ForestWetRich
239345,Rumex thyrsiflorus,ForestWetRich
239346,Rumex thyrsiflorus,ForestWetRich
239347,Rumex thyrsiflorus,ForestWetRich
239348,Rumex thyrsiflorus,ForestWetRich
239349,Rumex thyrsiflorus,ForestWetRich
239350,Rumex thyrsiflorus,ForestWetRich
239351,Rumex thyrsiflorus,ForestWetRich
239352,Rumex thyrsiflorus,ForestWetRich
239353,Rumex thyrsiflorus,ForestWetRich
239354,Rumex thyrsiflorus,ForestWetRich
239355,Rumex thyrsiflorus,ForestWetRich
239356,Rumex thyrsiflorus,ForestWetRich
239357,Rumex thyrsiflorus,ForestWetRich
239918,Rumex thyrsiflorus,ForestWetRich
239919,Rumex thyrsiflorus,ForestWetRich
239920,Rumex thyrsiflorus,ForestWetRich
239921,Rumex thyrsiflorus,ForestWetRich
239922,Rumex thyrsiflorus,ForestWetRich
239923,Rumex thyrsiflorus,ForestWetRich
239924,Rumex thyrsiflorus,ForestWetRich
239925,Rumex thyrsiflorus,ForestWetRich
239926,Rumex thyrsiflorus,ForestWetRich
239927,Rumex thyrsiflorus,ForestWetRich
239928,Rumex thyrsiflorus,ForestWetRich
239929,Rumex thyrsiflorus,ForestWetRich
239930,Rumex thyrsiflorus,ForestWetRich
239931,Rumex thyrsiflorus,ForestWetRich
239932,Rumex thyrsiflorus,ForestWetRich
239933,Rumex thyrsiflorus,ForestWetRich
239934,Rumex thyrsiflorus,ForestWetRich
239935,Rumex thyrsiflorus,ForestWetRich
239936,Rumex thyrsiflorus,ForestWetRich
239937,Rumex thyrsiflorus,ForestWetRich
239938,Rumex thyrsiflorus,ForestWetRich
239939,Rumex thyrsiflorus,ForestWetRich
239940,Rumex thyrsiflorus,ForestWetRich
239941,Rumex thyrsiflorus,ForestWetRich
239942,Rumex thyrsiflorus,ForestWetRich
239943,Rumex thyrsiflorus,ForestWetRich
239944,Rumex thyrsiflorus,ForestWetRich
239945,Rumex thyrsiflorus,ForestWetRich
239946,Rumex thyrsiflorus,ForestWetRich
239947,Rumex thyrsiflorus,ForestWetRich
239948,Rumex thyrsiflorus,ForestWetRich
239949,Rumex thyrsiflorus,ForestWetRich
239950,Rumex thyrsiflorus,ForestWetRich
239951,Rumex thyrsiflorus,ForestWetRich
239952,Rumex thyrsiflorus,ForestWetRich
239953,Rumex thyrsiflorus,ForestWetRich
239954,Rumex thyrsiflorus,ForestWetRich
239955,Rumex thyrsiflorus,ForestWetRich
239956,Rumex thyrsiflorus,ForestWetRich
240518,Rumex thyrsiflorus,ForestWetRich
240519,Rumex thyrsiflorus,ForestWetRich
240520,Rumex thyrsiflorus,ForestWetRich
240521,Rumex thyrsiflorus,ForestWetRich
240522,Rumex thyrsiflorus,ForestWetRich
240523,Rumex thyrsiflorus,ForestWetRich
240524,Rumex thyrsiflorus,ForestWetRich
240525,Rumex thyrsiflorus,ForestWetRich
240526,Rumex thyrsiflorus,ForestWetRich
240527,Rumex thyrsiflorus,ForestWetRich
240528,Rumex thyrsiflorus,ForestWetRich
240529,Rumex thyrsiflorus,ForestWetRich
240530,Rumex thyrsiflorus,ForestWetRich
240531,Rumex thyrsiflorus,ForestWetRich
240532,Rumex thyrsiflorus,ForestWetRich
240533,Rumex thyrsiflorus,ForestWetRich
240534,Rumex thyrsiflorus,ForestWetRich
240535,Rumex thyrsiflorus,ForestWetRich
240536,Rumex thyrsiflorus,ForestWetRich
240537,Rumex thyrsiflorus,ForestWetRich
240538,Rumex thyrsiflorus,ForestWetRich
240539,Rumex thyrsiflorus,ForestWetRich
240540,Rumex thyrsiflorus,ForestWetRich
240541,Rumex thyrsiflorus,ForestWetRich
240542,Rumex thyrsiflorus,ForestWetRich
240543,Rumex thyrsiflorus,ForestWetRich
240544,Rumex thyrsiflorus,ForestWetRich
240545,Rumex thyrsiflorus,ForestWetRich
240546,Rumex thyrsiflorus,ForestWetRich
240547,Rumex thyrsiflorus,ForestWetRich
240548,Rumex thyrsiflorus,ForestWetRich
240549,Rumex thyrsiflorus,ForestWetRich
240550,Rumex thyrsiflorus,ForestWetRich
240551,Rumex thyrsiflorus,ForestWetRich
240552,Rumex thyrsiflorus,ForestWetRich
240553,Rumex thyrsiflorus,ForestWetRich
240554,Rumex thyrsiflorus,ForestWetRich
240555,Rumex thyrsiflorus,ForestWetRich
241119,Rumex thyrsiflorus,ForestWetRich
241120,Rumex thyrsiflorus,ForestWetRich
241121,Rumex thyrsiflorus,ForestWetRich
241122,Rumex thyrsiflorus,ForestWetRich
241123,Rumex thyrsiflorus,ForestWetRich
241124,Rumex thyrsiflorus,ForestWetRich
241125,Rumex thyrsiflorus,ForestWetRich
241126,Rumex thyrsiflorus,ForestWetRich
241127,Rumex thyrsiflorus,ForestWetRich
241128,Rumex thyrsiflorus,ForestWetRich
241129,Rumex thyrsiflorus,ForestWetRich
241130,Rumex thyrsiflorus,ForestWetRich
241131,Rumex thyrsiflorus,ForestWetRich
241132,Rumex thyrsiflorus,ForestWetRich
241133,Rumex thyrsiflorus,ForestWetRich
241134,Rumex thyrsiflorus,ForestWetRich
241135,Rumex thyrsiflorus,ForestWetRich
241136,Rumex thyrsiflorus,ForestWetRich
241137,Rumex thyrsiflorus,ForestWetRich
241138,Rumex thyrsiflorus,ForestWetRich
241139,Rumex thyrsiflorus,ForestWetRich
241140,Rumex thyrsiflorus,ForestWetRich
241141,Rumex thyrsiflorus,ForestWetRich
241142,Rumex thyrsiflorus,ForestWetRich
241143,Rumex thyrsiflorus,ForestWetRich
241144,Rumex thyrsiflorus,ForestWetRich
241145,Rumex thyrsiflorus,ForestWetRich
241146,Rumex thyrsiflorus,ForestWetRich
241147,Rumex thyrsiflorus,ForestWetRich
241148,Rumex thyrsiflorus,ForestWetRich
241149,Rumex thyrsiflorus,ForestWetRich
241150,Rumex thyrsiflorus,ForestWetRich
241151,Rumex thyrsiflorus,ForestWetRich
241152,Rumex thyrsiflorus,ForestWetRich
241153,Rumex thyrsiflorus,ForestWetRich
241154,Rumex thyrsiflorus,ForestWetRich
241719,Rumex thyrsiflorus,ForestWetRich
241720,Rumex thyrsiflorus,ForestWetRich
241721,Rumex thyrsiflorus,ForestWetRich
241722,Rumex thyrsiflorus,ForestWetRich
241723,Rumex thyrsiflorus,ForestWetRich
241724,Rumex thyrsiflorus,ForestWetRich
241725,Rumex thyrsiflorus,ForestWetRich
241726,Rumex thyrsiflorus,ForestWetRich
241727,Rumex thyrsiflorus,ForestWetRich
241728,Rumex thyrsiflorus,ForestWetRich
241729,Rumex thyrsiflorus,ForestWetRich
241730,Rumex thyrsiflorus,ForestWetRich
241731,Rumex thyrsiflorus,ForestWetRich
241732,Rumex thyrsiflorus,ForestWetRich
241733,Rumex thyrsiflorus,ForestWetRich
241734,Rumex thyrsiflorus,ForestWetRich
241735,Rumex thyrsiflorus,ForestWetRich
241736,Rumex thyrsiflorus,ForestWetRich
241737,Rumex thyrsiflorus,ForestWetRich
241738,Rumex thyrsiflorus,ForestWetRich
241739,Rumex thyrsiflorus,ForestWetRich
241740,Rumex thyrsiflorus,ForestWetRich
241741,Rumex thyrsiflorus,ForestWetRich
241742,Rumex thyrsiflorus,ForestWetRich
241743,Rumex thyrsiflorus,ForestWetRich
241744,Rumex thyrsiflorus,ForestWetRich
241745,Rumex thyrsiflorus,ForestWetRich
241746,Rumex thyrsiflorus,ForestWetRich
241747,Rumex thyrsiflorus,ForestWetRich
241748,Rumex thyrsiflorus,ForestWetRich
241749,Rumex thyrsiflorus,ForestWetRich
241750,Rumex thyrsiflorus,ForestWetRich
241751,Rumex thyrsiflorus,ForestWetRich
241752,Rumex thyrsiflorus,ForestWetRich
241753,Rumex thyrsiflorus,ForestWetRich
242319,Rumex thyrsiflorus,ForestWetRich
242320,Rumex thyrsiflorus,ForestWetRich
242321,Rumex thyrsiflorus,ForestWetRich
242322,Rumex thyrsiflorus,ForestWetRich
242323,Rumex thyrsiflorus,ForestWetRich
242324,Rumex thyrsiflorus,ForestWetRich
242325,Rumex thyrsiflorus,ForestWetRich
242326,Rumex thyrsiflorus,ForestWetRich
242327,Rumex thyrsiflorus,ForestWetRich
242328,Rumex thyrsiflorus,ForestWetRich
242329,Rumex thyrsiflorus,ForestWetRich
242330,Rumex thyrsiflorus,ForestWetRich
242331,Rumex thyrsiflorus,ForestWetRich
242332,Rumex thyrsiflorus,ForestWetRich
242333,Rumex thyrsiflorus,ForestWetRich
242334,Rumex thyrsiflorus,ForestWetRich
242335,Rumex thyrsiflorus,ForestWetRich
242336,Rumex thyrsiflorus,ForestWetRich
242337,Rumex thyrsiflorus,ForestWetRich
242338,Rumex thyrsiflorus,ForestWetRich
242339,Rumex thyrsiflorus,ForestWetRich
242340,Rumex thyrsiflorus,ForestWetRich
242341,Rumex thyrsiflorus,ForestWetRich
242342,Rumex thyrsiflorus,ForestWetRich
242343,Rumex thyrsiflorus,ForestWetRich
242344,Rumex thyrsiflorus,ForestWetRich
242345,Rumex thyrsiflorus,ForestWetRich
242346,Rumex thyrsiflorus,ForestWetRich
242347,Rumex thyrsiflorus,ForestWetRich
242348,Rumex thyrsiflorus,ForestWetRich
242349,Rumex thyrsiflorus,ForestWetRich
242350,Rumex thyrsiflorus,ForestWetRich
242351,Rumex thyrsiflorus,ForestWetRich
242352,Rumex thyrsiflorus,ForestWetRich
242920,Rumex thyrsiflorus,ForestWetRich
242921,Rumex thyrsiflorus,ForestWetRich
242922,Rumex thyrsiflorus,ForestWetRich
242923,Rumex thyrsiflorus,ForestWetRich
242924,Rumex thyrsiflorus,ForestWetRich
242925,Rumex thyrsiflorus,ForestWetRich
242926,Rumex thyrsiflorus,ForestWetRich
242927,Rumex thyrsiflorus,ForestWetRich
242928,Rumex thyrsiflorus,ForestWetRich
242929,Rumex thyrsiflorus,ForestWetRich
242930,Rumex thyrsiflorus,ForestWetRich
242931,Rumex thyrsiflorus,ForestWetRich
242932,Rumex thyrsiflorus,ForestWetRich
242933,Rumex thyrsiflorus,ForestWetRich
242934,Rumex thyrsiflorus,ForestWetRich
242935,Rumex thyrsiflorus,ForestWetRich
242936,Rumex thyrsiflorus,ForestWetRich
242937,Rumex thyrsiflorus,ForestWetRich
242938,Rumex thyrsiflorus,ForestWetRich
242939,Rumex thyrsiflorus,ForestWetRich
242940,Rumex thyrsiflorus,ForestWetRich
242941,Rumex thyrsiflorus,ForestWetRich
242942,Rumex thyrsiflorus,ForestWetRich
242943,Rumex thyrsiflorus,ForestWetRich
242944,Rumex thyrsiflorus,ForestWetRich
242945,Rumex thyrsiflorus,ForestWetRich
242946,Rumex thyrsiflorus,ForestWetRich
242947,Rumex thyrsiflorus,ForestWetRich
242948,Rumex thyrsiflorus,ForestWetRich
242949,Rumex thyrsiflorus,ForestWetRich
242950,Rumex thyrsiflorus,ForestWetRich
242951,Rumex thyrsiflorus,ForestWetRich
243521,Rumex thyrsiflorus,ForestWetRich
243522,Rumex thyrsiflorus,ForestWetRich
243523,Rumex thyrsiflorus,ForestWetRich
243524,Rumex thyrsiflorus,ForestWetRich
243525,Rumex thyrsiflorus,ForestWetRich
243526,Rumex thyrsiflorus,ForestWetRich
243527,Rumex thyrsiflorus,ForestWetRich
243528,Rumex thyrsiflorus,ForestWetRich
243529,Rumex thyrsiflorus,ForestWetRich
243530,Rumex thyrsiflorus,ForestWetRich
243531,Rumex thyrsiflorus,ForestWetRich
243532,Rumex thyrsiflorus,ForestWetRich
243533,Rumex thyrsiflorus,ForestWetRich
243534,Rumex thyrsiflorus,ForestWetRich
243535,Rumex thyrsiflorus,ForestWetRich
243536,Rumex thyrsiflorus,ForestWetRich
243537,Rumex thyrsiflorus,ForestWetRich
243538,Rumex thyrsiflorus,ForestWetRich
243539,Rumex thyrsiflorus,ForestWetRich
243540,Rumex thyrsiflorus,ForestWetRich
243541,Rumex thyrsiflorus,ForestWetRich
243542,Rumex thyrsiflorus,ForestWetRich
243543,Rumex thyrsiflorus,ForestWetRich
243544,Rumex thyrsiflorus,ForestWetRich
243545,Rumex thyrsiflorus,ForestWetRich
243546,Rumex thyrsiflorus,ForestWetRich
243547,Rumex thyrsiflorus,ForestWetRich
243548,Rumex thyrsiflorus,ForestWetRich
243549,Rumex thyrsiflorus,ForestWetRich
243550,Rumex thyrsiflorus,ForestWetRich
244121,Rumex thyrsiflorus,ForestWetRich
244122,Rumex thyrsiflorus,ForestWetRich
244123,Rumex thyrsiflorus,ForestWetRich
244124,Rumex thyrsiflorus,ForestWetRich
244125,Rumex thyrsiflorus,ForestWetRich
244126,Rumex thyrsiflorus,ForestWetRich
244127,Rumex thyrsiflorus,ForestWetRich
244128,Rumex thyrsiflorus,ForestWetRich
244129,Rumex thyrsiflorus,ForestWetRich
244130,Rumex thyrsiflorus,ForestWetRich
244131,Rumex thyrsiflorus,ForestWetRich
244132,Rumex thyrsiflorus,ForestWetRich
244133,Rumex thyrsiflorus,ForestWetRich
244134,Rumex thyrsiflorus,ForestWetRich
244135,Rumex thyrsiflorus,ForestWetRich
244136,Rumex thyrsiflorus,ForestWetRich
244137,Rumex thyrsiflorus,ForestWetRich
244138,Rumex thyrsiflorus,ForestWetRich
244139,Rumex thyrsiflorus,ForestWetRich
244140,Rumex thyrsiflorus,ForestWetRich
244141,Rumex thyrsiflorus,ForestWetRich
244142,Rumex thyrsiflorus,ForestWetRich
244143,Rumex thyrsiflorus,ForestWetRich
244144,Rumex thyrsiflorus,ForestWetRich
244145,Rumex thyrsiflorus,ForestWetRich
244146,Rumex thyrsiflorus,ForestWetRich
244147,Rumex thyrsiflorus,ForestWetRich
244148,Rumex thyrsiflorus,ForestWetRich
244149,Rumex thyrsiflorus,ForestWetRich
244722,Rumex thyrsiflorus,ForestWetRich
244723,Rumex thyrsiflorus,ForestWetRich
244724,Rumex thyrsiflorus,ForestWetRich
244725,Rumex thyrsiflorus,ForestWetRich
244726,Rumex thyrsiflorus,ForestWetRich
244727,Rumex thyrsiflorus,ForestWetRich
244728,Rumex thyrsiflorus,ForestWetRich
244729,Rumex thyrsiflorus,ForestWetRich
244730,Rumex thyrsiflorus,ForestWetRich
244731,Rumex thyrsiflorus,ForestWetRich
244732,Rumex thyrsiflorus,ForestWetRich
244733,Rumex thyrsiflorus,ForestWetRich
244734,Rumex thyrsiflorus,ForestWetRich
244735,Rumex thyrsiflorus,ForestWetRich
244736,Rumex thyrsiflorus,ForestWetRich
244737,Rumex thyrsiflorus,ForestWetRich
244738,Rumex thyrsiflorus,ForestWetRich
244739,Rumex thyrsiflorus,ForestWetRich
244740,Rumex thyrsiflorus,ForestWetRich
244741,Rumex thyrsiflorus,ForestWetRich
244742,Rumex thyrsiflorus,ForestWetRich
244743,Rumex thyrsiflorus,ForestWetRich
244744,Rumex thyrsiflorus,ForestWetRich
244745,Rumex thyrsiflorus,ForestWetRich
244746,Rumex thyrsiflorus,ForestWetRich
244747,Rumex thyrsiflorus,ForestWetRich
244748,Rumex thyrsiflorus,ForestWetRich
245324,Rumex thyrsiflorus,ForestWetRich
245325,Rumex thyrsiflorus,ForestWetRich
245326,Rumex thyrsiflorus,ForestWetRich
245327,Rumex thyrsiflorus,ForestWetRich
245328,Rumex thyrsiflorus,ForestWetRich
245329,Rumex thyrsiflorus,ForestWetRich
245330,Rumex thyrsiflorus,ForestWetRich
245331,Rumex thyrsiflorus,ForestWetRich
245332,Rumex thyrsiflorus,ForestWetRich
245333,Rumex thyrsiflorus,ForestWetRich
245334,Rumex thyrsiflorus,ForestWetRich
245335,Rumex thyrsiflorus,ForestWetRich
245336,Rumex thyrsiflorus,ForestWetRich
245337,Rumex thyrsiflorus,ForestWetRich
245338,Rumex thyrsiflorus,ForestWetRich
245339,Rumex thyrsiflorus,ForestWetRich
245340,Rumex thyrsiflorus,ForestWetRich
245341,Rumex thyrsiflorus,ForestWetRich
245342,Rumex thyrsiflorus,ForestWetRich
245343,Rumex thyrsiflorus,ForestWetRich
245344,Rumex thyrsiflorus,ForestWetRich
245345,Rumex thyrsiflorus,ForestWetRich
245346,Rumex thyrsiflorus,ForestWetRich
245347,Rumex thyrsiflorus,ForestWetRich
245925,Rumex thyrsiflorus,ForestWetRich
245926,Rumex thyrsiflorus,ForestWetRich
245927,Rumex thyrsiflorus,ForestWetRich
245928,Rumex thyrsiflorus,ForestWetRich
245929,Rumex thyrsiflorus,ForestWetRich
245930,Rumex thyrsiflorus,ForestWetRich
245931,Rumex thyrsiflorus,ForestWetRich
245932,Rumex thyrsiflorus,ForestWetRich
245933,Rumex thyrsiflorus,ForestWetRich
245934,Rumex thyrsiflorus,ForestWetRich
245935,Rumex thyrsiflorus,ForestWetRich
245936,Rumex thyrsiflorus,ForestWetRich
245937,Rumex thyrsiflorus,ForestWetRich
245938,Rumex thyrsiflorus,ForestWetRich
245939,Rumex thyrsiflorus,ForestWetRich
245940,Rumex thyrsiflorus,ForestWetRich
245941,Rumex thyrsiflorus,ForestWetRich
245942,Rumex thyrsiflorus,ForestWetRich
245943,Rumex thyrsiflorus,ForestWetRich
245944,Rumex thyrsiflorus,ForestWetRich
245945,Rumex thyrsiflorus,ForestWetRich
245946,Rumex thyrsiflorus,ForestWetRich
246527,Rumex thyrsiflorus,ForestWetRich
246528,Rumex thyrsiflorus,ForestWetRich
246529,Rumex thyrsiflorus,ForestWetRich
246530,Rumex thyrsiflorus,ForestWetRich
246531,Rumex thyrsiflorus,ForestWetRich
246532,Rumex thyrsiflorus,ForestWetRich
246533,Rumex thyrsiflorus,ForestWetRich
246534,Rumex thyrsiflorus,ForestWetRich
246535,Rumex thyrsiflorus,ForestWetRich
246536,Rumex thyrsiflorus,ForestWetRich
246537,Rumex thyrsiflorus,ForestWetRich
246538,Rumex thyrsiflorus,ForestWetRich
246539,Rumex thyrsiflorus,ForestWetRich
246540,Rumex thyrsiflorus,ForestWetRich
246541,Rumex thyrsiflorus,ForestWetRich
246542,Rumex thyrsiflorus,ForestWetRich
246543,Rumex thyrsiflorus,ForestWetRich
246544,Rumex thyrsiflorus,ForestWetRich
246545,Rumex thyrsiflorus,ForestWetRich
247130,Rumex thyrsiflorus,ForestWetRich
247131,Rumex thyrsiflorus,ForestWetRich
247132,Rumex thyrsiflorus,ForestWetRich
247133,Rumex thyrsiflorus,ForestWetRich
247134,Rumex thyrsiflorus,ForestWetRich
247135,Rumex thyrsiflorus,ForestWetRich
247136,Rumex thyrsiflorus,ForestWetRich
247137,Rumex thyrsiflorus,ForestWetRich
247138,Rumex thyrsiflorus,ForestWetRich
247139,Rumex thyrsiflorus,ForestWetRich
247140,Rumex thyrsiflorus,ForestWetRich
247141,Rumex thyrsiflorus,ForestWetRich
247142,Rumex thyrsiflorus,ForestWetRich
247143,Rumex thyrsiflorus,ForestWetRich
247144,Rumex thyrsiflorus,ForestWetRich
182434,Rumex thyrsiflorus,ForestWetRich
182435,Rumex thyrsiflorus,ForestWetRich
182436,Rumex thyrsiflorus,ForestWetRich
182437,Rumex thyrsiflorus,ForestWetRich
182438,Rumex thyrsiflorus,ForestWetRich
182439,Rumex thyrsiflorus,ForestWetRich
182440,Rumex thyrsiflorus,ForestWetRich
182441,Rumex thyrsiflorus,ForestWetRich
182442,Rumex thyrsiflorus,ForestWetRich
182443,Rumex thyrsiflorus,ForestWetRich
182444,Rumex thyrsiflorus,ForestWetRich
182445,Rumex thyrsiflorus,ForestWetRich
182446,Rumex thyrsiflorus,ForestWetRich
182447,Rumex thyrsiflorus,ForestWetRich
182448,Rumex thyrsiflorus,ForestWetRich
182449,Rumex thyrsiflorus,ForestWetRich
182450,Rumex thyrsiflorus,ForestWetRich
182451,Rumex thyrsiflorus,ForestWetRich
182452,Rumex thyrsiflorus,ForestWetRich
182453,Rumex thyrsiflorus,ForestWetRich
182454,Rumex thyrsiflorus,ForestWetRich
182455,Rumex thyrsiflorus,ForestWetRich
182456,Rumex thyrsiflorus,ForestWetRich
182457,Rumex thyrsiflorus,ForestWetRich
182458,Rumex thyrsiflorus,ForestWetRich
182459,Rumex thyrsiflorus,ForestWetRich
182460,Rumex thyrsiflorus,ForestWetRich
182461,Rumex thyrsiflorus,ForestWetRich
182462,Rumex thyrsiflorus,ForestWetRich
182463,Rumex thyrsiflorus,ForestWetRich
182464,Rumex thyrsiflorus,ForestWetRich
182465,Rumex thyrsiflorus,ForestWetRich
182466,Rumex thyrsiflorus,ForestWetRich
182467,Rumex thyrsiflorus,ForestWetRich
182468,Rumex thyrsiflorus,ForestWetRich
182469,Rumex thyrsiflorus,ForestWetRich
182470,Rumex thyrsiflorus,ForestWetRich
182471,Rumex thyrsiflorus,ForestWetRich
182472,Rumex thyrsiflorus,ForestWetRich
183031,Rumex thyrsiflorus,ForestWetRich
183032,Rumex thyrsiflorus,ForestWetRich
183033,Rumex thyrsiflorus,ForestWetRich
183034,Rumex thyrsiflorus,ForestWetRich
183035,Rumex thyrsiflorus,ForestWetRich
183036,Rumex thyrsiflorus,ForestWetRich
183037,Rumex thyrsiflorus,ForestWetRich
183038,Rumex thyrsiflorus,ForestWetRich
183039,Rumex thyrsiflorus,ForestWetRich
183040,Rumex thyrsiflorus,ForestWetRich
183041,Rumex thyrsiflorus,ForestWetRich
183042,Rumex thyrsiflorus,ForestWetRich
183043,Rumex thyrsiflorus,ForestWetRich
183044,Rumex thyrsiflorus,ForestWetRich
183045,Rumex thyrsiflorus,ForestWetRich
183046,Rumex thyrsiflorus,ForestWetRich
183047,Rumex thyrsiflorus,ForestWetRich
183048,Rumex thyrsiflorus,ForestWetRich
183049,Rumex thyrsiflorus,ForestWetRich
183050,Rumex thyrsiflorus,ForestWetRich
183051,Rumex thyrsiflorus,ForestWetRich
183052,Rumex thyrsiflorus,ForestWetRich
183053,Rumex thyrsiflorus,ForestWetRich
183054,Rumex thyrsiflorus,ForestWetRich
183055,Rumex thyrsiflorus,ForestWetRich
183056,Rumex thyrsiflorus,ForestWetRich
183057,Rumex thyrsiflorus,ForestWetRich
183058,Rumex thyrsiflorus,ForestWetRich
183059,Rumex thyrsiflorus,ForestWetRich
183060,Rumex thyrsiflorus,ForestWetRich
183061,Rumex thyrsiflorus,ForestWetRich
183062,Rumex thyrsiflorus,ForestWetRich
183063,Rumex thyrsiflorus,ForestWetRich
183064,Rumex thyrsiflorus,ForestWetRich
183065,Rumex thyrsiflorus,ForestWetRich
183066,Rumex thyrsiflorus,ForestWetRich
183067,Rumex thyrsiflorus,ForestWetRich
183068,Rumex thyrsiflorus,ForestWetRich
183069,Rumex thyrsiflorus,ForestWetRich
183070,Rumex thyrsiflorus,ForestWetRich
183071,Rumex thyrsiflorus,ForestWetRich
183630,Rumex thyrsiflorus,ForestWetRich
183631,Rumex thyrsiflorus,ForestWetRich
183632,Rumex thyrsiflorus,ForestWetRich
183633,Rumex thyrsiflorus,ForestWetRich
183634,Rumex thyrsiflorus,ForestWetRich
183635,Rumex thyrsiflorus,ForestWetRich
183636,Rumex thyrsiflorus,ForestWetRich
183637,Rumex thyrsiflorus,ForestWetRich
183638,Rumex thyrsiflorus,ForestWetRich
183639,Rumex thyrsiflorus,ForestWetRich
183640,Rumex thyrsiflorus,ForestWetRich
183641,Rumex thyrsiflorus,ForestWetRich
183642,Rumex thyrsiflorus,ForestWetRich
183643,Rumex thyrsiflorus,ForestWetRich
183644,Rumex thyrsiflorus,ForestWetRich
183645,Rumex thyrsiflorus,ForestWetRich
183646,Rumex thyrsiflorus,ForestWetRich
183647,Rumex thyrsiflorus,ForestWetRich
183648,Rumex thyrsiflorus,ForestWetRich
183649,Rumex thyrsiflorus,ForestWetRich
183650,Rumex thyrsiflorus,ForestWetRich
183651,Rumex thyrsiflorus,ForestWetRich
183652,Rumex thyrsiflorus,ForestWetRich
183653,Rumex thyrsiflorus,ForestWetRich
183654,Rumex thyrsiflorus,ForestWetRich
183655,Rumex thyrsiflorus,ForestWetRich
183656,Rumex thyrsiflorus,ForestWetRich
183657,Rumex thyrsiflorus,ForestWetRich
183658,Rumex thyrsiflorus,ForestWetRich
183659,Rumex thyrsiflorus,ForestWetRich
183660,Rumex thyrsiflorus,ForestWetRich
183661,Rumex thyrsiflorus,ForestWetRich
183662,Rumex thyrsiflorus,ForestWetRich
183663,Rumex thyrsiflorus,ForestWetRich
183664,Rumex thyrsiflorus,ForestWetRich
183665,Rumex thyrsiflorus,ForestWetRich
183666,Rumex thyrsiflorus,ForestWetRich
183667,Rumex thyrsiflorus,ForestWetRich
183668,Rumex thyrsiflorus,ForestWetRich
183669,Rumex thyrsiflorus,ForestWetRich
183670,Rumex thyrsiflorus,ForestWetRich
184228,Rumex thyrsiflorus,ForestWetRich
184229,Rumex thyrsiflorus,ForestWetRich
184230,Rumex thyrsiflorus,ForestWetRich
184231,Rumex thyrsiflorus,ForestWetRich
184232,Rumex thyrsiflorus,ForestWetRich
184233,Rumex thyrsiflorus,ForestWetRich
184234,Rumex thyrsiflorus,ForestWetRich
184235,Rumex thyrsiflorus,ForestWetRich
184236,Rumex thyrsiflorus,ForestWetRich
184237,Rumex thyrsiflorus,ForestWetRich
184238,Rumex thyrsiflorus,ForestWetRich
184239,Rumex thyrsiflorus,ForestWetRich
184240,Rumex thyrsiflorus,ForestWetRich
184241,Rumex thyrsiflorus,ForestWetRich
184242,Rumex thyrsiflorus,ForestWetRich
184243,Rumex thyrsiflorus,ForestWetRich
184244,Rumex thyrsiflorus,ForestWetRich
184245,Rumex thyrsiflorus,ForestWetRich
184246,Rumex thyrsiflorus,ForestWetRich
184247,Rumex thyrsiflorus,ForestWetRich
184248,Rumex thyrsiflorus,ForestWetRich
184249,Rumex thyrsiflorus,ForestWetRich
184250,Rumex thyrsiflorus,ForestWetRich
184251,Rumex thyrsiflorus,ForestWetRich
184252,Rumex thyrsiflorus,ForestWetRich
184253,Rumex thyrsiflorus,ForestWetRich
184254,Rumex thyrsiflorus,ForestWetRich
184255,Rumex thyrsiflorus,ForestWetRich
184256,Rumex thyrsiflorus,ForestWetRich
184257,Rumex thyrsiflorus,ForestWetRich
184258,Rumex thyrsiflorus,ForestWetRich
184259,Rumex thyrsiflorus,ForestWetRich
184260,Rumex thyrsiflorus,ForestWetRich
184261,Rumex thyrsiflorus,ForestWetRich
184262,Rumex thyrsiflorus,ForestWetRich
184263,Rumex thyrsiflorus,ForestWetRich
184264,Rumex thyrsiflorus,ForestWetRich
184265,Rumex thyrsiflorus,ForestWetRich
184266,Rumex thyrsiflorus,ForestWetRich
184267,Rumex thyrsiflorus,ForestWetRich
184268,Rumex thyrsiflorus,ForestWetRich
184269,Rumex thyrsiflorus,ForestWetRich
184826,Rumex thyrsiflorus,ForestWetRich
184827,Rumex thyrsiflorus,ForestWetRich
184828,Rumex thyrsiflorus,ForestWetRich
184829,Rumex thyrsiflorus,ForestWetRich
184830,Rumex thyrsiflorus,ForestWetRich
184831,Rumex thyrsiflorus,ForestWetRich
184832,Rumex thyrsiflorus,ForestWetRich
184833,Rumex thyrsiflorus,ForestWetRich
184834,Rumex thyrsiflorus,ForestWetRich
184835,Rumex thyrsiflorus,ForestWetRich
184836,Rumex thyrsiflorus,ForestWetRich
184837,Rumex thyrsiflorus,ForestWetRich
184838,Rumex thyrsiflorus,ForestWetRich
184839,Rumex thyrsiflorus,ForestWetRich
184840,Rumex thyrsiflorus,ForestWetRich
184841,Rumex thyrsiflorus,ForestWetRich
184842,Rumex thyrsiflorus,ForestWetRich
184843,Rumex thyrsiflorus,ForestWetRich
184844,Rumex thyrsiflorus,ForestWetRich
184845,Rumex thyrsiflorus,ForestWetRich
184846,Rumex thyrsiflorus,ForestWetRich
184847,Rumex thyrsiflorus,ForestWetRich
184848,Rumex thyrsiflorus,ForestWetRich
184849,Rumex thyrsiflorus,ForestWetRich
184850,Rumex thyrsiflorus,ForestWetRich
184851,Rumex thyrsiflorus,ForestWetRich
184852,Rumex thyrsiflorus,ForestWetRich
184853,Rumex thyrsiflorus,ForestWetRich
184854,Rumex thyrsiflorus,ForestWetRich
184855,Rumex thyrsiflorus,ForestWetRich
184856,Rumex thyrsiflorus,ForestWetRich
184857,Rumex thyrsiflorus,ForestWetRich
184858,Rumex thyrsiflorus,ForestWetRich
184859,Rumex thyrsiflorus,ForestWetRich
184860,Rumex thyrsiflorus,ForestWetRich
184861,Rumex thyrsiflorus,ForestWetRich
184862,Rumex thyrsiflorus,ForestWetRich
184863,Rumex thyrsiflorus,ForestWetRich
184864,Rumex thyrsiflorus,ForestWetRich
184865,Rumex thyrsiflorus,ForestWetRich
184866,Rumex thyrsiflorus,ForestWetRich
184867,Rumex thyrsiflorus,ForestWetRich
184868,Rumex thyrsiflorus,ForestWetRich
185424,Rumex thyrsiflorus,ForestWetRich
185425,Rumex thyrsiflorus,ForestWetRich
185426,Rumex thyrsiflorus,ForestWetRich
185427,Rumex thyrsiflorus,ForestWetRich
185428,Rumex thyrsiflorus,ForestWetRich
185429,Rumex thyrsiflorus,ForestWetRich
185430,Rumex thyrsiflorus,ForestWetRich
185431,Rumex thyrsiflorus,ForestWetRich
185432,Rumex thyrsiflorus,ForestWetRich
185433,Rumex thyrsiflorus,ForestWetRich
185434,Rumex thyrsiflorus,ForestWetRich
185435,Rumex thyrsiflorus,ForestWetRich
185436,Rumex thyrsiflorus,ForestWetRich
185437,Rumex thyrsiflorus,ForestWetRich
185438,Rumex thyrsiflorus,ForestWetRich
185439,Rumex thyrsiflorus,ForestWetRich
185440,Rumex thyrsiflorus,ForestWetRich
185441,Rumex thyrsiflorus,ForestWetRich
185442,Rumex thyrsiflorus,ForestWetRich
185443,Rumex thyrsiflorus,ForestWetRich
185444,Rumex thyrsiflorus,ForestWetRich
185445,Rumex thyrsiflorus,ForestWetRich
185446,Rumex thyrsiflorus,ForestWetRich
185447,Rumex thyrsiflorus,ForestWetRich
185448,Rumex thyrsiflorus,ForestWetRich
185449,Rumex thyrsiflorus,ForestWetRich
185450,Rumex thyrsiflorus,ForestWetRich
185451,Rumex thyrsiflorus,ForestWetRich
185452,Rumex thyrsiflorus,ForestWetRich
185453,Rumex thyrsiflorus,ForestWetRich
185454,Rumex thyrsiflorus,ForestWetRich
185455,Rumex thyrsiflorus,ForestWetRich
185456,Rumex thyrsiflorus,ForestWetRich
185457,Rumex thyrsiflorus,ForestWetRich
185458,Rumex thyrsiflorus,ForestWetRich
185459,Rumex thyrsiflorus,ForestWetRich
185460,Rumex thyrsiflorus,ForestWetRich
185461,Rumex thyrsiflorus,ForestWetRich
185462,Rumex thyrsiflorus,ForestWetRich
185463,Rumex thyrsiflorus,ForestWetRich
185464,Rumex thyrsiflorus,ForestWetRich
185465,Rumex thyrsiflorus,ForestWetRich
185466,Rumex thyrsiflorus,ForestWetRich
185467,Rumex thyrsiflorus,ForestWetRich
186022,Rumex thyrsiflorus,ForestWetRich
186023,Rumex thyrsiflorus,ForestWetRich
186024,Rumex thyrsiflorus,ForestWetRich
186025,Rumex thyrsiflorus,ForestWetRich
186026,Rumex thyrsiflorus,ForestWetRich
186027,Rumex thyrsiflorus,ForestWetRich
186028,Rumex thyrsiflorus,ForestWetRich
186029,Rumex thyrsiflorus,ForestWetRich
186030,Rumex thyrsiflorus,ForestWetRich
186031,Rumex thyrsiflorus,ForestWetRich
186032,Rumex thyrsiflorus,ForestWetRich
186033,Rumex thyrsiflorus,ForestWetRich
186034,Rumex thyrsiflorus,ForestWetRich
186035,Rumex thyrsiflorus,ForestWetRich
186036,Rumex thyrsiflorus,ForestWetRich
186037,Rumex thyrsiflorus,ForestWetRich
186038,Rumex thyrsiflorus,ForestWetRich
186039,Rumex thyrsiflorus,ForestWetRich
186040,Rumex thyrsiflorus,ForestWetRich
186041,Rumex thyrsiflorus,ForestWetRich
186042,Rumex thyrsiflorus,ForestWetRich
186043,Rumex thyrsiflorus,ForestWetRich
186044,Rumex thyrsiflorus,ForestWetRich
186045,Rumex thyrsiflorus,ForestWetRich
186046,Rumex thyrsiflorus,ForestWetRich
186047,Rumex thyrsiflorus,ForestWetRich
186048,Rumex thyrsiflorus,ForestWetRich
186049,Rumex thyrsiflorus,ForestWetRich
186050,Rumex thyrsiflorus,ForestWetRich
186051,Rumex thyrsiflorus,ForestWetRich
186052,Rumex thyrsiflorus,ForestWetRich
186053,Rumex thyrsiflorus,ForestWetRich
186054,Rumex thyrsiflorus,ForestWetRich
186055,Rumex thyrsiflorus,ForestWetRich
186056,Rumex thyrsiflorus,ForestWetRich
186057,Rumex thyrsiflorus,ForestWetRich
186058,Rumex thyrsiflorus,ForestWetRich
186059,Rumex thyrsiflorus,ForestWetRich
186060,Rumex thyrsiflorus,ForestWetRich
186061,Rumex thyrsiflorus,ForestWetRich
186062,Rumex thyrsiflorus,ForestWetRich
186063,Rumex thyrsiflorus,ForestWetRich
186064,Rumex thyrsiflorus,ForestWetRich
186065,Rumex thyrsiflorus,ForestWetRich
186066,Rumex thyrsiflorus,ForestWetRich
186620,Rumex thyrsiflorus,ForestWetRich
186621,Rumex thyrsiflorus,ForestWetRich
186622,Rumex thyrsiflorus,ForestWetRich
186623,Rumex thyrsiflorus,ForestWetRich
186624,Rumex thyrsiflorus,ForestWetRich
186625,Rumex thyrsiflorus,ForestWetRich
186626,Rumex thyrsiflorus,ForestWetRich
186627,Rumex thyrsiflorus,ForestWetRich
186628,Rumex thyrsiflorus,ForestWetRich
186629,Rumex thyrsiflorus,ForestWetRich
186630,Rumex thyrsiflorus,ForestWetRich
186631,Rumex thyrsiflorus,ForestWetRich
186632,Rumex thyrsiflorus,ForestWetRich
186633,Rumex thyrsiflorus,ForestWetRich
186634,Rumex thyrsiflorus,ForestWetRich
186635,Rumex thyrsiflorus,ForestWetRich
186636,Rumex thyrsiflorus,ForestWetRich
186637,Rumex thyrsiflorus,ForestWetRich
186638,Rumex thyrsiflorus,ForestWetRich
186639,Rumex thyrsiflorus,ForestWetRich
186640,Rumex thyrsiflorus,ForestWetRich
186641,Rumex thyrsiflorus,ForestWetRich
186642,Rumex thyrsiflorus,ForestWetRich
186643,Rumex thyrsiflorus,ForestWetRich
186644,Rumex thyrsiflorus,ForestWetRich
186645,Rumex thyrsiflorus,ForestWetRich
186646,Rumex thyrsiflorus,ForestWetRich
186647,Rumex thyrsiflorus,ForestWetRich
186648,Rumex thyrsiflorus,ForestWetRich
186649,Rumex thyrsiflorus,ForestWetRich
186650,Rumex thyrsiflorus,ForestWetRich
186651,Rumex thyrsiflorus,ForestWetRich
186652,Rumex thyrsiflorus,ForestWetRich
186653,Rumex thyrsiflorus,ForestWetRich
186654,Rumex thyrsiflorus,ForestWetRich
186655,Rumex thyrsiflorus,ForestWetRich
186656,Rumex thyrsiflorus,ForestWetRich
186657,Rumex thyrsiflorus,ForestWetRich
186658,Rumex thyrsiflorus,ForestWetRich
186659,Rumex thyrsiflorus,ForestWetRich
186660,Rumex thyrsiflorus,ForestWetRich
186661,Rumex thyrsiflorus,ForestWetRich
186662,Rumex thyrsiflorus,ForestWetRich
186663,Rumex thyrsiflorus,ForestWetRich
186664,Rumex thyrsiflorus,ForestWetRich
186665,Rumex thyrsiflorus,ForestWetRich
187219,Rumex thyrsiflorus,ForestWetRich
187220,Rumex thyrsiflorus,ForestWetRich
187221,Rumex thyrsiflorus,ForestWetRich
187222,Rumex thyrsiflorus,ForestWetRich
187223,Rumex thyrsiflorus,ForestWetRich
187224,Rumex thyrsiflorus,ForestWetRich
187225,Rumex thyrsiflorus,ForestWetRich
187226,Rumex thyrsiflorus,ForestWetRich
187227,Rumex thyrsiflorus,ForestWetRich
187228,Rumex thyrsiflorus,ForestWetRich
187229,Rumex thyrsiflorus,ForestWetRich
187230,Rumex thyrsiflorus,ForestWetRich
187231,Rumex thyrsiflorus,ForestWetRich
187232,Rumex thyrsiflorus,ForestWetRich
187233,Rumex thyrsiflorus,ForestWetRich
187234,Rumex thyrsiflorus,ForestWetRich
187235,Rumex thyrsiflorus,ForestWetRich
187236,Rumex thyrsiflorus,ForestWetRich
187237,Rumex thyrsiflorus,ForestWetRich
187238,Rumex thyrsiflorus,ForestWetRich
187239,Rumex thyrsiflorus,ForestWetRich
187240,Rumex thyrsiflorus,ForestWetRich
187241,Rumex thyrsiflorus,ForestWetRich
187242,Rumex thyrsiflorus,ForestWetRich
187243,Rumex thyrsiflorus,ForestWetRich
187244,Rumex thyrsiflorus,ForestWetRich
187245,Rumex thyrsiflorus,ForestWetRich
187246,Rumex thyrsiflorus,ForestWetRich
187247,Rumex thyrsiflorus,ForestWetRich
187248,Rumex thyrsiflorus,ForestWetRich
187249,Rumex thyrsiflorus,ForestWetRich
187250,Rumex thyrsiflorus,ForestWetRich
187251,Rumex thyrsiflorus,ForestWetRich
187252,Rumex thyrsiflorus,ForestWetRich
187253,Rumex thyrsiflorus,ForestWetRich
187254,Rumex thyrsiflorus,ForestWetRich
187255,Rumex thyrsiflorus,ForestWetRich
187256,Rumex thyrsiflorus,ForestWetRich
187257,Rumex thyrsiflorus,ForestWetRich
187258,Rumex thyrsiflorus,ForestWetRich
187259,Rumex thyrsiflorus,ForestWetRich
187260,Rumex thyrsiflorus,ForestWetRich
187261,Rumex thyrsiflorus,ForestWetRich
187262,Rumex thyrsiflorus,ForestWetRich
187263,Rumex thyrsiflorus,ForestWetRich
187264,Rumex thyrsiflorus,ForestWetRich
187817,Rumex thyrsiflorus,ForestWetRich
187818,Rumex thyrsiflorus,ForestWetRich
187819,Rumex thyrsiflorus,ForestWetRich
187820,Rumex thyrsiflorus,ForestWetRich
187821,Rumex thyrsiflorus,ForestWetRich
187822,Rumex thyrsiflorus,ForestWetRich
187823,Rumex thyrsiflorus,ForestWetRich
187824,Rumex thyrsiflorus,ForestWetRich
187825,Rumex thyrsiflorus,ForestWetRich
187826,Rumex thyrsiflorus,ForestWetRich
187827,Rumex thyrsiflorus,ForestWetRich
187828,Rumex thyrsiflorus,ForestWetRich
187829,Rumex thyrsiflorus,ForestWetRich
187830,Rumex thyrsiflorus,ForestWetRich
187831,Rumex thyrsiflorus,ForestWetRich
187832,Rumex thyrsiflorus,ForestWetRich
187833,Rumex thyrsiflorus,ForestWetRich
187834,Rumex thyrsiflorus,ForestWetRich
187835,Rumex thyrsiflorus,ForestWetRich
187836,Rumex thyrsiflorus,ForestWetRich
187837,Rumex thyrsiflorus,ForestWetRich
187838,Rumex thyrsiflorus,ForestWetRich
187839,Rumex thyrsiflorus,ForestWetRich
187840,Rumex thyrsiflorus,ForestWetRich
187841,Rumex thyrsiflorus,ForestWetRich
187842,Rumex thyrsiflorus,ForestWetRich
187843,Rumex thyrsiflorus,ForestWetRich
187844,Rumex thyrsiflorus,ForestWetRich
187845,Rumex thyrsiflorus,ForestWetRich
187846,Rumex thyrsiflorus,ForestWetRich
187847,Rumex thyrsiflorus,ForestWetRich
187848,Rumex thyrsiflorus,ForestWetRich
187849,Rumex thyrsiflorus,ForestWetRich
187850,Rumex thyrsiflorus,ForestWetRich
187851,Rumex thyrsiflorus,ForestWetRich
187852,Rumex thyrsiflorus,ForestWetRich
187853,Rumex thyrsiflorus,ForestWetRich
187854,Rumex thyrsiflorus,ForestWetRich
187855,Rumex thyrsiflorus,ForestWetRich
187856,Rumex thyrsiflorus,ForestWetRich
187857,Rumex thyrsiflorus,ForestWetRich
187858,Rumex thyrsiflorus,ForestWetRich
187859,Rumex thyrsiflorus,ForestWetRich
187860,Rumex thyrsiflorus,ForestWetRich
187861,Rumex thyrsiflorus,ForestWetRich
187862,Rumex thyrsiflorus,ForestWetRich
187863,Rumex thyrsiflorus,ForestWetRich
188415,Rumex thyrsiflorus,ForestWetRich
188416,Rumex thyrsiflorus,ForestWetRich
188417,Rumex thyrsiflorus,ForestWetRich
188418,Rumex thyrsiflorus,ForestWetRich
188419,Rumex thyrsiflorus,ForestWetRich
188420,Rumex thyrsiflorus,ForestWetRich
188421,Rumex thyrsiflorus,ForestWetRich
188422,Rumex thyrsiflorus,ForestWetRich
188423,Rumex thyrsiflorus,ForestWetRich
188424,Rumex thyrsiflorus,ForestWetRich
188425,Rumex thyrsiflorus,ForestWetRich
188426,Rumex thyrsiflorus,ForestWetRich
188427,Rumex thyrsiflorus,ForestWetRich
188428,Rumex thyrsiflorus,ForestWetRich
188429,Rumex thyrsiflorus,ForestWetRich
188430,Rumex thyrsiflorus,ForestWetRich
188431,Rumex thyrsiflorus,ForestWetRich
188432,Rumex thyrsiflorus,ForestWetRich
188433,Rumex thyrsiflorus,ForestWetRich
188434,Rumex thyrsiflorus,ForestWetRich
188435,Rumex thyrsiflorus,ForestWetRich
188436,Rumex thyrsiflorus,ForestWetRich
188437,Rumex thyrsiflorus,ForestWetRich
188438,Rumex thyrsiflorus,ForestWetRich
188439,Rumex thyrsiflorus,ForestWetRich
188440,Rumex thyrsiflorus,ForestWetRich
188441,Rumex thyrsiflorus,ForestWetRich
188442,Rumex thyrsiflorus,ForestWetRich
188443,Rumex thyrsiflorus,ForestWetRich
188444,Rumex thyrsiflorus,ForestWetRich
188445,Rumex thyrsiflorus,ForestWetRich
188446,Rumex thyrsiflorus,ForestWetRich
188447,Rumex thyrsiflorus,ForestWetRich
188448,Rumex thyrsiflorus,ForestWetRich
188449,Rumex thyrsiflorus,ForestWetRich
188450,Rumex thyrsiflorus,ForestWetRich
188451,Rumex thyrsiflorus,ForestWetRich
188452,Rumex thyrsiflorus,ForestWetRich
188453,Rumex thyrsiflorus,ForestWetRich
188454,Rumex thyrsiflorus,ForestWetRich
188455,Rumex thyrsiflorus,ForestWetRich
188456,Rumex thyrsiflorus,ForestWetRich
188457,Rumex thyrsiflorus,ForestWetRich
188458,Rumex thyrsiflorus,ForestWetRich
188459,Rumex thyrsiflorus,ForestWetRich
188460,Rumex thyrsiflorus,ForestWetRich
188461,Rumex thyrsiflorus,ForestWetRich
188462,Rumex thyrsiflorus,ForestWetRich
189014,Rumex thyrsiflorus,ForestWetRich
189015,Rumex thyrsiflorus,ForestWetRich
189016,Rumex thyrsiflorus,ForestWetRich
189017,Rumex thyrsiflorus,ForestWetRich
189018,Rumex thyrsiflorus,ForestWetRich
189019,Rumex thyrsiflorus,ForestWetRich
189020,Rumex thyrsiflorus,ForestWetRich
189021,Rumex thyrsiflorus,ForestWetRich
189022,Rumex thyrsiflorus,ForestWetRich
189023,Rumex thyrsiflorus,ForestWetRich
189024,Rumex thyrsiflorus,ForestWetRich
189025,Rumex thyrsiflorus,ForestWetRich
189026,Rumex thyrsiflorus,ForestWetRich
189027,Rumex thyrsiflorus,ForestWetRich
189028,Rumex thyrsiflorus,ForestWetRich
189029,Rumex thyrsiflorus,ForestWetRich
189030,Rumex thyrsiflorus,ForestWetRich
189031,Rumex thyrsiflorus,ForestWetRich
189032,Rumex thyrsiflorus,ForestWetRich
189033,Rumex thyrsiflorus,ForestWetRich
189034,Rumex thyrsiflorus,ForestWetRich
189035,Rumex thyrsiflorus,ForestWetRich
189036,Rumex thyrsiflorus,ForestWetRich
189037,Rumex thyrsiflorus,ForestWetRich
189038,Rumex thyrsiflorus,ForestWetRich
189039,Rumex thyrsiflorus,ForestWetRich
189040,Rumex thyrsiflorus,ForestWetRich
189041,Rumex thyrsiflorus,ForestWetRich
189042,Rumex thyrsiflorus,ForestWetRich
189043,Rumex thyrsiflorus,ForestWetRich
189044,Rumex thyrsiflorus,ForestWetRich
189045,Rumex thyrsiflorus,ForestWetRich
189046,Rumex thyrsiflorus,ForestWetRich
189047,Rumex thyrsiflorus,ForestWetRich
189048,Rumex thyrsiflorus,ForestWetRich
189049,Rumex thyrsiflorus,ForestWetRich
189050,Rumex thyrsiflorus,ForestWetRich
189051,Rumex thyrsiflorus,ForestWetRich
189052,Rumex thyrsiflorus,ForestWetRich
189053,Rumex thyrsiflorus,ForestWetRich
189054,Rumex thyrsiflorus,ForestWetRich
189055,Rumex thyrsiflorus,ForestWetRich
189056,Rumex thyrsiflorus,ForestWetRich
189057,Rumex thyrsiflorus,ForestWetRich
189058,Rumex thyrsiflorus,ForestWetRich
189059,Rumex thyrsiflorus,ForestWetRich
189060,Rumex thyrsiflorus,ForestWetRich
189061,Rumex thyrsiflorus,ForestWetRich
189612,Rumex thyrsiflorus,ForestWetRich
189613,Rumex thyrsiflorus,ForestWetRich
189614,Rumex thyrsiflorus,ForestWetRich
189615,Rumex thyrsiflorus,ForestWetRich
189616,Rumex thyrsiflorus,ForestWetRich
189617,Rumex thyrsiflorus,ForestWetRich
189618,Rumex thyrsiflorus,ForestWetRich
189619,Rumex thyrsiflorus,ForestWetRich
189620,Rumex thyrsiflorus,ForestWetRich
189621,Rumex thyrsiflorus,ForestWetRich
189622,Rumex thyrsiflorus,ForestWetRich
189623,Rumex thyrsiflorus,ForestWetRich
189624,Rumex thyrsiflorus,ForestWetRich
189625,Rumex thyrsiflorus,ForestWetRich
189626,Rumex thyrsiflorus,ForestWetRich
189627,Rumex thyrsiflorus,ForestWetRich
189628,Rumex thyrsiflorus,ForestWetRich
189629,Rumex thyrsiflorus,ForestWetRich
189630,Rumex thyrsiflorus,ForestWetRich
189631,Rumex thyrsiflorus,ForestWetRich
189632,Rumex thyrsiflorus,ForestWetRich
189633,Rumex thyrsiflorus,ForestWetRich
189634,Rumex thyrsiflorus,ForestWetRich
189635,Rumex thyrsiflorus,ForestWetRich
189636,Rumex thyrsiflorus,ForestWetRich
189637,Rumex thyrsiflorus,ForestWetRich
189638,Rumex thyrsiflorus,ForestWetRich
189639,Rumex thyrsiflorus,ForestWetRich
189640,Rumex thyrsiflorus,ForestWetRich
189641,Rumex thyrsiflorus,ForestWetRich
189642,Rumex thyrsiflorus,ForestWetRich
189643,Rumex thyrsiflorus,ForestWetRich
189644,Rumex thyrsiflorus,ForestWetRich
189645,Rumex thyrsiflorus,ForestWetRich
189646,Rumex thyrsiflorus,ForestWetRich
189647,Rumex thyrsiflorus,ForestWetRich
189648,Rumex thyrsiflorus,ForestWetRich
189649,Rumex thyrsiflorus,ForestWetRich
189650,Rumex thyrsiflorus,ForestWetRich
189651,Rumex thyrsiflorus,ForestWetRich
189652,Rumex thyrsiflorus,ForestWetRich
189653,Rumex thyrsiflorus,ForestWetRich
189654,Rumex thyrsiflorus,ForestWetRich
189655,Rumex thyrsiflorus,ForestWetRich
189656,Rumex thyrsiflorus,ForestWetRich
189657,Rumex thyrsiflorus,ForestWetRich
189658,Rumex thyrsiflorus,ForestWetRich
189659,Rumex thyrsiflorus,ForestWetRich
189660,Rumex thyrsiflorus,ForestWetRich
190211,Rumex thyrsiflorus,ForestWetRich
190212,Rumex thyrsiflorus,ForestWetRich
190213,Rumex thyrsiflorus,ForestWetRich
190214,Rumex thyrsiflorus,ForestWetRich
190215,Rumex thyrsiflorus,ForestWetRich
190216,Rumex thyrsiflorus,ForestWetRich
190217,Rumex thyrsiflorus,ForestWetRich
190218,Rumex thyrsiflorus,ForestWetRich
190219,Rumex thyrsiflorus,ForestWetRich
190220,Rumex thyrsiflorus,ForestWetRich
190221,Rumex thyrsiflorus,ForestWetRich
190222,Rumex thyrsiflorus,ForestWetRich
190223,Rumex thyrsiflorus,ForestWetRich
190224,Rumex thyrsiflorus,ForestWetRich
190225,Rumex thyrsiflorus,ForestWetRich
190226,Rumex thyrsiflorus,ForestWetRich
190227,Rumex thyrsiflorus,ForestWetRich
190228,Rumex thyrsiflorus,ForestWetRich
190229,Rumex thyrsiflorus,ForestWetRich
190230,Rumex thyrsiflorus,ForestWetRich
190231,Rumex thyrsiflorus,ForestWetRich
190232,Rumex thyrsiflorus,ForestWetRich
190233,Rumex thyrsiflorus,ForestWetRich
190234,Rumex thyrsiflorus,ForestWetRich
190235,Rumex thyrsiflorus,ForestWetRich
190236,Rumex thyrsiflorus,ForestWetRich
190237,Rumex thyrsiflorus,ForestWetRich
190238,Rumex thyrsiflorus,ForestWetRich
190239,Rumex thyrsiflorus,ForestWetRich
190240,Rumex thyrsiflorus,ForestWetRich
190241,Rumex thyrsiflorus,ForestWetRich
190242,Rumex thyrsiflorus,ForestWetRich
190243,Rumex thyrsiflorus,ForestWetRich
190244,Rumex thyrsiflorus,ForestWetRich
190245,Rumex thyrsiflorus,ForestWetRich
190246,Rumex thyrsiflorus,ForestWetRich
190247,Rumex thyrsiflorus,ForestWetRich
190248,Rumex thyrsiflorus,ForestWetRich
190249,Rumex thyrsiflorus,ForestWetRich
190250,Rumex thyrsiflorus,ForestWetRich
190251,Rumex thyrsiflorus,ForestWetRich
190252,Rumex thyrsiflorus,ForestWetRich
190253,Rumex thyrsiflorus,ForestWetRich
190254,Rumex thyrsiflorus,ForestWetRich
190255,Rumex thyrsiflorus,ForestWetRich
190256,Rumex thyrsiflorus,ForestWetRich
190257,Rumex thyrsiflorus,ForestWetRich
190258,Rumex thyrsiflorus,ForestWetRich
190259,Rumex thyrsiflorus,ForestWetRich
190809,Rumex thyrsiflorus,ForestWetRich
190810,Rumex thyrsiflorus,ForestWetRich
190811,Rumex thyrsiflorus,ForestWetRich
190812,Rumex thyrsiflorus,ForestWetRich
190813,Rumex thyrsiflorus,ForestWetRich
190814,Rumex thyrsiflorus,ForestWetRich
190815,Rumex thyrsiflorus,ForestWetRich
190816,Rumex thyrsiflorus,ForestWetRich
190817,Rumex thyrsiflorus,ForestWetRich
190818,Rumex thyrsiflorus,ForestWetRich
190819,Rumex thyrsiflorus,ForestWetRich
190820,Rumex thyrsiflorus,ForestWetRich
190821,Rumex thyrsiflorus,ForestWetRich
190822,Rumex thyrsiflorus,ForestWetRich
190823,Rumex thyrsiflorus,ForestWetRich
190824,Rumex thyrsiflorus,ForestWetRich
190825,Rumex thyrsiflorus,ForestWetRich
190826,Rumex thyrsiflorus,ForestWetRich
190827,Rumex thyrsiflorus,ForestWetRich
190828,Rumex thyrsiflorus,ForestWetRich
190829,Rumex thyrsiflorus,ForestWetRich
190830,Rumex thyrsiflorus,ForestWetRich
190831,Rumex thyrsiflorus,ForestWetRich
190832,Rumex thyrsiflorus,ForestWetRich
190833,Rumex thyrsiflorus,ForestWetRich
190834,Rumex thyrsiflorus,ForestWetRich
190835,Rumex thyrsiflorus,ForestWetRich
190836,Rumex thyrsiflorus,ForestWetRich
190837,Rumex thyrsiflorus,ForestWetRich
190838,Rumex thyrsiflorus,ForestWetRich
190839,Rumex thyrsiflorus,ForestWetRich
190840,Rumex thyrsiflorus,ForestWetRich
190841,Rumex thyrsiflorus,ForestWetRich
190842,Rumex thyrsiflorus,ForestWetRich
190843,Rumex thyrsiflorus,ForestWetRich
190844,Rumex thyrsiflorus,ForestWetRich
190845,Rumex thyrsiflorus,ForestWetRich
190846,Rumex thyrsiflorus,ForestWetRich
190847,Rumex thyrsiflorus,ForestWetRich
190848,Rumex thyrsiflorus,ForestWetRich
190849,Rumex thyrsiflorus,ForestWetRich
190850,Rumex thyrsiflorus,ForestWetRich
190851,Rumex thyrsiflorus,ForestWetRich
190852,Rumex thyrsiflorus,ForestWetRich
190853,Rumex thyrsiflorus,ForestWetRich
190854,Rumex thyrsiflorus,ForestWetRich
190855,Rumex thyrsiflorus,ForestWetRich
190856,Rumex thyrsiflorus,ForestWetRich
190857,Rumex thyrsiflorus,ForestWetRich
190858,Rumex thyrsiflorus,ForestWetRich
191408,Rumex thyrsiflorus,ForestWetRich
191409,Rumex thyrsiflorus,ForestWetRich
191410,Rumex thyrsiflorus,ForestWetRich
191411,Rumex thyrsiflorus,ForestWetRich
191412,Rumex thyrsiflorus,ForestWetRich
191413,Rumex thyrsiflorus,ForestWetRich
191414,Rumex thyrsiflorus,ForestWetRich
191415,Rumex thyrsiflorus,ForestWetRich
191416,Rumex thyrsiflorus,ForestWetRich
191417,Rumex thyrsiflorus,ForestWetRich
191418,Rumex thyrsiflorus,ForestWetRich
191419,Rumex thyrsiflorus,ForestWetRich
191420,Rumex thyrsiflorus,ForestWetRich
191421,Rumex thyrsiflorus,ForestWetRich
191422,Rumex thyrsiflorus,ForestWetRich
191423,Rumex thyrsiflorus,ForestWetRich
191424,Rumex thyrsiflorus,ForestWetRich
191425,Rumex thyrsiflorus,ForestWetRich
191426,Rumex thyrsiflorus,ForestWetRich
191427,Rumex thyrsiflorus,ForestWetRich
191428,Rumex thyrsiflorus,ForestWetRich
191429,Rumex thyrsiflorus,ForestWetRich
191430,Rumex thyrsiflorus,ForestWetRich
191431,Rumex thyrsiflorus,ForestWetRich
191432,Rumex thyrsiflorus,ForestWetRich
191433,Rumex thyrsiflorus,ForestWetRich
191434,Rumex thyrsiflorus,ForestWetRich
191435,Rumex thyrsiflorus,ForestWetRich
191436,Rumex thyrsiflorus,ForestWetRich
191437,Rumex thyrsiflorus,ForestWetRich
191438,Rumex thyrsiflorus,ForestWetRich
191439,Rumex thyrsiflorus,ForestWetRich
191440,Rumex thyrsiflorus,ForestWetRich
191441,Rumex thyrsiflorus,ForestWetRich
191442,Rumex thyrsiflorus,ForestWetRich
191443,Rumex thyrsiflorus,ForestWetRich
191444,Rumex thyrsiflorus,ForestWetRich
191445,Rumex thyrsiflorus,ForestWetRich
191446,Rumex thyrsiflorus,ForestWetRich
191447,Rumex thyrsiflorus,ForestWetRich
191448,Rumex thyrsiflorus,ForestWetRich
191449,Rumex thyrsiflorus,ForestWetRich
191450,Rumex thyrsiflorus,ForestWetRich
191451,Rumex thyrsiflorus,ForestWetRich
191452,Rumex thyrsiflorus,ForestWetRich
191453,Rumex thyrsiflorus,ForestWetRich
191454,Rumex thyrsiflorus,ForestWetRich
191455,Rumex thyrsiflorus,ForestWetRich
191456,Rumex thyrsiflorus,ForestWetRich
191457,Rumex thyrsiflorus,ForestWetRich
192006,Rumex thyrsiflorus,ForestWetRich
192007,Rumex thyrsiflorus,ForestWetRich
192008,Rumex thyrsiflorus,ForestWetRich
192009,Rumex thyrsiflorus,ForestWetRich
192010,Rumex thyrsiflorus,ForestWetRich
192011,Rumex thyrsiflorus,ForestWetRich
192012,Rumex thyrsiflorus,ForestWetRich
192013,Rumex thyrsiflorus,ForestWetRich
192014,Rumex thyrsiflorus,ForestWetRich
192015,Rumex thyrsiflorus,ForestWetRich
192016,Rumex thyrsiflorus,ForestWetRich
192017,Rumex thyrsiflorus,ForestWetRich
192018,Rumex thyrsiflorus,ForestWetRich
192019,Rumex thyrsiflorus,ForestWetRich
192020,Rumex thyrsiflorus,ForestWetRich
192021,Rumex thyrsiflorus,ForestWetRich
192022,Rumex thyrsiflorus,ForestWetRich
192023,Rumex thyrsiflorus,ForestWetRich
192024,Rumex thyrsiflorus,ForestWetRich
192025,Rumex thyrsiflorus,ForestWetRich
192026,Rumex thyrsiflorus,ForestWetRich
192027,Rumex thyrsiflorus,ForestWetRich
192028,Rumex thyrsiflorus,ForestWetRich
192029,Rumex thyrsiflorus,ForestWetRich
192030,Rumex thyrsiflorus,ForestWetRich
192031,Rumex thyrsiflorus,ForestWetRich
192032,Rumex thyrsiflorus,ForestWetRich
192033,Rumex thyrsiflorus,ForestWetRich
192034,Rumex thyrsiflorus,ForestWetRich
192035,Rumex thyrsiflorus,ForestWetRich
192036,Rumex thyrsiflorus,ForestWetRich
192037,Rumex thyrsiflorus,ForestWetRich
192038,Rumex thyrsiflorus,ForestWetRich
192039,Rumex thyrsiflorus,ForestWetRich
192040,Rumex thyrsiflorus,ForestWetRich
192041,Rumex thyrsiflorus,ForestWetRich
192042,Rumex thyrsiflorus,ForestWetRich
192043,Rumex thyrsiflorus,ForestWetRich
192044,Rumex thyrsiflorus,ForestWetRich
192045,Rumex thyrsiflorus,ForestWetRich
192046,Rumex thyrsiflorus,ForestWetRich
192047,Rumex thyrsiflorus,ForestWetRich
192048,Rumex thyrsiflorus,ForestWetRich
192049,Rumex thyrsiflorus,ForestWetRich
192050,Rumex thyrsiflorus,ForestWetRich
192051,Rumex thyrsiflorus,ForestWetRich
192052,Rumex thyrsiflorus,ForestWetRich
192053,Rumex thyrsiflorus,ForestWetRich
192054,Rumex thyrsiflorus,ForestWetRich
192055,Rumex thyrsiflorus,ForestWetRich
192056,Rumex thyrsiflorus,ForestWetRich
192605,Rumex thyrsiflorus,ForestWetRich
192606,Rumex thyrsiflorus,ForestWetRich
192607,Rumex thyrsiflorus,ForestWetRich
192608,Rumex thyrsiflorus,ForestWetRich
192609,Rumex thyrsiflorus,ForestWetRich
192610,Rumex thyrsiflorus,ForestWetRich
192611,Rumex thyrsiflorus,ForestWetRich
192612,Rumex thyrsiflorus,ForestWetRich
192613,Rumex thyrsiflorus,ForestWetRich
192614,Rumex thyrsiflorus,ForestWetRich
192615,Rumex thyrsiflorus,ForestWetRich
192616,Rumex thyrsiflorus,ForestWetRich
192617,Rumex thyrsiflorus,ForestWetRich
192618,Rumex thyrsiflorus,ForestWetRich
192619,Rumex thyrsiflorus,ForestWetRich
192620,Rumex thyrsiflorus,ForestWetRich
192621,Rumex thyrsiflorus,ForestWetRich
192622,Rumex thyrsiflorus,ForestWetRich
192623,Rumex thyrsiflorus,ForestWetRich
192624,Rumex thyrsiflorus,ForestWetRich
192625,Rumex thyrsiflorus,ForestWetRich
192626,Rumex thyrsiflorus,ForestWetRich
192627,Rumex thyrsiflorus,ForestWetRich
192628,Rumex thyrsiflorus,ForestWetRich
192629,Rumex thyrsiflorus,ForestWetRich
192630,Rumex thyrsiflorus,ForestWetRich
192631,Rumex thyrsiflorus,ForestWetRich
192632,Rumex thyrsiflorus,ForestWetRich
192633,Rumex thyrsiflorus,ForestWetRich
192634,Rumex thyrsiflorus,ForestWetRich
192635,Rumex thyrsiflorus,ForestWetRich
192636,Rumex thyrsiflorus,ForestWetRich
192637,Rumex thyrsiflorus,ForestWetRich
192638,Rumex thyrsiflorus,ForestWetRich
192639,Rumex thyrsiflorus,ForestWetRich
192640,Rumex thyrsiflorus,ForestWetRich
192641,Rumex thyrsiflorus,ForestWetRich
192642,Rumex thyrsiflorus,ForestWetRich
192643,Rumex thyrsiflorus,ForestWetRich
192644,Rumex thyrsiflorus,ForestWetRich
192645,Rumex thyrsiflorus,ForestWetRich
192646,Rumex thyrsiflorus,ForestWetRich
192647,Rumex thyrsiflorus,ForestWetRich
192648,Rumex thyrsiflorus,ForestWetRich
192649,Rumex thyrsiflorus,ForestWetRich
192650,Rumex thyrsiflorus,ForestWetRich
192651,Rumex thyrsiflorus,ForestWetRich
192652,Rumex thyrsiflorus,ForestWetRich
192653,Rumex thyrsiflorus,ForestWetRich
192654,Rumex thyrsiflorus,ForestWetRich
192655,Rumex thyrsiflorus,ForestWetRich
193203,Rumex thyrsiflorus,ForestWetRich
193204,Rumex thyrsiflorus,ForestWetRich
193205,Rumex thyrsiflorus,ForestWetRich
193206,Rumex thyrsiflorus,ForestWetRich
193207,Rumex thyrsiflorus,ForestWetRich
193208,Rumex thyrsiflorus,ForestWetRich
193209,Rumex thyrsiflorus,ForestWetRich
193210,Rumex thyrsiflorus,ForestWetRich
193211,Rumex thyrsiflorus,ForestWetRich
193212,Rumex thyrsiflorus,ForestWetRich
193213,Rumex thyrsiflorus,ForestWetRich
193214,Rumex thyrsiflorus,ForestWetRich
193215,Rumex thyrsiflorus,ForestWetRich
193216,Rumex thyrsiflorus,ForestWetRich
193217,Rumex thyrsiflorus,ForestWetRich
193218,Rumex thyrsiflorus,ForestWetRich
193219,Rumex thyrsiflorus,ForestWetRich
193220,Rumex thyrsiflorus,ForestWetRich
193221,Rumex thyrsiflorus,ForestWetRich
193222,Rumex thyrsiflorus,ForestWetRich
193223,Rumex thyrsiflorus,ForestWetRich
193224,Rumex thyrsiflorus,ForestWetRich
193225,Rumex thyrsiflorus,ForestWetRich
193226,Rumex thyrsiflorus,ForestWetRich
193227,Rumex thyrsiflorus,ForestWetRich
193228,Rumex thyrsiflorus,ForestWetRich
193229,Rumex thyrsiflorus,ForestWetRich
193230,Rumex thyrsiflorus,ForestWetRich
193231,Rumex thyrsiflorus,ForestWetRich
193232,Rumex thyrsiflorus,ForestWetRich
193233,Rumex thyrsiflorus,ForestWetRich
193234,Rumex thyrsiflorus,ForestWetRich
193235,Rumex thyrsiflorus,ForestWetRich
193236,Rumex thyrsiflorus,ForestWetRich
193237,Rumex thyrsiflorus,ForestWetRich
193238,Rumex thyrsiflorus,ForestWetRich
193239,Rumex thyrsiflorus,ForestWetRich
193240,Rumex thyrsiflorus,ForestWetRich
193241,Rumex thyrsiflorus,ForestWetRich
193242,Rumex thyrsiflorus,ForestWetRich
193243,Rumex thyrsiflorus,ForestWetRich
193244,Rumex thyrsiflorus,ForestWetRich
193245,Rumex thyrsiflorus,ForestWetRich
193246,Rumex thyrsiflorus,ForestWetRich
193247,Rumex thyrsiflorus,ForestWetRich
193248,Rumex thyrsiflorus,ForestWetRich
193249,Rumex thyrsiflorus,ForestWetRich
193250,Rumex thyrsiflorus,ForestWetRich
193251,Rumex thyrsiflorus,ForestWetRich
193252,Rumex thyrsiflorus,ForestWetRich
193253,Rumex thyrsiflorus,ForestWetRich
193254,Rumex thyrsiflorus,ForestWetRich
193802,Rumex thyrsiflorus,ForestWetRich
193803,Rumex thyrsiflorus,ForestWetRich
193804,Rumex thyrsiflorus,ForestWetRich
193805,Rumex thyrsiflorus,ForestWetRich
193806,Rumex thyrsiflorus,ForestWetRich
193807,Rumex thyrsiflorus,ForestWetRich
193808,Rumex thyrsiflorus,ForestWetRich
193809,Rumex thyrsiflorus,ForestWetRich
193810,Rumex thyrsiflorus,ForestWetRich
193811,Rumex thyrsiflorus,ForestWetRich
193812,Rumex thyrsiflorus,ForestWetRich
193813,Rumex thyrsiflorus,ForestWetRich
193814,Rumex thyrsiflorus,ForestWetRich
193815,Rumex thyrsiflorus,ForestWetRich
193816,Rumex thyrsiflorus,ForestWetRich
193817,Rumex thyrsiflorus,ForestWetRich
193818,Rumex thyrsiflorus,ForestWetRich
193819,Rumex thyrsiflorus,ForestWetRich
193820,Rumex thyrsiflorus,ForestWetRich
193821,Rumex thyrsiflorus,ForestWetRich
193822,Rumex thyrsiflorus,ForestWetRich
193823,Rumex thyrsiflorus,ForestWetRich
193824,Rumex thyrsiflorus,ForestWetRich
193825,Rumex thyrsiflorus,ForestWetRich
193826,Rumex thyrsiflorus,ForestWetRich
193827,Rumex thyrsiflorus,ForestWetRich
193828,Rumex thyrsiflorus,ForestWetRich
193829,Rumex thyrsiflorus,ForestWetRich
193830,Rumex thyrsiflorus,ForestWetRich
193831,Rumex thyrsiflorus,ForestWetRich
193832,Rumex thyrsiflorus,ForestWetRich
193833,Rumex thyrsiflorus,ForestWetRich
193834,Rumex thyrsiflorus,ForestWetRich
193835,Rumex thyrsiflorus,ForestWetRich
193836,Rumex thyrsiflorus,ForestWetRich
193837,Rumex thyrsiflorus,ForestWetRich
193838,Rumex thyrsiflorus,ForestWetRich
193839,Rumex thyrsiflorus,ForestWetRich
193840,Rumex thyrsiflorus,ForestWetRich
193841,Rumex thyrsiflorus,ForestWetRich
193842,Rumex thyrsiflorus,ForestWetRich
193843,Rumex thyrsiflorus,ForestWetRich
193844,Rumex thyrsiflorus,ForestWetRich
193845,Rumex thyrsiflorus,ForestWetRich
193846,Rumex thyrsiflorus,ForestWetRich
193847,Rumex thyrsiflorus,ForestWetRich
193848,Rumex thyrsiflorus,ForestWetRich
193849,Rumex thyrsiflorus,ForestWetRich
193850,Rumex thyrsiflorus,ForestWetRich
193851,Rumex thyrsiflorus,ForestWetRich
193852,Rumex thyrsiflorus,ForestWetRich
193853,Rumex thyrsiflorus,ForestWetRich
194401,Rumex thyrsiflorus,ForestWetRich
194402,Rumex thyrsiflorus,ForestWetRich
194403,Rumex thyrsiflorus,ForestWetRich
194404,Rumex thyrsiflorus,ForestWetRich
194405,Rumex thyrsiflorus,ForestWetRich
194406,Rumex thyrsiflorus,ForestWetRich
194407,Rumex thyrsiflorus,ForestWetRich
194408,Rumex thyrsiflorus,ForestWetRich
194409,Rumex thyrsiflorus,ForestWetRich
194410,Rumex thyrsiflorus,ForestWetRich
194411,Rumex thyrsiflorus,ForestWetRich
194412,Rumex thyrsiflorus,ForestWetRich
194413,Rumex thyrsiflorus,ForestWetRich
194414,Rumex thyrsiflorus,ForestWetRich
194415,Rumex thyrsiflorus,ForestWetRich
194416,Rumex thyrsiflorus,ForestWetRich
194417,Rumex thyrsiflorus,ForestWetRich
194418,Rumex thyrsiflorus,ForestWetRich
194419,Rumex thyrsiflorus,ForestWetRich
194420,Rumex thyrsiflorus,ForestWetRich
194421,Rumex thyrsiflorus,ForestWetRich
194422,Rumex thyrsiflorus,ForestWetRich
194423,Rumex thyrsiflorus,ForestWetRich
194424,Rumex thyrsiflorus,ForestWetRich
194425,Rumex thyrsiflorus,ForestWetRich
194426,Rumex thyrsiflorus,ForestWetRich
194427,Rumex thyrsiflorus,ForestWetRich
194428,Rumex thyrsiflorus,ForestWetRich
194429,Rumex thyrsiflorus,ForestWetRich
194430,Rumex thyrsiflorus,ForestWetRich
194431,Rumex thyrsiflorus,ForestWetRich
194432,Rumex thyrsiflorus,ForestWetRich
194433,Rumex thyrsiflorus,ForestWetRich
194434,Rumex thyrsiflorus,ForestWetRich
194435,Rumex thyrsiflorus,ForestWetRich
194436,Rumex thyrsiflorus,ForestWetRich
194437,Rumex thyrsiflorus,ForestWetRich
194438,Rumex thyrsiflorus,ForestWetRich
194439,Rumex thyrsiflorus,ForestWetRich
194440,Rumex thyrsiflorus,ForestWetRich
194441,Rumex thyrsiflorus,ForestWetRich
194442,Rumex thyrsiflorus,ForestWetRich
194443,Rumex thyrsiflorus,ForestWetRich
194444,Rumex thyrsiflorus,ForestWetRich
194445,Rumex thyrsiflorus,ForestWetRich
194446,Rumex thyrsiflorus,ForestWetRich
194447,Rumex thyrsiflorus,ForestWetRich
194448,Rumex thyrsiflorus,ForestWetRich
194449,Rumex thyrsiflorus,ForestWetRich
194450,Rumex thyrsiflorus,ForestWetRich
194451,Rumex thyrsiflorus,ForestWetRich
194452,Rumex thyrsiflorus,ForestWetRich
194999,Rumex thyrsiflorus,ForestWetRich
195000,Rumex thyrsiflorus,ForestWetRich
195001,Rumex thyrsiflorus,ForestWetRich
195002,Rumex thyrsiflorus,ForestWetRich
195003,Rumex thyrsiflorus,ForestWetRich
195004,Rumex thyrsiflorus,ForestWetRich
195005,Rumex thyrsiflorus,ForestWetRich
195006,Rumex thyrsiflorus,ForestWetRich
195007,Rumex thyrsiflorus,ForestWetRich
195008,Rumex thyrsiflorus,ForestWetRich
195009,Rumex thyrsiflorus,ForestWetRich
195010,Rumex thyrsiflorus,ForestWetRich
195011,Rumex thyrsiflorus,ForestWetRich
195012,Rumex thyrsiflorus,ForestWetRich
195013,Rumex thyrsiflorus,ForestWetRich
195014,Rumex thyrsiflorus,ForestWetRich
195015,Rumex thyrsiflorus,ForestWetRich
195016,Rumex thyrsiflorus,ForestWetRich
195017,Rumex thyrsiflorus,ForestWetRich
195018,Rumex thyrsiflorus,ForestWetRich
195019,Rumex thyrsiflorus,ForestWetRich
195020,Rumex thyrsiflorus,ForestWetRich
195021,Rumex thyrsiflorus,ForestWetRich
195022,Rumex thyrsiflorus,ForestWetRich
195023,Rumex thyrsiflorus,ForestWetRich
195024,Rumex thyrsiflorus,ForestWetRich
195025,Rumex thyrsiflorus,ForestWetRich
195026,Rumex thyrsiflorus,ForestWetRich
195027,Rumex thyrsiflorus,ForestWetRich
195028,Rumex thyrsiflorus,ForestWetRich
195029,Rumex thyrsiflorus,ForestWetRich
195030,Rumex thyrsiflorus,ForestWetRich
195031,Rumex thyrsiflorus,ForestWetRich
195032,Rumex thyrsiflorus,ForestWetRich
195033,Rumex thyrsiflorus,ForestWetRich
195034,Rumex thyrsiflorus,ForestWetRich
195035,Rumex thyrsiflorus,ForestWetRich
195036,Rumex thyrsiflorus,ForestWetRich
195037,Rumex thyrsiflorus,ForestWetRich
195038,Rumex thyrsiflorus,ForestWetRich
195039,Rumex thyrsiflorus,ForestWetRich
195040,Rumex thyrsiflorus,ForestWetRich
195041,Rumex thyrsiflorus,ForestWetRich
195042,Rumex thyrsiflorus,ForestWetRich
195043,Rumex thyrsiflorus,ForestWetRich
195044,Rumex thyrsiflorus,ForestWetRich
195045,Rumex thyrsiflorus,ForestWetRich
195046,Rumex thyrsiflorus,ForestWetRich
195047,Rumex thyrsiflorus,ForestWetRich
195048,Rumex thyrsiflorus,ForestWetRich
195049,Rumex thyrsiflorus,ForestWetRich
195050,Rumex thyrsiflorus,ForestWetRich
195051,Rumex thyrsiflorus,ForestWetRich
195598,Rumex thyrsiflorus,ForestWetRich
195599,Rumex thyrsiflorus,ForestWetRich
195600,Rumex thyrsiflorus,ForestWetRich
195601,Rumex thyrsiflorus,ForestWetRich
195602,Rumex thyrsiflorus,ForestWetRich
195603,Rumex thyrsiflorus,ForestWetRich
195604,Rumex thyrsiflorus,ForestWetRich
195605,Rumex thyrsiflorus,ForestWetRich
195606,Rumex thyrsiflorus,ForestWetRich
195607,Rumex thyrsiflorus,ForestWetRich
195608,Rumex thyrsiflorus,ForestWetRich
195609,Rumex thyrsiflorus,ForestWetRich
195610,Rumex thyrsiflorus,ForestWetRich
195611,Rumex thyrsiflorus,ForestWetRich
195612,Rumex thyrsiflorus,ForestWetRich
195613,Rumex thyrsiflorus,ForestWetRich
195614,Rumex thyrsiflorus,ForestWetRich
195615,Rumex thyrsiflorus,ForestWetRich
195616,Rumex thyrsiflorus,ForestWetRich
195617,Rumex thyrsiflorus,ForestWetRich
195618,Rumex thyrsiflorus,ForestWetRich
195619,Rumex thyrsiflorus,ForestWetRich
195620,Rumex thyrsiflorus,ForestWetRich
195621,Rumex thyrsiflorus,ForestWetRich
195622,Rumex thyrsiflorus,ForestWetRich
195623,Rumex thyrsiflorus,ForestWetRich
195624,Rumex thyrsiflorus,ForestWetRich
195625,Rumex thyrsiflorus,ForestWetRich
195626,Rumex thyrsiflorus,ForestWetRich
195627,Rumex thyrsiflorus,ForestWetRich
195628,Rumex thyrsiflorus,ForestWetRich
195629,Rumex thyrsiflorus,ForestWetRich
195630,Rumex thyrsiflorus,ForestWetRich
195631,Rumex thyrsiflorus,ForestWetRich
195632,Rumex thyrsiflorus,ForestWetRich
195633,Rumex thyrsiflorus,ForestWetRich
195634,Rumex thyrsiflorus,ForestWetRich
195635,Rumex thyrsiflorus,ForestWetRich
195636,Rumex thyrsiflorus,ForestWetRich
195637,Rumex thyrsiflorus,ForestWetRich
195638,Rumex thyrsiflorus,ForestWetRich
195639,Rumex thyrsiflorus,ForestWetRich
195640,Rumex thyrsiflorus,ForestWetRich
195641,Rumex thyrsiflorus,ForestWetRich
195642,Rumex thyrsiflorus,ForestWetRich
195643,Rumex thyrsiflorus,ForestWetRich
195644,Rumex thyrsiflorus,ForestWetRich
195645,Rumex thyrsiflorus,ForestWetRich
195646,Rumex thyrsiflorus,ForestWetRich
195647,Rumex thyrsiflorus,ForestWetRich
195648,Rumex thyrsiflorus,ForestWetRich
195649,Rumex thyrsiflorus,ForestWetRich
195650,Rumex thyrsiflorus,ForestWetRich
196197,Rumex thyrsiflorus,ForestWetRich
196198,Rumex thyrsiflorus,ForestWetRich
196199,Rumex thyrsiflorus,ForestWetRich
196200,Rumex thyrsiflorus,ForestWetRich
196201,Rumex thyrsiflorus,ForestWetRich
196202,Rumex thyrsiflorus,ForestWetRich
196203,Rumex thyrsiflorus,ForestWetRich
196204,Rumex thyrsiflorus,ForestWetRich
196205,Rumex thyrsiflorus,ForestWetRich
196206,Rumex thyrsiflorus,ForestWetRich
196207,Rumex thyrsiflorus,ForestWetRich
196208,Rumex thyrsiflorus,ForestWetRich
196209,Rumex thyrsiflorus,ForestWetRich
196210,Rumex thyrsiflorus,ForestWetRich
196211,Rumex thyrsiflorus,ForestWetRich
196212,Rumex thyrsiflorus,ForestWetRich
196213,Rumex thyrsiflorus,ForestWetRich
196214,Rumex thyrsiflorus,ForestWetRich
196215,Rumex thyrsiflorus,ForestWetRich
196216,Rumex thyrsiflorus,ForestWetRich
196217,Rumex thyrsiflorus,ForestWetRich
196218,Rumex thyrsiflorus,ForestWetRich
196219,Rumex thyrsiflorus,ForestWetRich
196220,Rumex thyrsiflorus,ForestWetRich
196221,Rumex thyrsiflorus,ForestWetRich
196222,Rumex thyrsiflorus,ForestWetRich
196223,Rumex thyrsiflorus,ForestWetRich
196224,Rumex thyrsiflorus,ForestWetRich
196225,Rumex thyrsiflorus,ForestWetRich
196226,Rumex thyrsiflorus,ForestWetRich
196227,Rumex thyrsiflorus,ForestWetRich
196228,Rumex thyrsiflorus,ForestWetRich
196229,Rumex thyrsiflorus,ForestWetRich
196230,Rumex thyrsiflorus,ForestWetRich
196231,Rumex thyrsiflorus,ForestWetRich
196232,Rumex thyrsiflorus,ForestWetRich
196233,Rumex thyrsiflorus,ForestWetRich
196234,Rumex thyrsiflorus,ForestWetRich
196235,Rumex thyrsiflorus,ForestWetRich
196236,Rumex thyrsiflorus,ForestWetRich
196237,Rumex thyrsiflorus,ForestWetRich
196238,Rumex thyrsiflorus,ForestWetRich
196239,Rumex thyrsiflorus,ForestWetRich
196240,Rumex thyrsiflorus,ForestWetRich
196241,Rumex thyrsiflorus,ForestWetRich
196242,Rumex thyrsiflorus,ForestWetRich
196243,Rumex thyrsiflorus,ForestWetRich
196244,Rumex thyrsiflorus,ForestWetRich
196245,Rumex thyrsiflorus,ForestWetRich
196246,Rumex thyrsiflorus,ForestWetRich
196247,Rumex thyrsiflorus,ForestWetRich
196248,Rumex thyrsiflorus,ForestWetRich
196249,Rumex thyrsiflorus,ForestWetRich
196795,Rumex thyrsiflorus,ForestWetRich
196796,Rumex thyrsiflorus,ForestWetRich
196797,Rumex thyrsiflorus,ForestWetRich
196798,Rumex thyrsiflorus,ForestWetRich
196799,Rumex thyrsiflorus,ForestWetRich
196800,Rumex thyrsiflorus,ForestWetRich
196801,Rumex thyrsiflorus,ForestWetRich
196802,Rumex thyrsiflorus,ForestWetRich
196803,Rumex thyrsiflorus,ForestWetRich
196804,Rumex thyrsiflorus,ForestWetRich
196805,Rumex thyrsiflorus,ForestWetRich
196806,Rumex thyrsiflorus,ForestWetRich
196807,Rumex thyrsiflorus,ForestWetRich
196808,Rumex thyrsiflorus,ForestWetRich
196809,Rumex thyrsiflorus,ForestWetRich
196810,Rumex thyrsiflorus,ForestWetRich
196811,Rumex thyrsiflorus,ForestWetRich
196812,Rumex thyrsiflorus,ForestWetRich
196813,Rumex thyrsiflorus,ForestWetRich
196814,Rumex thyrsiflorus,ForestWetRich
196815,Rumex thyrsiflorus,ForestWetRich
196816,Rumex thyrsiflorus,ForestWetRich
196817,Rumex thyrsiflorus,ForestWetRich
196818,Rumex thyrsiflorus,ForestWetRich
196819,Rumex thyrsiflorus,ForestWetRich
196820,Rumex thyrsiflorus,ForestWetRich
196821,Rumex thyrsiflorus,ForestWetRich
196822,Rumex thyrsiflorus,ForestWetRich
196823,Rumex thyrsiflorus,ForestWetRich
196824,Rumex thyrsiflorus,ForestWetRich
196825,Rumex thyrsiflorus,ForestWetRich
196826,Rumex thyrsiflorus,ForestWetRich
196827,Rumex thyrsiflorus,ForestWetRich
196828,Rumex thyrsiflorus,ForestWetRich
196829,Rumex thyrsiflorus,ForestWetRich
196830,Rumex thyrsiflorus,ForestWetRich
196831,Rumex thyrsiflorus,ForestWetRich
196832,Rumex thyrsiflorus,ForestWetRich
196833,Rumex thyrsiflorus,ForestWetRich
196834,Rumex thyrsiflorus,ForestWetRich
196835,Rumex thyrsiflorus,ForestWetRich
196836,Rumex thyrsiflorus,ForestWetRich
196837,Rumex thyrsiflorus,ForestWetRich
196838,Rumex thyrsiflorus,ForestWetRich
196839,Rumex thyrsiflorus,ForestWetRich
196840,Rumex thyrsiflorus,ForestWetRich
196841,Rumex thyrsiflorus,ForestWetRich
196842,Rumex thyrsiflorus,ForestWetRich
196843,Rumex thyrsiflorus,ForestWetRich
196844,Rumex thyrsiflorus,ForestWetRich
196845,Rumex thyrsiflorus,ForestWetRich
196846,Rumex thyrsiflorus,ForestWetRich
196847,Rumex thyrsiflorus,ForestWetRich
196848,Rumex thyrsiflorus,ForestWetRich
197394,Rumex thyrsiflorus,ForestWetRich
197395,Rumex thyrsiflorus,ForestWetRich
197396,Rumex thyrsiflorus,ForestWetRich
197397,Rumex thyrsiflorus,ForestWetRich
197398,Rumex thyrsiflorus,ForestWetRich
197399,Rumex thyrsiflorus,ForestWetRich
197400,Rumex thyrsiflorus,ForestWetRich
197401,Rumex thyrsiflorus,ForestWetRich
197402,Rumex thyrsiflorus,ForestWetRich
197403,Rumex thyrsiflorus,ForestWetRich
197404,Rumex thyrsiflorus,ForestWetRich
197405,Rumex thyrsiflorus,ForestWetRich
197406,Rumex thyrsiflorus,ForestWetRich
197407,Rumex thyrsiflorus,ForestWetRich
197408,Rumex thyrsiflorus,ForestWetRich
197409,Rumex thyrsiflorus,ForestWetRich
197410,Rumex thyrsiflorus,ForestWetRich
197411,Rumex thyrsiflorus,ForestWetRich
197412,Rumex thyrsiflorus,ForestWetRich
197413,Rumex thyrsiflorus,ForestWetRich
197414,Rumex thyrsiflorus,ForestWetRich
197415,Rumex thyrsiflorus,ForestWetRich
197416,Rumex thyrsiflorus,ForestWetRich
197417,Rumex thyrsiflorus,ForestWetRich
197418,Rumex thyrsiflorus,ForestWetRich
197419,Rumex thyrsiflorus,ForestWetRich
197420,Rumex thyrsiflorus,ForestWetRich
197421,Rumex thyrsiflorus,ForestWetRich
197422,Rumex thyrsiflorus,ForestWetRich
197423,Rumex thyrsiflorus,ForestWetRich
197424,Rumex thyrsiflorus,ForestWetRich
197425,Rumex thyrsiflorus,ForestWetRich
197426,Rumex thyrsiflorus,ForestWetRich
197427,Rumex thyrsiflorus,ForestWetRich
197428,Rumex thyrsiflorus,ForestWetRich
197429,Rumex thyrsiflorus,ForestWetRich
197430,Rumex thyrsiflorus,ForestWetRich
197431,Rumex thyrsiflorus,ForestWetRich
197432,Rumex thyrsiflorus,ForestWetRich
197433,Rumex thyrsiflorus,ForestWetRich
197434,Rumex thyrsiflorus,ForestWetRich
197435,Rumex thyrsiflorus,ForestWetRich
197436,Rumex thyrsiflorus,ForestWetRich
197437,Rumex thyrsiflorus,ForestWetRich
197438,Rumex thyrsiflorus,ForestWetRich
197439,Rumex thyrsiflorus,ForestWetRich
197440,Rumex thyrsiflorus,ForestWetRich
197441,Rumex thyrsiflorus,ForestWetRich
197442,Rumex thyrsiflorus,ForestWetRich
197443,Rumex thyrsiflorus,ForestWetRich
197444,Rumex thyrsiflorus,ForestWetRich
197445,Rumex thyrsiflorus,ForestWetRich
197446,Rumex thyrsiflorus,ForestWetRich
197447,Rumex thyrsiflorus,ForestWetRich
197993,Rumex thyrsiflorus,ForestWetRich
197994,Rumex thyrsiflorus,ForestWetRich
197995,Rumex thyrsiflorus,ForestWetRich
197996,Rumex thyrsiflorus,ForestWetRich
197997,Rumex thyrsiflorus,ForestWetRich
197998,Rumex thyrsiflorus,ForestWetRich
197999,Rumex thyrsiflorus,ForestWetRich
198000,Rumex thyrsiflorus,ForestWetRich
198001,Rumex thyrsiflorus,ForestWetRich
198002,Rumex thyrsiflorus,ForestWetRich
198003,Rumex thyrsiflorus,ForestWetRich
198004,Rumex thyrsiflorus,ForestWetRich
198005,Rumex thyrsiflorus,ForestWetRich
198006,Rumex thyrsiflorus,ForestWetRich
198007,Rumex thyrsiflorus,ForestWetRich
198008,Rumex thyrsiflorus,ForestWetRich
198009,Rumex thyrsiflorus,ForestWetRich
198010,Rumex thyrsiflorus,ForestWetRich
198011,Rumex thyrsiflorus,ForestWetRich
198012,Rumex thyrsiflorus,ForestWetRich
198013,Rumex thyrsiflorus,ForestWetRich
198014,Rumex thyrsiflorus,ForestWetRich
198015,Rumex thyrsiflorus,ForestWetRich
198016,Rumex thyrsiflorus,ForestWetRich
198017,Rumex thyrsiflorus,ForestWetRich
198018,Rumex thyrsiflorus,ForestWetRich
198019,Rumex thyrsiflorus,ForestWetRich
198020,Rumex thyrsiflorus,ForestWetRich
198021,Rumex thyrsiflorus,ForestWetRich
198022,Rumex thyrsiflorus,ForestWetRich
198023,Rumex thyrsiflorus,ForestWetRich
198024,Rumex thyrsiflorus,ForestWetRich
198025,Rumex thyrsiflorus,ForestWetRich
198026,Rumex thyrsiflorus,ForestWetRich
198027,Rumex thyrsiflorus,ForestWetRich
198028,Rumex thyrsiflorus,ForestWetRich
198029,Rumex thyrsiflorus,ForestWetRich
198030,Rumex thyrsiflorus,ForestWetRich
198031,Rumex thyrsiflorus,ForestWetRich
198032,Rumex thyrsiflorus,ForestWetRich
198033,Rumex thyrsiflorus,ForestWetRich
198034,Rumex thyrsiflorus,ForestWetRich
198035,Rumex thyrsiflorus,ForestWetRich
198036,Rumex thyrsiflorus,ForestWetRich
198037,Rumex thyrsiflorus,ForestWetRich
198038,Rumex thyrsiflorus,ForestWetRich
198039,Rumex thyrsiflorus,ForestWetRich
198040,Rumex thyrsiflorus,ForestWetRich
198041,Rumex thyrsiflorus,ForestWetRich
198042,Rumex thyrsiflorus,ForestWetRich
198043,Rumex thyrsiflorus,ForestWetRich
198044,Rumex thyrsiflorus,ForestWetRich
198045,Rumex thyrsiflorus,ForestWetRich
198046,Rumex thyrsiflorus,ForestWetRich
198592,Rumex thyrsiflorus,ForestWetRich
198593,Rumex thyrsiflorus,ForestWetRich
198594,Rumex thyrsiflorus,ForestWetRich
198595,Rumex thyrsiflorus,ForestWetRich
198596,Rumex thyrsiflorus,ForestWetRich
198597,Rumex thyrsiflorus,ForestWetRich
198598,Rumex thyrsiflorus,ForestWetRich
198599,Rumex thyrsiflorus,ForestWetRich
198600,Rumex thyrsiflorus,ForestWetRich
198601,Rumex thyrsiflorus,ForestWetRich
198602,Rumex thyrsiflorus,ForestWetRich
198603,Rumex thyrsiflorus,ForestWetRich
198604,Rumex thyrsiflorus,ForestWetRich
198605,Rumex thyrsiflorus,ForestWetRich
198606,Rumex thyrsiflorus,ForestWetRich
198607,Rumex thyrsiflorus,ForestWetRich
198608,Rumex thyrsiflorus,ForestWetRich
198609,Rumex thyrsiflorus,ForestWetRich
198610,Rumex thyrsiflorus,ForestWetRich
198611,Rumex thyrsiflorus,ForestWetRich
198612,Rumex thyrsiflorus,ForestWetRich
198613,Rumex thyrsiflorus,ForestWetRich
198614,Rumex thyrsiflorus,ForestWetRich
198615,Rumex thyrsiflorus,ForestWetRich
198616,Rumex thyrsiflorus,ForestWetRich
198617,Rumex thyrsiflorus,ForestWetRich
198618,Rumex thyrsiflorus,ForestWetRich
198619,Rumex thyrsiflorus,ForestWetRich
198620,Rumex thyrsiflorus,ForestWetRich
198621,Rumex thyrsiflorus,ForestWetRich
198622,Rumex thyrsiflorus,ForestWetRich
198623,Rumex thyrsiflorus,ForestWetRich
198624,Rumex thyrsiflorus,ForestWetRich
198625,Rumex thyrsiflorus,ForestWetRich
198626,Rumex thyrsiflorus,ForestWetRich
198627,Rumex thyrsiflorus,ForestWetRich
198628,Rumex thyrsiflorus,ForestWetRich
198629,Rumex thyrsiflorus,ForestWetRich
198630,Rumex thyrsiflorus,ForestWetRich
198631,Rumex thyrsiflorus,ForestWetRich
198632,Rumex thyrsiflorus,ForestWetRich
198633,Rumex thyrsiflorus,ForestWetRich
198634,Rumex thyrsiflorus,ForestWetRich
198635,Rumex thyrsiflorus,ForestWetRich
198636,Rumex thyrsiflorus,ForestWetRich
198637,Rumex thyrsiflorus,ForestWetRich
198638,Rumex thyrsiflorus,ForestWetRich
198639,Rumex thyrsiflorus,ForestWetRich
198640,Rumex thyrsiflorus,ForestWetRich
198641,Rumex thyrsiflorus,ForestWetRich
198642,Rumex thyrsiflorus,ForestWetRich
198643,Rumex thyrsiflorus,ForestWetRich
198644,Rumex thyrsiflorus,ForestWetRich
198645,Rumex thyrsiflorus,ForestWetRich
199191,Rumex thyrsiflorus,ForestWetRich
199192,Rumex thyrsiflorus,ForestWetRich
199193,Rumex thyrsiflorus,ForestWetRich
199194,Rumex thyrsiflorus,ForestWetRich
199195,Rumex thyrsiflorus,ForestWetRich
199196,Rumex thyrsiflorus,ForestWetRich
199197,Rumex thyrsiflorus,ForestWetRich
199198,Rumex thyrsiflorus,ForestWetRich
199199,Rumex thyrsiflorus,ForestWetRich
199200,Rumex thyrsiflorus,ForestWetRich
199201,Rumex thyrsiflorus,ForestWetRich
199202,Rumex thyrsiflorus,ForestWetRich
199203,Rumex thyrsiflorus,ForestWetRich
199204,Rumex thyrsiflorus,ForestWetRich
199205,Rumex thyrsiflorus,ForestWetRich
199206,Rumex thyrsiflorus,ForestWetRich
199207,Rumex thyrsiflorus,ForestWetRich
199208,Rumex thyrsiflorus,ForestWetRich
199209,Rumex thyrsiflorus,ForestWetRich
199210,Rumex thyrsiflorus,ForestWetRich
199211,Rumex thyrsiflorus,ForestWetRich
199212,Rumex thyrsiflorus,ForestWetRich
199213,Rumex thyrsiflorus,ForestWetRich
199214,Rumex thyrsiflorus,ForestWetRich
199215,Rumex thyrsiflorus,ForestWetRich
199216,Rumex thyrsiflorus,ForestWetRich
199217,Rumex thyrsiflorus,ForestWetRich
199218,Rumex thyrsiflorus,ForestWetRich
199219,Rumex thyrsiflorus,ForestWetRich
199220,Rumex thyrsiflorus,ForestWetRich
199221,Rumex thyrsiflorus,ForestWetRich
199222,Rumex thyrsiflorus,ForestWetRich
199223,Rumex thyrsiflorus,ForestWetRich
199224,Rumex thyrsiflorus,ForestWetRich
199225,Rumex thyrsiflorus,ForestWetRich
199226,Rumex thyrsiflorus,ForestWetRich
199227,Rumex thyrsiflorus,ForestWetRich
199228,Rumex thyrsiflorus,ForestWetRich
199229,Rumex thyrsiflorus,ForestWetRich
199230,Rumex thyrsiflorus,ForestWetRich
199231,Rumex thyrsiflorus,ForestWetRich
199232,Rumex thyrsiflorus,ForestWetRich
199233,Rumex thyrsiflorus,ForestWetRich
199234,Rumex thyrsiflorus,ForestWetRich
199235,Rumex thyrsiflorus,ForestWetRich
199236,Rumex thyrsiflorus,ForestWetRich
199237,Rumex thyrsiflorus,ForestWetRich
199238,Rumex thyrsiflorus,ForestWetRich
199239,Rumex thyrsiflorus,ForestWetRich
199240,Rumex thyrsiflorus,ForestWetRich
199241,Rumex thyrsiflorus,ForestWetRich
199242,Rumex thyrsiflorus,ForestWetRich
199243,Rumex thyrsiflorus,ForestWetRich
199244,Rumex thyrsiflorus,ForestWetRich
199789,Rumex thyrsiflorus,ForestWetRich
199790,Rumex thyrsiflorus,ForestWetRich
199791,Rumex thyrsiflorus,ForestWetRich
199792,Rumex thyrsiflorus,ForestWetRich
199793,Rumex thyrsiflorus,ForestWetRich
199794,Rumex thyrsiflorus,ForestWetRich
199795,Rumex thyrsiflorus,ForestWetRich
199796,Rumex thyrsiflorus,ForestWetRich
199797,Rumex thyrsiflorus,ForestWetRich
199798,Rumex thyrsiflorus,ForestWetRich
199799,Rumex thyrsiflorus,ForestWetRich
199800,Rumex thyrsiflorus,ForestWetRich
199801,Rumex thyrsiflorus,ForestWetRich
199802,Rumex thyrsiflorus,ForestWetRich
199803,Rumex thyrsiflorus,ForestWetRich
199804,Rumex thyrsiflorus,ForestWetRich
199805,Rumex thyrsiflorus,ForestWetRich
199806,Rumex thyrsiflorus,ForestWetRich
199807,Rumex thyrsiflorus,ForestWetRich
199808,Rumex thyrsiflorus,ForestWetRich
199809,Rumex thyrsiflorus,ForestWetRich
199810,Rumex thyrsiflorus,ForestWetRich
199811,Rumex thyrsiflorus,ForestWetRich
199812,Rumex thyrsiflorus,ForestWetRich
199813,Rumex thyrsiflorus,ForestWetRich
199814,Rumex thyrsiflorus,ForestWetRich
199815,Rumex thyrsiflorus,ForestWetRich
199816,Rumex thyrsiflorus,ForestWetRich
199817,Rumex thyrsiflorus,ForestWetRich
199818,Rumex thyrsiflorus,ForestWetRich
199819,Rumex thyrsiflorus,ForestWetRich
199820,Rumex thyrsiflorus,ForestWetRich
199821,Rumex thyrsiflorus,ForestWetRich
199822,Rumex thyrsiflorus,ForestWetRich
199823,Rumex thyrsiflorus,ForestWetRich
199824,Rumex thyrsiflorus,ForestWetRich
199825,Rumex thyrsiflorus,ForestWetRich
199826,Rumex thyrsiflorus,ForestWetRich
199827,Rumex thyrsiflorus,ForestWetRich
199828,Rumex thyrsiflorus,ForestWetRich
199829,Rumex thyrsiflorus,ForestWetRich
199830,Rumex thyrsiflorus,ForestWetRich
199831,Rumex thyrsiflorus,ForestWetRich
199832,Rumex thyrsiflorus,ForestWetRich
199833,Rumex thyrsiflorus,ForestWetRich
199834,Rumex thyrsiflorus,ForestWetRich
199835,Rumex thyrsiflorus,ForestWetRich
199836,Rumex thyrsiflorus,ForestWetRich
199837,Rumex thyrsiflorus,ForestWetRich
199838,Rumex thyrsiflorus,ForestWetRich
199839,Rumex thyrsiflorus,ForestWetRich
199840,Rumex thyrsiflorus,ForestWetRich
199841,Rumex thyrsiflorus,ForestWetRich
199842,Rumex thyrsiflorus,ForestWetRich
199843,Rumex thyrsiflorus,ForestWetRich
200388,Rumex thyrsiflorus,ForestWetRich
200389,Rumex thyrsiflorus,ForestWetRich
200390,Rumex thyrsiflorus,ForestWetRich
200391,Rumex thyrsiflorus,ForestWetRich
200392,Rumex thyrsiflorus,ForestWetRich
200393,Rumex thyrsiflorus,ForestWetRich
200394,Rumex thyrsiflorus,ForestWetRich
200395,Rumex thyrsiflorus,ForestWetRich
200396,Rumex thyrsiflorus,ForestWetRich
200397,Rumex thyrsiflorus,ForestWetRich
200398,Rumex thyrsiflorus,ForestWetRich
200399,Rumex thyrsiflorus,ForestWetRich
200400,Rumex thyrsiflorus,ForestWetRich
200401,Rumex thyrsiflorus,ForestWetRich
200402,Rumex thyrsiflorus,ForestWetRich
200403,Rumex thyrsiflorus,ForestWetRich
200404,Rumex thyrsiflorus,ForestWetRich
200405,Rumex thyrsiflorus,ForestWetRich
200406,Rumex thyrsiflorus,ForestWetRich
200407,Rumex thyrsiflorus,ForestWetRich
200408,Rumex thyrsiflorus,ForestWetRich
200409,Rumex thyrsiflorus,ForestWetRich
200410,Rumex thyrsiflorus,ForestWetRich
200411,Rumex thyrsiflorus,ForestWetRich
200412,Rumex thyrsiflorus,ForestWetRich
200413,Rumex thyrsiflorus,ForestWetRich
200414,Rumex thyrsiflorus,ForestWetRich
200415,Rumex thyrsiflorus,ForestWetRich
200416,Rumex thyrsiflorus,ForestWetRich
200417,Rumex thyrsiflorus,ForestWetRich
200418,Rumex thyrsiflorus,ForestWetRich
200419,Rumex thyrsiflorus,ForestWetRich
200420,Rumex thyrsiflorus,ForestWetRich
200421,Rumex thyrsiflorus,ForestWetRich
200422,Rumex thyrsiflorus,ForestWetRich
200423,Rumex thyrsiflorus,ForestWetRich
200424,Rumex thyrsiflorus,ForestWetRich
200425,Rumex thyrsiflorus,ForestWetRich
200426,Rumex thyrsiflorus,ForestWetRich
200427,Rumex thyrsiflorus,ForestWetRich
200428,Rumex thyrsiflorus,ForestWetRich
200429,Rumex thyrsiflorus,ForestWetRich
200430,Rumex thyrsiflorus,ForestWetRich
200431,Rumex thyrsiflorus,ForestWetRich
200432,Rumex thyrsiflorus,ForestWetRich
200433,Rumex thyrsiflorus,ForestWetRich
200434,Rumex thyrsiflorus,ForestWetRich
200435,Rumex thyrsiflorus,ForestWetRich
200436,Rumex thyrsiflorus,ForestWetRich
200437,Rumex thyrsiflorus,ForestWetRich
200438,Rumex thyrsiflorus,ForestWetRich
200439,Rumex thyrsiflorus,ForestWetRich
200440,Rumex thyrsiflorus,ForestWetRich
200441,Rumex thyrsiflorus,ForestWetRich
200442,Rumex thyrsiflorus,ForestWetRich
200987,Rumex thyrsiflorus,ForestWetRich
200988,Rumex thyrsiflorus,ForestWetRich
200989,Rumex thyrsiflorus,ForestWetRich
200990,Rumex thyrsiflorus,ForestWetRich
200991,Rumex thyrsiflorus,ForestWetRich
200992,Rumex thyrsiflorus,ForestWetRich
200993,Rumex thyrsiflorus,ForestWetRich
200994,Rumex thyrsiflorus,ForestWetRich
200995,Rumex thyrsiflorus,ForestWetRich
200996,Rumex thyrsiflorus,ForestWetRich
200997,Rumex thyrsiflorus,ForestWetRich
200998,Rumex thyrsiflorus,ForestWetRich
200999,Rumex thyrsiflorus,ForestWetRich
201000,Rumex thyrsiflorus,ForestWetRich
201001,Rumex thyrsiflorus,ForestWetRich
201002,Rumex thyrsiflorus,ForestWetRich
201003,Rumex thyrsiflorus,ForestWetRich
201004,Rumex thyrsiflorus,ForestWetRich
201005,Rumex thyrsiflorus,ForestWetRich
201006,Rumex thyrsiflorus,ForestWetRich
201007,Rumex thyrsiflorus,ForestWetRich
201008,Rumex thyrsiflorus,ForestWetRich
201009,Rumex thyrsiflorus,ForestWetRich
201010,Rumex thyrsiflorus,ForestWetRich
201011,Rumex thyrsiflorus,ForestWetRich
201012,Rumex thyrsiflorus,ForestWetRich
201013,Rumex thyrsiflorus,ForestWetRich
201014,Rumex thyrsiflorus,ForestWetRich
201015,Rumex thyrsiflorus,ForestWetRich
201016,Rumex thyrsiflorus,ForestWetRich
201017,Rumex thyrsiflorus,ForestWetRich
201018,Rumex thyrsiflorus,ForestWetRich
201019,Rumex thyrsiflorus,ForestWetRich
201020,Rumex thyrsiflorus,ForestWetRich
201021,Rumex thyrsiflorus,ForestWetRich
201022,Rumex thyrsiflorus,ForestWetRich
201023,Rumex thyrsiflorus,ForestWetRich
201024,Rumex thyrsiflorus,ForestWetRich
201025,Rumex thyrsiflorus,ForestWetRich
201026,Rumex thyrsiflorus,ForestWetRich
201027,Rumex thyrsiflorus,ForestWetRich
201028,Rumex thyrsiflorus,ForestWetRich
201029,Rumex thyrsiflorus,ForestWetRich
201030,Rumex thyrsiflorus,ForestWetRich
201031,Rumex thyrsiflorus,ForestWetRich
201032,Rumex thyrsiflorus,ForestWetRich
201033,Rumex thyrsiflorus,ForestWetRich
201034,Rumex thyrsiflorus,ForestWetRich
201035,Rumex thyrsiflorus,ForestWetRich
201036,Rumex thyrsiflorus,ForestWetRich
201037,Rumex thyrsiflorus,ForestWetRich
201038,Rumex thyrsiflorus,ForestWetRich
201039,Rumex thyrsiflorus,ForestWetRich
201040,Rumex thyrsiflorus,ForestWetRich
201041,Rumex thyrsiflorus,ForestWetRich
201586,Rumex thyrsiflorus,ForestWetRich
201587,Rumex thyrsiflorus,ForestWetRich
201588,Rumex thyrsiflorus,ForestWetRich
201589,Rumex thyrsiflorus,ForestWetRich
201590,Rumex thyrsiflorus,ForestWetRich
201591,Rumex thyrsiflorus,ForestWetRich
201592,Rumex thyrsiflorus,ForestWetRich
201593,Rumex thyrsiflorus,ForestWetRich
201594,Rumex thyrsiflorus,ForestWetRich
201595,Rumex thyrsiflorus,ForestWetRich
201596,Rumex thyrsiflorus,ForestWetRich
201597,Rumex thyrsiflorus,ForestWetRich
201598,Rumex thyrsiflorus,ForestWetRich
201599,Rumex thyrsiflorus,ForestWetRich
201600,Rumex thyrsiflorus,ForestWetRich
201601,Rumex thyrsiflorus,ForestWetRich
201602,Rumex thyrsiflorus,ForestWetRich
201603,Rumex thyrsiflorus,ForestWetRich
201604,Rumex thyrsiflorus,ForestWetRich
201605,Rumex thyrsiflorus,ForestWetRich
201606,Rumex thyrsiflorus,ForestWetRich
201607,Rumex thyrsiflorus,ForestWetRich
201608,Rumex thyrsiflorus,ForestWetRich
201609,Rumex thyrsiflorus,ForestWetRich
201610,Rumex thyrsiflorus,ForestWetRich
201611,Rumex thyrsiflorus,ForestWetRich
201612,Rumex thyrsiflorus,ForestWetRich
201613,Rumex thyrsiflorus,ForestWetRich
201614,Rumex thyrsiflorus,ForestWetRich
201615,Rumex thyrsiflorus,ForestWetRich
201616,Rumex thyrsiflorus,ForestWetRich
201617,Rumex thyrsiflorus,ForestWetRich
201618,Rumex thyrsiflorus,ForestWetRich
201619,Rumex thyrsiflorus,ForestWetRich
201620,Rumex thyrsiflorus,ForestWetRich
201621,Rumex thyrsiflorus,ForestWetRich
201622,Rumex thyrsiflorus,ForestWetRich
201623,Rumex thyrsiflorus,ForestWetRich
201624,Rumex thyrsiflorus,ForestWetRich
201625,Rumex thyrsiflorus,ForestWetRich
201626,Rumex thyrsiflorus,ForestWetRich
201627,Rumex thyrsiflorus,ForestWetRich
201628,Rumex thyrsiflorus,ForestWetRich
201629,Rumex thyrsiflorus,ForestWetRich
201630,Rumex thyrsiflorus,ForestWetRich
201631,Rumex thyrsiflorus,ForestWetRich
201632,Rumex thyrsiflorus,ForestWetRich
201633,Rumex thyrsiflorus,ForestWetRich
201634,Rumex thyrsiflorus,ForestWetRich
201635,Rumex thyrsiflorus,ForestWetRich
201636,Rumex thyrsiflorus,ForestWetRich
201637,Rumex thyrsiflorus,ForestWetRich
201638,Rumex thyrsiflorus,ForestWetRich
201639,Rumex thyrsiflorus,ForestWetRich
201640,Rumex thyrsiflorus,ForestWetRich
202185,Rumex thyrsiflorus,ForestWetRich
202186,Rumex thyrsiflorus,ForestWetRich
202187,Rumex thyrsiflorus,ForestWetRich
202188,Rumex thyrsiflorus,ForestWetRich
202189,Rumex thyrsiflorus,ForestWetRich
202190,Rumex thyrsiflorus,ForestWetRich
202191,Rumex thyrsiflorus,ForestWetRich
202192,Rumex thyrsiflorus,ForestWetRich
202193,Rumex thyrsiflorus,ForestWetRich
202194,Rumex thyrsiflorus,ForestWetRich
202195,Rumex thyrsiflorus,ForestWetRich
202196,Rumex thyrsiflorus,ForestWetRich
202197,Rumex thyrsiflorus,ForestWetRich
202198,Rumex thyrsiflorus,ForestWetRich
202199,Rumex thyrsiflorus,ForestWetRich
202200,Rumex thyrsiflorus,ForestWetRich
202201,Rumex thyrsiflorus,ForestWetRich
202202,Rumex thyrsiflorus,ForestWetRich
202203,Rumex thyrsiflorus,ForestWetRich
202204,Rumex thyrsiflorus,ForestWetRich
202205,Rumex thyrsiflorus,ForestWetRich
202206,Rumex thyrsiflorus,ForestWetRich
202207,Rumex thyrsiflorus,ForestWetRich
202208,Rumex thyrsiflorus,ForestWetRich
202209,Rumex thyrsiflorus,ForestWetRich
202210,Rumex thyrsiflorus,ForestWetRich
202211,Rumex thyrsiflorus,ForestWetRich
202212,Rumex thyrsiflorus,ForestWetRich
202213,Rumex thyrsiflorus,ForestWetRich
202214,Rumex thyrsiflorus,ForestWetRich
202215,Rumex thyrsiflorus,ForestWetRich
202216,Rumex thyrsiflorus,ForestWetRich
202217,Rumex thyrsiflorus,ForestWetRich
202218,Rumex thyrsiflorus,ForestWetRich
202219,Rumex thyrsiflorus,ForestWetRich
202220,Rumex thyrsiflorus,ForestWetRich
202221,Rumex thyrsiflorus,ForestWetRich
202222,Rumex thyrsiflorus,ForestWetRich
202223,Rumex thyrsiflorus,ForestWetRich
202224,Rumex thyrsiflorus,ForestWetRich
202225,Rumex thyrsiflorus,ForestWetRich
202226,Rumex thyrsiflorus,ForestWetRich
202227,Rumex thyrsiflorus,ForestWetRich
202228,Rumex thyrsiflorus,ForestWetRich
202229,Rumex thyrsiflorus,ForestWetRich
202230,Rumex thyrsiflorus,ForestWetRich
202231,Rumex thyrsiflorus,ForestWetRich
202232,Rumex thyrsiflorus,ForestWetRich
202233,Rumex thyrsiflorus,ForestWetRich
202234,Rumex thyrsiflorus,ForestWetRich
202235,Rumex thyrsiflorus,ForestWetRich
202236,Rumex thyrsiflorus,ForestWetRich
202237,Rumex thyrsiflorus,ForestWetRich
202238,Rumex thyrsiflorus,ForestWetRich
202239,Rumex thyrsiflorus,ForestWetRich
202784,Rumex thyrsiflorus,ForestWetRich
202785,Rumex thyrsiflorus,ForestWetRich
202786,Rumex thyrsiflorus,ForestWetRich
202787,Rumex thyrsiflorus,ForestWetRich
202788,Rumex thyrsiflorus,ForestWetRich
202789,Rumex thyrsiflorus,ForestWetRich
202790,Rumex thyrsiflorus,ForestWetRich
202791,Rumex thyrsiflorus,ForestWetRich
202792,Rumex thyrsiflorus,ForestWetRich
202793,Rumex thyrsiflorus,ForestWetRich
202794,Rumex thyrsiflorus,ForestWetRich
202795,Rumex thyrsiflorus,ForestWetRich
202796,Rumex thyrsiflorus,ForestWetRich
202797,Rumex thyrsiflorus,ForestWetRich
202798,Rumex thyrsiflorus,ForestWetRich
202799,Rumex thyrsiflorus,ForestWetRich
202800,Rumex thyrsiflorus,ForestWetRich
202801,Rumex thyrsiflorus,ForestWetRich
202802,Rumex thyrsiflorus,ForestWetRich
202803,Rumex thyrsiflorus,ForestWetRich
202804,Rumex thyrsiflorus,ForestWetRich
202805,Rumex thyrsiflorus,ForestWetRich
202806,Rumex thyrsiflorus,ForestWetRich
202807,Rumex thyrsiflorus,ForestWetRich
202808,Rumex thyrsiflorus,ForestWetRich
202809,Rumex thyrsiflorus,ForestWetRich
202810,Rumex thyrsiflorus,ForestWetRich
202811,Rumex thyrsiflorus,ForestWetRich
202812,Rumex thyrsiflorus,ForestWetRich
202813,Rumex thyrsiflorus,ForestWetRich
202814,Rumex thyrsiflorus,ForestWetRich
202815,Rumex thyrsiflorus,ForestWetRich
202816,Rumex thyrsiflorus,ForestWetRich
202817,Rumex thyrsiflorus,ForestWetRich
202818,Rumex thyrsiflorus,ForestWetRich
202819,Rumex thyrsiflorus,ForestWetRich
202820,Rumex thyrsiflorus,ForestWetRich
202821,Rumex thyrsiflorus,ForestWetRich
202822,Rumex thyrsiflorus,ForestWetRich
202823,Rumex thyrsiflorus,ForestWetRich
202824,Rumex thyrsiflorus,ForestWetRich
202825,Rumex thyrsiflorus,ForestWetRich
202826,Rumex thyrsiflorus,ForestWetRich
202827,Rumex thyrsiflorus,ForestWetRich
202828,Rumex thyrsiflorus,ForestWetRich
202829,Rumex thyrsiflorus,ForestWetRich
202830,Rumex thyrsiflorus,ForestWetRich
202831,Rumex thyrsiflorus,ForestWetRich
202832,Rumex thyrsiflorus,ForestWetRich
202833,Rumex thyrsiflorus,ForestWetRich
202834,Rumex thyrsiflorus,ForestWetRich
202835,Rumex thyrsiflorus,ForestWetRich
202836,Rumex thyrsiflorus,ForestWetRich
202837,Rumex thyrsiflorus,ForestWetRich
202838,Rumex thyrsiflorus,ForestWetRich
203383,Rumex thyrsiflorus,ForestWetRich
203384,Rumex thyrsiflorus,ForestWetRich
203385,Rumex thyrsiflorus,ForestWetRich
203386,Rumex thyrsiflorus,ForestWetRich
203387,Rumex thyrsiflorus,ForestWetRich
203388,Rumex thyrsiflorus,ForestWetRich
203389,Rumex thyrsiflorus,ForestWetRich
203390,Rumex thyrsiflorus,ForestWetRich
203391,Rumex thyrsiflorus,ForestWetRich
203392,Rumex thyrsiflorus,ForestWetRich
203393,Rumex thyrsiflorus,ForestWetRich
203394,Rumex thyrsiflorus,ForestWetRich
203395,Rumex thyrsiflorus,ForestWetRich
203396,Rumex thyrsiflorus,ForestWetRich
203397,Rumex thyrsiflorus,ForestWetRich
203398,Rumex thyrsiflorus,ForestWetRich
203399,Rumex thyrsiflorus,ForestWetRich
203400,Rumex thyrsiflorus,ForestWetRich
203401,Rumex thyrsiflorus,ForestWetRich
203402,Rumex thyrsiflorus,ForestWetRich
203403,Rumex thyrsiflorus,ForestWetRich
203404,Rumex thyrsiflorus,ForestWetRich
203405,Rumex thyrsiflorus,ForestWetRich
203406,Rumex thyrsiflorus,ForestWetRich
203407,Rumex thyrsiflorus,ForestWetRich
203408,Rumex thyrsiflorus,ForestWetRich
203409,Rumex thyrsiflorus,ForestWetRich
203410,Rumex thyrsiflorus,ForestWetRich
203411,Rumex thyrsiflorus,ForestWetRich
203412,Rumex thyrsiflorus,ForestWetRich
203413,Rumex thyrsiflorus,ForestWetRich
203414,Rumex thyrsiflorus,ForestWetRich
203415,Rumex thyrsiflorus,ForestWetRich
203416,Rumex thyrsiflorus,ForestWetRich
203417,Rumex thyrsiflorus,ForestWetRich
203418,Rumex thyrsiflorus,ForestWetRich
203419,Rumex thyrsiflorus,ForestWetRich
203420,Rumex thyrsiflorus,ForestWetRich
203421,Rumex thyrsiflorus,ForestWetRich
203422,Rumex thyrsiflorus,ForestWetRich
203423,Rumex thyrsiflorus,ForestWetRich
203424,Rumex thyrsiflorus,ForestWetRich
203425,Rumex thyrsiflorus,ForestWetRich
203426,Rumex thyrsiflorus,ForestWetRich
203427,Rumex thyrsiflorus,ForestWetRich
203428,Rumex thyrsiflorus,ForestWetRich
203429,Rumex thyrsiflorus,ForestWetRich
203430,Rumex thyrsiflorus,ForestWetRich
203431,Rumex thyrsiflorus,ForestWetRich
203432,Rumex thyrsiflorus,ForestWetRich
203433,Rumex thyrsiflorus,ForestWetRich
203434,Rumex thyrsiflorus,ForestWetRich
203435,Rumex thyrsiflorus,ForestWetRich
203436,Rumex thyrsiflorus,ForestWetRich
203437,Rumex thyrsiflorus,ForestWetRich
203982,Rumex thyrsiflorus,ForestWetRich
203983,Rumex thyrsiflorus,ForestWetRich
203984,Rumex thyrsiflorus,ForestWetRich
203985,Rumex thyrsiflorus,ForestWetRich
203986,Rumex thyrsiflorus,ForestWetRich
203987,Rumex thyrsiflorus,ForestWetRich
203988,Rumex thyrsiflorus,ForestWetRich
203989,Rumex thyrsiflorus,ForestWetRich
203990,Rumex thyrsiflorus,ForestWetRich
203991,Rumex thyrsiflorus,ForestWetRich
203992,Rumex thyrsiflorus,ForestWetRich
203993,Rumex thyrsiflorus,ForestWetRich
203994,Rumex thyrsiflorus,ForestWetRich
203995,Rumex thyrsiflorus,ForestWetRich
203996,Rumex thyrsiflorus,ForestWetRich
203997,Rumex thyrsiflorus,ForestWetRich
203998,Rumex thyrsiflorus,ForestWetRich
203999,Rumex thyrsiflorus,ForestWetRich
204000,Rumex thyrsiflorus,ForestWetRich
204001,Rumex thyrsiflorus,ForestWetRich
204002,Rumex thyrsiflorus,ForestWetRich
204003,Rumex thyrsiflorus,ForestWetRich
204004,Rumex thyrsiflorus,ForestWetRich
204005,Rumex thyrsiflorus,ForestWetRich
204006,Rumex thyrsiflorus,ForestWetRich
204007,Rumex thyrsiflorus,ForestWetRich
204008,Rumex thyrsiflorus,ForestWetRich
204009,Rumex thyrsiflorus,ForestWetRich
204010,Rumex thyrsiflorus,ForestWetRich
204011,Rumex thyrsiflorus,ForestWetRich
204012,Rumex thyrsiflorus,ForestWetRich
204013,Rumex thyrsiflorus,ForestWetRich
204014,Rumex thyrsiflorus,ForestWetRich
204015,Rumex thyrsiflorus,ForestWetRich
204016,Rumex thyrsiflorus,ForestWetRich
204017,Rumex thyrsiflorus,ForestWetRich
204018,Rumex thyrsiflorus,ForestWetRich
204019,Rumex thyrsiflorus,ForestWetRich
204020,Rumex thyrsiflorus,ForestWetRich
204021,Rumex thyrsiflorus,ForestWetRich
204022,Rumex thyrsiflorus,ForestWetRich
204023,Rumex thyrsiflorus,ForestWetRich
204024,Rumex thyrsiflorus,ForestWetRich
204025,Rumex thyrsiflorus,ForestWetRich
204026,Rumex thyrsiflorus,ForestWetRich
204027,Rumex thyrsiflorus,ForestWetRich
204028,Rumex thyrsiflorus,ForestWetRich
204029,Rumex thyrsiflorus,ForestWetRich
204030,Rumex thyrsiflorus,ForestWetRich
204031,Rumex thyrsiflorus,ForestWetRich
204032,Rumex thyrsiflorus,ForestWetRich
204033,Rumex thyrsiflorus,ForestWetRich
204034,Rumex thyrsiflorus,ForestWetRich
204035,Rumex thyrsiflorus,ForestWetRich
204036,Rumex thyrsiflorus,ForestWetRich
204581,Rumex thyrsiflorus,ForestWetRich
204582,Rumex thyrsiflorus,ForestWetRich
204583,Rumex thyrsiflorus,ForestWetRich
204584,Rumex thyrsiflorus,ForestWetRich
204585,Rumex thyrsiflorus,ForestWetRich
204586,Rumex thyrsiflorus,ForestWetRich
204587,Rumex thyrsiflorus,ForestWetRich
204588,Rumex thyrsiflorus,ForestWetRich
204589,Rumex thyrsiflorus,ForestWetRich
204590,Rumex thyrsiflorus,ForestWetRich
204591,Rumex thyrsiflorus,ForestWetRich
204592,Rumex thyrsiflorus,ForestWetRich
204593,Rumex thyrsiflorus,ForestWetRich
204594,Rumex thyrsiflorus,ForestWetRich
204595,Rumex thyrsiflorus,ForestWetRich
204596,Rumex thyrsiflorus,ForestWetRich
204597,Rumex thyrsiflorus,ForestWetRich
204598,Rumex thyrsiflorus,ForestWetRich
204599,Rumex thyrsiflorus,ForestWetRich
204600,Rumex thyrsiflorus,ForestWetRich
204601,Rumex thyrsiflorus,ForestWetRich
204602,Rumex thyrsiflorus,ForestWetRich
204603,Rumex thyrsiflorus,ForestWetRich
204604,Rumex thyrsiflorus,ForestWetRich
204605,Rumex thyrsiflorus,ForestWetRich
204606,Rumex thyrsiflorus,ForestWetRich
204607,Rumex thyrsiflorus,ForestWetRich
204608,Rumex thyrsiflorus,ForestWetRich
204609,Rumex thyrsiflorus,ForestWetRich
204610,Rumex thyrsiflorus,ForestWetRich
204611,Rumex thyrsiflorus,ForestWetRich
204612,Rumex thyrsiflorus,ForestWetRich
204613,Rumex thyrsiflorus,ForestWetRich
204614,Rumex thyrsiflorus,ForestWetRich
204615,Rumex thyrsiflorus,ForestWetRich
204616,Rumex thyrsiflorus,ForestWetRich
204617,Rumex thyrsiflorus,ForestWetRich
204618,Rumex thyrsiflorus,ForestWetRich
204619,Rumex thyrsiflorus,ForestWetRich
204620,Rumex thyrsiflorus,ForestWetRich
204621,Rumex thyrsiflorus,ForestWetRich
204622,Rumex thyrsiflorus,ForestWetRich
204623,Rumex thyrsiflorus,ForestWetRich
204624,Rumex thyrsiflorus,ForestWetRich
204625,Rumex thyrsiflorus,ForestWetRich
204626,Rumex thyrsiflorus,ForestWetRich
204627,Rumex thyrsiflorus,ForestWetRich
204628,Rumex thyrsiflorus,ForestWetRich
204629,Rumex thyrsiflorus,ForestWetRich
204630,Rumex thyrsiflorus,ForestWetRich
204631,Rumex thyrsiflorus,ForestWetRich
204632,Rumex thyrsiflorus,ForestWetRich
204633,Rumex thyrsiflorus,ForestWetRich
204634,Rumex thyrsiflorus,ForestWetRich
204635,Rumex thyrsiflorus,ForestWetRich
205180,Rumex thyrsiflorus,ForestWetRich
205181,Rumex thyrsiflorus,ForestWetRich
205182,Rumex thyrsiflorus,ForestWetRich
205183,Rumex thyrsiflorus,ForestWetRich
205184,Rumex thyrsiflorus,ForestWetRich
205185,Rumex thyrsiflorus,ForestWetRich
205186,Rumex thyrsiflorus,ForestWetRich
205187,Rumex thyrsiflorus,ForestWetRich
205188,Rumex thyrsiflorus,ForestWetRich
205189,Rumex thyrsiflorus,ForestWetRich
205190,Rumex thyrsiflorus,ForestWetRich
205191,Rumex thyrsiflorus,ForestWetRich
205192,Rumex thyrsiflorus,ForestWetRich
205193,Rumex thyrsiflorus,ForestWetRich
205194,Rumex thyrsiflorus,ForestWetRich
205195,Rumex thyrsiflorus,ForestWetRich
205196,Rumex thyrsiflorus,ForestWetRich
205197,Rumex thyrsiflorus,ForestWetRich
205198,Rumex thyrsiflorus,ForestWetRich
205199,Rumex thyrsiflorus,ForestWetRich
205200,Rumex thyrsiflorus,ForestWetRich
205201,Rumex thyrsiflorus,ForestWetRich
205202,Rumex thyrsiflorus,ForestWetRich
205203,Rumex thyrsiflorus,ForestWetRich
205204,Rumex thyrsiflorus,ForestWetRich
205205,Rumex thyrsiflorus,ForestWetRich
205206,Rumex thyrsiflorus,ForestWetRich
205207,Rumex thyrsiflorus,ForestWetRich
205208,Rumex thyrsiflorus,ForestWetRich
205209,Rumex thyrsiflorus,ForestWetRich
205210,Rumex thyrsiflorus,ForestWetRich
205211,Rumex thyrsiflorus,ForestWetRich
205212,Rumex thyrsiflorus,ForestWetRich
205213,Rumex thyrsiflorus,ForestWetRich
205214,Rumex thyrsiflorus,ForestWetRich
205215,Rumex thyrsiflorus,ForestWetRich
205216,Rumex thyrsiflorus,ForestWetRich
205217,Rumex thyrsiflorus,ForestWetRich
205218,Rumex thyrsiflorus,ForestWetRich
205219,Rumex thyrsiflorus,ForestWetRich
205220,Rumex thyrsiflorus,ForestWetRich
205221,Rumex thyrsiflorus,ForestWetRich
205222,Rumex thyrsiflorus,ForestWetRich
205223,Rumex thyrsiflorus,ForestWetRich
205224,Rumex thyrsiflorus,ForestWetRich
205225,Rumex thyrsiflorus,ForestWetRich
205226,Rumex thyrsiflorus,ForestWetRich
205227,Rumex thyrsiflorus,ForestWetRich
205228,Rumex thyrsiflorus,ForestWetRich
205229,Rumex thyrsiflorus,ForestWetRich
205230,Rumex thyrsiflorus,ForestWetRich
205231,Rumex thyrsiflorus,ForestWetRich
205232,Rumex thyrsiflorus,ForestWetRich
205233,Rumex thyrsiflorus,ForestWetRich
205234,Rumex thyrsiflorus,ForestWetRich
205779,Rumex thyrsiflorus,ForestWetRich
205780,Rumex thyrsiflorus,ForestWetRich
205781,Rumex thyrsiflorus,ForestWetRich
205782,Rumex thyrsiflorus,ForestWetRich
205783,Rumex thyrsiflorus,ForestWetRich
205784,Rumex thyrsiflorus,ForestWetRich
205785,Rumex thyrsiflorus,ForestWetRich
205786,Rumex thyrsiflorus,ForestWetRich
205787,Rumex thyrsiflorus,ForestWetRich
205788,Rumex thyrsiflorus,ForestWetRich
205789,Rumex thyrsiflorus,ForestWetRich
205790,Rumex thyrsiflorus,ForestWetRich
205791,Rumex thyrsiflorus,ForestWetRich
205792,Rumex thyrsiflorus,ForestWetRich
205793,Rumex thyrsiflorus,ForestWetRich
205794,Rumex thyrsiflorus,ForestWetRich
205795,Rumex thyrsiflorus,ForestWetRich
205796,Rumex thyrsiflorus,ForestWetRich
205797,Rumex thyrsiflorus,ForestWetRich
205798,Rumex thyrsiflorus,ForestWetRich
205799,Rumex thyrsiflorus,ForestWetRich
205800,Rumex thyrsiflorus,ForestWetRich
205801,Rumex thyrsiflorus,ForestWetRich
205802,Rumex thyrsiflorus,ForestWetRich
205803,Rumex thyrsiflorus,ForestWetRich
205804,Rumex thyrsiflorus,ForestWetRich
205805,Rumex thyrsiflorus,ForestWetRich
205806,Rumex thyrsiflorus,ForestWetRich
205807,Rumex thyrsiflorus,ForestWetRich
205808,Rumex thyrsiflorus,ForestWetRich
205809,Rumex thyrsiflorus,ForestWetRich
205810,Rumex thyrsiflorus,ForestWetRich
205811,Rumex thyrsiflorus,ForestWetRich
205812,Rumex thyrsiflorus,ForestWetRich
205813,Rumex thyrsiflorus,ForestWetRich
205814,Rumex thyrsiflorus,ForestWetRich
205815,Rumex thyrsiflorus,ForestWetRich
205816,Rumex thyrsiflorus,ForestWetRich
205817,Rumex thyrsiflorus,ForestWetRich
205818,Rumex thyrsiflorus,ForestWetRich
205819,Rumex thyrsiflorus,ForestWetRich
205820,Rumex thyrsiflorus,ForestWetRich
205821,Rumex thyrsiflorus,ForestWetRich
205822,Rumex thyrsiflorus,ForestWetRich
205823,Rumex thyrsiflorus,ForestWetRich
205824,Rumex thyrsiflorus,ForestWetRich
205825,Rumex thyrsiflorus,ForestWetRich
205826,Rumex thyrsiflorus,ForestWetRich
205827,Rumex thyrsiflorus,ForestWetRich
205828,Rumex thyrsiflorus,ForestWetRich
205829,Rumex thyrsiflorus,ForestWetRich
205830,Rumex thyrsiflorus,ForestWetRich
205831,Rumex thyrsiflorus,ForestWetRich
205832,Rumex thyrsiflorus,ForestWetRich
205833,Rumex thyrsiflorus,ForestWetRich
206378,Rumex thyrsiflorus,ForestWetRich
206379,Rumex thyrsiflorus,ForestWetRich
206380,Rumex thyrsiflorus,ForestWetRich
206381,Rumex thyrsiflorus,ForestWetRich
206382,Rumex thyrsiflorus,ForestWetRich
206383,Rumex thyrsiflorus,ForestWetRich
206384,Rumex thyrsiflorus,ForestWetRich
206385,Rumex thyrsiflorus,ForestWetRich
206386,Rumex thyrsiflorus,ForestWetRich
206387,Rumex thyrsiflorus,ForestWetRich
206388,Rumex thyrsiflorus,ForestWetRich
206389,Rumex thyrsiflorus,ForestWetRich
206390,Rumex thyrsiflorus,ForestWetRich
206391,Rumex thyrsiflorus,ForestWetRich
206392,Rumex thyrsiflorus,ForestWetRich
206393,Rumex thyrsiflorus,ForestWetRich
206394,Rumex thyrsiflorus,ForestWetRich
206395,Rumex thyrsiflorus,ForestWetRich
206396,Rumex thyrsiflorus,ForestWetRich
206397,Rumex thyrsiflorus,ForestWetRich
206398,Rumex thyrsiflorus,ForestWetRich
206399,Rumex thyrsiflorus,ForestWetRich
206400,Rumex thyrsiflorus,ForestWetRich
206401,Rumex thyrsiflorus,ForestWetRich
206402,Rumex thyrsiflorus,ForestWetRich
206403,Rumex thyrsiflorus,ForestWetRich
206404,Rumex thyrsiflorus,ForestWetRich
206405,Rumex thyrsiflorus,ForestWetRich
206406,Rumex thyrsiflorus,ForestWetRich
206407,Rumex thyrsiflorus,ForestWetRich
206408,Rumex thyrsiflorus,ForestWetRich
206409,Rumex thyrsiflorus,ForestWetRich
206410,Rumex thyrsiflorus,ForestWetRich
206411,Rumex thyrsiflorus,ForestWetRich
206412,Rumex thyrsiflorus,ForestWetRich
206977,Rumex thyrsiflorus,ForestWetRich
206978,Rumex thyrsiflorus,ForestWetRich
206979,Rumex thyrsiflorus,ForestWetRich
206980,Rumex thyrsiflorus,ForestWetRich
206981,Rumex thyrsiflorus,ForestWetRich
206982,Rumex thyrsiflorus,ForestWetRich
206983,Rumex thyrsiflorus,ForestWetRich
206984,Rumex thyrsiflorus,ForestWetRich
206985,Rumex thyrsiflorus,ForestWetRich
206986,Rumex thyrsiflorus,ForestWetRich
206987,Rumex thyrsiflorus,ForestWetRich
206988,Rumex thyrsiflorus,ForestWetRich
206989,Rumex thyrsiflorus,ForestWetRich
206990,Rumex thyrsiflorus,ForestWetRich
206991,Rumex thyrsiflorus,ForestWetRich
206992,Rumex thyrsiflorus,ForestWetRich
206993,Rumex thyrsiflorus,ForestWetRich
206994,Rumex thyrsiflorus,ForestWetRich
206995,Rumex thyrsiflorus,ForestWetRich
206996,Rumex thyrsiflorus,ForestWetRich
206997,Rumex thyrsiflorus,ForestWetRich
206998,Rumex thyrsiflorus,ForestWetRich
206999,Rumex thyrsiflorus,ForestWetRich
207000,Rumex thyrsiflorus,ForestWetRich
207001,Rumex thyrsiflorus,ForestWetRich
207002,Rumex thyrsiflorus,ForestWetRich
207003,Rumex thyrsiflorus,ForestWetRich
207004,Rumex thyrsiflorus,ForestWetRich
207005,Rumex thyrsiflorus,ForestWetRich
207006,Rumex thyrsiflorus,ForestWetRich
207007,Rumex thyrsiflorus,ForestWetRich
207008,Rumex thyrsiflorus,ForestWetRich
207009,Rumex thyrsiflorus,ForestWetRich
207010,Rumex thyrsiflorus,ForestWetRich
207011,Rumex thyrsiflorus,ForestWetRich
207576,Rumex thyrsiflorus,ForestWetRich
207577,Rumex thyrsiflorus,ForestWetRich
207578,Rumex thyrsiflorus,ForestWetRich
207579,Rumex thyrsiflorus,ForestWetRich
207580,Rumex thyrsiflorus,ForestWetRich
207581,Rumex thyrsiflorus,ForestWetRich
207582,Rumex thyrsiflorus,ForestWetRich
207583,Rumex thyrsiflorus,ForestWetRich
207584,Rumex thyrsiflorus,ForestWetRich
207585,Rumex thyrsiflorus,ForestWetRich
207586,Rumex thyrsiflorus,ForestWetRich
207587,Rumex thyrsiflorus,ForestWetRich
207588,Rumex thyrsiflorus,ForestWetRich
207589,Rumex thyrsiflorus,ForestWetRich
207590,Rumex thyrsiflorus,ForestWetRich
207591,Rumex thyrsiflorus,ForestWetRich
207592,Rumex thyrsiflorus,ForestWetRich
207593,Rumex thyrsiflorus,ForestWetRich
207594,Rumex thyrsiflorus,ForestWetRich
207595,Rumex thyrsiflorus,ForestWetRich
207596,Rumex thyrsiflorus,ForestWetRich
207597,Rumex thyrsiflorus,ForestWetRich
207598,Rumex thyrsiflorus,ForestWetRich
207599,Rumex thyrsiflorus,ForestWetRich
207600,Rumex thyrsiflorus,ForestWetRich
207601,Rumex thyrsiflorus,ForestWetRich
207602,Rumex thyrsiflorus,ForestWetRich
207603,Rumex thyrsiflorus,ForestWetRich
207604,Rumex thyrsiflorus,ForestWetRich
207605,Rumex thyrsiflorus,ForestWetRich
207606,Rumex thyrsiflorus,ForestWetRich
207607,Rumex thyrsiflorus,ForestWetRich
207608,Rumex thyrsiflorus,ForestWetRich
207609,Rumex thyrsiflorus,ForestWetRich
207610,Rumex thyrsiflorus,ForestWetRich
208175,Rumex thyrsiflorus,ForestWetRich
208176,Rumex thyrsiflorus,ForestWetRich
208177,Rumex thyrsiflorus,ForestWetRich
208178,Rumex thyrsiflorus,ForestWetRich
208179,Rumex thyrsiflorus,ForestWetRich
208180,Rumex thyrsiflorus,ForestWetRich
208181,Rumex thyrsiflorus,ForestWetRich
208182,Rumex thyrsiflorus,ForestWetRich
208183,Rumex thyrsiflorus,ForestWetRich
208184,Rumex thyrsiflorus,ForestWetRich
208185,Rumex thyrsiflorus,ForestWetRich
208186,Rumex thyrsiflorus,ForestWetRich
208187,Rumex thyrsiflorus,ForestWetRich
208188,Rumex thyrsiflorus,ForestWetRich
208189,Rumex thyrsiflorus,ForestWetRich
208190,Rumex thyrsiflorus,ForestWetRich
208191,Rumex thyrsiflorus,ForestWetRich
208192,Rumex thyrsiflorus,ForestWetRich
208193,Rumex thyrsiflorus,ForestWetRich
208194,Rumex thyrsiflorus,ForestWetRich
208195,Rumex thyrsiflorus,ForestWetRich
208196,Rumex thyrsiflorus,ForestWetRich
208197,Rumex thyrsiflorus,ForestWetRich
208198,Rumex thyrsiflorus,ForestWetRich
208199,Rumex thyrsiflorus,ForestWetRich
208200,Rumex thyrsiflorus,ForestWetRich
208201,Rumex thyrsiflorus,ForestWetRich
208202,Rumex thyrsiflorus,ForestWetRich
208203,Rumex thyrsiflorus,ForestWetRich
208204,Rumex thyrsiflorus,ForestWetRich
208205,Rumex thyrsiflorus,ForestWetRich
208206,Rumex thyrsiflorus,ForestWetRich
208207,Rumex thyrsiflorus,ForestWetRich
208208,Rumex thyrsiflorus,ForestWetRich
208209,Rumex thyrsiflorus,ForestWetRich
208774,Rumex thyrsiflorus,ForestWetRich
208775,Rumex thyrsiflorus,ForestWetRich
208776,Rumex thyrsiflorus,ForestWetRich
208777,Rumex thyrsiflorus,ForestWetRich
208778,Rumex thyrsiflorus,ForestWetRich
208779,Rumex thyrsiflorus,ForestWetRich
208780,Rumex thyrsiflorus,ForestWetRich
208781,Rumex thyrsiflorus,ForestWetRich
208782,Rumex thyrsiflorus,ForestWetRich
208783,Rumex thyrsiflorus,ForestWetRich
208784,Rumex thyrsiflorus,ForestWetRich
208785,Rumex thyrsiflorus,ForestWetRich
208786,Rumex thyrsiflorus,ForestWetRich
208787,Rumex thyrsiflorus,ForestWetRich
208788,Rumex thyrsiflorus,ForestWetRich
208789,Rumex thyrsiflorus,ForestWetRich
208790,Rumex thyrsiflorus,ForestWetRich
208791,Rumex thyrsiflorus,ForestWetRich
208792,Rumex thyrsiflorus,ForestWetRich
208793,Rumex thyrsiflorus,ForestWetRich
208794,Rumex thyrsiflorus,ForestWetRich
208795,Rumex thyrsiflorus,ForestWetRich
208796,Rumex thyrsiflorus,ForestWetRich
208797,Rumex thyrsiflorus,ForestWetRich
208798,Rumex thyrsiflorus,ForestWetRich
208799,Rumex thyrsiflorus,ForestWetRich
208800,Rumex thyrsiflorus,ForestWetRich
208801,Rumex thyrsiflorus,ForestWetRich
208802,Rumex thyrsiflorus,ForestWetRich
208803,Rumex thyrsiflorus,ForestWetRich
208804,Rumex thyrsiflorus,ForestWetRich
208805,Rumex thyrsiflorus,ForestWetRich
208806,Rumex thyrsiflorus,ForestWetRich
208807,Rumex thyrsiflorus,ForestWetRich
208808,Rumex thyrsiflorus,ForestWetRich
209374,Rumex thyrsiflorus,ForestWetRich
209375,Rumex thyrsiflorus,ForestWetRich
209376,Rumex thyrsiflorus,ForestWetRich
209377,Rumex thyrsiflorus,ForestWetRich
209378,Rumex thyrsiflorus,ForestWetRich
209379,Rumex thyrsiflorus,ForestWetRich
209380,Rumex thyrsiflorus,ForestWetRich
209381,Rumex thyrsiflorus,ForestWetRich
209382,Rumex thyrsiflorus,ForestWetRich
209383,Rumex thyrsiflorus,ForestWetRich
209384,Rumex thyrsiflorus,ForestWetRich
209385,Rumex thyrsiflorus,ForestWetRich
209386,Rumex thyrsiflorus,ForestWetRich
209387,Rumex thyrsiflorus,ForestWetRich
209388,Rumex thyrsiflorus,ForestWetRich
209389,Rumex thyrsiflorus,ForestWetRich
209390,Rumex thyrsiflorus,ForestWetRich
209391,Rumex thyrsiflorus,ForestWetRich
209392,Rumex thyrsiflorus,ForestWetRich
209393,Rumex thyrsiflorus,ForestWetRich
209394,Rumex thyrsiflorus,ForestWetRich
209395,Rumex thyrsiflorus,ForestWetRich
209396,Rumex thyrsiflorus,ForestWetRich
209397,Rumex thyrsiflorus,ForestWetRich
209398,Rumex thyrsiflorus,ForestWetRich
209399,Rumex thyrsiflorus,ForestWetRich
209400,Rumex thyrsiflorus,ForestWetRich
209401,Rumex thyrsiflorus,ForestWetRich
209402,Rumex thyrsiflorus,ForestWetRich
209403,Rumex thyrsiflorus,ForestWetRich
209404,Rumex thyrsiflorus,ForestWetRich
209405,Rumex thyrsiflorus,ForestWetRich
209406,Rumex thyrsiflorus,ForestWetRich
209407,Rumex thyrsiflorus,ForestWetRich
209973,Rumex thyrsiflorus,ForestWetRich
209974,Rumex thyrsiflorus,ForestWetRich
209975,Rumex thyrsiflorus,ForestWetRich
209976,Rumex thyrsiflorus,ForestWetRich
209977,Rumex thyrsiflorus,ForestWetRich
209978,Rumex thyrsiflorus,ForestWetRich
209979,Rumex thyrsiflorus,ForestWetRich
209980,Rumex thyrsiflorus,ForestWetRich
209981,Rumex thyrsiflorus,ForestWetRich
209982,Rumex thyrsiflorus,ForestWetRich
209983,Rumex thyrsiflorus,ForestWetRich
209984,Rumex thyrsiflorus,ForestWetRich
209985,Rumex thyrsiflorus,ForestWetRich
209986,Rumex thyrsiflorus,ForestWetRich
209987,Rumex thyrsiflorus,ForestWetRich
209988,Rumex thyrsiflorus,ForestWetRich
209989,Rumex thyrsiflorus,ForestWetRich
209990,Rumex thyrsiflorus,ForestWetRich
209991,Rumex thyrsiflorus,ForestWetRich
209992,Rumex thyrsiflorus,ForestWetRich
209993,Rumex thyrsiflorus,ForestWetRich
209994,Rumex thyrsiflorus,ForestWetRich
209995,Rumex thyrsiflorus,ForestWetRich
209996,Rumex thyrsiflorus,ForestWetRich
209997,Rumex thyrsiflorus,ForestWetRich
209998,Rumex thyrsiflorus,ForestWetRich
209999,Rumex thyrsiflorus,ForestWetRich
210000,Rumex thyrsiflorus,ForestWetRich
210001,Rumex thyrsiflorus,ForestWetRich
210002,Rumex thyrsiflorus,ForestWetRich
210003,Rumex thyrsiflorus,ForestWetRich
210004,Rumex thyrsiflorus,ForestWetRich
210005,Rumex thyrsiflorus,ForestWetRich
210006,Rumex thyrsiflorus,ForestWetRich
210572,Rumex thyrsiflorus,ForestWetRich
210573,Rumex thyrsiflorus,ForestWetRich
210574,Rumex thyrsiflorus,ForestWetRich
210575,Rumex thyrsiflorus,ForestWetRich
210576,Rumex thyrsiflorus,ForestWetRich
210577,Rumex thyrsiflorus,ForestWetRich
210578,Rumex thyrsiflorus,ForestWetRich
210579,Rumex thyrsiflorus,ForestWetRich
210580,Rumex thyrsiflorus,ForestWetRich
210581,Rumex thyrsiflorus,ForestWetRich
210582,Rumex thyrsiflorus,ForestWetRich
210583,Rumex thyrsiflorus,ForestWetRich
210584,Rumex thyrsiflorus,ForestWetRich
210585,Rumex thyrsiflorus,ForestWetRich
210586,Rumex thyrsiflorus,ForestWetRich
210587,Rumex thyrsiflorus,ForestWetRich
210588,Rumex thyrsiflorus,ForestWetRich
210589,Rumex thyrsiflorus,ForestWetRich
210590,Rumex thyrsiflorus,ForestWetRich
210591,Rumex thyrsiflorus,ForestWetRich
210592,Rumex thyrsiflorus,ForestWetRich
210593,Rumex thyrsiflorus,ForestWetRich
210594,Rumex thyrsiflorus,ForestWetRich
210595,Rumex thyrsiflorus,ForestWetRich
210596,Rumex thyrsiflorus,ForestWetRich
210597,Rumex thyrsiflorus,ForestWetRich
210598,Rumex thyrsiflorus,ForestWetRich
210599,Rumex thyrsiflorus,ForestWetRich
210600,Rumex thyrsiflorus,ForestWetRich
210601,Rumex thyrsiflorus,ForestWetRich
210602,Rumex thyrsiflorus,ForestWetRich
210603,Rumex thyrsiflorus,ForestWetRich
210604,Rumex thyrsiflorus,ForestWetRich
210605,Rumex thyrsiflorus,ForestWetRich
211171,Rumex thyrsiflorus,ForestWetRich
211172,Rumex thyrsiflorus,ForestWetRich
211173,Rumex thyrsiflorus,ForestWetRich
211174,Rumex thyrsiflorus,ForestWetRich
211175,Rumex thyrsiflorus,ForestWetRich
211176,Rumex thyrsiflorus,ForestWetRich
211177,Rumex thyrsiflorus,ForestWetRich
211178,Rumex thyrsiflorus,ForestWetRich
211179,Rumex thyrsiflorus,ForestWetRich
211180,Rumex thyrsiflorus,ForestWetRich
211181,Rumex thyrsiflorus,ForestWetRich
211182,Rumex thyrsiflorus,ForestWetRich
211183,Rumex thyrsiflorus,ForestWetRich
211184,Rumex thyrsiflorus,ForestWetRich
211185,Rumex thyrsiflorus,ForestWetRich
211186,Rumex thyrsiflorus,ForestWetRich
211187,Rumex thyrsiflorus,ForestWetRich
211188,Rumex thyrsiflorus,ForestWetRich
211189,Rumex thyrsiflorus,ForestWetRich
211190,Rumex thyrsiflorus,ForestWetRich
211191,Rumex thyrsiflorus,ForestWetRich
211192,Rumex thyrsiflorus,ForestWetRich
211193,Rumex thyrsiflorus,ForestWetRich
211194,Rumex thyrsiflorus,ForestWetRich
211195,Rumex thyrsiflorus,ForestWetRich
211196,Rumex thyrsiflorus,ForestWetRich
211197,Rumex thyrsiflorus,ForestWetRich
211198,Rumex thyrsiflorus,ForestWetRich
211199,Rumex thyrsiflorus,ForestWetRich
211200,Rumex thyrsiflorus,ForestWetRich
211201,Rumex thyrsiflorus,ForestWetRich
211202,Rumex thyrsiflorus,ForestWetRich
211203,Rumex thyrsiflorus,ForestWetRich
211204,Rumex thyrsiflorus,ForestWetRich
211771,Rumex thyrsiflorus,ForestWetRich
211772,Rumex thyrsiflorus,ForestWetRich
211773,Rumex thyrsiflorus,ForestWetRich
211774,Rumex thyrsiflorus,ForestWetRich
211775,Rumex thyrsiflorus,ForestWetRich
211776,Rumex thyrsiflorus,ForestWetRich
211777,Rumex thyrsiflorus,ForestWetRich
211778,Rumex thyrsiflorus,ForestWetRich
211779,Rumex thyrsiflorus,ForestWetRich
211780,Rumex thyrsiflorus,ForestWetRich
211781,Rumex thyrsiflorus,ForestWetRich
211782,Rumex thyrsiflorus,ForestWetRich
211783,Rumex thyrsiflorus,ForestWetRich
211784,Rumex thyrsiflorus,ForestWetRich
211785,Rumex thyrsiflorus,ForestWetRich
211786,Rumex thyrsiflorus,ForestWetRich
211787,Rumex thyrsiflorus,ForestWetRich
211788,Rumex thyrsiflorus,ForestWetRich
211789,Rumex thyrsiflorus,ForestWetRich
211790,Rumex thyrsiflorus,ForestWetRich
211791,Rumex thyrsiflorus,ForestWetRich
211792,Rumex thyrsiflorus,ForestWetRich
211793,Rumex thyrsiflorus,ForestWetRich
211794,Rumex thyrsiflorus,ForestWetRich
211795,Rumex thyrsiflorus,ForestWetRich
211796,Rumex thyrsiflorus,ForestWetRich
211797,Rumex thyrsiflorus,ForestWetRich
211798,Rumex thyrsiflorus,ForestWetRich
211799,Rumex thyrsiflorus,ForestWetRich
211800,Rumex thyrsiflorus,ForestWetRich
211801,Rumex thyrsiflorus,ForestWetRich
211802,Rumex thyrsiflorus,ForestWetRich
211803,Rumex thyrsiflorus,ForestWetRich
212370,Rumex thyrsiflorus,ForestWetRich
212371,Rumex thyrsiflorus,ForestWetRich
212372,Rumex thyrsiflorus,ForestWetRich
212373,Rumex thyrsiflorus,ForestWetRich
212374,Rumex thyrsiflorus,ForestWetRich
212375,Rumex thyrsiflorus,ForestWetRich
212376,Rumex thyrsiflorus,ForestWetRich
212377,Rumex thyrsiflorus,ForestWetRich
212378,Rumex thyrsiflorus,ForestWetRich
212379,Rumex thyrsiflorus,ForestWetRich
212380,Rumex thyrsiflorus,ForestWetRich
212381,Rumex thyrsiflorus,ForestWetRich
212382,Rumex thyrsiflorus,ForestWetRich
212383,Rumex thyrsiflorus,ForestWetRich
212384,Rumex thyrsiflorus,ForestWetRich
212385,Rumex thyrsiflorus,ForestWetRich
212386,Rumex thyrsiflorus,ForestWetRich
212387,Rumex thyrsiflorus,ForestWetRich
212388,Rumex thyrsiflorus,ForestWetRich
212389,Rumex thyrsiflorus,ForestWetRich
212390,Rumex thyrsiflorus,ForestWetRich
212391,Rumex thyrsiflorus,ForestWetRich
212392,Rumex thyrsiflorus,ForestWetRich
212393,Rumex thyrsiflorus,ForestWetRich
212394,Rumex thyrsiflorus,ForestWetRich
212395,Rumex thyrsiflorus,ForestWetRich
212396,Rumex thyrsiflorus,ForestWetRich
212397,Rumex thyrsiflorus,ForestWetRich
212398,Rumex thyrsiflorus,ForestWetRich
212399,Rumex thyrsiflorus,ForestWetRich
212400,Rumex thyrsiflorus,ForestWetRich
212401,Rumex thyrsiflorus,ForestWetRich
212402,Rumex thyrsiflorus,ForestWetRich
212969,Rumex thyrsiflorus,ForestWetRich
212970,Rumex thyrsiflorus,ForestWetRich
212971,Rumex thyrsiflorus,ForestWetRich
212972,Rumex thyrsiflorus,ForestWetRich
212973,Rumex thyrsiflorus,ForestWetRich
212974,Rumex thyrsiflorus,ForestWetRich
212975,Rumex thyrsiflorus,ForestWetRich
212976,Rumex thyrsiflorus,ForestWetRich
212977,Rumex thyrsiflorus,ForestWetRich
212978,Rumex thyrsiflorus,ForestWetRich
212979,Rumex thyrsiflorus,ForestWetRich
212980,Rumex thyrsiflorus,ForestWetRich
212981,Rumex thyrsiflorus,ForestWetRich
212982,Rumex thyrsiflorus,ForestWetRich
212983,Rumex thyrsiflorus,ForestWetRich
212984,Rumex thyrsiflorus,ForestWetRich
212985,Rumex thyrsiflorus,ForestWetRich
212986,Rumex thyrsiflorus,ForestWetRich
212987,Rumex thyrsiflorus,ForestWetRich
212988,Rumex thyrsiflorus,ForestWetRich
212989,Rumex thyrsiflorus,ForestWetRich
212990,Rumex thyrsiflorus,ForestWetRich
212991,Rumex thyrsiflorus,ForestWetRich
212992,Rumex thyrsiflorus,ForestWetRich
212993,Rumex thyrsiflorus,ForestWetRich
212994,Rumex thyrsiflorus,ForestWetRich
212995,Rumex thyrsiflorus,ForestWetRich
212996,Rumex thyrsiflorus,ForestWetRich
212997,Rumex thyrsiflorus,ForestWetRich
212998,Rumex thyrsiflorus,ForestWetRich
212999,Rumex thyrsiflorus,ForestWetRich
213000,Rumex thyrsiflorus,ForestWetRich
213001,Rumex thyrsiflorus,ForestWetRich
213568,Rumex thyrsiflorus,ForestWetRich
213569,Rumex thyrsiflorus,ForestWetRich
213570,Rumex thyrsiflorus,ForestWetRich
213571,Rumex thyrsiflorus,ForestWetRich
213572,Rumex thyrsiflorus,ForestWetRich
213573,Rumex thyrsiflorus,ForestWetRich
213574,Rumex thyrsiflorus,ForestWetRich
213575,Rumex thyrsiflorus,ForestWetRich
213576,Rumex thyrsiflorus,ForestWetRich
213577,Rumex thyrsiflorus,ForestWetRich
213578,Rumex thyrsiflorus,ForestWetRich
213579,Rumex thyrsiflorus,ForestWetRich
213580,Rumex thyrsiflorus,ForestWetRich
213581,Rumex thyrsiflorus,ForestWetRich
213582,Rumex thyrsiflorus,ForestWetRich
213583,Rumex thyrsiflorus,ForestWetRich
213584,Rumex thyrsiflorus,ForestWetRich
213585,Rumex thyrsiflorus,ForestWetRich
213586,Rumex thyrsiflorus,ForestWetRich
213587,Rumex thyrsiflorus,ForestWetRich
213588,Rumex thyrsiflorus,ForestWetRich
213589,Rumex thyrsiflorus,ForestWetRich
213590,Rumex thyrsiflorus,ForestWetRich
213591,Rumex thyrsiflorus,ForestWetRich
213592,Rumex thyrsiflorus,ForestWetRich
213593,Rumex thyrsiflorus,ForestWetRich
213594,Rumex thyrsiflorus,ForestWetRich
213595,Rumex thyrsiflorus,ForestWetRich
213596,Rumex thyrsiflorus,ForestWetRich
213597,Rumex thyrsiflorus,ForestWetRich
213598,Rumex thyrsiflorus,ForestWetRich
213599,Rumex thyrsiflorus,ForestWetRich
213600,Rumex thyrsiflorus,ForestWetRich
214168,Rumex thyrsiflorus,ForestWetRich
214169,Rumex thyrsiflorus,ForestWetRich
214170,Rumex thyrsiflorus,ForestWetRich
214171,Rumex thyrsiflorus,ForestWetRich
214172,Rumex thyrsiflorus,ForestWetRich
214173,Rumex thyrsiflorus,ForestWetRich
214174,Rumex thyrsiflorus,ForestWetRich
214175,Rumex thyrsiflorus,ForestWetRich
214176,Rumex thyrsiflorus,ForestWetRich
214177,Rumex thyrsiflorus,ForestWetRich
214178,Rumex thyrsiflorus,ForestWetRich
214179,Rumex thyrsiflorus,ForestWetRich
214180,Rumex thyrsiflorus,ForestWetRich
214181,Rumex thyrsiflorus,ForestWetRich
214182,Rumex thyrsiflorus,ForestWetRich
214183,Rumex thyrsiflorus,ForestWetRich
214184,Rumex thyrsiflorus,ForestWetRich
214185,Rumex thyrsiflorus,ForestWetRich
214186,Rumex thyrsiflorus,ForestWetRich
214187,Rumex thyrsiflorus,ForestWetRich
214188,Rumex thyrsiflorus,ForestWetRich
214189,Rumex thyrsiflorus,ForestWetRich
214190,Rumex thyrsiflorus,ForestWetRich
214191,Rumex thyrsiflorus,ForestWetRich
214192,Rumex thyrsiflorus,ForestWetRich
214193,Rumex thyrsiflorus,ForestWetRich
214194,Rumex thyrsiflorus,ForestWetRich
214195,Rumex thyrsiflorus,ForestWetRich
214196,Rumex thyrsiflorus,ForestWetRich
214197,Rumex thyrsiflorus,ForestWetRich
214198,Rumex thyrsiflorus,ForestWetRich
214199,Rumex thyrsiflorus,ForestWetRich
214767,Rumex thyrsiflorus,ForestWetRich
214768,Rumex thyrsiflorus,ForestWetRich
214769,Rumex thyrsiflorus,ForestWetRich
214770,Rumex thyrsiflorus,ForestWetRich
214771,Rumex thyrsiflorus,ForestWetRich
214772,Rumex thyrsiflorus,ForestWetRich
214773,Rumex thyrsiflorus,ForestWetRich
214774,Rumex thyrsiflorus,ForestWetRich
214775,Rumex thyrsiflorus,ForestWetRich
214776,Rumex thyrsiflorus,ForestWetRich
214777,Rumex thyrsiflorus,ForestWetRich
214778,Rumex thyrsiflorus,ForestWetRich
214779,Rumex thyrsiflorus,ForestWetRich
214780,Rumex thyrsiflorus,ForestWetRich
214781,Rumex thyrsiflorus,ForestWetRich
214782,Rumex thyrsiflorus,ForestWetRich
214783,Rumex thyrsiflorus,ForestWetRich
214784,Rumex thyrsiflorus,ForestWetRich
214785,Rumex thyrsiflorus,ForestWetRich
214786,Rumex thyrsiflorus,ForestWetRich
214787,Rumex thyrsiflorus,ForestWetRich
214788,Rumex thyrsiflorus,ForestWetRich
214789,Rumex thyrsiflorus,ForestWetRich
214790,Rumex thyrsiflorus,ForestWetRich
214791,Rumex thyrsiflorus,ForestWetRich
214792,Rumex thyrsiflorus,ForestWetRich
214793,Rumex thyrsiflorus,ForestWetRich
214794,Rumex thyrsiflorus,ForestWetRich
214795,Rumex thyrsiflorus,ForestWetRich
214796,Rumex thyrsiflorus,ForestWetRich
214797,Rumex thyrsiflorus,ForestWetRich
214798,Rumex thyrsiflorus,ForestWetRich
215367,Rumex thyrsiflorus,ForestWetRich
215368,Rumex thyrsiflorus,ForestWetRich
215369,Rumex thyrsiflorus,ForestWetRich
215370,Rumex thyrsiflorus,ForestWetRich
215371,Rumex thyrsiflorus,ForestWetRich
215372,Rumex thyrsiflorus,ForestWetRich
215373,Rumex thyrsiflorus,ForestWetRich
215374,Rumex thyrsiflorus,ForestWetRich
215375,Rumex thyrsiflorus,ForestWetRich
215376,Rumex thyrsiflorus,ForestWetRich
215377,Rumex thyrsiflorus,ForestWetRich
215378,Rumex thyrsiflorus,ForestWetRich
215379,Rumex thyrsiflorus,ForestWetRich
215380,Rumex thyrsiflorus,ForestWetRich
215381,Rumex thyrsiflorus,ForestWetRich
215382,Rumex thyrsiflorus,ForestWetRich
215383,Rumex thyrsiflorus,ForestWetRich
215384,Rumex thyrsiflorus,ForestWetRich
215385,Rumex thyrsiflorus,ForestWetRich
215386,Rumex thyrsiflorus,ForestWetRich
215387,Rumex thyrsiflorus,ForestWetRich
215388,Rumex thyrsiflorus,ForestWetRich
215389,Rumex thyrsiflorus,ForestWetRich
215390,Rumex thyrsiflorus,ForestWetRich
215391,Rumex thyrsiflorus,ForestWetRich
215392,Rumex thyrsiflorus,ForestWetRich
215393,Rumex thyrsiflorus,ForestWetRich
215394,Rumex thyrsiflorus,ForestWetRich
215395,Rumex thyrsiflorus,ForestWetRich
215396,Rumex thyrsiflorus,ForestWetRich
215397,Rumex thyrsiflorus,ForestWetRich
215966,Rumex thyrsiflorus,ForestWetRich
215967,Rumex thyrsiflorus,ForestWetRich
215968,Rumex thyrsiflorus,ForestWetRich
215969,Rumex thyrsiflorus,ForestWetRich
215970,Rumex thyrsiflorus,ForestWetRich
215971,Rumex thyrsiflorus,ForestWetRich
215972,Rumex thyrsiflorus,ForestWetRich
215973,Rumex thyrsiflorus,ForestWetRich
215974,Rumex thyrsiflorus,ForestWetRich
215975,Rumex thyrsiflorus,ForestWetRich
215976,Rumex thyrsiflorus,ForestWetRich
215977,Rumex thyrsiflorus,ForestWetRich
215978,Rumex thyrsiflorus,ForestWetRich
215979,Rumex thyrsiflorus,ForestWetRich
215980,Rumex thyrsiflorus,ForestWetRich
215981,Rumex thyrsiflorus,ForestWetRich
215982,Rumex thyrsiflorus,ForestWetRich
215983,Rumex thyrsiflorus,ForestWetRich
215984,Rumex thyrsiflorus,ForestWetRich
215985,Rumex thyrsiflorus,ForestWetRich
215986,Rumex thyrsiflorus,ForestWetRich
215987,Rumex thyrsiflorus,ForestWetRich
215988,Rumex thyrsiflorus,ForestWetRich
215989,Rumex thyrsiflorus,ForestWetRich
215990,Rumex thyrsiflorus,ForestWetRich
215991,Rumex thyrsiflorus,ForestWetRich
215992,Rumex thyrsiflorus,ForestWetRich
215993,Rumex thyrsiflorus,ForestWetRich
215994,Rumex thyrsiflorus,ForestWetRich
215995,Rumex thyrsiflorus,ForestWetRich
215996,Rumex thyrsiflorus,ForestWetRich
216565,Rumex thyrsiflorus,ForestWetRich
216566,Rumex thyrsiflorus,ForestWetRich
216567,Rumex thyrsiflorus,ForestWetRich
216568,Rumex thyrsiflorus,ForestWetRich
216569,Rumex thyrsiflorus,ForestWetRich
216570,Rumex thyrsiflorus,ForestWetRich
216571,Rumex thyrsiflorus,ForestWetRich
216572,Rumex thyrsiflorus,ForestWetRich
216573,Rumex thyrsiflorus,ForestWetRich
216574,Rumex thyrsiflorus,ForestWetRich
216575,Rumex thyrsiflorus,ForestWetRich
216576,Rumex thyrsiflorus,ForestWetRich
216577,Rumex thyrsiflorus,ForestWetRich
216578,Rumex thyrsiflorus,ForestWetRich
216579,Rumex thyrsiflorus,ForestWetRich
216580,Rumex thyrsiflorus,ForestWetRich
216581,Rumex thyrsiflorus,ForestWetRich
216582,Rumex thyrsiflorus,ForestWetRich
216583,Rumex thyrsiflorus,ForestWetRich
216584,Rumex thyrsiflorus,ForestWetRich
216585,Rumex thyrsiflorus,ForestWetRich
216586,Rumex thyrsiflorus,ForestWetRich
216587,Rumex thyrsiflorus,ForestWetRich
216588,Rumex thyrsiflorus,ForestWetRich
216589,Rumex thyrsiflorus,ForestWetRich
216590,Rumex thyrsiflorus,ForestWetRich
216591,Rumex thyrsiflorus,ForestWetRich
216592,Rumex thyrsiflorus,ForestWetRich
216593,Rumex thyrsiflorus,ForestWetRich
216594,Rumex thyrsiflorus,ForestWetRich
216595,Rumex thyrsiflorus,ForestWetRich
217165,Rumex thyrsiflorus,ForestWetRich
217166,Rumex thyrsiflorus,ForestWetRich
217167,Rumex thyrsiflorus,ForestWetRich
217168,Rumex thyrsiflorus,ForestWetRich
217169,Rumex thyrsiflorus,ForestWetRich
217170,Rumex thyrsiflorus,ForestWetRich
217171,Rumex thyrsiflorus,ForestWetRich
217172,Rumex thyrsiflorus,ForestWetRich
217173,Rumex thyrsiflorus,ForestWetRich
217174,Rumex thyrsiflorus,ForestWetRich
217175,Rumex thyrsiflorus,ForestWetRich
217176,Rumex thyrsiflorus,ForestWetRich
217177,Rumex thyrsiflorus,ForestWetRich
217178,Rumex thyrsiflorus,ForestWetRich
217179,Rumex thyrsiflorus,ForestWetRich
217180,Rumex thyrsiflorus,ForestWetRich
217181,Rumex thyrsiflorus,ForestWetRich
217182,Rumex thyrsiflorus,ForestWetRich
217183,Rumex thyrsiflorus,ForestWetRich
217184,Rumex thyrsiflorus,ForestWetRich
217185,Rumex thyrsiflorus,ForestWetRich
217186,Rumex thyrsiflorus,ForestWetRich
217187,Rumex thyrsiflorus,ForestWetRich
217188,Rumex thyrsiflorus,ForestWetRich
217189,Rumex thyrsiflorus,ForestWetRich
217190,Rumex thyrsiflorus,ForestWetRich
217191,Rumex thyrsiflorus,ForestWetRich
217192,Rumex thyrsiflorus,ForestWetRich
217193,Rumex thyrsiflorus,ForestWetRich
217194,Rumex thyrsiflorus,ForestWetRich
217764,Rumex thyrsiflorus,ForestWetRich
217765,Rumex thyrsiflorus,ForestWetRich
217766,Rumex thyrsiflorus,ForestWetRich
217767,Rumex thyrsiflorus,ForestWetRich
217768,Rumex thyrsiflorus,ForestWetRich
217769,Rumex thyrsiflorus,ForestWetRich
217770,Rumex thyrsiflorus,ForestWetRich
217771,Rumex thyrsiflorus,ForestWetRich
217772,Rumex thyrsiflorus,ForestWetRich
217773,Rumex thyrsiflorus,ForestWetRich
217774,Rumex thyrsiflorus,ForestWetRich
217775,Rumex thyrsiflorus,ForestWetRich
217776,Rumex thyrsiflorus,ForestWetRich
217777,Rumex thyrsiflorus,ForestWetRich
217778,Rumex thyrsiflorus,ForestWetRich
217779,Rumex thyrsiflorus,ForestWetRich
217780,Rumex thyrsiflorus,ForestWetRich
217781,Rumex thyrsiflorus,ForestWetRich
217782,Rumex thyrsiflorus,ForestWetRich
217783,Rumex thyrsiflorus,ForestWetRich
217784,Rumex thyrsiflorus,ForestWetRich
217785,Rumex thyrsiflorus,ForestWetRich
217786,Rumex thyrsiflorus,ForestWetRich
217787,Rumex thyrsiflorus,ForestWetRich
217788,Rumex thyrsiflorus,ForestWetRich
217789,Rumex thyrsiflorus,ForestWetRich
217790,Rumex thyrsiflorus,ForestWetRich
217791,Rumex thyrsiflorus,ForestWetRich
217792,Rumex thyrsiflorus,ForestWetRich
217793,Rumex thyrsiflorus,ForestWetRich
218373,Rumex thyrsiflorus,ForestWetRich
218374,Rumex thyrsiflorus,ForestWetRich
218375,Rumex thyrsiflorus,ForestWetRich
218376,Rumex thyrsiflorus,ForestWetRich
218377,Rumex thyrsiflorus,ForestWetRich
218378,Rumex thyrsiflorus,ForestWetRich
218379,Rumex thyrsiflorus,ForestWetRich
218380,Rumex thyrsiflorus,ForestWetRich
218381,Rumex thyrsiflorus,ForestWetRich
218382,Rumex thyrsiflorus,ForestWetRich
218383,Rumex thyrsiflorus,ForestWetRich
218384,Rumex thyrsiflorus,ForestWetRich
218385,Rumex thyrsiflorus,ForestWetRich
218386,Rumex thyrsiflorus,ForestWetRich
218387,Rumex thyrsiflorus,ForestWetRich
218388,Rumex thyrsiflorus,ForestWetRich
218389,Rumex thyrsiflorus,ForestWetRich
218390,Rumex thyrsiflorus,ForestWetRich
218391,Rumex thyrsiflorus,ForestWetRich
218392,Rumex thyrsiflorus,ForestWetRich
218972,Rumex thyrsiflorus,ForestWetRich
218973,Rumex thyrsiflorus,ForestWetRich
218974,Rumex thyrsiflorus,ForestWetRich
218975,Rumex thyrsiflorus,ForestWetRich
218976,Rumex thyrsiflorus,ForestWetRich
218977,Rumex thyrsiflorus,ForestWetRich
218978,Rumex thyrsiflorus,ForestWetRich
218979,Rumex thyrsiflorus,ForestWetRich
218980,Rumex thyrsiflorus,ForestWetRich
218981,Rumex thyrsiflorus,ForestWetRich
218982,Rumex thyrsiflorus,ForestWetRich
218983,Rumex thyrsiflorus,ForestWetRich
218984,Rumex thyrsiflorus,ForestWetRich
218985,Rumex thyrsiflorus,ForestWetRich
218986,Rumex thyrsiflorus,ForestWetRich
218987,Rumex thyrsiflorus,ForestWetRich
218988,Rumex thyrsiflorus,ForestWetRich
218989,Rumex thyrsiflorus,ForestWetRich
218990,Rumex thyrsiflorus,ForestWetRich
218991,Rumex thyrsiflorus,ForestWetRich
219571,Rumex thyrsiflorus,ForestWetRich
219572,Rumex thyrsiflorus,ForestWetRich
219573,Rumex thyrsiflorus,ForestWetRich
219574,Rumex thyrsiflorus,ForestWetRich
219575,Rumex thyrsiflorus,ForestWetRich
219576,Rumex thyrsiflorus,ForestWetRich
219577,Rumex thyrsiflorus,ForestWetRich
219578,Rumex thyrsiflorus,ForestWetRich
219579,Rumex thyrsiflorus,ForestWetRich
219580,Rumex thyrsiflorus,ForestWetRich
219581,Rumex thyrsiflorus,ForestWetRich
219582,Rumex thyrsiflorus,ForestWetRich
219583,Rumex thyrsiflorus,ForestWetRich
219584,Rumex thyrsiflorus,ForestWetRich
219585,Rumex thyrsiflorus,ForestWetRich
219586,Rumex thyrsiflorus,ForestWetRich
219587,Rumex thyrsiflorus,ForestWetRich
219588,Rumex thyrsiflorus,ForestWetRich
219589,Rumex thyrsiflorus,ForestWetRich
219590,Rumex thyrsiflorus,ForestWetRich
220170,Rumex thyrsiflorus,ForestWetRich
220171,Rumex thyrsiflorus,ForestWetRich
220172,Rumex thyrsiflorus,ForestWetRich
220173,Rumex thyrsiflorus,ForestWetRich
220174,Rumex thyrsiflorus,ForestWetRich
220175,Rumex thyrsiflorus,ForestWetRich
220176,Rumex thyrsiflorus,ForestWetRich
220177,Rumex thyrsiflorus,ForestWetRich
220178,Rumex thyrsiflorus,ForestWetRich
220179,Rumex thyrsiflorus,ForestWetRich
220180,Rumex thyrsiflorus,ForestWetRich
220181,Rumex thyrsiflorus,ForestWetRich
220182,Rumex thyrsiflorus,ForestWetRich
220183,Rumex thyrsiflorus,ForestWetRich
220184,Rumex thyrsiflorus,ForestWetRich
220185,Rumex thyrsiflorus,ForestWetRich
220186,Rumex thyrsiflorus,ForestWetRich
220187,Rumex thyrsiflorus,ForestWetRich
220188,Rumex thyrsiflorus,ForestWetRich
220189,Rumex thyrsiflorus,ForestWetRich
220769,Rumex thyrsiflorus,ForestWetRich
220770,Rumex thyrsiflorus,ForestWetRich
220771,Rumex thyrsiflorus,ForestWetRich
220772,Rumex thyrsiflorus,ForestWetRich
220773,Rumex thyrsiflorus,ForestWetRich
220774,Rumex thyrsiflorus,ForestWetRich
220775,Rumex thyrsiflorus,ForestWetRich
220776,Rumex thyrsiflorus,ForestWetRich
220777,Rumex thyrsiflorus,ForestWetRich
220778,Rumex thyrsiflorus,ForestWetRich
220779,Rumex thyrsiflorus,ForestWetRich
220780,Rumex thyrsiflorus,ForestWetRich
220781,Rumex thyrsiflorus,ForestWetRich
220782,Rumex thyrsiflorus,ForestWetRich
220783,Rumex thyrsiflorus,ForestWetRich
220784,Rumex thyrsiflorus,ForestWetRich
220785,Rumex thyrsiflorus,ForestWetRich
220786,Rumex thyrsiflorus,ForestWetRich
220787,Rumex thyrsiflorus,ForestWetRich
220788,Rumex thyrsiflorus,ForestWetRich
221368,Rumex thyrsiflorus,ForestWetRich
221369,Rumex thyrsiflorus,ForestWetRich
221370,Rumex thyrsiflorus,ForestWetRich
221371,Rumex thyrsiflorus,ForestWetRich
221372,Rumex thyrsiflorus,ForestWetRich
221373,Rumex thyrsiflorus,ForestWetRich
221374,Rumex thyrsiflorus,ForestWetRich
221375,Rumex thyrsiflorus,ForestWetRich
221376,Rumex thyrsiflorus,ForestWetRich
221377,Rumex thyrsiflorus,ForestWetRich
221378,Rumex thyrsiflorus,ForestWetRich
221379,Rumex thyrsiflorus,ForestWetRich
221380,Rumex thyrsiflorus,ForestWetRich
221381,Rumex thyrsiflorus,ForestWetRich
221382,Rumex thyrsiflorus,ForestWetRich
221383,Rumex thyrsiflorus,ForestWetRich
221384,Rumex thyrsiflorus,ForestWetRich
221385,Rumex thyrsiflorus,ForestWetRich
221386,Rumex thyrsiflorus,ForestWetRich
221387,Rumex thyrsiflorus,ForestWetRich
221967,Rumex thyrsiflorus,ForestWetRich
221968,Rumex thyrsiflorus,ForestWetRich
221969,Rumex thyrsiflorus,ForestWetRich
221970,Rumex thyrsiflorus,ForestWetRich
221971,Rumex thyrsiflorus,ForestWetRich
221972,Rumex thyrsiflorus,ForestWetRich
221973,Rumex thyrsiflorus,ForestWetRich
221974,Rumex thyrsiflorus,ForestWetRich
221975,Rumex thyrsiflorus,ForestWetRich
221976,Rumex thyrsiflorus,ForestWetRich
221977,Rumex thyrsiflorus,ForestWetRich
221978,Rumex thyrsiflorus,ForestWetRich
221979,Rumex thyrsiflorus,ForestWetRich
221980,Rumex thyrsiflorus,ForestWetRich
221981,Rumex thyrsiflorus,ForestWetRich
221982,Rumex thyrsiflorus,ForestWetRich
221983,Rumex thyrsiflorus,ForestWetRich
221984,Rumex thyrsiflorus,ForestWetRich
221985,Rumex thyrsiflorus,ForestWetRich
221986,Rumex thyrsiflorus,ForestWetRich
222566,Rumex thyrsiflorus,ForestWetRich
222567,Rumex thyrsiflorus,ForestWetRich
222568,Rumex thyrsiflorus,ForestWetRich
222569,Rumex thyrsiflorus,ForestWetRich
222570,Rumex thyrsiflorus,ForestWetRich
222571,Rumex thyrsiflorus,ForestWetRich
222572,Rumex thyrsiflorus,ForestWetRich
222573,Rumex thyrsiflorus,ForestWetRich
222574,Rumex thyrsiflorus,ForestWetRich
222575,Rumex thyrsiflorus,ForestWetRich
222576,Rumex thyrsiflorus,ForestWetRich
222577,Rumex thyrsiflorus,ForestWetRich
222578,Rumex thyrsiflorus,ForestWetRich
222579,Rumex thyrsiflorus,ForestWetRich
222580,Rumex thyrsiflorus,ForestWetRich
222581,Rumex thyrsiflorus,ForestWetRich
222582,Rumex thyrsiflorus,ForestWetRich
222583,Rumex thyrsiflorus,ForestWetRich
222584,Rumex thyrsiflorus,ForestWetRich
222585,Rumex thyrsiflorus,ForestWetRich
223165,Rumex thyrsiflorus,ForestWetRich
223166,Rumex thyrsiflorus,ForestWetRich
223167,Rumex thyrsiflorus,ForestWetRich
223168,Rumex thyrsiflorus,ForestWetRich
223169,Rumex thyrsiflorus,ForestWetRich
223170,Rumex thyrsiflorus,ForestWetRich
223171,Rumex thyrsiflorus,ForestWetRich
223172,Rumex thyrsiflorus,ForestWetRich
223173,Rumex thyrsiflorus,ForestWetRich
223174,Rumex thyrsiflorus,ForestWetRich
223175,Rumex thyrsiflorus,ForestWetRich
223176,Rumex thyrsiflorus,ForestWetRich
223177,Rumex thyrsiflorus,ForestWetRich
223178,Rumex thyrsiflorus,ForestWetRich
223179,Rumex thyrsiflorus,ForestWetRich
223180,Rumex thyrsiflorus,ForestWetRich
223181,Rumex thyrsiflorus,ForestWetRich
223182,Rumex thyrsiflorus,ForestWetRich
223183,Rumex thyrsiflorus,ForestWetRich
223184,Rumex thyrsiflorus,ForestWetRich
223764,Rumex thyrsiflorus,ForestWetRich
223765,Rumex thyrsiflorus,ForestWetRich
223766,Rumex thyrsiflorus,ForestWetRich
223767,Rumex thyrsiflorus,ForestWetRich
223768,Rumex thyrsiflorus,ForestWetRich
223769,Rumex thyrsiflorus,ForestWetRich
223770,Rumex thyrsiflorus,ForestWetRich
223771,Rumex thyrsiflorus,ForestWetRich
223772,Rumex thyrsiflorus,ForestWetRich
223773,Rumex thyrsiflorus,ForestWetRich
223774,Rumex thyrsiflorus,ForestWetRich
223775,Rumex thyrsiflorus,ForestWetRich
223776,Rumex thyrsiflorus,ForestWetRich
223777,Rumex thyrsiflorus,ForestWetRich
223778,Rumex thyrsiflorus,ForestWetRich
223779,Rumex thyrsiflorus,ForestWetRich
223780,Rumex thyrsiflorus,ForestWetRich
223781,Rumex thyrsiflorus,ForestWetRich
223782,Rumex thyrsiflorus,ForestWetRich
223783,Rumex thyrsiflorus,ForestWetRich
224363,Rumex thyrsiflorus,ForestWetRich
224364,Rumex thyrsiflorus,ForestWetRich
224365,Rumex thyrsiflorus,ForestWetRich
224366,Rumex thyrsiflorus,ForestWetRich
224367,Rumex thyrsiflorus,ForestWetRich
224368,Rumex thyrsiflorus,ForestWetRich
224369,Rumex thyrsiflorus,ForestWetRich
224370,Rumex thyrsiflorus,ForestWetRich
224371,Rumex thyrsiflorus,ForestWetRich
224372,Rumex thyrsiflorus,ForestWetRich
224373,Rumex thyrsiflorus,ForestWetRich
224374,Rumex thyrsiflorus,ForestWetRich
224375,Rumex thyrsiflorus,ForestWetRich
224376,Rumex thyrsiflorus,ForestWetRich
224377,Rumex thyrsiflorus,ForestWetRich
224378,Rumex thyrsiflorus,ForestWetRich
224379,Rumex thyrsiflorus,ForestWetRich
224380,Rumex thyrsiflorus,ForestWetRich
224381,Rumex thyrsiflorus,ForestWetRich
224382,Rumex thyrsiflorus,ForestWetRich
224962,Rumex thyrsiflorus,ForestWetRich
224963,Rumex thyrsiflorus,ForestWetRich
224964,Rumex thyrsiflorus,ForestWetRich
224965,Rumex thyrsiflorus,ForestWetRich
224966,Rumex thyrsiflorus,ForestWetRich
224967,Rumex thyrsiflorus,ForestWetRich
224968,Rumex thyrsiflorus,ForestWetRich
224969,Rumex thyrsiflorus,ForestWetRich
224970,Rumex thyrsiflorus,ForestWetRich
224971,Rumex thyrsiflorus,ForestWetRich
224972,Rumex thyrsiflorus,ForestWetRich
224973,Rumex thyrsiflorus,ForestWetRich
224974,Rumex thyrsiflorus,ForestWetRich
224975,Rumex thyrsiflorus,ForestWetRich
224976,Rumex thyrsiflorus,ForestWetRich
224977,Rumex thyrsiflorus,ForestWetRich
224978,Rumex thyrsiflorus,ForestWetRich
224979,Rumex thyrsiflorus,ForestWetRich
224980,Rumex thyrsiflorus,ForestWetRich
224981,Rumex thyrsiflorus,ForestWetRich
225561,Rumex thyrsiflorus,ForestWetRich
225562,Rumex thyrsiflorus,ForestWetRich
225563,Rumex thyrsiflorus,ForestWetRich
225564,Rumex thyrsiflorus,ForestWetRich
225565,Rumex thyrsiflorus,ForestWetRich
225566,Rumex thyrsiflorus,ForestWetRich
225567,Rumex thyrsiflorus,ForestWetRich
225568,Rumex thyrsiflorus,ForestWetRich
225569,Rumex thyrsiflorus,ForestWetRich
225570,Rumex thyrsiflorus,ForestWetRich
225571,Rumex thyrsiflorus,ForestWetRich
225572,Rumex thyrsiflorus,ForestWetRich
225573,Rumex thyrsiflorus,ForestWetRich
225574,Rumex thyrsiflorus,ForestWetRich
225575,Rumex thyrsiflorus,ForestWetRich
225576,Rumex thyrsiflorus,ForestWetRich
225577,Rumex thyrsiflorus,ForestWetRich
225578,Rumex thyrsiflorus,ForestWetRich
225579,Rumex thyrsiflorus,ForestWetRich
225580,Rumex thyrsiflorus,ForestWetRich
226161,Rumex thyrsiflorus,ForestWetRich
226162,Rumex thyrsiflorus,ForestWetRich
226163,Rumex thyrsiflorus,ForestWetRich
226164,Rumex thyrsiflorus,ForestWetRich
226165,Rumex thyrsiflorus,ForestWetRich
226166,Rumex thyrsiflorus,ForestWetRich
226167,Rumex thyrsiflorus,ForestWetRich
226168,Rumex thyrsiflorus,ForestWetRich
226169,Rumex thyrsiflorus,ForestWetRich
226170,Rumex thyrsiflorus,ForestWetRich
226171,Rumex thyrsiflorus,ForestWetRich
226172,Rumex thyrsiflorus,ForestWetRich
226173,Rumex thyrsiflorus,ForestWetRich
226174,Rumex thyrsiflorus,ForestWetRich
226175,Rumex thyrsiflorus,ForestWetRich
226176,Rumex thyrsiflorus,ForestWetRich
226177,Rumex thyrsiflorus,ForestWetRich
226178,Rumex thyrsiflorus,ForestWetRich
226179,Rumex thyrsiflorus,ForestWetRich
226761,Rumex thyrsiflorus,ForestWetRich
226762,Rumex thyrsiflorus,ForestWetRich
226763,Rumex thyrsiflorus,ForestWetRich
226764,Rumex thyrsiflorus,ForestWetRich
226765,Rumex thyrsiflorus,ForestWetRich
226766,Rumex thyrsiflorus,ForestWetRich
226767,Rumex thyrsiflorus,ForestWetRich
226768,Rumex thyrsiflorus,ForestWetRich
226769,Rumex thyrsiflorus,ForestWetRich
226770,Rumex thyrsiflorus,ForestWetRich
226771,Rumex thyrsiflorus,ForestWetRich
226772,Rumex thyrsiflorus,ForestWetRich
226773,Rumex thyrsiflorus,ForestWetRich
226774,Rumex thyrsiflorus,ForestWetRich
226775,Rumex thyrsiflorus,ForestWetRich
226776,Rumex thyrsiflorus,ForestWetRich
226777,Rumex thyrsiflorus,ForestWetRich
226778,Rumex thyrsiflorus,ForestWetRich
227361,Rumex thyrsiflorus,ForestWetRich
227362,Rumex thyrsiflorus,ForestWetRich
227363,Rumex thyrsiflorus,ForestWetRich
227364,Rumex thyrsiflorus,ForestWetRich
227365,Rumex thyrsiflorus,ForestWetRich
227366,Rumex thyrsiflorus,ForestWetRich
227367,Rumex thyrsiflorus,ForestWetRich
227368,Rumex thyrsiflorus,ForestWetRich
227369,Rumex thyrsiflorus,ForestWetRich
227370,Rumex thyrsiflorus,ForestWetRich
227371,Rumex thyrsiflorus,ForestWetRich
227372,Rumex thyrsiflorus,ForestWetRich
227373,Rumex thyrsiflorus,ForestWetRich
227374,Rumex thyrsiflorus,ForestWetRich
227375,Rumex thyrsiflorus,ForestWetRich
227376,Rumex thyrsiflorus,ForestWetRich
227377,Rumex thyrsiflorus,ForestWetRich
227961,Rumex thyrsiflorus,ForestWetRich
227962,Rumex thyrsiflorus,ForestWetRich
227963,Rumex thyrsiflorus,ForestWetRich
227964,Rumex thyrsiflorus,ForestWetRich
227965,Rumex thyrsiflorus,ForestWetRich
227966,Rumex thyrsiflorus,ForestWetRich
227967,Rumex thyrsiflorus,ForestWetRich
227968,Rumex thyrsiflorus,ForestWetRich
227969,Rumex thyrsiflorus,ForestWetRich
227970,Rumex thyrsiflorus,ForestWetRich
227971,Rumex thyrsiflorus,ForestWetRich
227972,Rumex thyrsiflorus,ForestWetRich
227973,Rumex thyrsiflorus,ForestWetRich
227974,Rumex thyrsiflorus,ForestWetRich
227975,Rumex thyrsiflorus,ForestWetRich
227976,Rumex thyrsiflorus,ForestWetRich
228562,Rumex thyrsiflorus,ForestWetRich
228563,Rumex thyrsiflorus,ForestWetRich
228564,Rumex thyrsiflorus,ForestWetRich
228565,Rumex thyrsiflorus,ForestWetRich
228566,Rumex thyrsiflorus,ForestWetRich
228567,Rumex thyrsiflorus,ForestWetRich
228568,Rumex thyrsiflorus,ForestWetRich
228569,Rumex thyrsiflorus,ForestWetRich
228570,Rumex thyrsiflorus,ForestWetRich
228571,Rumex thyrsiflorus,ForestWetRich
228572,Rumex thyrsiflorus,ForestWetRich
228573,Rumex thyrsiflorus,ForestWetRich
228574,Rumex thyrsiflorus,ForestWetRich
228575,Rumex thyrsiflorus,ForestWetRich
229162,Rumex thyrsiflorus,ForestWetRich
229163,Rumex thyrsiflorus,ForestWetRich
229164,Rumex thyrsiflorus,ForestWetRich
229165,Rumex thyrsiflorus,ForestWetRich
229166,Rumex thyrsiflorus,ForestWetRich
229167,Rumex thyrsiflorus,ForestWetRich
229168,Rumex thyrsiflorus,ForestWetRich
229169,Rumex thyrsiflorus,ForestWetRich
229170,Rumex thyrsiflorus,ForestWetRich
229171,Rumex thyrsiflorus,ForestWetRich
229172,Rumex thyrsiflorus,ForestWetRich
229173,Rumex thyrsiflorus,ForestWetRich
229174,Rumex thyrsiflorus,ForestWetRich
229763,Rumex thyrsiflorus,ForestWetRich
229764,Rumex thyrsiflorus,ForestWetRich
229765,Rumex thyrsiflorus,ForestWetRich
229766,Rumex thyrsiflorus,ForestWetRich
229767,Rumex thyrsiflorus,ForestWetRich
229768,Rumex thyrsiflorus,ForestWetRich
229769,Rumex thyrsiflorus,ForestWetRich
229770,Rumex thyrsiflorus,ForestWetRich
229771,Rumex thyrsiflorus,ForestWetRich
229772,Rumex thyrsiflorus,ForestWetRich
229773,Rumex thyrsiflorus,ForestWetRich
230364,Rumex thyrsiflorus,ForestWetRich
230365,Rumex thyrsiflorus,ForestWetRich
230366,Rumex thyrsiflorus,ForestWetRich
230367,Rumex thyrsiflorus,ForestWetRich
230368,Rumex thyrsiflorus,ForestWetRich
230369,Rumex thyrsiflorus,ForestWetRich
230370,Rumex thyrsiflorus,ForestWetRich
230371,Rumex thyrsiflorus,ForestWetRich
230372,Rumex thyrsiflorus,ForestWetRich
230964,Rumex thyrsiflorus,ForestWetRich
230965,Rumex thyrsiflorus,ForestWetRich
230966,Rumex thyrsiflorus,ForestWetRich
230967,Rumex thyrsiflorus,ForestWetRich
230968,Rumex thyrsiflorus,ForestWetRich
230969,Rumex thyrsiflorus,ForestWetRich
230970,Rumex thyrsiflorus,ForestWetRich
230971,Rumex thyrsiflorus,ForestWetRich
231566,Rumex thyrsiflorus,ForestWetRich
231567,Rumex thyrsiflorus,ForestWetRich
231568,Rumex thyrsiflorus,ForestWetRich
231569,Rumex thyrsiflorus,ForestWetRich
231570,Rumex thyrsiflorus,ForestWetRich
232167,Rumex thyrsiflorus,ForestWetRich
232168,Rumex thyrsiflorus,ForestWetRich
232169,Rumex thyrsiflorus,ForestWetRich
195624,Rumex thyrsiflorus,ForestWetRich
195625,Rumex thyrsiflorus,ForestWetRich
195626,Rumex thyrsiflorus,ForestWetRich
195627,Rumex thyrsiflorus,ForestWetRich
195628,Rumex thyrsiflorus,ForestWetRich
195629,Rumex thyrsiflorus,ForestWetRich
195630,Rumex thyrsiflorus,ForestWetRich
195631,Rumex thyrsiflorus,ForestWetRich
195632,Rumex thyrsiflorus,ForestWetRich
195633,Rumex thyrsiflorus,ForestWetRich
195634,Rumex thyrsiflorus,ForestWetRich
195635,Rumex thyrsiflorus,ForestWetRich
195636,Rumex thyrsiflorus,ForestWetRich
195637,Rumex thyrsiflorus,ForestWetRich
195638,Rumex thyrsiflorus,ForestWetRich
195639,Rumex thyrsiflorus,ForestWetRich
195640,Rumex thyrsiflorus,ForestWetRich
195641,Rumex thyrsiflorus,ForestWetRich
195642,Rumex thyrsiflorus,ForestWetRich
196219,Rumex thyrsiflorus,ForestWetRich
196220,Rumex thyrsiflorus,ForestWetRich
196221,Rumex thyrsiflorus,ForestWetRich
196222,Rumex thyrsiflorus,ForestWetRich
196223,Rumex thyrsiflorus,ForestWetRich
196224,Rumex thyrsiflorus,ForestWetRich
196225,Rumex thyrsiflorus,ForestWetRich
196226,Rumex thyrsiflorus,ForestWetRich
196227,Rumex thyrsiflorus,ForestWetRich
196228,Rumex thyrsiflorus,ForestWetRich
196229,Rumex thyrsiflorus,ForestWetRich
196230,Rumex thyrsiflorus,ForestWetRich
196231,Rumex thyrsiflorus,ForestWetRich
196232,Rumex thyrsiflorus,ForestWetRich
196233,Rumex thyrsiflorus,ForestWetRich
196234,Rumex thyrsiflorus,ForestWetRich
196235,Rumex thyrsiflorus,ForestWetRich
196236,Rumex thyrsiflorus,ForestWetRich
196237,Rumex thyrsiflorus,ForestWetRich
196238,Rumex thyrsiflorus,ForestWetRich
196239,Rumex thyrsiflorus,ForestWetRich
196240,Rumex thyrsiflorus,ForestWetRich
196241,Rumex thyrsiflorus,ForestWetRich
196242,Rumex thyrsiflorus,ForestWetRich
196243,Rumex thyrsiflorus,ForestWetRich
196244,Rumex thyrsiflorus,ForestWetRich
196245,Rumex thyrsiflorus,ForestWetRich
196815,Rumex thyrsiflorus,ForestWetRich
196816,Rumex thyrsiflorus,ForestWetRich
196817,Rumex thyrsiflorus,ForestWetRich
196818,Rumex thyrsiflorus,ForestWetRich
196819,Rumex thyrsiflorus,ForestWetRich
196820,Rumex thyrsiflorus,ForestWetRich
196821,Rumex thyrsiflorus,ForestWetRich
196822,Rumex thyrsiflorus,ForestWetRich
196823,Rumex thyrsiflorus,ForestWetRich
196824,Rumex thyrsiflorus,ForestWetRich
196825,Rumex thyrsiflorus,ForestWetRich
196826,Rumex thyrsiflorus,ForestWetRich
196827,Rumex thyrsiflorus,ForestWetRich
196828,Rumex thyrsiflorus,ForestWetRich
196829,Rumex thyrsiflorus,ForestWetRich
196830,Rumex thyrsiflorus,ForestWetRich
196831,Rumex thyrsiflorus,ForestWetRich
196832,Rumex thyrsiflorus,ForestWetRich
196833,Rumex thyrsiflorus,ForestWetRich
196834,Rumex thyrsiflorus,ForestWetRich
196835,Rumex thyrsiflorus,ForestWetRich
196836,Rumex thyrsiflorus,ForestWetRich
196837,Rumex thyrsiflorus,ForestWetRich
196838,Rumex thyrsiflorus,ForestWetRich
196839,Rumex thyrsiflorus,ForestWetRich
196840,Rumex thyrsiflorus,ForestWetRich
196841,Rumex thyrsiflorus,ForestWetRich
196842,Rumex thyrsiflorus,ForestWetRich
196843,Rumex thyrsiflorus,ForestWetRich
196844,Rumex thyrsiflorus,ForestWetRich
196845,Rumex thyrsiflorus,ForestWetRich
196846,Rumex thyrsiflorus,ForestWetRich
196847,Rumex thyrsiflorus,ForestWetRich
197411,Rumex thyrsiflorus,ForestWetRich
197412,Rumex thyrsiflorus,ForestWetRich
197413,Rumex thyrsiflorus,ForestWetRich
197414,Rumex thyrsiflorus,ForestWetRich
197415,Rumex thyrsiflorus,ForestWetRich
197416,Rumex thyrsiflorus,ForestWetRich
197417,Rumex thyrsiflorus,ForestWetRich
197418,Rumex thyrsiflorus,ForestWetRich
197419,Rumex thyrsiflorus,ForestWetRich
197420,Rumex thyrsiflorus,ForestWetRich
197421,Rumex thyrsiflorus,ForestWetRich
197422,Rumex thyrsiflorus,ForestWetRich
197423,Rumex thyrsiflorus,ForestWetRich
197424,Rumex thyrsiflorus,ForestWetRich
197425,Rumex thyrsiflorus,ForestWetRich
197426,Rumex thyrsiflorus,ForestWetRich
197427,Rumex thyrsiflorus,ForestWetRich
197428,Rumex thyrsiflorus,ForestWetRich
197429,Rumex thyrsiflorus,ForestWetRich
197430,Rumex thyrsiflorus,ForestWetRich
197431,Rumex thyrsiflorus,ForestWetRich
197432,Rumex thyrsiflorus,ForestWetRich
197433,Rumex thyrsiflorus,ForestWetRich
197434,Rumex thyrsiflorus,ForestWetRich
197435,Rumex thyrsiflorus,ForestWetRich
197436,Rumex thyrsiflorus,ForestWetRich
197437,Rumex thyrsiflorus,ForestWetRich
197438,Rumex thyrsiflorus,ForestWetRich
197439,Rumex thyrsiflorus,ForestWetRich
197440,Rumex thyrsiflorus,ForestWetRich
197441,Rumex thyrsiflorus,ForestWetRich
197442,Rumex thyrsiflorus,ForestWetRich
197443,Rumex thyrsiflorus,ForestWetRich
197444,Rumex thyrsiflorus,ForestWetRich
197445,Rumex thyrsiflorus,ForestWetRich
197446,Rumex thyrsiflorus,ForestWetRich
197447,Rumex thyrsiflorus,ForestWetRich
198008,Rumex thyrsiflorus,ForestWetRich
198009,Rumex thyrsiflorus,ForestWetRich
198010,Rumex thyrsiflorus,ForestWetRich
198011,Rumex thyrsiflorus,ForestWetRich
198012,Rumex thyrsiflorus,ForestWetRich
198013,Rumex thyrsiflorus,ForestWetRich
198014,Rumex thyrsiflorus,ForestWetRich
198015,Rumex thyrsiflorus,ForestWetRich
198016,Rumex thyrsiflorus,ForestWetRich
198017,Rumex thyrsiflorus,ForestWetRich
198018,Rumex thyrsiflorus,ForestWetRich
198019,Rumex thyrsiflorus,ForestWetRich
198020,Rumex thyrsiflorus,ForestWetRich
198021,Rumex thyrsiflorus,ForestWetRich
198022,Rumex thyrsiflorus,ForestWetRich
198023,Rumex thyrsiflorus,ForestWetRich
198024,Rumex thyrsiflorus,ForestWetRich
198025,Rumex thyrsiflorus,ForestWetRich
198026,Rumex thyrsiflorus,ForestWetRich
198027,Rumex thyrsiflorus,ForestWetRich
198028,Rumex thyrsiflorus,ForestWetRich
198029,Rumex thyrsiflorus,ForestWetRich
198030,Rumex thyrsiflorus,ForestWetRich
198031,Rumex thyrsiflorus,ForestWetRich
198032,Rumex thyrsiflorus,ForestWetRich
198033,Rumex thyrsiflorus,ForestWetRich
198034,Rumex thyrsiflorus,ForestWetRich
198035,Rumex thyrsiflorus,ForestWetRich
198036,Rumex thyrsiflorus,ForestWetRich
198037,Rumex thyrsiflorus,ForestWetRich
198038,Rumex thyrsiflorus,ForestWetRich
198039,Rumex thyrsiflorus,ForestWetRich
198040,Rumex thyrsiflorus,ForestWetRich
198041,Rumex thyrsiflorus,ForestWetRich
198042,Rumex thyrsiflorus,ForestWetRich
198043,Rumex thyrsiflorus,ForestWetRich
198044,Rumex thyrsiflorus,ForestWetRich
198045,Rumex thyrsiflorus,ForestWetRich
198046,Rumex thyrsiflorus,ForestWetRich
198605,Rumex thyrsiflorus,ForestWetRich
198606,Rumex thyrsiflorus,ForestWetRich
198607,Rumex thyrsiflorus,ForestWetRich
198608,Rumex thyrsiflorus,ForestWetRich
198609,Rumex thyrsiflorus,ForestWetRich
198610,Rumex thyrsiflorus,ForestWetRich
198611,Rumex thyrsiflorus,ForestWetRich
198612,Rumex thyrsiflorus,ForestWetRich
198613,Rumex thyrsiflorus,ForestWetRich
198614,Rumex thyrsiflorus,ForestWetRich
198615,Rumex thyrsiflorus,ForestWetRich
198616,Rumex thyrsiflorus,ForestWetRich
198617,Rumex thyrsiflorus,ForestWetRich
198618,Rumex thyrsiflorus,ForestWetRich
198619,Rumex thyrsiflorus,ForestWetRich
198620,Rumex thyrsiflorus,ForestWetRich
198621,Rumex thyrsiflorus,ForestWetRich
198622,Rumex thyrsiflorus,ForestWetRich
198623,Rumex thyrsiflorus,ForestWetRich
198624,Rumex thyrsiflorus,ForestWetRich
198625,Rumex thyrsiflorus,ForestWetRich
198626,Rumex thyrsiflorus,ForestWetRich
198627,Rumex thyrsiflorus,ForestWetRich
198628,Rumex thyrsiflorus,ForestWetRich
198629,Rumex thyrsiflorus,ForestWetRich
198630,Rumex thyrsiflorus,ForestWetRich
198631,Rumex thyrsiflorus,ForestWetRich
198632,Rumex thyrsiflorus,ForestWetRich
198633,Rumex thyrsiflorus,ForestWetRich
198634,Rumex thyrsiflorus,ForestWetRich
198635,Rumex thyrsiflorus,ForestWetRich
198636,Rumex thyrsiflorus,ForestWetRich
198637,Rumex thyrsiflorus,ForestWetRich
198638,Rumex thyrsiflorus,ForestWetRich
198639,Rumex thyrsiflorus,ForestWetRich
198640,Rumex thyrsiflorus,ForestWetRich
198641,Rumex thyrsiflorus,ForestWetRich
198642,Rumex thyrsiflorus,ForestWetRich
198643,Rumex thyrsiflorus,ForestWetRich
198644,Rumex thyrsiflorus,ForestWetRich
198645,Rumex thyrsiflorus,ForestWetRich
199202,Rumex thyrsiflorus,ForestWetRich
199203,Rumex thyrsiflorus,ForestWetRich
199204,Rumex thyrsiflorus,ForestWetRich
199205,Rumex thyrsiflorus,ForestWetRich
199206,Rumex thyrsiflorus,ForestWetRich
199207,Rumex thyrsiflorus,ForestWetRich
199208,Rumex thyrsiflorus,ForestWetRich
199209,Rumex thyrsiflorus,ForestWetRich
199210,Rumex thyrsiflorus,ForestWetRich
199211,Rumex thyrsiflorus,ForestWetRich
199212,Rumex thyrsiflorus,ForestWetRich
199213,Rumex thyrsiflorus,ForestWetRich
199214,Rumex thyrsiflorus,ForestWetRich
199215,Rumex thyrsiflorus,ForestWetRich
199216,Rumex thyrsiflorus,ForestWetRich
199217,Rumex thyrsiflorus,ForestWetRich
199218,Rumex thyrsiflorus,ForestWetRich
199219,Rumex thyrsiflorus,ForestWetRich
199220,Rumex thyrsiflorus,ForestWetRich
199221,Rumex thyrsiflorus,ForestWetRich
199222,Rumex thyrsiflorus,ForestWetRich
199223,Rumex thyrsiflorus,ForestWetRich
199224,Rumex thyrsiflorus,ForestWetRich
199225,Rumex thyrsiflorus,ForestWetRich
199226,Rumex thyrsiflorus,ForestWetRich
199227,Rumex thyrsiflorus,ForestWetRich
199228,Rumex thyrsiflorus,ForestWetRich
199229,Rumex thyrsiflorus,ForestWetRich
199230,Rumex thyrsiflorus,ForestWetRich
199231,Rumex thyrsiflorus,ForestWetRich
199232,Rumex thyrsiflorus,ForestWetRich
199233,Rumex thyrsiflorus,ForestWetRich
199234,Rumex thyrsiflorus,ForestWetRich
199235,Rumex thyrsiflorus,ForestWetRich
199236,Rumex thyrsiflorus,ForestWetRich
199237,Rumex thyrsiflorus,ForestWetRich
199238,Rumex thyrsiflorus,ForestWetRich
199239,Rumex thyrsiflorus,ForestWetRich
199240,Rumex thyrsiflorus,ForestWetRich
199241,Rumex thyrsiflorus,ForestWetRich
199242,Rumex thyrsiflorus,ForestWetRich
199243,Rumex thyrsiflorus,ForestWetRich
199244,Rumex thyrsiflorus,ForestWetRich
199800,Rumex thyrsiflorus,ForestWetRich
199801,Rumex thyrsiflorus,ForestWetRich
199802,Rumex thyrsiflorus,ForestWetRich
199803,Rumex thyrsiflorus,ForestWetRich
199804,Rumex thyrsiflorus,ForestWetRich
199805,Rumex thyrsiflorus,ForestWetRich
199806,Rumex thyrsiflorus,ForestWetRich
199807,Rumex thyrsiflorus,ForestWetRich
199808,Rumex thyrsiflorus,ForestWetRich
199809,Rumex thyrsiflorus,ForestWetRich
199810,Rumex thyrsiflorus,ForestWetRich
199811,Rumex thyrsiflorus,ForestWetRich
199812,Rumex thyrsiflorus,ForestWetRich
199813,Rumex thyrsiflorus,ForestWetRich
199814,Rumex thyrsiflorus,ForestWetRich
199815,Rumex thyrsiflorus,ForestWetRich
199816,Rumex thyrsiflorus,ForestWetRich
199817,Rumex thyrsiflorus,ForestWetRich
199818,Rumex thyrsiflorus,ForestWetRich
199819,Rumex thyrsiflorus,ForestWetRich
199820,Rumex thyrsiflorus,ForestWetRich
199821,Rumex thyrsiflorus,ForestWetRich
199822,Rumex thyrsiflorus,ForestWetRich
199823,Rumex thyrsiflorus,ForestWetRich
199824,Rumex thyrsiflorus,ForestWetRich
199825,Rumex thyrsiflorus,ForestWetRich
199826,Rumex thyrsiflorus,ForestWetRich
199827,Rumex thyrsiflorus,ForestWetRich
199828,Rumex thyrsiflorus,ForestWetRich
199829,Rumex thyrsiflorus,ForestWetRich
199830,Rumex thyrsiflorus,ForestWetRich
199831,Rumex thyrsiflorus,ForestWetRich
199832,Rumex thyrsiflorus,ForestWetRich
199833,Rumex thyrsiflorus,ForestWetRich
199834,Rumex thyrsiflorus,ForestWetRich
199835,Rumex thyrsiflorus,ForestWetRich
199836,Rumex thyrsiflorus,ForestWetRich
199837,Rumex thyrsiflorus,ForestWetRich
199838,Rumex thyrsiflorus,ForestWetRich
199839,Rumex thyrsiflorus,ForestWetRich
199840,Rumex thyrsiflorus,ForestWetRich
199841,Rumex thyrsiflorus,ForestWetRich
199842,Rumex thyrsiflorus,ForestWetRich
199843,Rumex thyrsiflorus,ForestWetRich
200397,Rumex thyrsiflorus,ForestWetRich
200398,Rumex thyrsiflorus,ForestWetRich
200399,Rumex thyrsiflorus,ForestWetRich
200400,Rumex thyrsiflorus,ForestWetRich
200401,Rumex thyrsiflorus,ForestWetRich
200402,Rumex thyrsiflorus,ForestWetRich
200403,Rumex thyrsiflorus,ForestWetRich
200404,Rumex thyrsiflorus,ForestWetRich
200405,Rumex thyrsiflorus,ForestWetRich
200406,Rumex thyrsiflorus,ForestWetRich
200407,Rumex thyrsiflorus,ForestWetRich
200408,Rumex thyrsiflorus,ForestWetRich
200409,Rumex thyrsiflorus,ForestWetRich
200410,Rumex thyrsiflorus,ForestWetRich
200411,Rumex thyrsiflorus,ForestWetRich
200412,Rumex thyrsiflorus,ForestWetRich
200413,Rumex thyrsiflorus,ForestWetRich
200414,Rumex thyrsiflorus,ForestWetRich
200415,Rumex thyrsiflorus,ForestWetRich
200416,Rumex thyrsiflorus,ForestWetRich
200417,Rumex thyrsiflorus,ForestWetRich
200418,Rumex thyrsiflorus,ForestWetRich
200419,Rumex thyrsiflorus,ForestWetRich
200420,Rumex thyrsiflorus,ForestWetRich
200421,Rumex thyrsiflorus,ForestWetRich
200422,Rumex thyrsiflorus,ForestWetRich
200423,Rumex thyrsiflorus,ForestWetRich
200424,Rumex thyrsiflorus,ForestWetRich
200425,Rumex thyrsiflorus,ForestWetRich
200426,Rumex thyrsiflorus,ForestWetRich
200427,Rumex thyrsiflorus,ForestWetRich
200428,Rumex thyrsiflorus,ForestWetRich
200429,Rumex thyrsiflorus,ForestWetRich
200430,Rumex thyrsiflorus,ForestWetRich
200431,Rumex thyrsiflorus,ForestWetRich
200432,Rumex thyrsiflorus,ForestWetRich
200433,Rumex thyrsiflorus,ForestWetRich
200434,Rumex thyrsiflorus,ForestWetRich
200435,Rumex thyrsiflorus,ForestWetRich
200436,Rumex thyrsiflorus,ForestWetRich
200437,Rumex thyrsiflorus,ForestWetRich
200438,Rumex thyrsiflorus,ForestWetRich
200439,Rumex thyrsiflorus,ForestWetRich
200440,Rumex thyrsiflorus,ForestWetRich
200441,Rumex thyrsiflorus,ForestWetRich
200442,Rumex thyrsiflorus,ForestWetRich
200994,Rumex thyrsiflorus,ForestWetRich
200995,Rumex thyrsiflorus,ForestWetRich
200996,Rumex thyrsiflorus,ForestWetRich
200997,Rumex thyrsiflorus,ForestWetRich
200998,Rumex thyrsiflorus,ForestWetRich
200999,Rumex thyrsiflorus,ForestWetRich
201000,Rumex thyrsiflorus,ForestWetRich
201001,Rumex thyrsiflorus,ForestWetRich
201002,Rumex thyrsiflorus,ForestWetRich
201003,Rumex thyrsiflorus,ForestWetRich
201004,Rumex thyrsiflorus,ForestWetRich
201005,Rumex thyrsiflorus,ForestWetRich
201006,Rumex thyrsiflorus,ForestWetRich
201007,Rumex thyrsiflorus,ForestWetRich
201008,Rumex thyrsiflorus,ForestWetRich
201009,Rumex thyrsiflorus,ForestWetRich
201010,Rumex thyrsiflorus,ForestWetRich
201011,Rumex thyrsiflorus,ForestWetRich
201012,Rumex thyrsiflorus,ForestWetRich
201013,Rumex thyrsiflorus,ForestWetRich
201014,Rumex thyrsiflorus,ForestWetRich
201015,Rumex thyrsiflorus,ForestWetRich
201016,Rumex thyrsiflorus,ForestWetRich
201017,Rumex thyrsiflorus,ForestWetRich
201018,Rumex thyrsiflorus,ForestWetRich
201019,Rumex thyrsiflorus,ForestWetRich
201020,Rumex thyrsiflorus,ForestWetRich
201021,Rumex thyrsiflorus,ForestWetRich
201022,Rumex thyrsiflorus,ForestWetRich
201023,Rumex thyrsiflorus,ForestWetRich
201024,Rumex thyrsiflorus,ForestWetRich
201025,Rumex thyrsiflorus,ForestWetRich
201026,Rumex thyrsiflorus,ForestWetRich
201027,Rumex thyrsiflorus,ForestWetRich
201028,Rumex thyrsiflorus,ForestWetRich
201029,Rumex thyrsiflorus,ForestWetRich
201030,Rumex thyrsiflorus,ForestWetRich
201031,Rumex thyrsiflorus,ForestWetRich
201032,Rumex thyrsiflorus,ForestWetRich
201033,Rumex thyrsiflorus,ForestWetRich
201034,Rumex thyrsiflorus,ForestWetRich
201035,Rumex thyrsiflorus,ForestWetRich
201036,Rumex thyrsiflorus,ForestWetRich
201037,Rumex thyrsiflorus,ForestWetRich
201038,Rumex thyrsiflorus,ForestWetRich
201039,Rumex thyrsiflorus,ForestWetRich
201040,Rumex thyrsiflorus,ForestWetRich
201041,Rumex thyrsiflorus,ForestWetRich
201592,Rumex thyrsiflorus,ForestWetRich
201593,Rumex thyrsiflorus,ForestWetRich
201594,Rumex thyrsiflorus,ForestWetRich
201595,Rumex thyrsiflorus,ForestWetRich
201596,Rumex thyrsiflorus,ForestWetRich
201597,Rumex thyrsiflorus,ForestWetRich
201598,Rumex thyrsiflorus,ForestWetRich
201599,Rumex thyrsiflorus,ForestWetRich
201600,Rumex thyrsiflorus,ForestWetRich
201601,Rumex thyrsiflorus,ForestWetRich
201602,Rumex thyrsiflorus,ForestWetRich
201603,Rumex thyrsiflorus,ForestWetRich
201604,Rumex thyrsiflorus,ForestWetRich
201605,Rumex thyrsiflorus,ForestWetRich
201606,Rumex thyrsiflorus,ForestWetRich
201607,Rumex thyrsiflorus,ForestWetRich
201608,Rumex thyrsiflorus,ForestWetRich
201609,Rumex thyrsiflorus,ForestWetRich
201610,Rumex thyrsiflorus,ForestWetRich
201611,Rumex thyrsiflorus,ForestWetRich
201612,Rumex thyrsiflorus,ForestWetRich
201613,Rumex thyrsiflorus,ForestWetRich
201614,Rumex thyrsiflorus,ForestWetRich
201615,Rumex thyrsiflorus,ForestWetRich
201616,Rumex thyrsiflorus,ForestWetRich
201617,Rumex thyrsiflorus,ForestWetRich
201618,Rumex thyrsiflorus,ForestWetRich
201619,Rumex thyrsiflorus,ForestWetRich
201620,Rumex thyrsiflorus,ForestWetRich
201621,Rumex thyrsiflorus,ForestWetRich
201622,Rumex thyrsiflorus,ForestWetRich
201623,Rumex thyrsiflorus,ForestWetRich
201624,Rumex thyrsiflorus,ForestWetRich
201625,Rumex thyrsiflorus,ForestWetRich
201626,Rumex thyrsiflorus,ForestWetRich
201627,Rumex thyrsiflorus,ForestWetRich
201628,Rumex thyrsiflorus,ForestWetRich
201629,Rumex thyrsiflorus,ForestWetRich
201630,Rumex thyrsiflorus,ForestWetRich
201631,Rumex thyrsiflorus,ForestWetRich
201632,Rumex thyrsiflorus,ForestWetRich
201633,Rumex thyrsiflorus,ForestWetRich
201634,Rumex thyrsiflorus,ForestWetRich
201635,Rumex thyrsiflorus,ForestWetRich
201636,Rumex thyrsiflorus,ForestWetRich
201637,Rumex thyrsiflorus,ForestWetRich
201638,Rumex thyrsiflorus,ForestWetRich
201639,Rumex thyrsiflorus,ForestWetRich
201640,Rumex thyrsiflorus,ForestWetRich
202190,Rumex thyrsiflorus,ForestWetRich
202191,Rumex thyrsiflorus,ForestWetRich
202192,Rumex thyrsiflorus,ForestWetRich
202193,Rumex thyrsiflorus,ForestWetRich
202194,Rumex thyrsiflorus,ForestWetRich
202195,Rumex thyrsiflorus,ForestWetRich
202196,Rumex thyrsiflorus,ForestWetRich
202197,Rumex thyrsiflorus,ForestWetRich
202198,Rumex thyrsiflorus,ForestWetRich
202199,Rumex thyrsiflorus,ForestWetRich
202200,Rumex thyrsiflorus,ForestWetRich
202201,Rumex thyrsiflorus,ForestWetRich
202202,Rumex thyrsiflorus,ForestWetRich
202203,Rumex thyrsiflorus,ForestWetRich
202204,Rumex thyrsiflorus,ForestWetRich
202205,Rumex thyrsiflorus,ForestWetRich
202206,Rumex thyrsiflorus,ForestWetRich
202207,Rumex thyrsiflorus,ForestWetRich
202208,Rumex thyrsiflorus,ForestWetRich
202209,Rumex thyrsiflorus,ForestWetRich
202210,Rumex thyrsiflorus,ForestWetRich
202211,Rumex thyrsiflorus,ForestWetRich
202212,Rumex thyrsiflorus,ForestWetRich
202213,Rumex thyrsiflorus,ForestWetRich
202214,Rumex thyrsiflorus,ForestWetRich
202215,Rumex thyrsiflorus,ForestWetRich
202216,Rumex thyrsiflorus,ForestWetRich
202217,Rumex thyrsiflorus,ForestWetRich
202218,Rumex thyrsiflorus,ForestWetRich
202219,Rumex thyrsiflorus,ForestWetRich
202220,Rumex thyrsiflorus,ForestWetRich
202221,Rumex thyrsiflorus,ForestWetRich
202222,Rumex thyrsiflorus,ForestWetRich
202223,Rumex thyrsiflorus,ForestWetRich
202224,Rumex thyrsiflorus,ForestWetRich
202225,Rumex thyrsiflorus,ForestWetRich
202226,Rumex thyrsiflorus,ForestWetRich
202227,Rumex thyrsiflorus,ForestWetRich
202228,Rumex thyrsiflorus,ForestWetRich
202229,Rumex thyrsiflorus,ForestWetRich
202230,Rumex thyrsiflorus,ForestWetRich
202231,Rumex thyrsiflorus,ForestWetRich
202232,Rumex thyrsiflorus,ForestWetRich
202233,Rumex thyrsiflorus,ForestWetRich
202234,Rumex thyrsiflorus,ForestWetRich
202235,Rumex thyrsiflorus,ForestWetRich
202236,Rumex thyrsiflorus,ForestWetRich
202237,Rumex thyrsiflorus,ForestWetRich
202238,Rumex thyrsiflorus,ForestWetRich
202239,Rumex thyrsiflorus,ForestWetRich
202788,Rumex thyrsiflorus,ForestWetRich
202789,Rumex thyrsiflorus,ForestWetRich
202790,Rumex thyrsiflorus,ForestWetRich
202791,Rumex thyrsiflorus,ForestWetRich
202792,Rumex thyrsiflorus,ForestWetRich
202793,Rumex thyrsiflorus,ForestWetRich
202794,Rumex thyrsiflorus,ForestWetRich
202795,Rumex thyrsiflorus,ForestWetRich
202796,Rumex thyrsiflorus,ForestWetRich
202797,Rumex thyrsiflorus,ForestWetRich
202798,Rumex thyrsiflorus,ForestWetRich
202799,Rumex thyrsiflorus,ForestWetRich
202800,Rumex thyrsiflorus,ForestWetRich
202801,Rumex thyrsiflorus,ForestWetRich
202802,Rumex thyrsiflorus,ForestWetRich
202803,Rumex thyrsiflorus,ForestWetRich
202804,Rumex thyrsiflorus,ForestWetRich
202805,Rumex thyrsiflorus,ForestWetRich
202806,Rumex thyrsiflorus,ForestWetRich
202807,Rumex thyrsiflorus,ForestWetRich
202808,Rumex thyrsiflorus,ForestWetRich
202809,Rumex thyrsiflorus,ForestWetRich
202810,Rumex thyrsiflorus,ForestWetRich
202811,Rumex thyrsiflorus,ForestWetRich
202812,Rumex thyrsiflorus,ForestWetRich
202813,Rumex thyrsiflorus,ForestWetRich
202814,Rumex thyrsiflorus,ForestWetRich
202815,Rumex thyrsiflorus,ForestWetRich
202816,Rumex thyrsiflorus,ForestWetRich
202817,Rumex thyrsiflorus,ForestWetRich
202818,Rumex thyrsiflorus,ForestWetRich
202819,Rumex thyrsiflorus,ForestWetRich
202820,Rumex thyrsiflorus,ForestWetRich
202821,Rumex thyrsiflorus,ForestWetRich
202822,Rumex thyrsiflorus,ForestWetRich
202823,Rumex thyrsiflorus,ForestWetRich
202824,Rumex thyrsiflorus,ForestWetRich
202825,Rumex thyrsiflorus,ForestWetRich
202826,Rumex thyrsiflorus,ForestWetRich
202827,Rumex thyrsiflorus,ForestWetRich
202828,Rumex thyrsiflorus,ForestWetRich
202829,Rumex thyrsiflorus,ForestWetRich
202830,Rumex thyrsiflorus,ForestWetRich
202831,Rumex thyrsiflorus,ForestWetRich
202832,Rumex thyrsiflorus,ForestWetRich
202833,Rumex thyrsiflorus,ForestWetRich
202834,Rumex thyrsiflorus,ForestWetRich
202835,Rumex thyrsiflorus,ForestWetRich
202836,Rumex thyrsiflorus,ForestWetRich
202837,Rumex thyrsiflorus,ForestWetRich
202838,Rumex thyrsiflorus,ForestWetRich
203386,Rumex thyrsiflorus,ForestWetRich
203387,Rumex thyrsiflorus,ForestWetRich
203388,Rumex thyrsiflorus,ForestWetRich
203389,Rumex thyrsiflorus,ForestWetRich
203390,Rumex thyrsiflorus,ForestWetRich
203391,Rumex thyrsiflorus,ForestWetRich
203392,Rumex thyrsiflorus,ForestWetRich
203393,Rumex thyrsiflorus,ForestWetRich
203394,Rumex thyrsiflorus,ForestWetRich
203395,Rumex thyrsiflorus,ForestWetRich
203396,Rumex thyrsiflorus,ForestWetRich
203397,Rumex thyrsiflorus,ForestWetRich
203398,Rumex thyrsiflorus,ForestWetRich
203399,Rumex thyrsiflorus,ForestWetRich
203400,Rumex thyrsiflorus,ForestWetRich
203401,Rumex thyrsiflorus,ForestWetRich
203402,Rumex thyrsiflorus,ForestWetRich
203403,Rumex thyrsiflorus,ForestWetRich
203404,Rumex thyrsiflorus,ForestWetRich
203405,Rumex thyrsiflorus,ForestWetRich
203406,Rumex thyrsiflorus,ForestWetRich
203407,Rumex thyrsiflorus,ForestWetRich
203408,Rumex thyrsiflorus,ForestWetRich
203409,Rumex thyrsiflorus,ForestWetRich
203410,Rumex thyrsiflorus,ForestWetRich
203411,Rumex thyrsiflorus,ForestWetRich
203412,Rumex thyrsiflorus,ForestWetRich
203413,Rumex thyrsiflorus,ForestWetRich
203414,Rumex thyrsiflorus,ForestWetRich
203415,Rumex thyrsiflorus,ForestWetRich
203416,Rumex thyrsiflorus,ForestWetRich
203417,Rumex thyrsiflorus,ForestWetRich
203418,Rumex thyrsiflorus,ForestWetRich
203419,Rumex thyrsiflorus,ForestWetRich
203420,Rumex thyrsiflorus,ForestWetRich
203421,Rumex thyrsiflorus,ForestWetRich
203422,Rumex thyrsiflorus,ForestWetRich
203423,Rumex thyrsiflorus,ForestWetRich
203424,Rumex thyrsiflorus,ForestWetRich
203425,Rumex thyrsiflorus,ForestWetRich
203426,Rumex thyrsiflorus,ForestWetRich
203427,Rumex thyrsiflorus,ForestWetRich
203428,Rumex thyrsiflorus,ForestWetRich
203429,Rumex thyrsiflorus,ForestWetRich
203430,Rumex thyrsiflorus,ForestWetRich
203431,Rumex thyrsiflorus,ForestWetRich
203432,Rumex thyrsiflorus,ForestWetRich
203433,Rumex thyrsiflorus,ForestWetRich
203434,Rumex thyrsiflorus,ForestWetRich
203435,Rumex thyrsiflorus,ForestWetRich
203436,Rumex thyrsiflorus,ForestWetRich
203437,Rumex thyrsiflorus,ForestWetRich
203984,Rumex thyrsiflorus,ForestWetRich
203985,Rumex thyrsiflorus,ForestWetRich
203986,Rumex thyrsiflorus,ForestWetRich
203987,Rumex thyrsiflorus,ForestWetRich
203988,Rumex thyrsiflorus,ForestWetRich
203989,Rumex thyrsiflorus,ForestWetRich
203990,Rumex thyrsiflorus,ForestWetRich
203991,Rumex thyrsiflorus,ForestWetRich
203992,Rumex thyrsiflorus,ForestWetRich
203993,Rumex thyrsiflorus,ForestWetRich
203994,Rumex thyrsiflorus,ForestWetRich
203995,Rumex thyrsiflorus,ForestWetRich
203996,Rumex thyrsiflorus,ForestWetRich
203997,Rumex thyrsiflorus,ForestWetRich
203998,Rumex thyrsiflorus,ForestWetRich
203999,Rumex thyrsiflorus,ForestWetRich
204000,Rumex thyrsiflorus,ForestWetRich
204001,Rumex thyrsiflorus,ForestWetRich
204002,Rumex thyrsiflorus,ForestWetRich
204003,Rumex thyrsiflorus,ForestWetRich
204004,Rumex thyrsiflorus,ForestWetRich
204005,Rumex thyrsiflorus,ForestWetRich
204006,Rumex thyrsiflorus,ForestWetRich
204007,Rumex thyrsiflorus,ForestWetRich
204008,Rumex thyrsiflorus,ForestWetRich
204009,Rumex thyrsiflorus,ForestWetRich
204010,Rumex thyrsiflorus,ForestWetRich
204011,Rumex thyrsiflorus,ForestWetRich
204012,Rumex thyrsiflorus,ForestWetRich
204013,Rumex thyrsiflorus,ForestWetRich
204014,Rumex thyrsiflorus,ForestWetRich
204015,Rumex thyrsiflorus,ForestWetRich
204016,Rumex thyrsiflorus,ForestWetRich
204017,Rumex thyrsiflorus,ForestWetRich
204018,Rumex thyrsiflorus,ForestWetRich
204019,Rumex thyrsiflorus,ForestWetRich
204020,Rumex thyrsiflorus,ForestWetRich
204021,Rumex thyrsiflorus,ForestWetRich
204022,Rumex thyrsiflorus,ForestWetRich
204023,Rumex thyrsiflorus,ForestWetRich
204024,Rumex thyrsiflorus,ForestWetRich
204025,Rumex thyrsiflorus,ForestWetRich
204026,Rumex thyrsiflorus,ForestWetRich
204027,Rumex thyrsiflorus,ForestWetRich
204028,Rumex thyrsiflorus,ForestWetRich
204029,Rumex thyrsiflorus,ForestWetRich
204030,Rumex thyrsiflorus,ForestWetRich
204031,Rumex thyrsiflorus,ForestWetRich
204032,Rumex thyrsiflorus,ForestWetRich
204033,Rumex thyrsiflorus,ForestWetRich
204034,Rumex thyrsiflorus,ForestWetRich
204035,Rumex thyrsiflorus,ForestWetRich
204036,Rumex thyrsiflorus,ForestWetRich
204582,Rumex thyrsiflorus,ForestWetRich
204583,Rumex thyrsiflorus,ForestWetRich
204584,Rumex thyrsiflorus,ForestWetRich
204585,Rumex thyrsiflorus,ForestWetRich
204586,Rumex thyrsiflorus,ForestWetRich
204587,Rumex thyrsiflorus,ForestWetRich
204588,Rumex thyrsiflorus,ForestWetRich
204589,Rumex thyrsiflorus,ForestWetRich
204590,Rumex thyrsiflorus,ForestWetRich
204591,Rumex thyrsiflorus,ForestWetRich
204592,Rumex thyrsiflorus,ForestWetRich
204593,Rumex thyrsiflorus,ForestWetRich
204594,Rumex thyrsiflorus,ForestWetRich
204595,Rumex thyrsiflorus,ForestWetRich
204596,Rumex thyrsiflorus,ForestWetRich
204597,Rumex thyrsiflorus,ForestWetRich
204598,Rumex thyrsiflorus,ForestWetRich
204599,Rumex thyrsiflorus,ForestWetRich
204600,Rumex thyrsiflorus,ForestWetRich
204601,Rumex thyrsiflorus,ForestWetRich
204602,Rumex thyrsiflorus,ForestWetRich
204603,Rumex thyrsiflorus,ForestWetRich
204604,Rumex thyrsiflorus,ForestWetRich
204605,Rumex thyrsiflorus,ForestWetRich
204606,Rumex thyrsiflorus,ForestWetRich
204607,Rumex thyrsiflorus,ForestWetRich
204608,Rumex thyrsiflorus,ForestWetRich
204609,Rumex thyrsiflorus,ForestWetRich
204610,Rumex thyrsiflorus,ForestWetRich
204611,Rumex thyrsiflorus,ForestWetRich
204612,Rumex thyrsiflorus,ForestWetRich
204613,Rumex thyrsiflorus,ForestWetRich
204614,Rumex thyrsiflorus,ForestWetRich
204615,Rumex thyrsiflorus,ForestWetRich
204616,Rumex thyrsiflorus,ForestWetRich
204617,Rumex thyrsiflorus,ForestWetRich
204618,Rumex thyrsiflorus,ForestWetRich
204619,Rumex thyrsiflorus,ForestWetRich
204620,Rumex thyrsiflorus,ForestWetRich
204621,Rumex thyrsiflorus,ForestWetRich
204622,Rumex thyrsiflorus,ForestWetRich
204623,Rumex thyrsiflorus,ForestWetRich
204624,Rumex thyrsiflorus,ForestWetRich
204625,Rumex thyrsiflorus,ForestWetRich
204626,Rumex thyrsiflorus,ForestWetRich
204627,Rumex thyrsiflorus,ForestWetRich
204628,Rumex thyrsiflorus,ForestWetRich
204629,Rumex thyrsiflorus,ForestWetRich
204630,Rumex thyrsiflorus,ForestWetRich
204631,Rumex thyrsiflorus,ForestWetRich
204632,Rumex thyrsiflorus,ForestWetRich
204633,Rumex thyrsiflorus,ForestWetRich
204634,Rumex thyrsiflorus,ForestWetRich
204635,Rumex thyrsiflorus,ForestWetRich
205180,Rumex thyrsiflorus,ForestWetRich
205181,Rumex thyrsiflorus,ForestWetRich
205182,Rumex thyrsiflorus,ForestWetRich
205183,Rumex thyrsiflorus,ForestWetRich
205184,Rumex thyrsiflorus,ForestWetRich
205185,Rumex thyrsiflorus,ForestWetRich
205186,Rumex thyrsiflorus,ForestWetRich
205187,Rumex thyrsiflorus,ForestWetRich
205188,Rumex thyrsiflorus,ForestWetRich
205189,Rumex thyrsiflorus,ForestWetRich
205190,Rumex thyrsiflorus,ForestWetRich
205191,Rumex thyrsiflorus,ForestWetRich
205192,Rumex thyrsiflorus,ForestWetRich
205193,Rumex thyrsiflorus,ForestWetRich
205194,Rumex thyrsiflorus,ForestWetRich
205195,Rumex thyrsiflorus,ForestWetRich
205196,Rumex thyrsiflorus,ForestWetRich
205197,Rumex thyrsiflorus,ForestWetRich
205198,Rumex thyrsiflorus,ForestWetRich
205199,Rumex thyrsiflorus,ForestWetRich
205200,Rumex thyrsiflorus,ForestWetRich
205201,Rumex thyrsiflorus,ForestWetRich
205202,Rumex thyrsiflorus,ForestWetRich
205203,Rumex thyrsiflorus,ForestWetRich
205204,Rumex thyrsiflorus,ForestWetRich
205205,Rumex thyrsiflorus,ForestWetRich
205206,Rumex thyrsiflorus,ForestWetRich
205207,Rumex thyrsiflorus,ForestWetRich
205208,Rumex thyrsiflorus,ForestWetRich
205209,Rumex thyrsiflorus,ForestWetRich
205210,Rumex thyrsiflorus,ForestWetRich
205211,Rumex thyrsiflorus,ForestWetRich
205212,Rumex thyrsiflorus,ForestWetRich
205213,Rumex thyrsiflorus,ForestWetRich
205214,Rumex thyrsiflorus,ForestWetRich
205215,Rumex thyrsiflorus,ForestWetRich
205216,Rumex thyrsiflorus,ForestWetRich
205217,Rumex thyrsiflorus,ForestWetRich
205218,Rumex thyrsiflorus,ForestWetRich
205219,Rumex thyrsiflorus,ForestWetRich
205220,Rumex thyrsiflorus,ForestWetRich
205221,Rumex thyrsiflorus,ForestWetRich
205222,Rumex thyrsiflorus,ForestWetRich
205223,Rumex thyrsiflorus,ForestWetRich
205224,Rumex thyrsiflorus,ForestWetRich
205225,Rumex thyrsiflorus,ForestWetRich
205226,Rumex thyrsiflorus,ForestWetRich
205227,Rumex thyrsiflorus,ForestWetRich
205228,Rumex thyrsiflorus,ForestWetRich
205229,Rumex thyrsiflorus,ForestWetRich
205230,Rumex thyrsiflorus,ForestWetRich
205231,Rumex thyrsiflorus,ForestWetRich
205232,Rumex thyrsiflorus,ForestWetRich
205233,Rumex thyrsiflorus,ForestWetRich
205234,Rumex thyrsiflorus,ForestWetRich
205778,Rumex thyrsiflorus,ForestWetRich
205779,Rumex thyrsiflorus,ForestWetRich
205780,Rumex thyrsiflorus,ForestWetRich
205781,Rumex thyrsiflorus,ForestWetRich
205782,Rumex thyrsiflorus,ForestWetRich
205783,Rumex thyrsiflorus,ForestWetRich
205784,Rumex thyrsiflorus,ForestWetRich
205785,Rumex thyrsiflorus,ForestWetRich
205786,Rumex thyrsiflorus,ForestWetRich
205787,Rumex thyrsiflorus,ForestWetRich
205788,Rumex thyrsiflorus,ForestWetRich
205789,Rumex thyrsiflorus,ForestWetRich
205790,Rumex thyrsiflorus,ForestWetRich
205791,Rumex thyrsiflorus,ForestWetRich
205792,Rumex thyrsiflorus,ForestWetRich
205793,Rumex thyrsiflorus,ForestWetRich
205794,Rumex thyrsiflorus,ForestWetRich
205795,Rumex thyrsiflorus,ForestWetRich
205796,Rumex thyrsiflorus,ForestWetRich
205797,Rumex thyrsiflorus,ForestWetRich
205798,Rumex thyrsiflorus,ForestWetRich
205799,Rumex thyrsiflorus,ForestWetRich
205800,Rumex thyrsiflorus,ForestWetRich
205801,Rumex thyrsiflorus,ForestWetRich
205802,Rumex thyrsiflorus,ForestWetRich
205803,Rumex thyrsiflorus,ForestWetRich
205804,Rumex thyrsiflorus,ForestWetRich
205805,Rumex thyrsiflorus,ForestWetRich
205806,Rumex thyrsiflorus,ForestWetRich
205807,Rumex thyrsiflorus,ForestWetRich
205808,Rumex thyrsiflorus,ForestWetRich
205809,Rumex thyrsiflorus,ForestWetRich
205810,Rumex thyrsiflorus,ForestWetRich
205811,Rumex thyrsiflorus,ForestWetRich
205812,Rumex thyrsiflorus,ForestWetRich
205813,Rumex thyrsiflorus,ForestWetRich
205814,Rumex thyrsiflorus,ForestWetRich
205815,Rumex thyrsiflorus,ForestWetRich
205816,Rumex thyrsiflorus,ForestWetRich
205817,Rumex thyrsiflorus,ForestWetRich
205818,Rumex thyrsiflorus,ForestWetRich
205819,Rumex thyrsiflorus,ForestWetRich
205820,Rumex thyrsiflorus,ForestWetRich
205821,Rumex thyrsiflorus,ForestWetRich
205822,Rumex thyrsiflorus,ForestWetRich
205823,Rumex thyrsiflorus,ForestWetRich
205824,Rumex thyrsiflorus,ForestWetRich
205825,Rumex thyrsiflorus,ForestWetRich
205826,Rumex thyrsiflorus,ForestWetRich
205827,Rumex thyrsiflorus,ForestWetRich
205828,Rumex thyrsiflorus,ForestWetRich
205829,Rumex thyrsiflorus,ForestWetRich
205830,Rumex thyrsiflorus,ForestWetRich
205831,Rumex thyrsiflorus,ForestWetRich
205832,Rumex thyrsiflorus,ForestWetRich
205833,Rumex thyrsiflorus,ForestWetRich
206376,Rumex thyrsiflorus,ForestWetRich
206377,Rumex thyrsiflorus,ForestWetRich
206378,Rumex thyrsiflorus,ForestWetRich
206379,Rumex thyrsiflorus,ForestWetRich
206380,Rumex thyrsiflorus,ForestWetRich
206381,Rumex thyrsiflorus,ForestWetRich
206382,Rumex thyrsiflorus,ForestWetRich
206383,Rumex thyrsiflorus,ForestWetRich
206384,Rumex thyrsiflorus,ForestWetRich
206385,Rumex thyrsiflorus,ForestWetRich
206386,Rumex thyrsiflorus,ForestWetRich
206387,Rumex thyrsiflorus,ForestWetRich
206388,Rumex thyrsiflorus,ForestWetRich
206389,Rumex thyrsiflorus,ForestWetRich
206390,Rumex thyrsiflorus,ForestWetRich
206391,Rumex thyrsiflorus,ForestWetRich
206392,Rumex thyrsiflorus,ForestWetRich
206393,Rumex thyrsiflorus,ForestWetRich
206394,Rumex thyrsiflorus,ForestWetRich
206395,Rumex thyrsiflorus,ForestWetRich
206396,Rumex thyrsiflorus,ForestWetRich
206397,Rumex thyrsiflorus,ForestWetRich
206398,Rumex thyrsiflorus,ForestWetRich
206399,Rumex thyrsiflorus,ForestWetRich
206400,Rumex thyrsiflorus,ForestWetRich
206401,Rumex thyrsiflorus,ForestWetRich
206402,Rumex thyrsiflorus,ForestWetRich
206403,Rumex thyrsiflorus,ForestWetRich
206404,Rumex thyrsiflorus,ForestWetRich
206405,Rumex thyrsiflorus,ForestWetRich
206406,Rumex thyrsiflorus,ForestWetRich
206407,Rumex thyrsiflorus,ForestWetRich
206408,Rumex thyrsiflorus,ForestWetRich
206409,Rumex thyrsiflorus,ForestWetRich
206410,Rumex thyrsiflorus,ForestWetRich
206411,Rumex thyrsiflorus,ForestWetRich
206412,Rumex thyrsiflorus,ForestWetRich
206974,Rumex thyrsiflorus,ForestWetRich
206975,Rumex thyrsiflorus,ForestWetRich
206976,Rumex thyrsiflorus,ForestWetRich
206977,Rumex thyrsiflorus,ForestWetRich
206978,Rumex thyrsiflorus,ForestWetRich
206979,Rumex thyrsiflorus,ForestWetRich
206980,Rumex thyrsiflorus,ForestWetRich
206981,Rumex thyrsiflorus,ForestWetRich
206982,Rumex thyrsiflorus,ForestWetRich
206983,Rumex thyrsiflorus,ForestWetRich
206984,Rumex thyrsiflorus,ForestWetRich
206985,Rumex thyrsiflorus,ForestWetRich
206986,Rumex thyrsiflorus,ForestWetRich
206987,Rumex thyrsiflorus,ForestWetRich
206988,Rumex thyrsiflorus,ForestWetRich
206989,Rumex thyrsiflorus,ForestWetRich
206990,Rumex thyrsiflorus,ForestWetRich
206991,Rumex thyrsiflorus,ForestWetRich
206992,Rumex thyrsiflorus,ForestWetRich
206993,Rumex thyrsiflorus,ForestWetRich
206994,Rumex thyrsiflorus,ForestWetRich
206995,Rumex thyrsiflorus,ForestWetRich
206996,Rumex thyrsiflorus,ForestWetRich
206997,Rumex thyrsiflorus,ForestWetRich
206998,Rumex thyrsiflorus,ForestWetRich
206999,Rumex thyrsiflorus,ForestWetRich
207000,Rumex thyrsiflorus,ForestWetRich
207001,Rumex thyrsiflorus,ForestWetRich
207002,Rumex thyrsiflorus,ForestWetRich
207003,Rumex thyrsiflorus,ForestWetRich
207004,Rumex thyrsiflorus,ForestWetRich
207005,Rumex thyrsiflorus,ForestWetRich
207006,Rumex thyrsiflorus,ForestWetRich
207007,Rumex thyrsiflorus,ForestWetRich
207008,Rumex thyrsiflorus,ForestWetRich
207009,Rumex thyrsiflorus,ForestWetRich
207010,Rumex thyrsiflorus,ForestWetRich
207011,Rumex thyrsiflorus,ForestWetRich
207573,Rumex thyrsiflorus,ForestWetRich
207574,Rumex thyrsiflorus,ForestWetRich
207575,Rumex thyrsiflorus,ForestWetRich
207576,Rumex thyrsiflorus,ForestWetRich
207577,Rumex thyrsiflorus,ForestWetRich
207578,Rumex thyrsiflorus,ForestWetRich
207579,Rumex thyrsiflorus,ForestWetRich
207580,Rumex thyrsiflorus,ForestWetRich
207581,Rumex thyrsiflorus,ForestWetRich
207582,Rumex thyrsiflorus,ForestWetRich
207583,Rumex thyrsiflorus,ForestWetRich
207584,Rumex thyrsiflorus,ForestWetRich
207585,Rumex thyrsiflorus,ForestWetRich
207586,Rumex thyrsiflorus,ForestWetRich
207587,Rumex thyrsiflorus,ForestWetRich
207588,Rumex thyrsiflorus,ForestWetRich
207589,Rumex thyrsiflorus,ForestWetRich
207590,Rumex thyrsiflorus,ForestWetRich
207591,Rumex thyrsiflorus,ForestWetRich
207592,Rumex thyrsiflorus,ForestWetRich
207593,Rumex thyrsiflorus,ForestWetRich
207594,Rumex thyrsiflorus,ForestWetRich
207595,Rumex thyrsiflorus,ForestWetRich
207596,Rumex thyrsiflorus,ForestWetRich
207597,Rumex thyrsiflorus,ForestWetRich
207598,Rumex thyrsiflorus,ForestWetRich
207599,Rumex thyrsiflorus,ForestWetRich
207600,Rumex thyrsiflorus,ForestWetRich
207601,Rumex thyrsiflorus,ForestWetRich
207602,Rumex thyrsiflorus,ForestWetRich
207603,Rumex thyrsiflorus,ForestWetRich
207604,Rumex thyrsiflorus,ForestWetRich
207605,Rumex thyrsiflorus,ForestWetRich
207606,Rumex thyrsiflorus,ForestWetRich
207607,Rumex thyrsiflorus,ForestWetRich
207608,Rumex thyrsiflorus,ForestWetRich
207609,Rumex thyrsiflorus,ForestWetRich
207610,Rumex thyrsiflorus,ForestWetRich
208171,Rumex thyrsiflorus,ForestWetRich
208172,Rumex thyrsiflorus,ForestWetRich
208173,Rumex thyrsiflorus,ForestWetRich
208174,Rumex thyrsiflorus,ForestWetRich
208175,Rumex thyrsiflorus,ForestWetRich
208176,Rumex thyrsiflorus,ForestWetRich
208177,Rumex thyrsiflorus,ForestWetRich
208178,Rumex thyrsiflorus,ForestWetRich
208179,Rumex thyrsiflorus,ForestWetRich
208180,Rumex thyrsiflorus,ForestWetRich
208181,Rumex thyrsiflorus,ForestWetRich
208182,Rumex thyrsiflorus,ForestWetRich
208183,Rumex thyrsiflorus,ForestWetRich
208184,Rumex thyrsiflorus,ForestWetRich
208185,Rumex thyrsiflorus,ForestWetRich
208186,Rumex thyrsiflorus,ForestWetRich
208187,Rumex thyrsiflorus,ForestWetRich
208188,Rumex thyrsiflorus,ForestWetRich
208189,Rumex thyrsiflorus,ForestWetRich
208190,Rumex thyrsiflorus,ForestWetRich
208191,Rumex thyrsiflorus,ForestWetRich
208192,Rumex thyrsiflorus,ForestWetRich
208193,Rumex thyrsiflorus,ForestWetRich
208194,Rumex thyrsiflorus,ForestWetRich
208195,Rumex thyrsiflorus,ForestWetRich
208196,Rumex thyrsiflorus,ForestWetRich
208197,Rumex thyrsiflorus,ForestWetRich
208198,Rumex thyrsiflorus,ForestWetRich
208199,Rumex thyrsiflorus,ForestWetRich
208200,Rumex thyrsiflorus,ForestWetRich
208201,Rumex thyrsiflorus,ForestWetRich
208202,Rumex thyrsiflorus,ForestWetRich
208203,Rumex thyrsiflorus,ForestWetRich
208204,Rumex thyrsiflorus,ForestWetRich
208205,Rumex thyrsiflorus,ForestWetRich
208206,Rumex thyrsiflorus,ForestWetRich
208207,Rumex thyrsiflorus,ForestWetRich
208208,Rumex thyrsiflorus,ForestWetRich
208209,Rumex thyrsiflorus,ForestWetRich
208769,Rumex thyrsiflorus,ForestWetRich
208770,Rumex thyrsiflorus,ForestWetRich
208771,Rumex thyrsiflorus,ForestWetRich
208772,Rumex thyrsiflorus,ForestWetRich
208773,Rumex thyrsiflorus,ForestWetRich
208774,Rumex thyrsiflorus,ForestWetRich
208775,Rumex thyrsiflorus,ForestWetRich
208776,Rumex thyrsiflorus,ForestWetRich
208777,Rumex thyrsiflorus,ForestWetRich
208778,Rumex thyrsiflorus,ForestWetRich
208779,Rumex thyrsiflorus,ForestWetRich
208780,Rumex thyrsiflorus,ForestWetRich
208781,Rumex thyrsiflorus,ForestWetRich
208782,Rumex thyrsiflorus,ForestWetRich
208783,Rumex thyrsiflorus,ForestWetRich
208784,Rumex thyrsiflorus,ForestWetRich
208785,Rumex thyrsiflorus,ForestWetRich
208786,Rumex thyrsiflorus,ForestWetRich
208787,Rumex thyrsiflorus,ForestWetRich
208788,Rumex thyrsiflorus,ForestWetRich
208789,Rumex thyrsiflorus,ForestWetRich
208790,Rumex thyrsiflorus,ForestWetRich
208791,Rumex thyrsiflorus,ForestWetRich
208792,Rumex thyrsiflorus,ForestWetRich
208793,Rumex thyrsiflorus,ForestWetRich
208794,Rumex thyrsiflorus,ForestWetRich
208795,Rumex thyrsiflorus,ForestWetRich
208796,Rumex thyrsiflorus,ForestWetRich
208797,Rumex thyrsiflorus,ForestWetRich
208798,Rumex thyrsiflorus,ForestWetRich
208799,Rumex thyrsiflorus,ForestWetRich
208800,Rumex thyrsiflorus,ForestWetRich
208801,Rumex thyrsiflorus,ForestWetRich
208802,Rumex thyrsiflorus,ForestWetRich
208803,Rumex thyrsiflorus,ForestWetRich
208804,Rumex thyrsiflorus,ForestWetRich
208805,Rumex thyrsiflorus,ForestWetRich
208806,Rumex thyrsiflorus,ForestWetRich
208807,Rumex thyrsiflorus,ForestWetRich
208808,Rumex thyrsiflorus,ForestWetRich
209368,Rumex thyrsiflorus,ForestWetRich
209369,Rumex thyrsiflorus,ForestWetRich
209370,Rumex thyrsiflorus,ForestWetRich
209371,Rumex thyrsiflorus,ForestWetRich
209372,Rumex thyrsiflorus,ForestWetRich
209373,Rumex thyrsiflorus,ForestWetRich
209374,Rumex thyrsiflorus,ForestWetRich
209375,Rumex thyrsiflorus,ForestWetRich
209376,Rumex thyrsiflorus,ForestWetRich
209377,Rumex thyrsiflorus,ForestWetRich
209378,Rumex thyrsiflorus,ForestWetRich
209379,Rumex thyrsiflorus,ForestWetRich
209380,Rumex thyrsiflorus,ForestWetRich
209381,Rumex thyrsiflorus,ForestWetRich
209382,Rumex thyrsiflorus,ForestWetRich
209383,Rumex thyrsiflorus,ForestWetRich
209384,Rumex thyrsiflorus,ForestWetRich
209385,Rumex thyrsiflorus,ForestWetRich
209386,Rumex thyrsiflorus,ForestWetRich
209387,Rumex thyrsiflorus,ForestWetRich
209388,Rumex thyrsiflorus,ForestWetRich
209389,Rumex thyrsiflorus,ForestWetRich
209390,Rumex thyrsiflorus,ForestWetRich
209391,Rumex thyrsiflorus,ForestWetRich
209392,Rumex thyrsiflorus,ForestWetRich
209393,Rumex thyrsiflorus,ForestWetRich
209394,Rumex thyrsiflorus,ForestWetRich
209395,Rumex thyrsiflorus,ForestWetRich
209396,Rumex thyrsiflorus,ForestWetRich
209397,Rumex thyrsiflorus,ForestWetRich
209398,Rumex thyrsiflorus,ForestWetRich
209399,Rumex thyrsiflorus,ForestWetRich
209400,Rumex thyrsiflorus,ForestWetRich
209401,Rumex thyrsiflorus,ForestWetRich
209402,Rumex thyrsiflorus,ForestWetRich
209403,Rumex thyrsiflorus,ForestWetRich
209404,Rumex thyrsiflorus,ForestWetRich
209405,Rumex thyrsiflorus,ForestWetRich
209406,Rumex thyrsiflorus,ForestWetRich
209407,Rumex thyrsiflorus,ForestWetRich
209966,Rumex thyrsiflorus,ForestWetRich
209967,Rumex thyrsiflorus,ForestWetRich
209968,Rumex thyrsiflorus,ForestWetRich
209969,Rumex thyrsiflorus,ForestWetRich
209970,Rumex thyrsiflorus,ForestWetRich
209971,Rumex thyrsiflorus,ForestWetRich
209972,Rumex thyrsiflorus,ForestWetRich
209973,Rumex thyrsiflorus,ForestWetRich
209974,Rumex thyrsiflorus,ForestWetRich
209975,Rumex thyrsiflorus,ForestWetRich
209976,Rumex thyrsiflorus,ForestWetRich
209977,Rumex thyrsiflorus,ForestWetRich
209978,Rumex thyrsiflorus,ForestWetRich
209979,Rumex thyrsiflorus,ForestWetRich
209980,Rumex thyrsiflorus,ForestWetRich
209981,Rumex thyrsiflorus,ForestWetRich
209982,Rumex thyrsiflorus,ForestWetRich
209983,Rumex thyrsiflorus,ForestWetRich
209984,Rumex thyrsiflorus,ForestWetRich
209985,Rumex thyrsiflorus,ForestWetRich
209986,Rumex thyrsiflorus,ForestWetRich
209987,Rumex thyrsiflorus,ForestWetRich
209988,Rumex thyrsiflorus,ForestWetRich
209989,Rumex thyrsiflorus,ForestWetRich
209990,Rumex thyrsiflorus,ForestWetRich
209991,Rumex thyrsiflorus,ForestWetRich
209992,Rumex thyrsiflorus,ForestWetRich
209993,Rumex thyrsiflorus,ForestWetRich
209994,Rumex thyrsiflorus,ForestWetRich
209995,Rumex thyrsiflorus,ForestWetRich
209996,Rumex thyrsiflorus,ForestWetRich
209997,Rumex thyrsiflorus,ForestWetRich
209998,Rumex thyrsiflorus,ForestWetRich
209999,Rumex thyrsiflorus,ForestWetRich
210000,Rumex thyrsiflorus,ForestWetRich
210001,Rumex thyrsiflorus,ForestWetRich
210002,Rumex thyrsiflorus,ForestWetRich
210003,Rumex thyrsiflorus,ForestWetRich
210004,Rumex thyrsiflorus,ForestWetRich
210005,Rumex thyrsiflorus,ForestWetRich
210006,Rumex thyrsiflorus,ForestWetRich
210565,Rumex thyrsiflorus,ForestWetRich
210566,Rumex thyrsiflorus,ForestWetRich
210567,Rumex thyrsiflorus,ForestWetRich
210568,Rumex thyrsiflorus,ForestWetRich
210569,Rumex thyrsiflorus,ForestWetRich
210570,Rumex thyrsiflorus,ForestWetRich
210571,Rumex thyrsiflorus,ForestWetRich
210572,Rumex thyrsiflorus,ForestWetRich
210573,Rumex thyrsiflorus,ForestWetRich
210574,Rumex thyrsiflorus,ForestWetRich
210575,Rumex thyrsiflorus,ForestWetRich
210576,Rumex thyrsiflorus,ForestWetRich
210577,Rumex thyrsiflorus,ForestWetRich
210578,Rumex thyrsiflorus,ForestWetRich
210579,Rumex thyrsiflorus,ForestWetRich
210580,Rumex thyrsiflorus,ForestWetRich
210581,Rumex thyrsiflorus,ForestWetRich
210582,Rumex thyrsiflorus,ForestWetRich
210583,Rumex thyrsiflorus,ForestWetRich
210584,Rumex thyrsiflorus,ForestWetRich
210585,Rumex thyrsiflorus,ForestWetRich
210586,Rumex thyrsiflorus,ForestWetRich
210587,Rumex thyrsiflorus,ForestWetRich
210588,Rumex thyrsiflorus,ForestWetRich
210589,Rumex thyrsiflorus,ForestWetRich
210590,Rumex thyrsiflorus,ForestWetRich
210591,Rumex thyrsiflorus,ForestWetRich
210592,Rumex thyrsiflorus,ForestWetRich
210593,Rumex thyrsiflorus,ForestWetRich
210594,Rumex thyrsiflorus,ForestWetRich
210595,Rumex thyrsiflorus,ForestWetRich
210596,Rumex thyrsiflorus,ForestWetRich
210597,Rumex thyrsiflorus,ForestWetRich
210598,Rumex thyrsiflorus,ForestWetRich
210599,Rumex thyrsiflorus,ForestWetRich
210600,Rumex thyrsiflorus,ForestWetRich
210601,Rumex thyrsiflorus,ForestWetRich
210602,Rumex thyrsiflorus,ForestWetRich
210603,Rumex thyrsiflorus,ForestWetRich
210604,Rumex thyrsiflorus,ForestWetRich
210605,Rumex thyrsiflorus,ForestWetRich
211163,Rumex thyrsiflorus,ForestWetRich
211164,Rumex thyrsiflorus,ForestWetRich
211165,Rumex thyrsiflorus,ForestWetRich
211166,Rumex thyrsiflorus,ForestWetRich
211167,Rumex thyrsiflorus,ForestWetRich
211168,Rumex thyrsiflorus,ForestWetRich
211169,Rumex thyrsiflorus,ForestWetRich
211170,Rumex thyrsiflorus,ForestWetRich
211171,Rumex thyrsiflorus,ForestWetRich
211172,Rumex thyrsiflorus,ForestWetRich
211173,Rumex thyrsiflorus,ForestWetRich
211174,Rumex thyrsiflorus,ForestWetRich
211175,Rumex thyrsiflorus,ForestWetRich
211176,Rumex thyrsiflorus,ForestWetRich
211177,Rumex thyrsiflorus,ForestWetRich
211178,Rumex thyrsiflorus,ForestWetRich
211179,Rumex thyrsiflorus,ForestWetRich
211180,Rumex thyrsiflorus,ForestWetRich
211181,Rumex thyrsiflorus,ForestWetRich
211182,Rumex thyrsiflorus,ForestWetRich
211183,Rumex thyrsiflorus,ForestWetRich
211184,Rumex thyrsiflorus,ForestWetRich
211185,Rumex thyrsiflorus,ForestWetRich
211186,Rumex thyrsiflorus,ForestWetRich
211187,Rumex thyrsiflorus,ForestWetRich
211188,Rumex thyrsiflorus,ForestWetRich
211189,Rumex thyrsiflorus,ForestWetRich
211190,Rumex thyrsiflorus,ForestWetRich
211191,Rumex thyrsiflorus,ForestWetRich
211192,Rumex thyrsiflorus,ForestWetRich
211193,Rumex thyrsiflorus,ForestWetRich
211194,Rumex thyrsiflorus,ForestWetRich
211195,Rumex thyrsiflorus,ForestWetRich
211196,Rumex thyrsiflorus,ForestWetRich
211197,Rumex thyrsiflorus,ForestWetRich
211198,Rumex thyrsiflorus,ForestWetRich
211199,Rumex thyrsiflorus,ForestWetRich
211200,Rumex thyrsiflorus,ForestWetRich
211201,Rumex thyrsiflorus,ForestWetRich
211202,Rumex thyrsiflorus,ForestWetRich
211203,Rumex thyrsiflorus,ForestWetRich
211204,Rumex thyrsiflorus,ForestWetRich
211761,Rumex thyrsiflorus,ForestWetRich
211762,Rumex thyrsiflorus,ForestWetRich
211763,Rumex thyrsiflorus,ForestWetRich
211764,Rumex thyrsiflorus,ForestWetRich
211765,Rumex thyrsiflorus,ForestWetRich
211766,Rumex thyrsiflorus,ForestWetRich
211767,Rumex thyrsiflorus,ForestWetRich
211768,Rumex thyrsiflorus,ForestWetRich
211769,Rumex thyrsiflorus,ForestWetRich
211770,Rumex thyrsiflorus,ForestWetRich
211771,Rumex thyrsiflorus,ForestWetRich
211772,Rumex thyrsiflorus,ForestWetRich
211773,Rumex thyrsiflorus,ForestWetRich
211774,Rumex thyrsiflorus,ForestWetRich
211775,Rumex thyrsiflorus,ForestWetRich
211776,Rumex thyrsiflorus,ForestWetRich
211777,Rumex thyrsiflorus,ForestWetRich
211778,Rumex thyrsiflorus,ForestWetRich
211779,Rumex thyrsiflorus,ForestWetRich
211780,Rumex thyrsiflorus,ForestWetRich
211781,Rumex thyrsiflorus,ForestWetRich
211782,Rumex thyrsiflorus,ForestWetRich
211783,Rumex thyrsiflorus,ForestWetRich
211784,Rumex thyrsiflorus,ForestWetRich
211785,Rumex thyrsiflorus,ForestWetRich
211786,Rumex thyrsiflorus,ForestWetRich
211787,Rumex thyrsiflorus,ForestWetRich
211788,Rumex thyrsiflorus,ForestWetRich
211789,Rumex thyrsiflorus,ForestWetRich
211790,Rumex thyrsiflorus,ForestWetRich
211791,Rumex thyrsiflorus,ForestWetRich
211792,Rumex thyrsiflorus,ForestWetRich
211793,Rumex thyrsiflorus,ForestWetRich
211794,Rumex thyrsiflorus,ForestWetRich
211795,Rumex thyrsiflorus,ForestWetRich
211796,Rumex thyrsiflorus,ForestWetRich
211797,Rumex thyrsiflorus,ForestWetRich
211798,Rumex thyrsiflorus,ForestWetRich
211799,Rumex thyrsiflorus,ForestWetRich
211800,Rumex thyrsiflorus,ForestWetRich
211801,Rumex thyrsiflorus,ForestWetRich
211802,Rumex thyrsiflorus,ForestWetRich
211803,Rumex thyrsiflorus,ForestWetRich
212360,Rumex thyrsiflorus,ForestWetRich
212361,Rumex thyrsiflorus,ForestWetRich
212362,Rumex thyrsiflorus,ForestWetRich
212363,Rumex thyrsiflorus,ForestWetRich
212364,Rumex thyrsiflorus,ForestWetRich
212365,Rumex thyrsiflorus,ForestWetRich
212366,Rumex thyrsiflorus,ForestWetRich
212367,Rumex thyrsiflorus,ForestWetRich
212368,Rumex thyrsiflorus,ForestWetRich
212369,Rumex thyrsiflorus,ForestWetRich
212370,Rumex thyrsiflorus,ForestWetRich
212371,Rumex thyrsiflorus,ForestWetRich
212372,Rumex thyrsiflorus,ForestWetRich
212373,Rumex thyrsiflorus,ForestWetRich
212374,Rumex thyrsiflorus,ForestWetRich
212375,Rumex thyrsiflorus,ForestWetRich
212376,Rumex thyrsiflorus,ForestWetRich
212377,Rumex thyrsiflorus,ForestWetRich
212378,Rumex thyrsiflorus,ForestWetRich
212379,Rumex thyrsiflorus,ForestWetRich
212380,Rumex thyrsiflorus,ForestWetRich
212381,Rumex thyrsiflorus,ForestWetRich
212382,Rumex thyrsiflorus,ForestWetRich
212383,Rumex thyrsiflorus,ForestWetRich
212384,Rumex thyrsiflorus,ForestWetRich
212385,Rumex thyrsiflorus,ForestWetRich
212386,Rumex thyrsiflorus,ForestWetRich
212387,Rumex thyrsiflorus,ForestWetRich
212388,Rumex thyrsiflorus,ForestWetRich
212389,Rumex thyrsiflorus,ForestWetRich
212390,Rumex thyrsiflorus,ForestWetRich
212391,Rumex thyrsiflorus,ForestWetRich
212392,Rumex thyrsiflorus,ForestWetRich
212393,Rumex thyrsiflorus,ForestWetRich
212394,Rumex thyrsiflorus,ForestWetRich
212395,Rumex thyrsiflorus,ForestWetRich
212396,Rumex thyrsiflorus,ForestWetRich
212397,Rumex thyrsiflorus,ForestWetRich
212398,Rumex thyrsiflorus,ForestWetRich
212399,Rumex thyrsiflorus,ForestWetRich
212400,Rumex thyrsiflorus,ForestWetRich
212401,Rumex thyrsiflorus,ForestWetRich
212402,Rumex thyrsiflorus,ForestWetRich
212959,Rumex thyrsiflorus,ForestWetRich
212960,Rumex thyrsiflorus,ForestWetRich
212961,Rumex thyrsiflorus,ForestWetRich
212962,Rumex thyrsiflorus,ForestWetRich
212963,Rumex thyrsiflorus,ForestWetRich
212964,Rumex thyrsiflorus,ForestWetRich
212965,Rumex thyrsiflorus,ForestWetRich
212966,Rumex thyrsiflorus,ForestWetRich
212967,Rumex thyrsiflorus,ForestWetRich
212968,Rumex thyrsiflorus,ForestWetRich
212969,Rumex thyrsiflorus,ForestWetRich
212970,Rumex thyrsiflorus,ForestWetRich
212971,Rumex thyrsiflorus,ForestWetRich
212972,Rumex thyrsiflorus,ForestWetRich
212973,Rumex thyrsiflorus,ForestWetRich
212974,Rumex thyrsiflorus,ForestWetRich
212975,Rumex thyrsiflorus,ForestWetRich
212976,Rumex thyrsiflorus,ForestWetRich
212977,Rumex thyrsiflorus,ForestWetRich
212978,Rumex thyrsiflorus,ForestWetRich
212979,Rumex thyrsiflorus,ForestWetRich
212980,Rumex thyrsiflorus,ForestWetRich
212981,Rumex thyrsiflorus,ForestWetRich
212982,Rumex thyrsiflorus,ForestWetRich
212983,Rumex thyrsiflorus,ForestWetRich
212984,Rumex thyrsiflorus,ForestWetRich
212985,Rumex thyrsiflorus,ForestWetRich
212986,Rumex thyrsiflorus,ForestWetRich
212987,Rumex thyrsiflorus,ForestWetRich
212988,Rumex thyrsiflorus,ForestWetRich
212989,Rumex thyrsiflorus,ForestWetRich
212990,Rumex thyrsiflorus,ForestWetRich
212991,Rumex thyrsiflorus,ForestWetRich
212992,Rumex thyrsiflorus,ForestWetRich
212993,Rumex thyrsiflorus,ForestWetRich
212994,Rumex thyrsiflorus,ForestWetRich
212995,Rumex thyrsiflorus,ForestWetRich
212996,Rumex thyrsiflorus,ForestWetRich
212997,Rumex thyrsiflorus,ForestWetRich
212998,Rumex thyrsiflorus,ForestWetRich
212999,Rumex thyrsiflorus,ForestWetRich
213000,Rumex thyrsiflorus,ForestWetRich
213001,Rumex thyrsiflorus,ForestWetRich
213557,Rumex thyrsiflorus,ForestWetRich
213558,Rumex thyrsiflorus,ForestWetRich
213559,Rumex thyrsiflorus,ForestWetRich
213560,Rumex thyrsiflorus,ForestWetRich
213561,Rumex thyrsiflorus,ForestWetRich
213562,Rumex thyrsiflorus,ForestWetRich
213563,Rumex thyrsiflorus,ForestWetRich
213564,Rumex thyrsiflorus,ForestWetRich
213565,Rumex thyrsiflorus,ForestWetRich
213566,Rumex thyrsiflorus,ForestWetRich
213567,Rumex thyrsiflorus,ForestWetRich
213568,Rumex thyrsiflorus,ForestWetRich
213569,Rumex thyrsiflorus,ForestWetRich
213570,Rumex thyrsiflorus,ForestWetRich
213571,Rumex thyrsiflorus,ForestWetRich
213572,Rumex thyrsiflorus,ForestWetRich
213573,Rumex thyrsiflorus,ForestWetRich
213574,Rumex thyrsiflorus,ForestWetRich
213575,Rumex thyrsiflorus,ForestWetRich
213576,Rumex thyrsiflorus,ForestWetRich
213577,Rumex thyrsiflorus,ForestWetRich
213578,Rumex thyrsiflorus,ForestWetRich
213579,Rumex thyrsiflorus,ForestWetRich
213580,Rumex thyrsiflorus,ForestWetRich
213581,Rumex thyrsiflorus,ForestWetRich
213582,Rumex thyrsiflorus,ForestWetRich
213583,Rumex thyrsiflorus,ForestWetRich
213584,Rumex thyrsiflorus,ForestWetRich
213585,Rumex thyrsiflorus,ForestWetRich
213586,Rumex thyrsiflorus,ForestWetRich
213587,Rumex thyrsiflorus,ForestWetRich
213588,Rumex thyrsiflorus,ForestWetRich
213589,Rumex thyrsiflorus,ForestWetRich
213590,Rumex thyrsiflorus,ForestWetRich
213591,Rumex thyrsiflorus,ForestWetRich
213592,Rumex thyrsiflorus,ForestWetRich
213593,Rumex thyrsiflorus,ForestWetRich
213594,Rumex thyrsiflorus,ForestWetRich
213595,Rumex thyrsiflorus,ForestWetRich
213596,Rumex thyrsiflorus,ForestWetRich
213597,Rumex thyrsiflorus,ForestWetRich
213598,Rumex thyrsiflorus,ForestWetRich
213599,Rumex thyrsiflorus,ForestWetRich
213600,Rumex thyrsiflorus,ForestWetRich
214156,Rumex thyrsiflorus,ForestWetRich
214157,Rumex thyrsiflorus,ForestWetRich
214158,Rumex thyrsiflorus,ForestWetRich
214159,Rumex thyrsiflorus,ForestWetRich
214160,Rumex thyrsiflorus,ForestWetRich
214161,Rumex thyrsiflorus,ForestWetRich
214162,Rumex thyrsiflorus,ForestWetRich
214163,Rumex thyrsiflorus,ForestWetRich
214164,Rumex thyrsiflorus,ForestWetRich
214165,Rumex thyrsiflorus,ForestWetRich
214166,Rumex thyrsiflorus,ForestWetRich
214167,Rumex thyrsiflorus,ForestWetRich
214168,Rumex thyrsiflorus,ForestWetRich
214169,Rumex thyrsiflorus,ForestWetRich
214170,Rumex thyrsiflorus,ForestWetRich
214171,Rumex thyrsiflorus,ForestWetRich
214172,Rumex thyrsiflorus,ForestWetRich
214173,Rumex thyrsiflorus,ForestWetRich
214174,Rumex thyrsiflorus,ForestWetRich
214175,Rumex thyrsiflorus,ForestWetRich
214176,Rumex thyrsiflorus,ForestWetRich
214177,Rumex thyrsiflorus,ForestWetRich
214178,Rumex thyrsiflorus,ForestWetRich
214179,Rumex thyrsiflorus,ForestWetRich
214180,Rumex thyrsiflorus,ForestWetRich
214181,Rumex thyrsiflorus,ForestWetRich
214182,Rumex thyrsiflorus,ForestWetRich
214183,Rumex thyrsiflorus,ForestWetRich
214184,Rumex thyrsiflorus,ForestWetRich
214185,Rumex thyrsiflorus,ForestWetRich
214186,Rumex thyrsiflorus,ForestWetRich
214187,Rumex thyrsiflorus,ForestWetRich
214188,Rumex thyrsiflorus,ForestWetRich
214189,Rumex thyrsiflorus,ForestWetRich
214190,Rumex thyrsiflorus,ForestWetRich
214191,Rumex thyrsiflorus,ForestWetRich
214192,Rumex thyrsiflorus,ForestWetRich
214193,Rumex thyrsiflorus,ForestWetRich
214194,Rumex thyrsiflorus,ForestWetRich
214195,Rumex thyrsiflorus,ForestWetRich
214196,Rumex thyrsiflorus,ForestWetRich
214197,Rumex thyrsiflorus,ForestWetRich
214198,Rumex thyrsiflorus,ForestWetRich
214199,Rumex thyrsiflorus,ForestWetRich
214754,Rumex thyrsiflorus,ForestWetRich
214755,Rumex thyrsiflorus,ForestWetRich
214756,Rumex thyrsiflorus,ForestWetRich
214757,Rumex thyrsiflorus,ForestWetRich
214758,Rumex thyrsiflorus,ForestWetRich
214759,Rumex thyrsiflorus,ForestWetRich
214760,Rumex thyrsiflorus,ForestWetRich
214761,Rumex thyrsiflorus,ForestWetRich
214762,Rumex thyrsiflorus,ForestWetRich
214763,Rumex thyrsiflorus,ForestWetRich
214764,Rumex thyrsiflorus,ForestWetRich
214765,Rumex thyrsiflorus,ForestWetRich
214766,Rumex thyrsiflorus,ForestWetRich
214767,Rumex thyrsiflorus,ForestWetRich
214768,Rumex thyrsiflorus,ForestWetRich
214769,Rumex thyrsiflorus,ForestWetRich
214770,Rumex thyrsiflorus,ForestWetRich
214771,Rumex thyrsiflorus,ForestWetRich
214772,Rumex thyrsiflorus,ForestWetRich
214773,Rumex thyrsiflorus,ForestWetRich
214774,Rumex thyrsiflorus,ForestWetRich
214775,Rumex thyrsiflorus,ForestWetRich
214776,Rumex thyrsiflorus,ForestWetRich
214777,Rumex thyrsiflorus,ForestWetRich
214778,Rumex thyrsiflorus,ForestWetRich
214779,Rumex thyrsiflorus,ForestWetRich
214780,Rumex thyrsiflorus,ForestWetRich
214781,Rumex thyrsiflorus,ForestWetRich
214782,Rumex thyrsiflorus,ForestWetRich
214783,Rumex thyrsiflorus,ForestWetRich
214784,Rumex thyrsiflorus,ForestWetRich
214785,Rumex thyrsiflorus,ForestWetRich
214786,Rumex thyrsiflorus,ForestWetRich
214787,Rumex thyrsiflorus,ForestWetRich
214788,Rumex thyrsiflorus,ForestWetRich
214789,Rumex thyrsiflorus,ForestWetRich
214790,Rumex thyrsiflorus,ForestWetRich
214791,Rumex thyrsiflorus,ForestWetRich
214792,Rumex thyrsiflorus,ForestWetRich
214793,Rumex thyrsiflorus,ForestWetRich
214794,Rumex thyrsiflorus,ForestWetRich
214795,Rumex thyrsiflorus,ForestWetRich
214796,Rumex thyrsiflorus,ForestWetRich
214797,Rumex thyrsiflorus,ForestWetRich
214798,Rumex thyrsiflorus,ForestWetRich
215353,Rumex thyrsiflorus,ForestWetRich
215354,Rumex thyrsiflorus,ForestWetRich
215355,Rumex thyrsiflorus,ForestWetRich
215356,Rumex thyrsiflorus,ForestWetRich
215357,Rumex thyrsiflorus,ForestWetRich
215358,Rumex thyrsiflorus,ForestWetRich
215359,Rumex thyrsiflorus,ForestWetRich
215360,Rumex thyrsiflorus,ForestWetRich
215361,Rumex thyrsiflorus,ForestWetRich
215362,Rumex thyrsiflorus,ForestWetRich
215363,Rumex thyrsiflorus,ForestWetRich
215364,Rumex thyrsiflorus,ForestWetRich
215365,Rumex thyrsiflorus,ForestWetRich
215366,Rumex thyrsiflorus,ForestWetRich
215367,Rumex thyrsiflorus,ForestWetRich
215368,Rumex thyrsiflorus,ForestWetRich
215369,Rumex thyrsiflorus,ForestWetRich
215370,Rumex thyrsiflorus,ForestWetRich
215371,Rumex thyrsiflorus,ForestWetRich
215372,Rumex thyrsiflorus,ForestWetRich
215373,Rumex thyrsiflorus,ForestWetRich
215374,Rumex thyrsiflorus,ForestWetRich
215375,Rumex thyrsiflorus,ForestWetRich
215376,Rumex thyrsiflorus,ForestWetRich
215377,Rumex thyrsiflorus,ForestWetRich
215378,Rumex thyrsiflorus,ForestWetRich
215379,Rumex thyrsiflorus,ForestWetRich
215380,Rumex thyrsiflorus,ForestWetRich
215381,Rumex thyrsiflorus,ForestWetRich
215382,Rumex thyrsiflorus,ForestWetRich
215383,Rumex thyrsiflorus,ForestWetRich
215384,Rumex thyrsiflorus,ForestWetRich
215385,Rumex thyrsiflorus,ForestWetRich
215386,Rumex thyrsiflorus,ForestWetRich
215387,Rumex thyrsiflorus,ForestWetRich
215388,Rumex thyrsiflorus,ForestWetRich
215389,Rumex thyrsiflorus,ForestWetRich
215390,Rumex thyrsiflorus,ForestWetRich
215391,Rumex thyrsiflorus,ForestWetRich
215392,Rumex thyrsiflorus,ForestWetRich
215393,Rumex thyrsiflorus,ForestWetRich
215394,Rumex thyrsiflorus,ForestWetRich
215395,Rumex thyrsiflorus,ForestWetRich
215396,Rumex thyrsiflorus,ForestWetRich
215397,Rumex thyrsiflorus,ForestWetRich
215952,Rumex thyrsiflorus,ForestWetRich
215953,Rumex thyrsiflorus,ForestWetRich
215954,Rumex thyrsiflorus,ForestWetRich
215955,Rumex thyrsiflorus,ForestWetRich
215956,Rumex thyrsiflorus,ForestWetRich
215957,Rumex thyrsiflorus,ForestWetRich
215958,Rumex thyrsiflorus,ForestWetRich
215959,Rumex thyrsiflorus,ForestWetRich
215960,Rumex thyrsiflorus,ForestWetRich
215961,Rumex thyrsiflorus,ForestWetRich
215962,Rumex thyrsiflorus,ForestWetRich
215963,Rumex thyrsiflorus,ForestWetRich
215964,Rumex thyrsiflorus,ForestWetRich
215965,Rumex thyrsiflorus,ForestWetRich
215966,Rumex thyrsiflorus,ForestWetRich
215967,Rumex thyrsiflorus,ForestWetRich
215968,Rumex thyrsiflorus,ForestWetRich
215969,Rumex thyrsiflorus,ForestWetRich
215970,Rumex thyrsiflorus,ForestWetRich
215971,Rumex thyrsiflorus,ForestWetRich
215972,Rumex thyrsiflorus,ForestWetRich
215973,Rumex thyrsiflorus,ForestWetRich
215974,Rumex thyrsiflorus,ForestWetRich
215975,Rumex thyrsiflorus,ForestWetRich
215976,Rumex thyrsiflorus,ForestWetRich
215977,Rumex thyrsiflorus,ForestWetRich
215978,Rumex thyrsiflorus,ForestWetRich
215979,Rumex thyrsiflorus,ForestWetRich
215980,Rumex thyrsiflorus,ForestWetRich
215981,Rumex thyrsiflorus,ForestWetRich
215982,Rumex thyrsiflorus,ForestWetRich
215983,Rumex thyrsiflorus,ForestWetRich
215984,Rumex thyrsiflorus,ForestWetRich
215985,Rumex thyrsiflorus,ForestWetRich
215986,Rumex thyrsiflorus,ForestWetRich
215987,Rumex thyrsiflorus,ForestWetRich
215988,Rumex thyrsiflorus,ForestWetRich
215989,Rumex thyrsiflorus,ForestWetRich
215990,Rumex thyrsiflorus,ForestWetRich
215991,Rumex thyrsiflorus,ForestWetRich
215992,Rumex thyrsiflorus,ForestWetRich
215993,Rumex thyrsiflorus,ForestWetRich
215994,Rumex thyrsiflorus,ForestWetRich
215995,Rumex thyrsiflorus,ForestWetRich
215996,Rumex thyrsiflorus,ForestWetRich
216550,Rumex thyrsiflorus,ForestWetRich
216551,Rumex thyrsiflorus,ForestWetRich
216552,Rumex thyrsiflorus,ForestWetRich
216553,Rumex thyrsiflorus,ForestWetRich
216554,Rumex thyrsiflorus,ForestWetRich
216555,Rumex thyrsiflorus,ForestWetRich
216556,Rumex thyrsiflorus,ForestWetRich
216557,Rumex thyrsiflorus,ForestWetRich
216558,Rumex thyrsiflorus,ForestWetRich
216559,Rumex thyrsiflorus,ForestWetRich
216560,Rumex thyrsiflorus,ForestWetRich
216561,Rumex thyrsiflorus,ForestWetRich
216562,Rumex thyrsiflorus,ForestWetRich
216563,Rumex thyrsiflorus,ForestWetRich
216564,Rumex thyrsiflorus,ForestWetRich
216565,Rumex thyrsiflorus,ForestWetRich
216566,Rumex thyrsiflorus,ForestWetRich
216567,Rumex thyrsiflorus,ForestWetRich
216568,Rumex thyrsiflorus,ForestWetRich
216569,Rumex thyrsiflorus,ForestWetRich
216570,Rumex thyrsiflorus,ForestWetRich
216571,Rumex thyrsiflorus,ForestWetRich
216572,Rumex thyrsiflorus,ForestWetRich
216573,Rumex thyrsiflorus,ForestWetRich
216574,Rumex thyrsiflorus,ForestWetRich
216575,Rumex thyrsiflorus,ForestWetRich
216576,Rumex thyrsiflorus,ForestWetRich
216577,Rumex thyrsiflorus,ForestWetRich
216578,Rumex thyrsiflorus,ForestWetRich
216579,Rumex thyrsiflorus,ForestWetRich
216580,Rumex thyrsiflorus,ForestWetRich
216581,Rumex thyrsiflorus,ForestWetRich
216582,Rumex thyrsiflorus,ForestWetRich
216583,Rumex thyrsiflorus,ForestWetRich
216584,Rumex thyrsiflorus,ForestWetRich
216585,Rumex thyrsiflorus,ForestWetRich
216586,Rumex thyrsiflorus,ForestWetRich
216587,Rumex thyrsiflorus,ForestWetRich
216588,Rumex thyrsiflorus,ForestWetRich
216589,Rumex thyrsiflorus,ForestWetRich
216590,Rumex thyrsiflorus,ForestWetRich
216591,Rumex thyrsiflorus,ForestWetRich
216592,Rumex thyrsiflorus,ForestWetRich
216593,Rumex thyrsiflorus,ForestWetRich
216594,Rumex thyrsiflorus,ForestWetRich
216595,Rumex thyrsiflorus,ForestWetRich
217149,Rumex thyrsiflorus,ForestWetRich
217150,Rumex thyrsiflorus,ForestWetRich
217151,Rumex thyrsiflorus,ForestWetRich
217152,Rumex thyrsiflorus,ForestWetRich
217153,Rumex thyrsiflorus,ForestWetRich
217154,Rumex thyrsiflorus,ForestWetRich
217155,Rumex thyrsiflorus,ForestWetRich
217156,Rumex thyrsiflorus,ForestWetRich
217157,Rumex thyrsiflorus,ForestWetRich
217158,Rumex thyrsiflorus,ForestWetRich
217159,Rumex thyrsiflorus,ForestWetRich
217160,Rumex thyrsiflorus,ForestWetRich
217161,Rumex thyrsiflorus,ForestWetRich
217162,Rumex thyrsiflorus,ForestWetRich
217163,Rumex thyrsiflorus,ForestWetRich
217164,Rumex thyrsiflorus,ForestWetRich
217165,Rumex thyrsiflorus,ForestWetRich
217166,Rumex thyrsiflorus,ForestWetRich
217167,Rumex thyrsiflorus,ForestWetRich
217168,Rumex thyrsiflorus,ForestWetRich
217169,Rumex thyrsiflorus,ForestWetRich
217170,Rumex thyrsiflorus,ForestWetRich
217171,Rumex thyrsiflorus,ForestWetRich
217172,Rumex thyrsiflorus,ForestWetRich
217173,Rumex thyrsiflorus,ForestWetRich
217174,Rumex thyrsiflorus,ForestWetRich
217175,Rumex thyrsiflorus,ForestWetRich
217176,Rumex thyrsiflorus,ForestWetRich
217177,Rumex thyrsiflorus,ForestWetRich
217178,Rumex thyrsiflorus,ForestWetRich
217179,Rumex thyrsiflorus,ForestWetRich
217180,Rumex thyrsiflorus,ForestWetRich
217181,Rumex thyrsiflorus,ForestWetRich
217182,Rumex thyrsiflorus,ForestWetRich
217183,Rumex thyrsiflorus,ForestWetRich
217184,Rumex thyrsiflorus,ForestWetRich
217185,Rumex thyrsiflorus,ForestWetRich
217186,Rumex thyrsiflorus,ForestWetRich
217187,Rumex thyrsiflorus,ForestWetRich
217188,Rumex thyrsiflorus,ForestWetRich
217189,Rumex thyrsiflorus,ForestWetRich
217190,Rumex thyrsiflorus,ForestWetRich
217191,Rumex thyrsiflorus,ForestWetRich
217192,Rumex thyrsiflorus,ForestWetRich
217193,Rumex thyrsiflorus,ForestWetRich
217194,Rumex thyrsiflorus,ForestWetRich
217748,Rumex thyrsiflorus,ForestWetRich
217749,Rumex thyrsiflorus,ForestWetRich
217750,Rumex thyrsiflorus,ForestWetRich
217751,Rumex thyrsiflorus,ForestWetRich
217752,Rumex thyrsiflorus,ForestWetRich
217753,Rumex thyrsiflorus,ForestWetRich
217754,Rumex thyrsiflorus,ForestWetRich
217755,Rumex thyrsiflorus,ForestWetRich
217756,Rumex thyrsiflorus,ForestWetRich
217757,Rumex thyrsiflorus,ForestWetRich
217758,Rumex thyrsiflorus,ForestWetRich
217759,Rumex thyrsiflorus,ForestWetRich
217760,Rumex thyrsiflorus,ForestWetRich
217761,Rumex thyrsiflorus,ForestWetRich
217762,Rumex thyrsiflorus,ForestWetRich
217763,Rumex thyrsiflorus,ForestWetRich
217764,Rumex thyrsiflorus,ForestWetRich
217765,Rumex thyrsiflorus,ForestWetRich
217766,Rumex thyrsiflorus,ForestWetRich
217767,Rumex thyrsiflorus,ForestWetRich
217768,Rumex thyrsiflorus,ForestWetRich
217769,Rumex thyrsiflorus,ForestWetRich
217770,Rumex thyrsiflorus,ForestWetRich
217771,Rumex thyrsiflorus,ForestWetRich
217772,Rumex thyrsiflorus,ForestWetRich
217773,Rumex thyrsiflorus,ForestWetRich
217774,Rumex thyrsiflorus,ForestWetRich
217775,Rumex thyrsiflorus,ForestWetRich
217776,Rumex thyrsiflorus,ForestWetRich
217777,Rumex thyrsiflorus,ForestWetRich
217778,Rumex thyrsiflorus,ForestWetRich
217779,Rumex thyrsiflorus,ForestWetRich
217780,Rumex thyrsiflorus,ForestWetRich
217781,Rumex thyrsiflorus,ForestWetRich
217782,Rumex thyrsiflorus,ForestWetRich
217783,Rumex thyrsiflorus,ForestWetRich
217784,Rumex thyrsiflorus,ForestWetRich
217785,Rumex thyrsiflorus,ForestWetRich
217786,Rumex thyrsiflorus,ForestWetRich
217787,Rumex thyrsiflorus,ForestWetRich
217788,Rumex thyrsiflorus,ForestWetRich
217789,Rumex thyrsiflorus,ForestWetRich
217790,Rumex thyrsiflorus,ForestWetRich
217791,Rumex thyrsiflorus,ForestWetRich
217792,Rumex thyrsiflorus,ForestWetRich
217793,Rumex thyrsiflorus,ForestWetRich
218347,Rumex thyrsiflorus,ForestWetRich
218348,Rumex thyrsiflorus,ForestWetRich
218349,Rumex thyrsiflorus,ForestWetRich
218350,Rumex thyrsiflorus,ForestWetRich
218351,Rumex thyrsiflorus,ForestWetRich
218352,Rumex thyrsiflorus,ForestWetRich
218373,Rumex thyrsiflorus,ForestWetRich
218374,Rumex thyrsiflorus,ForestWetRich
218375,Rumex thyrsiflorus,ForestWetRich
218376,Rumex thyrsiflorus,ForestWetRich
218377,Rumex thyrsiflorus,ForestWetRich
218378,Rumex thyrsiflorus,ForestWetRich
218379,Rumex thyrsiflorus,ForestWetRich
218380,Rumex thyrsiflorus,ForestWetRich
218381,Rumex thyrsiflorus,ForestWetRich
218382,Rumex thyrsiflorus,ForestWetRich
218383,Rumex thyrsiflorus,ForestWetRich
218384,Rumex thyrsiflorus,ForestWetRich
218385,Rumex thyrsiflorus,ForestWetRich
218386,Rumex thyrsiflorus,ForestWetRich
218387,Rumex thyrsiflorus,ForestWetRich
218388,Rumex thyrsiflorus,ForestWetRich
218389,Rumex thyrsiflorus,ForestWetRich
218390,Rumex thyrsiflorus,ForestWetRich
218391,Rumex thyrsiflorus,ForestWetRich
218392,Rumex thyrsiflorus,ForestWetRich
218945,Rumex thyrsiflorus,ForestWetRich
218946,Rumex thyrsiflorus,ForestWetRich
218947,Rumex thyrsiflorus,ForestWetRich
218948,Rumex thyrsiflorus,ForestWetRich
218949,Rumex thyrsiflorus,ForestWetRich
218950,Rumex thyrsiflorus,ForestWetRich
218951,Rumex thyrsiflorus,ForestWetRich
218972,Rumex thyrsiflorus,ForestWetRich
218973,Rumex thyrsiflorus,ForestWetRich
218974,Rumex thyrsiflorus,ForestWetRich
218975,Rumex thyrsiflorus,ForestWetRich
218976,Rumex thyrsiflorus,ForestWetRich
218977,Rumex thyrsiflorus,ForestWetRich
218978,Rumex thyrsiflorus,ForestWetRich
218979,Rumex thyrsiflorus,ForestWetRich
218980,Rumex thyrsiflorus,ForestWetRich
218981,Rumex thyrsiflorus,ForestWetRich
218982,Rumex thyrsiflorus,ForestWetRich
218983,Rumex thyrsiflorus,ForestWetRich
218984,Rumex thyrsiflorus,ForestWetRich
218985,Rumex thyrsiflorus,ForestWetRich
218986,Rumex thyrsiflorus,ForestWetRich
218987,Rumex thyrsiflorus,ForestWetRich
218988,Rumex thyrsiflorus,ForestWetRich
218989,Rumex thyrsiflorus,ForestWetRich
218990,Rumex thyrsiflorus,ForestWetRich
218991,Rumex thyrsiflorus,ForestWetRich
219544,Rumex thyrsiflorus,ForestWetRich
219545,Rumex thyrsiflorus,ForestWetRich
219546,Rumex thyrsiflorus,ForestWetRich
219547,Rumex thyrsiflorus,ForestWetRich
219548,Rumex thyrsiflorus,ForestWetRich
219549,Rumex thyrsiflorus,ForestWetRich
219550,Rumex thyrsiflorus,ForestWetRich
219571,Rumex thyrsiflorus,ForestWetRich
219572,Rumex thyrsiflorus,ForestWetRich
219573,Rumex thyrsiflorus,ForestWetRich
219574,Rumex thyrsiflorus,ForestWetRich
219575,Rumex thyrsiflorus,ForestWetRich
219576,Rumex thyrsiflorus,ForestWetRich
219577,Rumex thyrsiflorus,ForestWetRich
219578,Rumex thyrsiflorus,ForestWetRich
219579,Rumex thyrsiflorus,ForestWetRich
219580,Rumex thyrsiflorus,ForestWetRich
219581,Rumex thyrsiflorus,ForestWetRich
219582,Rumex thyrsiflorus,ForestWetRich
219583,Rumex thyrsiflorus,ForestWetRich
219584,Rumex thyrsiflorus,ForestWetRich
219585,Rumex thyrsiflorus,ForestWetRich
219586,Rumex thyrsiflorus,ForestWetRich
219587,Rumex thyrsiflorus,ForestWetRich
219588,Rumex thyrsiflorus,ForestWetRich
219589,Rumex thyrsiflorus,ForestWetRich
219590,Rumex thyrsiflorus,ForestWetRich
220143,Rumex thyrsiflorus,ForestWetRich
220144,Rumex thyrsiflorus,ForestWetRich
220145,Rumex thyrsiflorus,ForestWetRich
220146,Rumex thyrsiflorus,ForestWetRich
220147,Rumex thyrsiflorus,ForestWetRich
220148,Rumex thyrsiflorus,ForestWetRich
220149,Rumex thyrsiflorus,ForestWetRich
220170,Rumex thyrsiflorus,ForestWetRich
220171,Rumex thyrsiflorus,ForestWetRich
220172,Rumex thyrsiflorus,ForestWetRich
220173,Rumex thyrsiflorus,ForestWetRich
220174,Rumex thyrsiflorus,ForestWetRich
220175,Rumex thyrsiflorus,ForestWetRich
220176,Rumex thyrsiflorus,ForestWetRich
220177,Rumex thyrsiflorus,ForestWetRich
220178,Rumex thyrsiflorus,ForestWetRich
220179,Rumex thyrsiflorus,ForestWetRich
220180,Rumex thyrsiflorus,ForestWetRich
220181,Rumex thyrsiflorus,ForestWetRich
220182,Rumex thyrsiflorus,ForestWetRich
220183,Rumex thyrsiflorus,ForestWetRich
220184,Rumex thyrsiflorus,ForestWetRich
220185,Rumex thyrsiflorus,ForestWetRich
220186,Rumex thyrsiflorus,ForestWetRich
220187,Rumex thyrsiflorus,ForestWetRich
220188,Rumex thyrsiflorus,ForestWetRich
220189,Rumex thyrsiflorus,ForestWetRich
220742,Rumex thyrsiflorus,ForestWetRich
220743,Rumex thyrsiflorus,ForestWetRich
220744,Rumex thyrsiflorus,ForestWetRich
220745,Rumex thyrsiflorus,ForestWetRich
220746,Rumex thyrsiflorus,ForestWetRich
220747,Rumex thyrsiflorus,ForestWetRich
220748,Rumex thyrsiflorus,ForestWetRich
220769,Rumex thyrsiflorus,ForestWetRich
220770,Rumex thyrsiflorus,ForestWetRich
220771,Rumex thyrsiflorus,ForestWetRich
220772,Rumex thyrsiflorus,ForestWetRich
220773,Rumex thyrsiflorus,ForestWetRich
220774,Rumex thyrsiflorus,ForestWetRich
220775,Rumex thyrsiflorus,ForestWetRich
220776,Rumex thyrsiflorus,ForestWetRich
220777,Rumex thyrsiflorus,ForestWetRich
220778,Rumex thyrsiflorus,ForestWetRich
220779,Rumex thyrsiflorus,ForestWetRich
220780,Rumex thyrsiflorus,ForestWetRich
220781,Rumex thyrsiflorus,ForestWetRich
220782,Rumex thyrsiflorus,ForestWetRich
220783,Rumex thyrsiflorus,ForestWetRich
220784,Rumex thyrsiflorus,ForestWetRich
220785,Rumex thyrsiflorus,ForestWetRich
220786,Rumex thyrsiflorus,ForestWetRich
220787,Rumex thyrsiflorus,ForestWetRich
220788,Rumex thyrsiflorus,ForestWetRich
221341,Rumex thyrsiflorus,ForestWetRich
221342,Rumex thyrsiflorus,ForestWetRich
221343,Rumex thyrsiflorus,ForestWetRich
221344,Rumex thyrsiflorus,ForestWetRich
221345,Rumex thyrsiflorus,ForestWetRich
221346,Rumex thyrsiflorus,ForestWetRich
221347,Rumex thyrsiflorus,ForestWetRich
221368,Rumex thyrsiflorus,ForestWetRich
221369,Rumex thyrsiflorus,ForestWetRich
221370,Rumex thyrsiflorus,ForestWetRich
221371,Rumex thyrsiflorus,ForestWetRich
221372,Rumex thyrsiflorus,ForestWetRich
221373,Rumex thyrsiflorus,ForestWetRich
221374,Rumex thyrsiflorus,ForestWetRich
221375,Rumex thyrsiflorus,ForestWetRich
221376,Rumex thyrsiflorus,ForestWetRich
221377,Rumex thyrsiflorus,ForestWetRich
221378,Rumex thyrsiflorus,ForestWetRich
221379,Rumex thyrsiflorus,ForestWetRich
221380,Rumex thyrsiflorus,ForestWetRich
221381,Rumex thyrsiflorus,ForestWetRich
221382,Rumex thyrsiflorus,ForestWetRich
221383,Rumex thyrsiflorus,ForestWetRich
221384,Rumex thyrsiflorus,ForestWetRich
221385,Rumex thyrsiflorus,ForestWetRich
221386,Rumex thyrsiflorus,ForestWetRich
221387,Rumex thyrsiflorus,ForestWetRich
221940,Rumex thyrsiflorus,ForestWetRich
221941,Rumex thyrsiflorus,ForestWetRich
221942,Rumex thyrsiflorus,ForestWetRich
221943,Rumex thyrsiflorus,ForestWetRich
221944,Rumex thyrsiflorus,ForestWetRich
221945,Rumex thyrsiflorus,ForestWetRich
221946,Rumex thyrsiflorus,ForestWetRich
221967,Rumex thyrsiflorus,ForestWetRich
221968,Rumex thyrsiflorus,ForestWetRich
221969,Rumex thyrsiflorus,ForestWetRich
221970,Rumex thyrsiflorus,ForestWetRich
221971,Rumex thyrsiflorus,ForestWetRich
221972,Rumex thyrsiflorus,ForestWetRich
221973,Rumex thyrsiflorus,ForestWetRich
221974,Rumex thyrsiflorus,ForestWetRich
221975,Rumex thyrsiflorus,ForestWetRich
221976,Rumex thyrsiflorus,ForestWetRich
221977,Rumex thyrsiflorus,ForestWetRich
221978,Rumex thyrsiflorus,ForestWetRich
221979,Rumex thyrsiflorus,ForestWetRich
221980,Rumex thyrsiflorus,ForestWetRich
221981,Rumex thyrsiflorus,ForestWetRich
221982,Rumex thyrsiflorus,ForestWetRich
221983,Rumex thyrsiflorus,ForestWetRich
221984,Rumex thyrsiflorus,ForestWetRich
221985,Rumex thyrsiflorus,ForestWetRich
221986,Rumex thyrsiflorus,ForestWetRich
222539,Rumex thyrsiflorus,ForestWetRich
222540,Rumex thyrsiflorus,ForestWetRich
222541,Rumex thyrsiflorus,ForestWetRich
222542,Rumex thyrsiflorus,ForestWetRich
222543,Rumex thyrsiflorus,ForestWetRich
222544,Rumex thyrsiflorus,ForestWetRich
222545,Rumex thyrsiflorus,ForestWetRich
222566,Rumex thyrsiflorus,ForestWetRich
222567,Rumex thyrsiflorus,ForestWetRich
222568,Rumex thyrsiflorus,ForestWetRich
222569,Rumex thyrsiflorus,ForestWetRich
222570,Rumex thyrsiflorus,ForestWetRich
222571,Rumex thyrsiflorus,ForestWetRich
222572,Rumex thyrsiflorus,ForestWetRich
222573,Rumex thyrsiflorus,ForestWetRich
222574,Rumex thyrsiflorus,ForestWetRich
222575,Rumex thyrsiflorus,ForestWetRich
222576,Rumex thyrsiflorus,ForestWetRich
222577,Rumex thyrsiflorus,ForestWetRich
222578,Rumex thyrsiflorus,ForestWetRich
222579,Rumex thyrsiflorus,ForestWetRich
222580,Rumex thyrsiflorus,ForestWetRich
222581,Rumex thyrsiflorus,ForestWetRich
222582,Rumex thyrsiflorus,ForestWetRich
222583,Rumex thyrsiflorus,ForestWetRich
222584,Rumex thyrsiflorus,ForestWetRich
222585,Rumex thyrsiflorus,ForestWetRich
223138,Rumex thyrsiflorus,ForestWetRich
223139,Rumex thyrsiflorus,ForestWetRich
223140,Rumex thyrsiflorus,ForestWetRich
223141,Rumex thyrsiflorus,ForestWetRich
223142,Rumex thyrsiflorus,ForestWetRich
223143,Rumex thyrsiflorus,ForestWetRich
223144,Rumex thyrsiflorus,ForestWetRich
223165,Rumex thyrsiflorus,ForestWetRich
223166,Rumex thyrsiflorus,ForestWetRich
223167,Rumex thyrsiflorus,ForestWetRich
223168,Rumex thyrsiflorus,ForestWetRich
223169,Rumex thyrsiflorus,ForestWetRich
223170,Rumex thyrsiflorus,ForestWetRich
223171,Rumex thyrsiflorus,ForestWetRich
223172,Rumex thyrsiflorus,ForestWetRich
223173,Rumex thyrsiflorus,ForestWetRich
223174,Rumex thyrsiflorus,ForestWetRich
223175,Rumex thyrsiflorus,ForestWetRich
223176,Rumex thyrsiflorus,ForestWetRich
223177,Rumex thyrsiflorus,ForestWetRich
223178,Rumex thyrsiflorus,ForestWetRich
223179,Rumex thyrsiflorus,ForestWetRich
223180,Rumex thyrsiflorus,ForestWetRich
223181,Rumex thyrsiflorus,ForestWetRich
223182,Rumex thyrsiflorus,ForestWetRich
223183,Rumex thyrsiflorus,ForestWetRich
223184,Rumex thyrsiflorus,ForestWetRich
223736,Rumex thyrsiflorus,ForestWetRich
223737,Rumex thyrsiflorus,ForestWetRich
223738,Rumex thyrsiflorus,ForestWetRich
223739,Rumex thyrsiflorus,ForestWetRich
223740,Rumex thyrsiflorus,ForestWetRich
223741,Rumex thyrsiflorus,ForestWetRich
223742,Rumex thyrsiflorus,ForestWetRich
223743,Rumex thyrsiflorus,ForestWetRich
223764,Rumex thyrsiflorus,ForestWetRich
223765,Rumex thyrsiflorus,ForestWetRich
223766,Rumex thyrsiflorus,ForestWetRich
223767,Rumex thyrsiflorus,ForestWetRich
223768,Rumex thyrsiflorus,ForestWetRich
223769,Rumex thyrsiflorus,ForestWetRich
223770,Rumex thyrsiflorus,ForestWetRich
223771,Rumex thyrsiflorus,ForestWetRich
223772,Rumex thyrsiflorus,ForestWetRich
223773,Rumex thyrsiflorus,ForestWetRich
223774,Rumex thyrsiflorus,ForestWetRich
223775,Rumex thyrsiflorus,ForestWetRich
223776,Rumex thyrsiflorus,ForestWetRich
223777,Rumex thyrsiflorus,ForestWetRich
223778,Rumex thyrsiflorus,ForestWetRich
223779,Rumex thyrsiflorus,ForestWetRich
223780,Rumex thyrsiflorus,ForestWetRich
223781,Rumex thyrsiflorus,ForestWetRich
223782,Rumex thyrsiflorus,ForestWetRich
223783,Rumex thyrsiflorus,ForestWetRich
224335,Rumex thyrsiflorus,ForestWetRich
224336,Rumex thyrsiflorus,ForestWetRich
224337,Rumex thyrsiflorus,ForestWetRich
224338,Rumex thyrsiflorus,ForestWetRich
224339,Rumex thyrsiflorus,ForestWetRich
224340,Rumex thyrsiflorus,ForestWetRich
224341,Rumex thyrsiflorus,ForestWetRich
224342,Rumex thyrsiflorus,ForestWetRich
224363,Rumex thyrsiflorus,ForestWetRich
224364,Rumex thyrsiflorus,ForestWetRich
224365,Rumex thyrsiflorus,ForestWetRich
224366,Rumex thyrsiflorus,ForestWetRich
224367,Rumex thyrsiflorus,ForestWetRich
224368,Rumex thyrsiflorus,ForestWetRich
224369,Rumex thyrsiflorus,ForestWetRich
224370,Rumex thyrsiflorus,ForestWetRich
224371,Rumex thyrsiflorus,ForestWetRich
224372,Rumex thyrsiflorus,ForestWetRich
224373,Rumex thyrsiflorus,ForestWetRich
224374,Rumex thyrsiflorus,ForestWetRich
224375,Rumex thyrsiflorus,ForestWetRich
224376,Rumex thyrsiflorus,ForestWetRich
224377,Rumex thyrsiflorus,ForestWetRich
224378,Rumex thyrsiflorus,ForestWetRich
224379,Rumex thyrsiflorus,ForestWetRich
224380,Rumex thyrsiflorus,ForestWetRich
224381,Rumex thyrsiflorus,ForestWetRich
224382,Rumex thyrsiflorus,ForestWetRich
224934,Rumex thyrsiflorus,ForestWetRich
224935,Rumex thyrsiflorus,ForestWetRich
224936,Rumex thyrsiflorus,ForestWetRich
224937,Rumex thyrsiflorus,ForestWetRich
224938,Rumex thyrsiflorus,ForestWetRich
224939,Rumex thyrsiflorus,ForestWetRich
224940,Rumex thyrsiflorus,ForestWetRich
224941,Rumex thyrsiflorus,ForestWetRich
224962,Rumex thyrsiflorus,ForestWetRich
224963,Rumex thyrsiflorus,ForestWetRich
224964,Rumex thyrsiflorus,ForestWetRich
224965,Rumex thyrsiflorus,ForestWetRich
224966,Rumex thyrsiflorus,ForestWetRich
224967,Rumex thyrsiflorus,ForestWetRich
224968,Rumex thyrsiflorus,ForestWetRich
224969,Rumex thyrsiflorus,ForestWetRich
224970,Rumex thyrsiflorus,ForestWetRich
224971,Rumex thyrsiflorus,ForestWetRich
224972,Rumex thyrsiflorus,ForestWetRich
224973,Rumex thyrsiflorus,ForestWetRich
224974,Rumex thyrsiflorus,ForestWetRich
224975,Rumex thyrsiflorus,ForestWetRich
224976,Rumex thyrsiflorus,ForestWetRich
224977,Rumex thyrsiflorus,ForestWetRich
224978,Rumex thyrsiflorus,ForestWetRich
224979,Rumex thyrsiflorus,ForestWetRich
224980,Rumex thyrsiflorus,ForestWetRich
224981,Rumex thyrsiflorus,ForestWetRich
225533,Rumex thyrsiflorus,ForestWetRich
225534,Rumex thyrsiflorus,ForestWetRich
225535,Rumex thyrsiflorus,ForestWetRich
225536,Rumex thyrsiflorus,ForestWetRich
225537,Rumex thyrsiflorus,ForestWetRich
225538,Rumex thyrsiflorus,ForestWetRich
225539,Rumex thyrsiflorus,ForestWetRich
225540,Rumex thyrsiflorus,ForestWetRich
225561,Rumex thyrsiflorus,ForestWetRich
225562,Rumex thyrsiflorus,ForestWetRich
225563,Rumex thyrsiflorus,ForestWetRich
225564,Rumex thyrsiflorus,ForestWetRich
225565,Rumex thyrsiflorus,ForestWetRich
225566,Rumex thyrsiflorus,ForestWetRich
225567,Rumex thyrsiflorus,ForestWetRich
225568,Rumex thyrsiflorus,ForestWetRich
225569,Rumex thyrsiflorus,ForestWetRich
225570,Rumex thyrsiflorus,ForestWetRich
225571,Rumex thyrsiflorus,ForestWetRich
225572,Rumex thyrsiflorus,ForestWetRich
225573,Rumex thyrsiflorus,ForestWetRich
225574,Rumex thyrsiflorus,ForestWetRich
225575,Rumex thyrsiflorus,ForestWetRich
225576,Rumex thyrsiflorus,ForestWetRich
225577,Rumex thyrsiflorus,ForestWetRich
225578,Rumex thyrsiflorus,ForestWetRich
225579,Rumex thyrsiflorus,ForestWetRich
225580,Rumex thyrsiflorus,ForestWetRich
226132,Rumex thyrsiflorus,ForestWetRich
226133,Rumex thyrsiflorus,ForestWetRich
226134,Rumex thyrsiflorus,ForestWetRich
226135,Rumex thyrsiflorus,ForestWetRich
226136,Rumex thyrsiflorus,ForestWetRich
226137,Rumex thyrsiflorus,ForestWetRich
226138,Rumex thyrsiflorus,ForestWetRich
226139,Rumex thyrsiflorus,ForestWetRich
226160,Rumex thyrsiflorus,ForestWetRich
226161,Rumex thyrsiflorus,ForestWetRich
226162,Rumex thyrsiflorus,ForestWetRich
226163,Rumex thyrsiflorus,ForestWetRich
226164,Rumex thyrsiflorus,ForestWetRich
226165,Rumex thyrsiflorus,ForestWetRich
226166,Rumex thyrsiflorus,ForestWetRich
226167,Rumex thyrsiflorus,ForestWetRich
226168,Rumex thyrsiflorus,ForestWetRich
226169,Rumex thyrsiflorus,ForestWetRich
226170,Rumex thyrsiflorus,ForestWetRich
226171,Rumex thyrsiflorus,ForestWetRich
226172,Rumex thyrsiflorus,ForestWetRich
226173,Rumex thyrsiflorus,ForestWetRich
226174,Rumex thyrsiflorus,ForestWetRich
226175,Rumex thyrsiflorus,ForestWetRich
226176,Rumex thyrsiflorus,ForestWetRich
226177,Rumex thyrsiflorus,ForestWetRich
226178,Rumex thyrsiflorus,ForestWetRich
226179,Rumex thyrsiflorus,ForestWetRich
226732,Rumex thyrsiflorus,ForestWetRich
226733,Rumex thyrsiflorus,ForestWetRich
226734,Rumex thyrsiflorus,ForestWetRich
226735,Rumex thyrsiflorus,ForestWetRich
226736,Rumex thyrsiflorus,ForestWetRich
226737,Rumex thyrsiflorus,ForestWetRich
226738,Rumex thyrsiflorus,ForestWetRich
226759,Rumex thyrsiflorus,ForestWetRich
226760,Rumex thyrsiflorus,ForestWetRich
226761,Rumex thyrsiflorus,ForestWetRich
226762,Rumex thyrsiflorus,ForestWetRich
226763,Rumex thyrsiflorus,ForestWetRich
226764,Rumex thyrsiflorus,ForestWetRich
226765,Rumex thyrsiflorus,ForestWetRich
226766,Rumex thyrsiflorus,ForestWetRich
226767,Rumex thyrsiflorus,ForestWetRich
226768,Rumex thyrsiflorus,ForestWetRich
226769,Rumex thyrsiflorus,ForestWetRich
226770,Rumex thyrsiflorus,ForestWetRich
226771,Rumex thyrsiflorus,ForestWetRich
226772,Rumex thyrsiflorus,ForestWetRich
226773,Rumex thyrsiflorus,ForestWetRich
226774,Rumex thyrsiflorus,ForestWetRich
226775,Rumex thyrsiflorus,ForestWetRich
226776,Rumex thyrsiflorus,ForestWetRich
226777,Rumex thyrsiflorus,ForestWetRich
226778,Rumex thyrsiflorus,ForestWetRich
227331,Rumex thyrsiflorus,ForestWetRich
227332,Rumex thyrsiflorus,ForestWetRich
227333,Rumex thyrsiflorus,ForestWetRich
227334,Rumex thyrsiflorus,ForestWetRich
227335,Rumex thyrsiflorus,ForestWetRich
227336,Rumex thyrsiflorus,ForestWetRich
227337,Rumex thyrsiflorus,ForestWetRich
227358,Rumex thyrsiflorus,ForestWetRich
227359,Rumex thyrsiflorus,ForestWetRich
227360,Rumex thyrsiflorus,ForestWetRich
227361,Rumex thyrsiflorus,ForestWetRich
227362,Rumex thyrsiflorus,ForestWetRich
227363,Rumex thyrsiflorus,ForestWetRich
227364,Rumex thyrsiflorus,ForestWetRich
227365,Rumex thyrsiflorus,ForestWetRich
227366,Rumex thyrsiflorus,ForestWetRich
227367,Rumex thyrsiflorus,ForestWetRich
227368,Rumex thyrsiflorus,ForestWetRich
227369,Rumex thyrsiflorus,ForestWetRich
227370,Rumex thyrsiflorus,ForestWetRich
227371,Rumex thyrsiflorus,ForestWetRich
227372,Rumex thyrsiflorus,ForestWetRich
227373,Rumex thyrsiflorus,ForestWetRich
227374,Rumex thyrsiflorus,ForestWetRich
227375,Rumex thyrsiflorus,ForestWetRich
227376,Rumex thyrsiflorus,ForestWetRich
227377,Rumex thyrsiflorus,ForestWetRich
227930,Rumex thyrsiflorus,ForestWetRich
227931,Rumex thyrsiflorus,ForestWetRich
227932,Rumex thyrsiflorus,ForestWetRich
227933,Rumex thyrsiflorus,ForestWetRich
227934,Rumex thyrsiflorus,ForestWetRich
227935,Rumex thyrsiflorus,ForestWetRich
227936,Rumex thyrsiflorus,ForestWetRich
227957,Rumex thyrsiflorus,ForestWetRich
227958,Rumex thyrsiflorus,ForestWetRich
227959,Rumex thyrsiflorus,ForestWetRich
227960,Rumex thyrsiflorus,ForestWetRich
227961,Rumex thyrsiflorus,ForestWetRich
227962,Rumex thyrsiflorus,ForestWetRich
227963,Rumex thyrsiflorus,ForestWetRich
227964,Rumex thyrsiflorus,ForestWetRich
227965,Rumex thyrsiflorus,ForestWetRich
227966,Rumex thyrsiflorus,ForestWetRich
227967,Rumex thyrsiflorus,ForestWetRich
227968,Rumex thyrsiflorus,ForestWetRich
227969,Rumex thyrsiflorus,ForestWetRich
227970,Rumex thyrsiflorus,ForestWetRich
227971,Rumex thyrsiflorus,ForestWetRich
227972,Rumex thyrsiflorus,ForestWetRich
227973,Rumex thyrsiflorus,ForestWetRich
227974,Rumex thyrsiflorus,ForestWetRich
227975,Rumex thyrsiflorus,ForestWetRich
227976,Rumex thyrsiflorus,ForestWetRich
228529,Rumex thyrsiflorus,ForestWetRich
228530,Rumex thyrsiflorus,ForestWetRich
228531,Rumex thyrsiflorus,ForestWetRich
228532,Rumex thyrsiflorus,ForestWetRich
228533,Rumex thyrsiflorus,ForestWetRich
228534,Rumex thyrsiflorus,ForestWetRich
228535,Rumex thyrsiflorus,ForestWetRich
228556,Rumex thyrsiflorus,ForestWetRich
228557,Rumex thyrsiflorus,ForestWetRich
228558,Rumex thyrsiflorus,ForestWetRich
228559,Rumex thyrsiflorus,ForestWetRich
228560,Rumex thyrsiflorus,ForestWetRich
228561,Rumex thyrsiflorus,ForestWetRich
228562,Rumex thyrsiflorus,ForestWetRich
228563,Rumex thyrsiflorus,ForestWetRich
228564,Rumex thyrsiflorus,ForestWetRich
228565,Rumex thyrsiflorus,ForestWetRich
228566,Rumex thyrsiflorus,ForestWetRich
228567,Rumex thyrsiflorus,ForestWetRich
228568,Rumex thyrsiflorus,ForestWetRich
228569,Rumex thyrsiflorus,ForestWetRich
228570,Rumex thyrsiflorus,ForestWetRich
228571,Rumex thyrsiflorus,ForestWetRich
228572,Rumex thyrsiflorus,ForestWetRich
228573,Rumex thyrsiflorus,ForestWetRich
228574,Rumex thyrsiflorus,ForestWetRich
228575,Rumex thyrsiflorus,ForestWetRich
229128,Rumex thyrsiflorus,ForestWetRich
229129,Rumex thyrsiflorus,ForestWetRich
229130,Rumex thyrsiflorus,ForestWetRich
229131,Rumex thyrsiflorus,ForestWetRich
229132,Rumex thyrsiflorus,ForestWetRich
229133,Rumex thyrsiflorus,ForestWetRich
229134,Rumex thyrsiflorus,ForestWetRich
229155,Rumex thyrsiflorus,ForestWetRich
229156,Rumex thyrsiflorus,ForestWetRich
229157,Rumex thyrsiflorus,ForestWetRich
229158,Rumex thyrsiflorus,ForestWetRich
229159,Rumex thyrsiflorus,ForestWetRich
229160,Rumex thyrsiflorus,ForestWetRich
229161,Rumex thyrsiflorus,ForestWetRich
229162,Rumex thyrsiflorus,ForestWetRich
229163,Rumex thyrsiflorus,ForestWetRich
229164,Rumex thyrsiflorus,ForestWetRich
229165,Rumex thyrsiflorus,ForestWetRich
229166,Rumex thyrsiflorus,ForestWetRich
229167,Rumex thyrsiflorus,ForestWetRich
229168,Rumex thyrsiflorus,ForestWetRich
229169,Rumex thyrsiflorus,ForestWetRich
229170,Rumex thyrsiflorus,ForestWetRich
229171,Rumex thyrsiflorus,ForestWetRich
229172,Rumex thyrsiflorus,ForestWetRich
229173,Rumex thyrsiflorus,ForestWetRich
229174,Rumex thyrsiflorus,ForestWetRich
229727,Rumex thyrsiflorus,ForestWetRich
229728,Rumex thyrsiflorus,ForestWetRich
229729,Rumex thyrsiflorus,ForestWetRich
229730,Rumex thyrsiflorus,ForestWetRich
229731,Rumex thyrsiflorus,ForestWetRich
229732,Rumex thyrsiflorus,ForestWetRich
229733,Rumex thyrsiflorus,ForestWetRich
229754,Rumex thyrsiflorus,ForestWetRich
229755,Rumex thyrsiflorus,ForestWetRich
229756,Rumex thyrsiflorus,ForestWetRich
229757,Rumex thyrsiflorus,ForestWetRich
229758,Rumex thyrsiflorus,ForestWetRich
229759,Rumex thyrsiflorus,ForestWetRich
229760,Rumex thyrsiflorus,ForestWetRich
229761,Rumex thyrsiflorus,ForestWetRich
229762,Rumex thyrsiflorus,ForestWetRich
229763,Rumex thyrsiflorus,ForestWetRich
229764,Rumex thyrsiflorus,ForestWetRich
229765,Rumex thyrsiflorus,ForestWetRich
229766,Rumex thyrsiflorus,ForestWetRich
229767,Rumex thyrsiflorus,ForestWetRich
229768,Rumex thyrsiflorus,ForestWetRich
229769,Rumex thyrsiflorus,ForestWetRich
229770,Rumex thyrsiflorus,ForestWetRich
229771,Rumex thyrsiflorus,ForestWetRich
229772,Rumex thyrsiflorus,ForestWetRich
229773,Rumex thyrsiflorus,ForestWetRich
230326,Rumex thyrsiflorus,ForestWetRich
230327,Rumex thyrsiflorus,ForestWetRich
230328,Rumex thyrsiflorus,ForestWetRich
230329,Rumex thyrsiflorus,ForestWetRich
230330,Rumex thyrsiflorus,ForestWetRich
230331,Rumex thyrsiflorus,ForestWetRich
230332,Rumex thyrsiflorus,ForestWetRich
230333,Rumex thyrsiflorus,ForestWetRich
230334,Rumex thyrsiflorus,ForestWetRich
230335,Rumex thyrsiflorus,ForestWetRich
230336,Rumex thyrsiflorus,ForestWetRich
230337,Rumex thyrsiflorus,ForestWetRich
230338,Rumex thyrsiflorus,ForestWetRich
230339,Rumex thyrsiflorus,ForestWetRich
230340,Rumex thyrsiflorus,ForestWetRich
230341,Rumex thyrsiflorus,ForestWetRich
230342,Rumex thyrsiflorus,ForestWetRich
230343,Rumex thyrsiflorus,ForestWetRich
230344,Rumex thyrsiflorus,ForestWetRich
230345,Rumex thyrsiflorus,ForestWetRich
230346,Rumex thyrsiflorus,ForestWetRich
230347,Rumex thyrsiflorus,ForestWetRich
230348,Rumex thyrsiflorus,ForestWetRich
230349,Rumex thyrsiflorus,ForestWetRich
230350,Rumex thyrsiflorus,ForestWetRich
230351,Rumex thyrsiflorus,ForestWetRich
230352,Rumex thyrsiflorus,ForestWetRich
230353,Rumex thyrsiflorus,ForestWetRich
230354,Rumex thyrsiflorus,ForestWetRich
230355,Rumex thyrsiflorus,ForestWetRich
230356,Rumex thyrsiflorus,ForestWetRich
230357,Rumex thyrsiflorus,ForestWetRich
230358,Rumex thyrsiflorus,ForestWetRich
230359,Rumex thyrsiflorus,ForestWetRich
230360,Rumex thyrsiflorus,ForestWetRich
230361,Rumex thyrsiflorus,ForestWetRich
230362,Rumex thyrsiflorus,ForestWetRich
230363,Rumex thyrsiflorus,ForestWetRich
230364,Rumex thyrsiflorus,ForestWetRich
230365,Rumex thyrsiflorus,ForestWetRich
230366,Rumex thyrsiflorus,ForestWetRich
230367,Rumex thyrsiflorus,ForestWetRich
230368,Rumex thyrsiflorus,ForestWetRich
230369,Rumex thyrsiflorus,ForestWetRich
230370,Rumex thyrsiflorus,ForestWetRich
230371,Rumex thyrsiflorus,ForestWetRich
230372,Rumex thyrsiflorus,ForestWetRich
230925,Rumex thyrsiflorus,ForestWetRich
230926,Rumex thyrsiflorus,ForestWetRich
230927,Rumex thyrsiflorus,ForestWetRich
230928,Rumex thyrsiflorus,ForestWetRich
230929,Rumex thyrsiflorus,ForestWetRich
230930,Rumex thyrsiflorus,ForestWetRich
230931,Rumex thyrsiflorus,ForestWetRich
230932,Rumex thyrsiflorus,ForestWetRich
230933,Rumex thyrsiflorus,ForestWetRich
230934,Rumex thyrsiflorus,ForestWetRich
230935,Rumex thyrsiflorus,ForestWetRich
230936,Rumex thyrsiflorus,ForestWetRich
230937,Rumex thyrsiflorus,ForestWetRich
230938,Rumex thyrsiflorus,ForestWetRich
230939,Rumex thyrsiflorus,ForestWetRich
230940,Rumex thyrsiflorus,ForestWetRich
230941,Rumex thyrsiflorus,ForestWetRich
230942,Rumex thyrsiflorus,ForestWetRich
230943,Rumex thyrsiflorus,ForestWetRich
230944,Rumex thyrsiflorus,ForestWetRich
230945,Rumex thyrsiflorus,ForestWetRich
230946,Rumex thyrsiflorus,ForestWetRich
230947,Rumex thyrsiflorus,ForestWetRich
230948,Rumex thyrsiflorus,ForestWetRich
230949,Rumex thyrsiflorus,ForestWetRich
230950,Rumex thyrsiflorus,ForestWetRich
230951,Rumex thyrsiflorus,ForestWetRich
230952,Rumex thyrsiflorus,ForestWetRich
230953,Rumex thyrsiflorus,ForestWetRich
230954,Rumex thyrsiflorus,ForestWetRich
230955,Rumex thyrsiflorus,ForestWetRich
230956,Rumex thyrsiflorus,ForestWetRich
230957,Rumex thyrsiflorus,ForestWetRich
230958,Rumex thyrsiflorus,ForestWetRich
230959,Rumex thyrsiflorus,ForestWetRich
230960,Rumex thyrsiflorus,ForestWetRich
230961,Rumex thyrsiflorus,ForestWetRich
230962,Rumex thyrsiflorus,ForestWetRich
230963,Rumex thyrsiflorus,ForestWetRich
230964,Rumex thyrsiflorus,ForestWetRich
230965,Rumex thyrsiflorus,ForestWetRich
230966,Rumex thyrsiflorus,ForestWetRich
230967,Rumex thyrsiflorus,ForestWetRich
230968,Rumex thyrsiflorus,ForestWetRich
230969,Rumex thyrsiflorus,ForestWetRich
230970,Rumex thyrsiflorus,ForestWetRich
230971,Rumex thyrsiflorus,ForestWetRich
231525,Rumex thyrsiflorus,ForestWetRich
231526,Rumex thyrsiflorus,ForestWetRich
231527,Rumex thyrsiflorus,ForestWetRich
231528,Rumex thyrsiflorus,ForestWetRich
231529,Rumex thyrsiflorus,ForestWetRich
231530,Rumex thyrsiflorus,ForestWetRich
231531,Rumex thyrsiflorus,ForestWetRich
231532,Rumex thyrsiflorus,ForestWetRich
231533,Rumex thyrsiflorus,ForestWetRich
231534,Rumex thyrsiflorus,ForestWetRich
231535,Rumex thyrsiflorus,ForestWetRich
231536,Rumex thyrsiflorus,ForestWetRich
231537,Rumex thyrsiflorus,ForestWetRich
231538,Rumex thyrsiflorus,ForestWetRich
231539,Rumex thyrsiflorus,ForestWetRich
231540,Rumex thyrsiflorus,ForestWetRich
231541,Rumex thyrsiflorus,ForestWetRich
231542,Rumex thyrsiflorus,ForestWetRich
231543,Rumex thyrsiflorus,ForestWetRich
231544,Rumex thyrsiflorus,ForestWetRich
231545,Rumex thyrsiflorus,ForestWetRich
231546,Rumex thyrsiflorus,ForestWetRich
231547,Rumex thyrsiflorus,ForestWetRich
231548,Rumex thyrsiflorus,ForestWetRich
231549,Rumex thyrsiflorus,ForestWetRich
231550,Rumex thyrsiflorus,ForestWetRich
231551,Rumex thyrsiflorus,ForestWetRich
231552,Rumex thyrsiflorus,ForestWetRich
231553,Rumex thyrsiflorus,ForestWetRich
231554,Rumex thyrsiflorus,ForestWetRich
231555,Rumex thyrsiflorus,ForestWetRich
231556,Rumex thyrsiflorus,ForestWetRich
231557,Rumex thyrsiflorus,ForestWetRich
231558,Rumex thyrsiflorus,ForestWetRich
231559,Rumex thyrsiflorus,ForestWetRich
231560,Rumex thyrsiflorus,ForestWetRich
231561,Rumex thyrsiflorus,ForestWetRich
231562,Rumex thyrsiflorus,ForestWetRich
231563,Rumex thyrsiflorus,ForestWetRich
231564,Rumex thyrsiflorus,ForestWetRich
231565,Rumex thyrsiflorus,ForestWetRich
231566,Rumex thyrsiflorus,ForestWetRich
231567,Rumex thyrsiflorus,ForestWetRich
231568,Rumex thyrsiflorus,ForestWetRich
231569,Rumex thyrsiflorus,ForestWetRich
231570,Rumex thyrsiflorus,ForestWetRich
232124,Rumex thyrsiflorus,ForestWetRich
232125,Rumex thyrsiflorus,ForestWetRich
232126,Rumex thyrsiflorus,ForestWetRich
232127,Rumex thyrsiflorus,ForestWetRich
232128,Rumex thyrsiflorus,ForestWetRich
232129,Rumex thyrsiflorus,ForestWetRich
232130,Rumex thyrsiflorus,ForestWetRich
232131,Rumex thyrsiflorus,ForestWetRich
232132,Rumex thyrsiflorus,ForestWetRich
232133,Rumex thyrsiflorus,ForestWetRich
232134,Rumex thyrsiflorus,ForestWetRich
232135,Rumex thyrsiflorus,ForestWetRich
232136,Rumex thyrsiflorus,ForestWetRich
232137,Rumex thyrsiflorus,ForestWetRich
232138,Rumex thyrsiflorus,ForestWetRich
232139,Rumex thyrsiflorus,ForestWetRich
232140,Rumex thyrsiflorus,ForestWetRich
232141,Rumex thyrsiflorus,ForestWetRich
232142,Rumex thyrsiflorus,ForestWetRich
232143,Rumex thyrsiflorus,ForestWetRich
232144,Rumex thyrsiflorus,ForestWetRich
232145,Rumex thyrsiflorus,ForestWetRich
232146,Rumex thyrsiflorus,ForestWetRich
232147,Rumex thyrsiflorus,ForestWetRich
232148,Rumex thyrsiflorus,ForestWetRich
232149,Rumex thyrsiflorus,ForestWetRich
232150,Rumex thyrsiflorus,ForestWetRich
232151,Rumex thyrsiflorus,ForestWetRich
232152,Rumex thyrsiflorus,ForestWetRich
232153,Rumex thyrsiflorus,ForestWetRich
232154,Rumex thyrsiflorus,ForestWetRich
232155,Rumex thyrsiflorus,ForestWetRich
232156,Rumex thyrsiflorus,ForestWetRich
232157,Rumex thyrsiflorus,ForestWetRich
232158,Rumex thyrsiflorus,ForestWetRich
232159,Rumex thyrsiflorus,ForestWetRich
232160,Rumex thyrsiflorus,ForestWetRich
232161,Rumex thyrsiflorus,ForestWetRich
232162,Rumex thyrsiflorus,ForestWetRich
232163,Rumex thyrsiflorus,ForestWetRich
232164,Rumex thyrsiflorus,ForestWetRich
232165,Rumex thyrsiflorus,ForestWetRich
232166,Rumex thyrsiflorus,ForestWetRich
232167,Rumex thyrsiflorus,ForestWetRich
232168,Rumex thyrsiflorus,ForestWetRich
232169,Rumex thyrsiflorus,ForestWetRich
232723,Rumex thyrsiflorus,ForestWetRich
232724,Rumex thyrsiflorus,ForestWetRich
232725,Rumex thyrsiflorus,ForestWetRich
232726,Rumex thyrsiflorus,ForestWetRich
232727,Rumex thyrsiflorus,ForestWetRich
232728,Rumex thyrsiflorus,ForestWetRich
232729,Rumex thyrsiflorus,ForestWetRich
232730,Rumex thyrsiflorus,ForestWetRich
232731,Rumex thyrsiflorus,ForestWetRich
232732,Rumex thyrsiflorus,ForestWetRich
232733,Rumex thyrsiflorus,ForestWetRich
232734,Rumex thyrsiflorus,ForestWetRich
232735,Rumex thyrsiflorus,ForestWetRich
232736,Rumex thyrsiflorus,ForestWetRich
232737,Rumex thyrsiflorus,ForestWetRich
232738,Rumex thyrsiflorus,ForestWetRich
232739,Rumex thyrsiflorus,ForestWetRich
232740,Rumex thyrsiflorus,ForestWetRich
232741,Rumex thyrsiflorus,ForestWetRich
232742,Rumex thyrsiflorus,ForestWetRich
232743,Rumex thyrsiflorus,ForestWetRich
232744,Rumex thyrsiflorus,ForestWetRich
232745,Rumex thyrsiflorus,ForestWetRich
232746,Rumex thyrsiflorus,ForestWetRich
232747,Rumex thyrsiflorus,ForestWetRich
232748,Rumex thyrsiflorus,ForestWetRich
232749,Rumex thyrsiflorus,ForestWetRich
232750,Rumex thyrsiflorus,ForestWetRich
232751,Rumex thyrsiflorus,ForestWetRich
232752,Rumex thyrsiflorus,ForestWetRich
232753,Rumex thyrsiflorus,ForestWetRich
232754,Rumex thyrsiflorus,ForestWetRich
232755,Rumex thyrsiflorus,ForestWetRich
232756,Rumex thyrsiflorus,ForestWetRich
232757,Rumex thyrsiflorus,ForestWetRich
232758,Rumex thyrsiflorus,ForestWetRich
232759,Rumex thyrsiflorus,ForestWetRich
232760,Rumex thyrsiflorus,ForestWetRich
232761,Rumex thyrsiflorus,ForestWetRich
232762,Rumex thyrsiflorus,ForestWetRich
232763,Rumex thyrsiflorus,ForestWetRich
232764,Rumex thyrsiflorus,ForestWetRich
232765,Rumex thyrsiflorus,ForestWetRich
232766,Rumex thyrsiflorus,ForestWetRich
232767,Rumex thyrsiflorus,ForestWetRich
232768,Rumex thyrsiflorus,ForestWetRich
233322,Rumex thyrsiflorus,ForestWetRich
233323,Rumex thyrsiflorus,ForestWetRich
233324,Rumex thyrsiflorus,ForestWetRich
233325,Rumex thyrsiflorus,ForestWetRich
233326,Rumex thyrsiflorus,ForestWetRich
233327,Rumex thyrsiflorus,ForestWetRich
233328,Rumex thyrsiflorus,ForestWetRich
233329,Rumex thyrsiflorus,ForestWetRich
233330,Rumex thyrsiflorus,ForestWetRich
233331,Rumex thyrsiflorus,ForestWetRich
233332,Rumex thyrsiflorus,ForestWetRich
233333,Rumex thyrsiflorus,ForestWetRich
233334,Rumex thyrsiflorus,ForestWetRich
233335,Rumex thyrsiflorus,ForestWetRich
233336,Rumex thyrsiflorus,ForestWetRich
233337,Rumex thyrsiflorus,ForestWetRich
233338,Rumex thyrsiflorus,ForestWetRich
233339,Rumex thyrsiflorus,ForestWetRich
233340,Rumex thyrsiflorus,ForestWetRich
233341,Rumex thyrsiflorus,ForestWetRich
233342,Rumex thyrsiflorus,ForestWetRich
233343,Rumex thyrsiflorus,ForestWetRich
233344,Rumex thyrsiflorus,ForestWetRich
233345,Rumex thyrsiflorus,ForestWetRich
233346,Rumex thyrsiflorus,ForestWetRich
233347,Rumex thyrsiflorus,ForestWetRich
233348,Rumex thyrsiflorus,ForestWetRich
233349,Rumex thyrsiflorus,ForestWetRich
233350,Rumex thyrsiflorus,ForestWetRich
233351,Rumex thyrsiflorus,ForestWetRich
233352,Rumex thyrsiflorus,ForestWetRich
233353,Rumex thyrsiflorus,ForestWetRich
233354,Rumex thyrsiflorus,ForestWetRich
233355,Rumex thyrsiflorus,ForestWetRich
233356,Rumex thyrsiflorus,ForestWetRich
233357,Rumex thyrsiflorus,ForestWetRich
233358,Rumex thyrsiflorus,ForestWetRich
233359,Rumex thyrsiflorus,ForestWetRich
233360,Rumex thyrsiflorus,ForestWetRich
233361,Rumex thyrsiflorus,ForestWetRich
233362,Rumex thyrsiflorus,ForestWetRich
233363,Rumex thyrsiflorus,ForestWetRich
233364,Rumex thyrsiflorus,ForestWetRich
233365,Rumex thyrsiflorus,ForestWetRich
233366,Rumex thyrsiflorus,ForestWetRich
233367,Rumex thyrsiflorus,ForestWetRich
233922,Rumex thyrsiflorus,ForestWetRich
233923,Rumex thyrsiflorus,ForestWetRich
233924,Rumex thyrsiflorus,ForestWetRich
233925,Rumex thyrsiflorus,ForestWetRich
233926,Rumex thyrsiflorus,ForestWetRich
233927,Rumex thyrsiflorus,ForestWetRich
233928,Rumex thyrsiflorus,ForestWetRich
233929,Rumex thyrsiflorus,ForestWetRich
233930,Rumex thyrsiflorus,ForestWetRich
233931,Rumex thyrsiflorus,ForestWetRich
233932,Rumex thyrsiflorus,ForestWetRich
233933,Rumex thyrsiflorus,ForestWetRich
233934,Rumex thyrsiflorus,ForestWetRich
233935,Rumex thyrsiflorus,ForestWetRich
233936,Rumex thyrsiflorus,ForestWetRich
233937,Rumex thyrsiflorus,ForestWetRich
233938,Rumex thyrsiflorus,ForestWetRich
233939,Rumex thyrsiflorus,ForestWetRich
233940,Rumex thyrsiflorus,ForestWetRich
233941,Rumex thyrsiflorus,ForestWetRich
233942,Rumex thyrsiflorus,ForestWetRich
233943,Rumex thyrsiflorus,ForestWetRich
233944,Rumex thyrsiflorus,ForestWetRich
233945,Rumex thyrsiflorus,ForestWetRich
233946,Rumex thyrsiflorus,ForestWetRich
233947,Rumex thyrsiflorus,ForestWetRich
233948,Rumex thyrsiflorus,ForestWetRich
233949,Rumex thyrsiflorus,ForestWetRich
233950,Rumex thyrsiflorus,ForestWetRich
233951,Rumex thyrsiflorus,ForestWetRich
233952,Rumex thyrsiflorus,ForestWetRich
233953,Rumex thyrsiflorus,ForestWetRich
233954,Rumex thyrsiflorus,ForestWetRich
233955,Rumex thyrsiflorus,ForestWetRich
233956,Rumex thyrsiflorus,ForestWetRich
233957,Rumex thyrsiflorus,ForestWetRich
233958,Rumex thyrsiflorus,ForestWetRich
233959,Rumex thyrsiflorus,ForestWetRich
233960,Rumex thyrsiflorus,ForestWetRich
233961,Rumex thyrsiflorus,ForestWetRich
233962,Rumex thyrsiflorus,ForestWetRich
233963,Rumex thyrsiflorus,ForestWetRich
233964,Rumex thyrsiflorus,ForestWetRich
233965,Rumex thyrsiflorus,ForestWetRich
233966,Rumex thyrsiflorus,ForestWetRich
234521,Rumex thyrsiflorus,ForestWetRich
234522,Rumex thyrsiflorus,ForestWetRich
234523,Rumex thyrsiflorus,ForestWetRich
234524,Rumex thyrsiflorus,ForestWetRich
234525,Rumex thyrsiflorus,ForestWetRich
234526,Rumex thyrsiflorus,ForestWetRich
234527,Rumex thyrsiflorus,ForestWetRich
234528,Rumex thyrsiflorus,ForestWetRich
234529,Rumex thyrsiflorus,ForestWetRich
234530,Rumex thyrsiflorus,ForestWetRich
234531,Rumex thyrsiflorus,ForestWetRich
234532,Rumex thyrsiflorus,ForestWetRich
234533,Rumex thyrsiflorus,ForestWetRich
234534,Rumex thyrsiflorus,ForestWetRich
234535,Rumex thyrsiflorus,ForestWetRich
234536,Rumex thyrsiflorus,ForestWetRich
234537,Rumex thyrsiflorus,ForestWetRich
234538,Rumex thyrsiflorus,ForestWetRich
234539,Rumex thyrsiflorus,ForestWetRich
234540,Rumex thyrsiflorus,ForestWetRich
234541,Rumex thyrsiflorus,ForestWetRich
234542,Rumex thyrsiflorus,ForestWetRich
234543,Rumex thyrsiflorus,ForestWetRich
234544,Rumex thyrsiflorus,ForestWetRich
234545,Rumex thyrsiflorus,ForestWetRich
234546,Rumex thyrsiflorus,ForestWetRich
234547,Rumex thyrsiflorus,ForestWetRich
234548,Rumex thyrsiflorus,ForestWetRich
234549,Rumex thyrsiflorus,ForestWetRich
234550,Rumex thyrsiflorus,ForestWetRich
234551,Rumex thyrsiflorus,ForestWetRich
234552,Rumex thyrsiflorus,ForestWetRich
234553,Rumex thyrsiflorus,ForestWetRich
234554,Rumex thyrsiflorus,ForestWetRich
234555,Rumex thyrsiflorus,ForestWetRich
234556,Rumex thyrsiflorus,ForestWetRich
234557,Rumex thyrsiflorus,ForestWetRich
234558,Rumex thyrsiflorus,ForestWetRich
234559,Rumex thyrsiflorus,ForestWetRich
234560,Rumex thyrsiflorus,ForestWetRich
234561,Rumex thyrsiflorus,ForestWetRich
234562,Rumex thyrsiflorus,ForestWetRich
234563,Rumex thyrsiflorus,ForestWetRich
234564,Rumex thyrsiflorus,ForestWetRich
234565,Rumex thyrsiflorus,ForestWetRich
235120,Rumex thyrsiflorus,ForestWetRich
235121,Rumex thyrsiflorus,ForestWetRich
235122,Rumex thyrsiflorus,ForestWetRich
235123,Rumex thyrsiflorus,ForestWetRich
235124,Rumex thyrsiflorus,ForestWetRich
235125,Rumex thyrsiflorus,ForestWetRich
235126,Rumex thyrsiflorus,ForestWetRich
235127,Rumex thyrsiflorus,ForestWetRich
235128,Rumex thyrsiflorus,ForestWetRich
235129,Rumex thyrsiflorus,ForestWetRich
235130,Rumex thyrsiflorus,ForestWetRich
235131,Rumex thyrsiflorus,ForestWetRich
235132,Rumex thyrsiflorus,ForestWetRich
235133,Rumex thyrsiflorus,ForestWetRich
235134,Rumex thyrsiflorus,ForestWetRich
235135,Rumex thyrsiflorus,ForestWetRich
235136,Rumex thyrsiflorus,ForestWetRich
235137,Rumex thyrsiflorus,ForestWetRich
235138,Rumex thyrsiflorus,ForestWetRich
235139,Rumex thyrsiflorus,ForestWetRich
235140,Rumex thyrsiflorus,ForestWetRich
235141,Rumex thyrsiflorus,ForestWetRich
235142,Rumex thyrsiflorus,ForestWetRich
235143,Rumex thyrsiflorus,ForestWetRich
235144,Rumex thyrsiflorus,ForestWetRich
235145,Rumex thyrsiflorus,ForestWetRich
235146,Rumex thyrsiflorus,ForestWetRich
235147,Rumex thyrsiflorus,ForestWetRich
235148,Rumex thyrsiflorus,ForestWetRich
235149,Rumex thyrsiflorus,ForestWetRich
235150,Rumex thyrsiflorus,ForestWetRich
235151,Rumex thyrsiflorus,ForestWetRich
235152,Rumex thyrsiflorus,ForestWetRich
235153,Rumex thyrsiflorus,ForestWetRich
235154,Rumex thyrsiflorus,ForestWetRich
235155,Rumex thyrsiflorus,ForestWetRich
235156,Rumex thyrsiflorus,ForestWetRich
235157,Rumex thyrsiflorus,ForestWetRich
235158,Rumex thyrsiflorus,ForestWetRich
235159,Rumex thyrsiflorus,ForestWetRich
235160,Rumex thyrsiflorus,ForestWetRich
235161,Rumex thyrsiflorus,ForestWetRich
235162,Rumex thyrsiflorus,ForestWetRich
235163,Rumex thyrsiflorus,ForestWetRich
235164,Rumex thyrsiflorus,ForestWetRich
235720,Rumex thyrsiflorus,ForestWetRich
235721,Rumex thyrsiflorus,ForestWetRich
235722,Rumex thyrsiflorus,ForestWetRich
235723,Rumex thyrsiflorus,ForestWetRich
235724,Rumex thyrsiflorus,ForestWetRich
235725,Rumex thyrsiflorus,ForestWetRich
235726,Rumex thyrsiflorus,ForestWetRich
235727,Rumex thyrsiflorus,ForestWetRich
235728,Rumex thyrsiflorus,ForestWetRich
235729,Rumex thyrsiflorus,ForestWetRich
235730,Rumex thyrsiflorus,ForestWetRich
235731,Rumex thyrsiflorus,ForestWetRich
235732,Rumex thyrsiflorus,ForestWetRich
235733,Rumex thyrsiflorus,ForestWetRich
235734,Rumex thyrsiflorus,ForestWetRich
235735,Rumex thyrsiflorus,ForestWetRich
235736,Rumex thyrsiflorus,ForestWetRich
235737,Rumex thyrsiflorus,ForestWetRich
235738,Rumex thyrsiflorus,ForestWetRich
235739,Rumex thyrsiflorus,ForestWetRich
235740,Rumex thyrsiflorus,ForestWetRich
235741,Rumex thyrsiflorus,ForestWetRich
235742,Rumex thyrsiflorus,ForestWetRich
235743,Rumex thyrsiflorus,ForestWetRich
235744,Rumex thyrsiflorus,ForestWetRich
235745,Rumex thyrsiflorus,ForestWetRich
235746,Rumex thyrsiflorus,ForestWetRich
235747,Rumex thyrsiflorus,ForestWetRich
235748,Rumex thyrsiflorus,ForestWetRich
235749,Rumex thyrsiflorus,ForestWetRich
235750,Rumex thyrsiflorus,ForestWetRich
235751,Rumex thyrsiflorus,ForestWetRich
235752,Rumex thyrsiflorus,ForestWetRich
235753,Rumex thyrsiflorus,ForestWetRich
235754,Rumex thyrsiflorus,ForestWetRich
235755,Rumex thyrsiflorus,ForestWetRich
235756,Rumex thyrsiflorus,ForestWetRich
235757,Rumex thyrsiflorus,ForestWetRich
235758,Rumex thyrsiflorus,ForestWetRich
235759,Rumex thyrsiflorus,ForestWetRich
235760,Rumex thyrsiflorus,ForestWetRich
235761,Rumex thyrsiflorus,ForestWetRich
235762,Rumex thyrsiflorus,ForestWetRich
235763,Rumex thyrsiflorus,ForestWetRich
236319,Rumex thyrsiflorus,ForestWetRich
236320,Rumex thyrsiflorus,ForestWetRich
236321,Rumex thyrsiflorus,ForestWetRich
236322,Rumex thyrsiflorus,ForestWetRich
236323,Rumex thyrsiflorus,ForestWetRich
236324,Rumex thyrsiflorus,ForestWetRich
236325,Rumex thyrsiflorus,ForestWetRich
236326,Rumex thyrsiflorus,ForestWetRich
236327,Rumex thyrsiflorus,ForestWetRich
236328,Rumex thyrsiflorus,ForestWetRich
236329,Rumex thyrsiflorus,ForestWetRich
236330,Rumex thyrsiflorus,ForestWetRich
236331,Rumex thyrsiflorus,ForestWetRich
236332,Rumex thyrsiflorus,ForestWetRich
236333,Rumex thyrsiflorus,ForestWetRich
236334,Rumex thyrsiflorus,ForestWetRich
236335,Rumex thyrsiflorus,ForestWetRich
236336,Rumex thyrsiflorus,ForestWetRich
236337,Rumex thyrsiflorus,ForestWetRich
236338,Rumex thyrsiflorus,ForestWetRich
236339,Rumex thyrsiflorus,ForestWetRich
236340,Rumex thyrsiflorus,ForestWetRich
236341,Rumex thyrsiflorus,ForestWetRich
236342,Rumex thyrsiflorus,ForestWetRich
236343,Rumex thyrsiflorus,ForestWetRich
236344,Rumex thyrsiflorus,ForestWetRich
236345,Rumex thyrsiflorus,ForestWetRich
236346,Rumex thyrsiflorus,ForestWetRich
236347,Rumex thyrsiflorus,ForestWetRich
236348,Rumex thyrsiflorus,ForestWetRich
236349,Rumex thyrsiflorus,ForestWetRich
236350,Rumex thyrsiflorus,ForestWetRich
236351,Rumex thyrsiflorus,ForestWetRich
236352,Rumex thyrsiflorus,ForestWetRich
236353,Rumex thyrsiflorus,ForestWetRich
236354,Rumex thyrsiflorus,ForestWetRich
236355,Rumex thyrsiflorus,ForestWetRich
236356,Rumex thyrsiflorus,ForestWetRich
236357,Rumex thyrsiflorus,ForestWetRich
236358,Rumex thyrsiflorus,ForestWetRich
236359,Rumex thyrsiflorus,ForestWetRich
236360,Rumex thyrsiflorus,ForestWetRich
236361,Rumex thyrsiflorus,ForestWetRich
236362,Rumex thyrsiflorus,ForestWetRich
236919,Rumex thyrsiflorus,ForestWetRich
236920,Rumex thyrsiflorus,ForestWetRich
236921,Rumex thyrsiflorus,ForestWetRich
236922,Rumex thyrsiflorus,ForestWetRich
236923,Rumex thyrsiflorus,ForestWetRich
236924,Rumex thyrsiflorus,ForestWetRich
236925,Rumex thyrsiflorus,ForestWetRich
236926,Rumex thyrsiflorus,ForestWetRich
236927,Rumex thyrsiflorus,ForestWetRich
236928,Rumex thyrsiflorus,ForestWetRich
236929,Rumex thyrsiflorus,ForestWetRich
236930,Rumex thyrsiflorus,ForestWetRich
236931,Rumex thyrsiflorus,ForestWetRich
236932,Rumex thyrsiflorus,ForestWetRich
236933,Rumex thyrsiflorus,ForestWetRich
236934,Rumex thyrsiflorus,ForestWetRich
236935,Rumex thyrsiflorus,ForestWetRich
236936,Rumex thyrsiflorus,ForestWetRich
236937,Rumex thyrsiflorus,ForestWetRich
236938,Rumex thyrsiflorus,ForestWetRich
236939,Rumex thyrsiflorus,ForestWetRich
236940,Rumex thyrsiflorus,ForestWetRich
236941,Rumex thyrsiflorus,ForestWetRich
236942,Rumex thyrsiflorus,ForestWetRich
236943,Rumex thyrsiflorus,ForestWetRich
236944,Rumex thyrsiflorus,ForestWetRich
236945,Rumex thyrsiflorus,ForestWetRich
236946,Rumex thyrsiflorus,ForestWetRich
236947,Rumex thyrsiflorus,ForestWetRich
236948,Rumex thyrsiflorus,ForestWetRich
236949,Rumex thyrsiflorus,ForestWetRich
236950,Rumex thyrsiflorus,ForestWetRich
236951,Rumex thyrsiflorus,ForestWetRich
236952,Rumex thyrsiflorus,ForestWetRich
236953,Rumex thyrsiflorus,ForestWetRich
236954,Rumex thyrsiflorus,ForestWetRich
236955,Rumex thyrsiflorus,ForestWetRich
236956,Rumex thyrsiflorus,ForestWetRich
236957,Rumex thyrsiflorus,ForestWetRich
236958,Rumex thyrsiflorus,ForestWetRich
236959,Rumex thyrsiflorus,ForestWetRich
236960,Rumex thyrsiflorus,ForestWetRich
236961,Rumex thyrsiflorus,ForestWetRich
237518,Rumex thyrsiflorus,ForestWetRich
237519,Rumex thyrsiflorus,ForestWetRich
237520,Rumex thyrsiflorus,ForestWetRich
237521,Rumex thyrsiflorus,ForestWetRich
237522,Rumex thyrsiflorus,ForestWetRich
237523,Rumex thyrsiflorus,ForestWetRich
237524,Rumex thyrsiflorus,ForestWetRich
237525,Rumex thyrsiflorus,ForestWetRich
237526,Rumex thyrsiflorus,ForestWetRich
237527,Rumex thyrsiflorus,ForestWetRich
237528,Rumex thyrsiflorus,ForestWetRich
237529,Rumex thyrsiflorus,ForestWetRich
237530,Rumex thyrsiflorus,ForestWetRich
237531,Rumex thyrsiflorus,ForestWetRich
237532,Rumex thyrsiflorus,ForestWetRich
237533,Rumex thyrsiflorus,ForestWetRich
237534,Rumex thyrsiflorus,ForestWetRich
237535,Rumex thyrsiflorus,ForestWetRich
237536,Rumex thyrsiflorus,ForestWetRich
237537,Rumex thyrsiflorus,ForestWetRich
237538,Rumex thyrsiflorus,ForestWetRich
237539,Rumex thyrsiflorus,ForestWetRich
237540,Rumex thyrsiflorus,ForestWetRich
237541,Rumex thyrsiflorus,ForestWetRich
237542,Rumex thyrsiflorus,ForestWetRich
237543,Rumex thyrsiflorus,ForestWetRich
237544,Rumex thyrsiflorus,ForestWetRich
237545,Rumex thyrsiflorus,ForestWetRich
237546,Rumex thyrsiflorus,ForestWetRich
237547,Rumex thyrsiflorus,ForestWetRich
237548,Rumex thyrsiflorus,ForestWetRich
237549,Rumex thyrsiflorus,ForestWetRich
237550,Rumex thyrsiflorus,ForestWetRich
237551,Rumex thyrsiflorus,ForestWetRich
237552,Rumex thyrsiflorus,ForestWetRich
237553,Rumex thyrsiflorus,ForestWetRich
237554,Rumex thyrsiflorus,ForestWetRich
237555,Rumex thyrsiflorus,ForestWetRich
237556,Rumex thyrsiflorus,ForestWetRich
237557,Rumex thyrsiflorus,ForestWetRich
237558,Rumex thyrsiflorus,ForestWetRich
237559,Rumex thyrsiflorus,ForestWetRich
237560,Rumex thyrsiflorus,ForestWetRich
238117,Rumex thyrsiflorus,ForestWetRich
238118,Rumex thyrsiflorus,ForestWetRich
238119,Rumex thyrsiflorus,ForestWetRich
238120,Rumex thyrsiflorus,ForestWetRich
238121,Rumex thyrsiflorus,ForestWetRich
238122,Rumex thyrsiflorus,ForestWetRich
238123,Rumex thyrsiflorus,ForestWetRich
238124,Rumex thyrsiflorus,ForestWetRich
238125,Rumex thyrsiflorus,ForestWetRich
238126,Rumex thyrsiflorus,ForestWetRich
238127,Rumex thyrsiflorus,ForestWetRich
238128,Rumex thyrsiflorus,ForestWetRich
238129,Rumex thyrsiflorus,ForestWetRich
238130,Rumex thyrsiflorus,ForestWetRich
238131,Rumex thyrsiflorus,ForestWetRich
238132,Rumex thyrsiflorus,ForestWetRich
238133,Rumex thyrsiflorus,ForestWetRich
238134,Rumex thyrsiflorus,ForestWetRich
238135,Rumex thyrsiflorus,ForestWetRich
238136,Rumex thyrsiflorus,ForestWetRich
238137,Rumex thyrsiflorus,ForestWetRich
238138,Rumex thyrsiflorus,ForestWetRich
238139,Rumex thyrsiflorus,ForestWetRich
238140,Rumex thyrsiflorus,ForestWetRich
238141,Rumex thyrsiflorus,ForestWetRich
238142,Rumex thyrsiflorus,ForestWetRich
238143,Rumex thyrsiflorus,ForestWetRich
238144,Rumex thyrsiflorus,ForestWetRich
238145,Rumex thyrsiflorus,ForestWetRich
238146,Rumex thyrsiflorus,ForestWetRich
238147,Rumex thyrsiflorus,ForestWetRich
238148,Rumex thyrsiflorus,ForestWetRich
238149,Rumex thyrsiflorus,ForestWetRich
238150,Rumex thyrsiflorus,ForestWetRich
238151,Rumex thyrsiflorus,ForestWetRich
238152,Rumex thyrsiflorus,ForestWetRich
238153,Rumex thyrsiflorus,ForestWetRich
238154,Rumex thyrsiflorus,ForestWetRich
238155,Rumex thyrsiflorus,ForestWetRich
238156,Rumex thyrsiflorus,ForestWetRich
238157,Rumex thyrsiflorus,ForestWetRich
238158,Rumex thyrsiflorus,ForestWetRich
238159,Rumex thyrsiflorus,ForestWetRich
238717,Rumex thyrsiflorus,ForestWetRich
238718,Rumex thyrsiflorus,ForestWetRich
238719,Rumex thyrsiflorus,ForestWetRich
238720,Rumex thyrsiflorus,ForestWetRich
238721,Rumex thyrsiflorus,ForestWetRich
238722,Rumex thyrsiflorus,ForestWetRich
238723,Rumex thyrsiflorus,ForestWetRich
238724,Rumex thyrsiflorus,ForestWetRich
238725,Rumex thyrsiflorus,ForestWetRich
238726,Rumex thyrsiflorus,ForestWetRich
238727,Rumex thyrsiflorus,ForestWetRich
238728,Rumex thyrsiflorus,ForestWetRich
238729,Rumex thyrsiflorus,ForestWetRich
238730,Rumex thyrsiflorus,ForestWetRich
238731,Rumex thyrsiflorus,ForestWetRich
238732,Rumex thyrsiflorus,ForestWetRich
238733,Rumex thyrsiflorus,ForestWetRich
238734,Rumex thyrsiflorus,ForestWetRich
238735,Rumex thyrsiflorus,ForestWetRich
238736,Rumex thyrsiflorus,ForestWetRich
238737,Rumex thyrsiflorus,ForestWetRich
238738,Rumex thyrsiflorus,ForestWetRich
238739,Rumex thyrsiflorus,ForestWetRich
238740,Rumex thyrsiflorus,ForestWetRich
238741,Rumex thyrsiflorus,ForestWetRich
238742,Rumex thyrsiflorus,ForestWetRich
238743,Rumex thyrsiflorus,ForestWetRich
238744,Rumex thyrsiflorus,ForestWetRich
238745,Rumex thyrsiflorus,ForestWetRich
238746,Rumex thyrsiflorus,ForestWetRich
238747,Rumex thyrsiflorus,ForestWetRich
238748,Rumex thyrsiflorus,ForestWetRich
238749,Rumex thyrsiflorus,ForestWetRich
238750,Rumex thyrsiflorus,ForestWetRich
238751,Rumex thyrsiflorus,ForestWetRich
238752,Rumex thyrsiflorus,ForestWetRich
238753,Rumex thyrsiflorus,ForestWetRich
238754,Rumex thyrsiflorus,ForestWetRich
238755,Rumex thyrsiflorus,ForestWetRich
238756,Rumex thyrsiflorus,ForestWetRich
238757,Rumex thyrsiflorus,ForestWetRich
238758,Rumex thyrsiflorus,ForestWetRich
239317,Rumex thyrsiflorus,ForestWetRich
239318,Rumex thyrsiflorus,ForestWetRich
239319,Rumex thyrsiflorus,ForestWetRich
239320,Rumex thyrsiflorus,ForestWetRich
239321,Rumex thyrsiflorus,ForestWetRich
239322,Rumex thyrsiflorus,ForestWetRich
239323,Rumex thyrsiflorus,ForestWetRich
239324,Rumex thyrsiflorus,ForestWetRich
239325,Rumex thyrsiflorus,ForestWetRich
239326,Rumex thyrsiflorus,ForestWetRich
239327,Rumex thyrsiflorus,ForestWetRich
239328,Rumex thyrsiflorus,ForestWetRich
239329,Rumex thyrsiflorus,ForestWetRich
239330,Rumex thyrsiflorus,ForestWetRich
239331,Rumex thyrsiflorus,ForestWetRich
239332,Rumex thyrsiflorus,ForestWetRich
239333,Rumex thyrsiflorus,ForestWetRich
239334,Rumex thyrsiflorus,ForestWetRich
239335,Rumex thyrsiflorus,ForestWetRich
239336,Rumex thyrsiflorus,ForestWetRich
239337,Rumex thyrsiflorus,ForestWetRich
239338,Rumex thyrsiflorus,ForestWetRich
239339,Rumex thyrsiflorus,ForestWetRich
239340,Rumex thyrsiflorus,ForestWetRich
239341,Rumex thyrsiflorus,ForestWetRich
239342,Rumex thyrsiflorus,ForestWetRich
239343,Rumex thyrsiflorus,ForestWetRich
239344,Rumex thyrsiflorus,ForestWetRich
239345,Rumex thyrsiflorus,ForestWetRich
239346,Rumex thyrsiflorus,ForestWetRich
239347,Rumex thyrsiflorus,ForestWetRich
239348,Rumex thyrsiflorus,ForestWetRich
239349,Rumex thyrsiflorus,ForestWetRich
239350,Rumex thyrsiflorus,ForestWetRich
239351,Rumex thyrsiflorus,ForestWetRich
239352,Rumex thyrsiflorus,ForestWetRich
239353,Rumex thyrsiflorus,ForestWetRich
239354,Rumex thyrsiflorus,ForestWetRich
239355,Rumex thyrsiflorus,ForestWetRich
239356,Rumex thyrsiflorus,ForestWetRich
239357,Rumex thyrsiflorus,ForestWetRich
239916,Rumex thyrsiflorus,ForestWetRich
239917,Rumex thyrsiflorus,ForestWetRich
239918,Rumex thyrsiflorus,ForestWetRich
239919,Rumex thyrsiflorus,ForestWetRich
239920,Rumex thyrsiflorus,ForestWetRich
239921,Rumex thyrsiflorus,ForestWetRich
239922,Rumex thyrsiflorus,ForestWetRich
239923,Rumex thyrsiflorus,ForestWetRich
239924,Rumex thyrsiflorus,ForestWetRich
239925,Rumex thyrsiflorus,ForestWetRich
239926,Rumex thyrsiflorus,ForestWetRich
239927,Rumex thyrsiflorus,ForestWetRich
239928,Rumex thyrsiflorus,ForestWetRich
239929,Rumex thyrsiflorus,ForestWetRich
239930,Rumex thyrsiflorus,ForestWetRich
239931,Rumex thyrsiflorus,ForestWetRich
239932,Rumex thyrsiflorus,ForestWetRich
239933,Rumex thyrsiflorus,ForestWetRich
239934,Rumex thyrsiflorus,ForestWetRich
239935,Rumex thyrsiflorus,ForestWetRich
239936,Rumex thyrsiflorus,ForestWetRich
239937,Rumex thyrsiflorus,ForestWetRich
239938,Rumex thyrsiflorus,ForestWetRich
239939,Rumex thyrsiflorus,ForestWetRich
239940,Rumex thyrsiflorus,ForestWetRich
239941,Rumex thyrsiflorus,ForestWetRich
239942,Rumex thyrsiflorus,ForestWetRich
239943,Rumex thyrsiflorus,ForestWetRich
239944,Rumex thyrsiflorus,ForestWetRich
239945,Rumex thyrsiflorus,ForestWetRich
239946,Rumex thyrsiflorus,ForestWetRich
239947,Rumex thyrsiflorus,ForestWetRich
239948,Rumex thyrsiflorus,ForestWetRich
239949,Rumex thyrsiflorus,ForestWetRich
239950,Rumex thyrsiflorus,ForestWetRich
239951,Rumex thyrsiflorus,ForestWetRich
239952,Rumex thyrsiflorus,ForestWetRich
239953,Rumex thyrsiflorus,ForestWetRich
239954,Rumex thyrsiflorus,ForestWetRich
239955,Rumex thyrsiflorus,ForestWetRich
239956,Rumex thyrsiflorus,ForestWetRich
240516,Rumex thyrsiflorus,ForestWetRich
240517,Rumex thyrsiflorus,ForestWetRich
240518,Rumex thyrsiflorus,ForestWetRich
240519,Rumex thyrsiflorus,ForestWetRich
240520,Rumex thyrsiflorus,ForestWetRich
240521,Rumex thyrsiflorus,ForestWetRich
240522,Rumex thyrsiflorus,ForestWetRich
240523,Rumex thyrsiflorus,ForestWetRich
240524,Rumex thyrsiflorus,ForestWetRich
240525,Rumex thyrsiflorus,ForestWetRich
240526,Rumex thyrsiflorus,ForestWetRich
240527,Rumex thyrsiflorus,ForestWetRich
240528,Rumex thyrsiflorus,ForestWetRich
240529,Rumex thyrsiflorus,ForestWetRich
240530,Rumex thyrsiflorus,ForestWetRich
240531,Rumex thyrsiflorus,ForestWetRich
240532,Rumex thyrsiflorus,ForestWetRich
240533,Rumex thyrsiflorus,ForestWetRich
240534,Rumex thyrsiflorus,ForestWetRich
240535,Rumex thyrsiflorus,ForestWetRich
240536,Rumex thyrsiflorus,ForestWetRich
240537,Rumex thyrsiflorus,ForestWetRich
240538,Rumex thyrsiflorus,ForestWetRich
240539,Rumex thyrsiflorus,ForestWetRich
240540,Rumex thyrsiflorus,ForestWetRich
240541,Rumex thyrsiflorus,ForestWetRich
240542,Rumex thyrsiflorus,ForestWetRich
240543,Rumex thyrsiflorus,ForestWetRich
240544,Rumex thyrsiflorus,ForestWetRich
240545,Rumex thyrsiflorus,ForestWetRich
240546,Rumex thyrsiflorus,ForestWetRich
240547,Rumex thyrsiflorus,ForestWetRich
240548,Rumex thyrsiflorus,ForestWetRich
240549,Rumex thyrsiflorus,ForestWetRich
240550,Rumex thyrsiflorus,ForestWetRich
240551,Rumex thyrsiflorus,ForestWetRich
240552,Rumex thyrsiflorus,ForestWetRich
240553,Rumex thyrsiflorus,ForestWetRich
240554,Rumex thyrsiflorus,ForestWetRich
240555,Rumex thyrsiflorus,ForestWetRich
241115,Rumex thyrsiflorus,ForestWetRich
241116,Rumex thyrsiflorus,ForestWetRich
241117,Rumex thyrsiflorus,ForestWetRich
241118,Rumex thyrsiflorus,ForestWetRich
241119,Rumex thyrsiflorus,ForestWetRich
241120,Rumex thyrsiflorus,ForestWetRich
241121,Rumex thyrsiflorus,ForestWetRich
241122,Rumex thyrsiflorus,ForestWetRich
241123,Rumex thyrsiflorus,ForestWetRich
241124,Rumex thyrsiflorus,ForestWetRich
241125,Rumex thyrsiflorus,ForestWetRich
241126,Rumex thyrsiflorus,ForestWetRich
241127,Rumex thyrsiflorus,ForestWetRich
241128,Rumex thyrsiflorus,ForestWetRich
241129,Rumex thyrsiflorus,ForestWetRich
241130,Rumex thyrsiflorus,ForestWetRich
241131,Rumex thyrsiflorus,ForestWetRich
241132,Rumex thyrsiflorus,ForestWetRich
241133,Rumex thyrsiflorus,ForestWetRich
241134,Rumex thyrsiflorus,ForestWetRich
241135,Rumex thyrsiflorus,ForestWetRich
241136,Rumex thyrsiflorus,ForestWetRich
241137,Rumex thyrsiflorus,ForestWetRich
241138,Rumex thyrsiflorus,ForestWetRich
241139,Rumex thyrsiflorus,ForestWetRich
241140,Rumex thyrsiflorus,ForestWetRich
241141,Rumex thyrsiflorus,ForestWetRich
241142,Rumex thyrsiflorus,ForestWetRich
241143,Rumex thyrsiflorus,ForestWetRich
241144,Rumex thyrsiflorus,ForestWetRich
241145,Rumex thyrsiflorus,ForestWetRich
241146,Rumex thyrsiflorus,ForestWetRich
241147,Rumex thyrsiflorus,ForestWetRich
241148,Rumex thyrsiflorus,ForestWetRich
241149,Rumex thyrsiflorus,ForestWetRich
241150,Rumex thyrsiflorus,ForestWetRich
241151,Rumex thyrsiflorus,ForestWetRich
241152,Rumex thyrsiflorus,ForestWetRich
241153,Rumex thyrsiflorus,ForestWetRich
241154,Rumex thyrsiflorus,ForestWetRich
241715,Rumex thyrsiflorus,ForestWetRich
241716,Rumex thyrsiflorus,ForestWetRich
241717,Rumex thyrsiflorus,ForestWetRich
241718,Rumex thyrsiflorus,ForestWetRich
241719,Rumex thyrsiflorus,ForestWetRich
241720,Rumex thyrsiflorus,ForestWetRich
241721,Rumex thyrsiflorus,ForestWetRich
241722,Rumex thyrsiflorus,ForestWetRich
241723,Rumex thyrsiflorus,ForestWetRich
241724,Rumex thyrsiflorus,ForestWetRich
241725,Rumex thyrsiflorus,ForestWetRich
241726,Rumex thyrsiflorus,ForestWetRich
241727,Rumex thyrsiflorus,ForestWetRich
241728,Rumex thyrsiflorus,ForestWetRich
241729,Rumex thyrsiflorus,ForestWetRich
241730,Rumex thyrsiflorus,ForestWetRich
241731,Rumex thyrsiflorus,ForestWetRich
241732,Rumex thyrsiflorus,ForestWetRich
241733,Rumex thyrsiflorus,ForestWetRich
241734,Rumex thyrsiflorus,ForestWetRich
241735,Rumex thyrsiflorus,ForestWetRich
241736,Rumex thyrsiflorus,ForestWetRich
241737,Rumex thyrsiflorus,ForestWetRich
241738,Rumex thyrsiflorus,ForestWetRich
241739,Rumex thyrsiflorus,ForestWetRich
241740,Rumex thyrsiflorus,ForestWetRich
241741,Rumex thyrsiflorus,ForestWetRich
241742,Rumex thyrsiflorus,ForestWetRich
241743,Rumex thyrsiflorus,ForestWetRich
241744,Rumex thyrsiflorus,ForestWetRich
241745,Rumex thyrsiflorus,ForestWetRich
241746,Rumex thyrsiflorus,ForestWetRich
241747,Rumex thyrsiflorus,ForestWetRich
241748,Rumex thyrsiflorus,ForestWetRich
241749,Rumex thyrsiflorus,ForestWetRich
241750,Rumex thyrsiflorus,ForestWetRich
241751,Rumex thyrsiflorus,ForestWetRich
241752,Rumex thyrsiflorus,ForestWetRich
241753,Rumex thyrsiflorus,ForestWetRich
242315,Rumex thyrsiflorus,ForestWetRich
242316,Rumex thyrsiflorus,ForestWetRich
242317,Rumex thyrsiflorus,ForestWetRich
242318,Rumex thyrsiflorus,ForestWetRich
242319,Rumex thyrsiflorus,ForestWetRich
242320,Rumex thyrsiflorus,ForestWetRich
242321,Rumex thyrsiflorus,ForestWetRich
242322,Rumex thyrsiflorus,ForestWetRich
242323,Rumex thyrsiflorus,ForestWetRich
242324,Rumex thyrsiflorus,ForestWetRich
242325,Rumex thyrsiflorus,ForestWetRich
242326,Rumex thyrsiflorus,ForestWetRich
242327,Rumex thyrsiflorus,ForestWetRich
242328,Rumex thyrsiflorus,ForestWetRich
242329,Rumex thyrsiflorus,ForestWetRich
242330,Rumex thyrsiflorus,ForestWetRich
242331,Rumex thyrsiflorus,ForestWetRich
242332,Rumex thyrsiflorus,ForestWetRich
242333,Rumex thyrsiflorus,ForestWetRich
242334,Rumex thyrsiflorus,ForestWetRich
242335,Rumex thyrsiflorus,ForestWetRich
242336,Rumex thyrsiflorus,ForestWetRich
242337,Rumex thyrsiflorus,ForestWetRich
242338,Rumex thyrsiflorus,ForestWetRich
242339,Rumex thyrsiflorus,ForestWetRich
242340,Rumex thyrsiflorus,ForestWetRich
242341,Rumex thyrsiflorus,ForestWetRich
242342,Rumex thyrsiflorus,ForestWetRich
242343,Rumex thyrsiflorus,ForestWetRich
242344,Rumex thyrsiflorus,ForestWetRich
242345,Rumex thyrsiflorus,ForestWetRich
242346,Rumex thyrsiflorus,ForestWetRich
242347,Rumex thyrsiflorus,ForestWetRich
242348,Rumex thyrsiflorus,ForestWetRich
242349,Rumex thyrsiflorus,ForestWetRich
242350,Rumex thyrsiflorus,ForestWetRich
242351,Rumex thyrsiflorus,ForestWetRich
242352,Rumex thyrsiflorus,ForestWetRich
242914,Rumex thyrsiflorus,ForestWetRich
242915,Rumex thyrsiflorus,ForestWetRich
242916,Rumex thyrsiflorus,ForestWetRich
242917,Rumex thyrsiflorus,ForestWetRich
242918,Rumex thyrsiflorus,ForestWetRich
242919,Rumex thyrsiflorus,ForestWetRich
242920,Rumex thyrsiflorus,ForestWetRich
242921,Rumex thyrsiflorus,ForestWetRich
242922,Rumex thyrsiflorus,ForestWetRich
242923,Rumex thyrsiflorus,ForestWetRich
242924,Rumex thyrsiflorus,ForestWetRich
242925,Rumex thyrsiflorus,ForestWetRich
242926,Rumex thyrsiflorus,ForestWetRich
242927,Rumex thyrsiflorus,ForestWetRich
242928,Rumex thyrsiflorus,ForestWetRich
242929,Rumex thyrsiflorus,ForestWetRich
242930,Rumex thyrsiflorus,ForestWetRich
242931,Rumex thyrsiflorus,ForestWetRich
242932,Rumex thyrsiflorus,ForestWetRich
242933,Rumex thyrsiflorus,ForestWetRich
242934,Rumex thyrsiflorus,ForestWetRich
242935,Rumex thyrsiflorus,ForestWetRich
242936,Rumex thyrsiflorus,ForestWetRich
242937,Rumex thyrsiflorus,ForestWetRich
242938,Rumex thyrsiflorus,ForestWetRich
242939,Rumex thyrsiflorus,ForestWetRich
242940,Rumex thyrsiflorus,ForestWetRich
242941,Rumex thyrsiflorus,ForestWetRich
242942,Rumex thyrsiflorus,ForestWetRich
242943,Rumex thyrsiflorus,ForestWetRich
242944,Rumex thyrsiflorus,ForestWetRich
242945,Rumex thyrsiflorus,ForestWetRich
242946,Rumex thyrsiflorus,ForestWetRich
242947,Rumex thyrsiflorus,ForestWetRich
242948,Rumex thyrsiflorus,ForestWetRich
242949,Rumex thyrsiflorus,ForestWetRich
242950,Rumex thyrsiflorus,ForestWetRich
242951,Rumex thyrsiflorus,ForestWetRich
243514,Rumex thyrsiflorus,ForestWetRich
243515,Rumex thyrsiflorus,ForestWetRich
243516,Rumex thyrsiflorus,ForestWetRich
243517,Rumex thyrsiflorus,ForestWetRich
243518,Rumex thyrsiflorus,ForestWetRich
243519,Rumex thyrsiflorus,ForestWetRich
243520,Rumex thyrsiflorus,ForestWetRich
243521,Rumex thyrsiflorus,ForestWetRich
243522,Rumex thyrsiflorus,ForestWetRich
243523,Rumex thyrsiflorus,ForestWetRich
243524,Rumex thyrsiflorus,ForestWetRich
243525,Rumex thyrsiflorus,ForestWetRich
243526,Rumex thyrsiflorus,ForestWetRich
243527,Rumex thyrsiflorus,ForestWetRich
243528,Rumex thyrsiflorus,ForestWetRich
243529,Rumex thyrsiflorus,ForestWetRich
243530,Rumex thyrsiflorus,ForestWetRich
243531,Rumex thyrsiflorus,ForestWetRich
243532,Rumex thyrsiflorus,ForestWetRich
243533,Rumex thyrsiflorus,ForestWetRich
243534,Rumex thyrsiflorus,ForestWetRich
243535,Rumex thyrsiflorus,ForestWetRich
243536,Rumex thyrsiflorus,ForestWetRich
243537,Rumex thyrsiflorus,ForestWetRich
243538,Rumex thyrsiflorus,ForestWetRich
243539,Rumex thyrsiflorus,ForestWetRich
243540,Rumex thyrsiflorus,ForestWetRich
243541,Rumex thyrsiflorus,ForestWetRich
243542,Rumex thyrsiflorus,ForestWetRich
243543,Rumex thyrsiflorus,ForestWetRich
243544,Rumex thyrsiflorus,ForestWetRich
243545,Rumex thyrsiflorus,ForestWetRich
243546,Rumex thyrsiflorus,ForestWetRich
243547,Rumex thyrsiflorus,ForestWetRich
243548,Rumex thyrsiflorus,ForestWetRich
243549,Rumex thyrsiflorus,ForestWetRich
243550,Rumex thyrsiflorus,ForestWetRich
244114,Rumex thyrsiflorus,ForestWetRich
244115,Rumex thyrsiflorus,ForestWetRich
244116,Rumex thyrsiflorus,ForestWetRich
244117,Rumex thyrsiflorus,ForestWetRich
244118,Rumex thyrsiflorus,ForestWetRich
244119,Rumex thyrsiflorus,ForestWetRich
244120,Rumex thyrsiflorus,ForestWetRich
244121,Rumex thyrsiflorus,ForestWetRich
244122,Rumex thyrsiflorus,ForestWetRich
244123,Rumex thyrsiflorus,ForestWetRich
244124,Rumex thyrsiflorus,ForestWetRich
244125,Rumex thyrsiflorus,ForestWetRich
244126,Rumex thyrsiflorus,ForestWetRich
244127,Rumex thyrsiflorus,ForestWetRich
244128,Rumex thyrsiflorus,ForestWetRich
244129,Rumex thyrsiflorus,ForestWetRich
244130,Rumex thyrsiflorus,ForestWetRich
244131,Rumex thyrsiflorus,ForestWetRich
244132,Rumex thyrsiflorus,ForestWetRich
244133,Rumex thyrsiflorus,ForestWetRich
244134,Rumex thyrsiflorus,ForestWetRich
244135,Rumex thyrsiflorus,ForestWetRich
244136,Rumex thyrsiflorus,ForestWetRich
244137,Rumex thyrsiflorus,ForestWetRich
244138,Rumex thyrsiflorus,ForestWetRich
244139,Rumex thyrsiflorus,ForestWetRich
244140,Rumex thyrsiflorus,ForestWetRich
244141,Rumex thyrsiflorus,ForestWetRich
244142,Rumex thyrsiflorus,ForestWetRich
244143,Rumex thyrsiflorus,ForestWetRich
244144,Rumex thyrsiflorus,ForestWetRich
244145,Rumex thyrsiflorus,ForestWetRich
244146,Rumex thyrsiflorus,ForestWetRich
244147,Rumex thyrsiflorus,ForestWetRich
244148,Rumex thyrsiflorus,ForestWetRich
244149,Rumex thyrsiflorus,ForestWetRich
244714,Rumex thyrsiflorus,ForestWetRich
244715,Rumex thyrsiflorus,ForestWetRich
244716,Rumex thyrsiflorus,ForestWetRich
244717,Rumex thyrsiflorus,ForestWetRich
244718,Rumex thyrsiflorus,ForestWetRich
244719,Rumex thyrsiflorus,ForestWetRich
244720,Rumex thyrsiflorus,ForestWetRich
244721,Rumex thyrsiflorus,ForestWetRich
244722,Rumex thyrsiflorus,ForestWetRich
244723,Rumex thyrsiflorus,ForestWetRich
244724,Rumex thyrsiflorus,ForestWetRich
244725,Rumex thyrsiflorus,ForestWetRich
244726,Rumex thyrsiflorus,ForestWetRich
244727,Rumex thyrsiflorus,ForestWetRich
244728,Rumex thyrsiflorus,ForestWetRich
244729,Rumex thyrsiflorus,ForestWetRich
244730,Rumex thyrsiflorus,ForestWetRich
244731,Rumex thyrsiflorus,ForestWetRich
244732,Rumex thyrsiflorus,ForestWetRich
244733,Rumex thyrsiflorus,ForestWetRich
244734,Rumex thyrsiflorus,ForestWetRich
244735,Rumex thyrsiflorus,ForestWetRich
244736,Rumex thyrsiflorus,ForestWetRich
244737,Rumex thyrsiflorus,ForestWetRich
244738,Rumex thyrsiflorus,ForestWetRich
244739,Rumex thyrsiflorus,ForestWetRich
244740,Rumex thyrsiflorus,ForestWetRich
244741,Rumex thyrsiflorus,ForestWetRich
244742,Rumex thyrsiflorus,ForestWetRich
244743,Rumex thyrsiflorus,ForestWetRich
244744,Rumex thyrsiflorus,ForestWetRich
244745,Rumex thyrsiflorus,ForestWetRich
244746,Rumex thyrsiflorus,ForestWetRich
244747,Rumex thyrsiflorus,ForestWetRich
244748,Rumex thyrsiflorus,ForestWetRich
245314,Rumex thyrsiflorus,ForestWetRich
245315,Rumex thyrsiflorus,ForestWetRich
245316,Rumex thyrsiflorus,ForestWetRich
245317,Rumex thyrsiflorus,ForestWetRich
245318,Rumex thyrsiflorus,ForestWetRich
245319,Rumex thyrsiflorus,ForestWetRich
245320,Rumex thyrsiflorus,ForestWetRich
245321,Rumex thyrsiflorus,ForestWetRich
245322,Rumex thyrsiflorus,ForestWetRich
245323,Rumex thyrsiflorus,ForestWetRich
245324,Rumex thyrsiflorus,ForestWetRich
245325,Rumex thyrsiflorus,ForestWetRich
245326,Rumex thyrsiflorus,ForestWetRich
245327,Rumex thyrsiflorus,ForestWetRich
245328,Rumex thyrsiflorus,ForestWetRich
245329,Rumex thyrsiflorus,ForestWetRich
245330,Rumex thyrsiflorus,ForestWetRich
245331,Rumex thyrsiflorus,ForestWetRich
245332,Rumex thyrsiflorus,ForestWetRich
245333,Rumex thyrsiflorus,ForestWetRich
245334,Rumex thyrsiflorus,ForestWetRich
245335,Rumex thyrsiflorus,ForestWetRich
245336,Rumex thyrsiflorus,ForestWetRich
245337,Rumex thyrsiflorus,ForestWetRich
245338,Rumex thyrsiflorus,ForestWetRich
245339,Rumex thyrsiflorus,ForestWetRich
245340,Rumex thyrsiflorus,ForestWetRich
245341,Rumex thyrsiflorus,ForestWetRich
245342,Rumex thyrsiflorus,ForestWetRich
245343,Rumex thyrsiflorus,ForestWetRich
245344,Rumex thyrsiflorus,ForestWetRich
245345,Rumex thyrsiflorus,ForestWetRich
245346,Rumex thyrsiflorus,ForestWetRich
245347,Rumex thyrsiflorus,ForestWetRich
245914,Rumex thyrsiflorus,ForestWetRich
245915,Rumex thyrsiflorus,ForestWetRich
245916,Rumex thyrsiflorus,ForestWetRich
245917,Rumex thyrsiflorus,ForestWetRich
245918,Rumex thyrsiflorus,ForestWetRich
245919,Rumex thyrsiflorus,ForestWetRich
245920,Rumex thyrsiflorus,ForestWetRich
245921,Rumex thyrsiflorus,ForestWetRich
245922,Rumex thyrsiflorus,ForestWetRich
245923,Rumex thyrsiflorus,ForestWetRich
245924,Rumex thyrsiflorus,ForestWetRich
245925,Rumex thyrsiflorus,ForestWetRich
245926,Rumex thyrsiflorus,ForestWetRich
245927,Rumex thyrsiflorus,ForestWetRich
245928,Rumex thyrsiflorus,ForestWetRich
245929,Rumex thyrsiflorus,ForestWetRich
245930,Rumex thyrsiflorus,ForestWetRich
245931,Rumex thyrsiflorus,ForestWetRich
245932,Rumex thyrsiflorus,ForestWetRich
245933,Rumex thyrsiflorus,ForestWetRich
245934,Rumex thyrsiflorus,ForestWetRich
245935,Rumex thyrsiflorus,ForestWetRich
245936,Rumex thyrsiflorus,ForestWetRich
245937,Rumex thyrsiflorus,ForestWetRich
245938,Rumex thyrsiflorus,ForestWetRich
245939,Rumex thyrsiflorus,ForestWetRich
245940,Rumex thyrsiflorus,ForestWetRich
245941,Rumex thyrsiflorus,ForestWetRich
245942,Rumex thyrsiflorus,ForestWetRich
245943,Rumex thyrsiflorus,ForestWetRich
245944,Rumex thyrsiflorus,ForestWetRich
245945,Rumex thyrsiflorus,ForestWetRich
245946,Rumex thyrsiflorus,ForestWetRich
246514,Rumex thyrsiflorus,ForestWetRich
246515,Rumex thyrsiflorus,ForestWetRich
246516,Rumex thyrsiflorus,ForestWetRich
246517,Rumex thyrsiflorus,ForestWetRich
246518,Rumex thyrsiflorus,ForestWetRich
246519,Rumex thyrsiflorus,ForestWetRich
246520,Rumex thyrsiflorus,ForestWetRich
246521,Rumex thyrsiflorus,ForestWetRich
246522,Rumex thyrsiflorus,ForestWetRich
246523,Rumex thyrsiflorus,ForestWetRich
246524,Rumex thyrsiflorus,ForestWetRich
246525,Rumex thyrsiflorus,ForestWetRich
246526,Rumex thyrsiflorus,ForestWetRich
246527,Rumex thyrsiflorus,ForestWetRich
246528,Rumex thyrsiflorus,ForestWetRich
246529,Rumex thyrsiflorus,ForestWetRich
246530,Rumex thyrsiflorus,ForestWetRich
246531,Rumex thyrsiflorus,ForestWetRich
246532,Rumex thyrsiflorus,ForestWetRich
246533,Rumex thyrsiflorus,ForestWetRich
246534,Rumex thyrsiflorus,ForestWetRich
246535,Rumex thyrsiflorus,ForestWetRich
246536,Rumex thyrsiflorus,ForestWetRich
246537,Rumex thyrsiflorus,ForestWetRich
246538,Rumex thyrsiflorus,ForestWetRich
246539,Rumex thyrsiflorus,ForestWetRich
246540,Rumex thyrsiflorus,ForestWetRich
246541,Rumex thyrsiflorus,ForestWetRich
246542,Rumex thyrsiflorus,ForestWetRich
246543,Rumex thyrsiflorus,ForestWetRich
246544,Rumex thyrsiflorus,ForestWetRich
246545,Rumex thyrsiflorus,ForestWetRich
247114,Rumex thyrsiflorus,ForestWetRich
247115,Rumex thyrsiflorus,ForestWetRich
247116,Rumex thyrsiflorus,ForestWetRich
247117,Rumex thyrsiflorus,ForestWetRich
247118,Rumex thyrsiflorus,ForestWetRich
247119,Rumex thyrsiflorus,ForestWetRich
247120,Rumex thyrsiflorus,ForestWetRich
247121,Rumex thyrsiflorus,ForestWetRich
247122,Rumex thyrsiflorus,ForestWetRich
247123,Rumex thyrsiflorus,ForestWetRich
247124,Rumex thyrsiflorus,ForestWetRich
247125,Rumex thyrsiflorus,ForestWetRich
247126,Rumex thyrsiflorus,ForestWetRich
247127,Rumex thyrsiflorus,ForestWetRich
247128,Rumex thyrsiflorus,ForestWetRich
247129,Rumex thyrsiflorus,ForestWetRich
247130,Rumex thyrsiflorus,ForestWetRich
247131,Rumex thyrsiflorus,ForestWetRich
247132,Rumex thyrsiflorus,ForestWetRich
247133,Rumex thyrsiflorus,ForestWetRich
247134,Rumex thyrsiflorus,ForestWetRich
247135,Rumex thyrsiflorus,ForestWetRich
247136,Rumex thyrsiflorus,ForestWetRich
247137,Rumex thyrsiflorus,ForestWetRich
247138,Rumex thyrsiflorus,ForestWetRich
247139,Rumex thyrsiflorus,ForestWetRich
247140,Rumex thyrsiflorus,ForestWetRich
247141,Rumex thyrsiflorus,ForestWetRich
247142,Rumex thyrsiflorus,ForestWetRich
247143,Rumex thyrsiflorus,ForestWetRich
247144,Rumex thyrsiflorus,ForestWetRich
247714,Rumex thyrsiflorus,ForestWetRich
247715,Rumex thyrsiflorus,ForestWetRich
247716,Rumex thyrsiflorus,ForestWetRich
247717,Rumex thyrsiflorus,ForestWetRich
247718,Rumex thyrsiflorus,ForestWetRich
247719,Rumex thyrsiflorus,ForestWetRich
247720,Rumex thyrsiflorus,ForestWetRich
247721,Rumex thyrsiflorus,ForestWetRich
247722,Rumex thyrsiflorus,ForestWetRich
247723,Rumex thyrsiflorus,ForestWetRich
247724,Rumex thyrsiflorus,ForestWetRich
247725,Rumex thyrsiflorus,ForestWetRich
247726,Rumex thyrsiflorus,ForestWetRich
247727,Rumex thyrsiflorus,ForestWetRich
247728,Rumex thyrsiflorus,ForestWetRich
247729,Rumex thyrsiflorus,ForestWetRich
247730,Rumex thyrsiflorus,ForestWetRich
247731,Rumex thyrsiflorus,ForestWetRich
247732,Rumex thyrsiflorus,ForestWetRich
247733,Rumex thyrsiflorus,ForestWetRich
247734,Rumex thyrsiflorus,ForestWetRich
247735,Rumex thyrsiflorus,ForestWetRich
247736,Rumex thyrsiflorus,ForestWetRich
247737,Rumex thyrsiflorus,ForestWetRich
247738,Rumex thyrsiflorus,ForestWetRich
247739,Rumex thyrsiflorus,ForestWetRich
247740,Rumex thyrsiflorus,ForestWetRich
247741,Rumex thyrsiflorus,ForestWetRich
247742,Rumex thyrsiflorus,ForestWetRich
247743,Rumex thyrsiflorus,ForestWetRich
248314,Rumex thyrsiflorus,ForestWetRich
248315,Rumex thyrsiflorus,ForestWetRich
248316,Rumex thyrsiflorus,ForestWetRich
248317,Rumex thyrsiflorus,ForestWetRich
248318,Rumex thyrsiflorus,ForestWetRich
248319,Rumex thyrsiflorus,ForestWetRich
248320,Rumex thyrsiflorus,ForestWetRich
248321,Rumex thyrsiflorus,ForestWetRich
248322,Rumex thyrsiflorus,ForestWetRich
248323,Rumex thyrsiflorus,ForestWetRich
248324,Rumex thyrsiflorus,ForestWetRich
248325,Rumex thyrsiflorus,ForestWetRich
248326,Rumex thyrsiflorus,ForestWetRich
248327,Rumex thyrsiflorus,ForestWetRich
248328,Rumex thyrsiflorus,ForestWetRich
248329,Rumex thyrsiflorus,ForestWetRich
248330,Rumex thyrsiflorus,ForestWetRich
248331,Rumex thyrsiflorus,ForestWetRich
248332,Rumex thyrsiflorus,ForestWetRich
248333,Rumex thyrsiflorus,ForestWetRich
248334,Rumex thyrsiflorus,ForestWetRich
248335,Rumex thyrsiflorus,ForestWetRich
248336,Rumex thyrsiflorus,ForestWetRich
248337,Rumex thyrsiflorus,ForestWetRich
248338,Rumex thyrsiflorus,ForestWetRich
248339,Rumex thyrsiflorus,ForestWetRich
248340,Rumex thyrsiflorus,ForestWetRich
248341,Rumex thyrsiflorus,ForestWetRich
248342,Rumex thyrsiflorus,ForestWetRich
248914,Rumex thyrsiflorus,ForestWetRich
248915,Rumex thyrsiflorus,ForestWetRich
248916,Rumex thyrsiflorus,ForestWetRich
248917,Rumex thyrsiflorus,ForestWetRich
248918,Rumex thyrsiflorus,ForestWetRich
248919,Rumex thyrsiflorus,ForestWetRich
248920,Rumex thyrsiflorus,ForestWetRich
248921,Rumex thyrsiflorus,ForestWetRich
248922,Rumex thyrsiflorus,ForestWetRich
248923,Rumex thyrsiflorus,ForestWetRich
248924,Rumex thyrsiflorus,ForestWetRich
248925,Rumex thyrsiflorus,ForestWetRich
248926,Rumex thyrsiflorus,ForestWetRich
248927,Rumex thyrsiflorus,ForestWetRich
248928,Rumex thyrsiflorus,ForestWetRich
248929,Rumex thyrsiflorus,ForestWetRich
248930,Rumex thyrsiflorus,ForestWetRich
248931,Rumex thyrsiflorus,ForestWetRich
248932,Rumex thyrsiflorus,ForestWetRich
248933,Rumex thyrsiflorus,ForestWetRich
248934,Rumex thyrsiflorus,ForestWetRich
248935,Rumex thyrsiflorus,ForestWetRich
248936,Rumex thyrsiflorus,ForestWetRich
248937,Rumex thyrsiflorus,ForestWetRich
248938,Rumex thyrsiflorus,ForestWetRich
248939,Rumex thyrsiflorus,ForestWetRich
248940,Rumex thyrsiflorus,ForestWetRich
248941,Rumex thyrsiflorus,ForestWetRich
249515,Rumex thyrsiflorus,ForestWetRich
249516,Rumex thyrsiflorus,ForestWetRich
249517,Rumex thyrsiflorus,ForestWetRich
249518,Rumex thyrsiflorus,ForestWetRich
249519,Rumex thyrsiflorus,ForestWetRich
249520,Rumex thyrsiflorus,ForestWetRich
249521,Rumex thyrsiflorus,ForestWetRich
249522,Rumex thyrsiflorus,ForestWetRich
249523,Rumex thyrsiflorus,ForestWetRich
249524,Rumex thyrsiflorus,ForestWetRich
249525,Rumex thyrsiflorus,ForestWetRich
249526,Rumex thyrsiflorus,ForestWetRich
249527,Rumex thyrsiflorus,ForestWetRich
249528,Rumex thyrsiflorus,ForestWetRich
249529,Rumex thyrsiflorus,ForestWetRich
249530,Rumex thyrsiflorus,ForestWetRich
249531,Rumex thyrsiflorus,ForestWetRich
249532,Rumex thyrsiflorus,ForestWetRich
249533,Rumex thyrsiflorus,ForestWetRich
249534,Rumex thyrsiflorus,ForestWetRich
249535,Rumex thyrsiflorus,ForestWetRich
249536,Rumex thyrsiflorus,ForestWetRich
249537,Rumex thyrsiflorus,ForestWetRich
249538,Rumex thyrsiflorus,ForestWetRich
249539,Rumex thyrsiflorus,ForestWetRich
249540,Rumex thyrsiflorus,ForestWetRich
250115,Rumex thyrsiflorus,ForestWetRich
250116,Rumex thyrsiflorus,ForestWetRich
250117,Rumex thyrsiflorus,ForestWetRich
250118,Rumex thyrsiflorus,ForestWetRich
250119,Rumex thyrsiflorus,ForestWetRich
250120,Rumex thyrsiflorus,ForestWetRich
250121,Rumex thyrsiflorus,ForestWetRich
250122,Rumex thyrsiflorus,ForestWetRich
250123,Rumex thyrsiflorus,ForestWetRich
250124,Rumex thyrsiflorus,ForestWetRich
250125,Rumex thyrsiflorus,ForestWetRich
250126,Rumex thyrsiflorus,ForestWetRich
250127,Rumex thyrsiflorus,ForestWetRich
250128,Rumex thyrsiflorus,ForestWetRich
250129,Rumex thyrsiflorus,ForestWetRich
250130,Rumex thyrsiflorus,ForestWetRich
250131,Rumex thyrsiflorus,ForestWetRich
250132,Rumex thyrsiflorus,ForestWetRich
250133,Rumex thyrsiflorus,ForestWetRich
250134,Rumex thyrsiflorus,ForestWetRich
250135,Rumex thyrsiflorus,ForestWetRich
250136,Rumex thyrsiflorus,ForestWetRich
250137,Rumex thyrsiflorus,ForestWetRich
250138,Rumex thyrsiflorus,ForestWetRich
250139,Rumex thyrsiflorus,ForestWetRich
250716,Rumex thyrsiflorus,ForestWetRich
250717,Rumex thyrsiflorus,ForestWetRich
250718,Rumex thyrsiflorus,ForestWetRich
250719,Rumex thyrsiflorus,ForestWetRich
250720,Rumex thyrsiflorus,ForestWetRich
250721,Rumex thyrsiflorus,ForestWetRich
250722,Rumex thyrsiflorus,ForestWetRich
250723,Rumex thyrsiflorus,ForestWetRich
250724,Rumex thyrsiflorus,ForestWetRich
250725,Rumex thyrsiflorus,ForestWetRich
250726,Rumex thyrsiflorus,ForestWetRich
250727,Rumex thyrsiflorus,ForestWetRich
250728,Rumex thyrsiflorus,ForestWetRich
250729,Rumex thyrsiflorus,ForestWetRich
250730,Rumex thyrsiflorus,ForestWetRich
250731,Rumex thyrsiflorus,ForestWetRich
250732,Rumex thyrsiflorus,ForestWetRich
250733,Rumex thyrsiflorus,ForestWetRich
250734,Rumex thyrsiflorus,ForestWetRich
250735,Rumex thyrsiflorus,ForestWetRich
250736,Rumex thyrsiflorus,ForestWetRich
250737,Rumex thyrsiflorus,ForestWetRich
250738,Rumex thyrsiflorus,ForestWetRich
251317,Rumex thyrsiflorus,ForestWetRich
251318,Rumex thyrsiflorus,ForestWetRich
251319,Rumex thyrsiflorus,ForestWetRich
251320,Rumex thyrsiflorus,ForestWetRich
251321,Rumex thyrsiflorus,ForestWetRich
251322,Rumex thyrsiflorus,ForestWetRich
251323,Rumex thyrsiflorus,ForestWetRich
251324,Rumex thyrsiflorus,ForestWetRich
251325,Rumex thyrsiflorus,ForestWetRich
251326,Rumex thyrsiflorus,ForestWetRich
251327,Rumex thyrsiflorus,ForestWetRich
251328,Rumex thyrsiflorus,ForestWetRich
251329,Rumex thyrsiflorus,ForestWetRich
251330,Rumex thyrsiflorus,ForestWetRich
251331,Rumex thyrsiflorus,ForestWetRich
251332,Rumex thyrsiflorus,ForestWetRich
251333,Rumex thyrsiflorus,ForestWetRich
251334,Rumex thyrsiflorus,ForestWetRich
251335,Rumex thyrsiflorus,ForestWetRich
251336,Rumex thyrsiflorus,ForestWetRich
251337,Rumex thyrsiflorus,ForestWetRich
251918,Rumex thyrsiflorus,ForestWetRich
251919,Rumex thyrsiflorus,ForestWetRich
251920,Rumex thyrsiflorus,ForestWetRich
251921,Rumex thyrsiflorus,ForestWetRich
251922,Rumex thyrsiflorus,ForestWetRich
251923,Rumex thyrsiflorus,ForestWetRich
251924,Rumex thyrsiflorus,ForestWetRich
251925,Rumex thyrsiflorus,ForestWetRich
251926,Rumex thyrsiflorus,ForestWetRich
251927,Rumex thyrsiflorus,ForestWetRich
251928,Rumex thyrsiflorus,ForestWetRich
251929,Rumex thyrsiflorus,ForestWetRich
251930,Rumex thyrsiflorus,ForestWetRich
251931,Rumex thyrsiflorus,ForestWetRich
251932,Rumex thyrsiflorus,ForestWetRich
251933,Rumex thyrsiflorus,ForestWetRich
251934,Rumex thyrsiflorus,ForestWetRich
251935,Rumex thyrsiflorus,ForestWetRich
251936,Rumex thyrsiflorus,ForestWetRich
252519,Rumex thyrsiflorus,ForestWetRich
252520,Rumex thyrsiflorus,ForestWetRich
252521,Rumex thyrsiflorus,ForestWetRich
252522,Rumex thyrsiflorus,ForestWetRich
252523,Rumex thyrsiflorus,ForestWetRich
252524,Rumex thyrsiflorus,ForestWetRich
252525,Rumex thyrsiflorus,ForestWetRich
252526,Rumex thyrsiflorus,ForestWetRich
252527,Rumex thyrsiflorus,ForestWetRich
252528,Rumex thyrsiflorus,ForestWetRich
252529,Rumex thyrsiflorus,ForestWetRich
252530,Rumex thyrsiflorus,ForestWetRich
252531,Rumex thyrsiflorus,ForestWetRich
252532,Rumex thyrsiflorus,ForestWetRich
252533,Rumex thyrsiflorus,ForestWetRich
252534,Rumex thyrsiflorus,ForestWetRich
252535,Rumex thyrsiflorus,ForestWetRich
253120,Rumex thyrsiflorus,ForestWetRich
253121,Rumex thyrsiflorus,ForestWetRich
253122,Rumex thyrsiflorus,ForestWetRich
253123,Rumex thyrsiflorus,ForestWetRich
253124,Rumex thyrsiflorus,ForestWetRich
253125,Rumex thyrsiflorus,ForestWetRich
253126,Rumex thyrsiflorus,ForestWetRich
253127,Rumex thyrsiflorus,ForestWetRich
253128,Rumex thyrsiflorus,ForestWetRich
253129,Rumex thyrsiflorus,ForestWetRich
253130,Rumex thyrsiflorus,ForestWetRich
253131,Rumex thyrsiflorus,ForestWetRich
253132,Rumex thyrsiflorus,ForestWetRich
253133,Rumex thyrsiflorus,ForestWetRich
253134,Rumex thyrsiflorus,ForestWetRich
253723,Rumex thyrsiflorus,ForestWetRich
253724,Rumex thyrsiflorus,ForestWetRich
253725,Rumex thyrsiflorus,ForestWetRich
253726,Rumex thyrsiflorus,ForestWetRich
253727,Rumex thyrsiflorus,ForestWetRich
253728,Rumex thyrsiflorus,ForestWetRich
253729,Rumex thyrsiflorus,ForestWetRich
253730,Rumex thyrsiflorus,ForestWetRich
253731,Rumex thyrsiflorus,ForestWetRich
253732,Rumex thyrsiflorus,ForestWetRich
253733,Rumex thyrsiflorus,ForestWetRich
254326,Rumex thyrsiflorus,ForestWetRich
254327,Rumex thyrsiflorus,ForestWetRich
254328,Rumex thyrsiflorus,ForestWetRich
254329,Rumex thyrsiflorus,ForestWetRich
254330,Rumex thyrsiflorus,ForestWetRich
254331,Rumex thyrsiflorus,ForestWetRich
254332,Rumex thyrsiflorus,ForestWetRich
119645,Rumex thyrsiflorus,ForestWetRich
119646,Rumex thyrsiflorus,ForestWetRich
119647,Rumex thyrsiflorus,ForestWetRich
119648,Rumex thyrsiflorus,ForestWetRich
119649,Rumex thyrsiflorus,ForestWetRich
119650,Rumex thyrsiflorus,ForestWetRich
119651,Rumex thyrsiflorus,ForestWetRich
119652,Rumex thyrsiflorus,ForestWetRich
119653,Rumex thyrsiflorus,ForestWetRich
119654,Rumex thyrsiflorus,ForestWetRich
119655,Rumex thyrsiflorus,ForestWetRich
119656,Rumex thyrsiflorus,ForestWetRich
119657,Rumex thyrsiflorus,ForestWetRich
119658,Rumex thyrsiflorus,ForestWetRich
119659,Rumex thyrsiflorus,ForestWetRich
119660,Rumex thyrsiflorus,ForestWetRich
119661,Rumex thyrsiflorus,ForestWetRich
119662,Rumex thyrsiflorus,ForestWetRich
119663,Rumex thyrsiflorus,ForestWetRich
120240,Rumex thyrsiflorus,ForestWetRich
120241,Rumex thyrsiflorus,ForestWetRich
120242,Rumex thyrsiflorus,ForestWetRich
120243,Rumex thyrsiflorus,ForestWetRich
120244,Rumex thyrsiflorus,ForestWetRich
120245,Rumex thyrsiflorus,ForestWetRich
120246,Rumex thyrsiflorus,ForestWetRich
120247,Rumex thyrsiflorus,ForestWetRich
120248,Rumex thyrsiflorus,ForestWetRich
120249,Rumex thyrsiflorus,ForestWetRich
120250,Rumex thyrsiflorus,ForestWetRich
120251,Rumex thyrsiflorus,ForestWetRich
120252,Rumex thyrsiflorus,ForestWetRich
120253,Rumex thyrsiflorus,ForestWetRich
120254,Rumex thyrsiflorus,ForestWetRich
120255,Rumex thyrsiflorus,ForestWetRich
120256,Rumex thyrsiflorus,ForestWetRich
120257,Rumex thyrsiflorus,ForestWetRich
120258,Rumex thyrsiflorus,ForestWetRich
120259,Rumex thyrsiflorus,ForestWetRich
120260,Rumex thyrsiflorus,ForestWetRich
120261,Rumex thyrsiflorus,ForestWetRich
120262,Rumex thyrsiflorus,ForestWetRich
120263,Rumex thyrsiflorus,ForestWetRich
120264,Rumex thyrsiflorus,ForestWetRich
120265,Rumex thyrsiflorus,ForestWetRich
120266,Rumex thyrsiflorus,ForestWetRich
120836,Rumex thyrsiflorus,ForestWetRich
120837,Rumex thyrsiflorus,ForestWetRich
120838,Rumex thyrsiflorus,ForestWetRich
120839,Rumex thyrsiflorus,ForestWetRich
120840,Rumex thyrsiflorus,ForestWetRich
120841,Rumex thyrsiflorus,ForestWetRich
120842,Rumex thyrsiflorus,ForestWetRich
120843,Rumex thyrsiflorus,ForestWetRich
120844,Rumex thyrsiflorus,ForestWetRich
120845,Rumex thyrsiflorus,ForestWetRich
120846,Rumex thyrsiflorus,ForestWetRich
120847,Rumex thyrsiflorus,ForestWetRich
120848,Rumex thyrsiflorus,ForestWetRich
120849,Rumex thyrsiflorus,ForestWetRich
120850,Rumex thyrsiflorus,ForestWetRich
120851,Rumex thyrsiflorus,ForestWetRich
120852,Rumex thyrsiflorus,ForestWetRich
120853,Rumex thyrsiflorus,ForestWetRich
120854,Rumex thyrsiflorus,ForestWetRich
120855,Rumex thyrsiflorus,ForestWetRich
120856,Rumex thyrsiflorus,ForestWetRich
120857,Rumex thyrsiflorus,ForestWetRich
120858,Rumex thyrsiflorus,ForestWetRich
120859,Rumex thyrsiflorus,ForestWetRich
120860,Rumex thyrsiflorus,ForestWetRich
120861,Rumex thyrsiflorus,ForestWetRich
120862,Rumex thyrsiflorus,ForestWetRich
120863,Rumex thyrsiflorus,ForestWetRich
120864,Rumex thyrsiflorus,ForestWetRich
120865,Rumex thyrsiflorus,ForestWetRich
120866,Rumex thyrsiflorus,ForestWetRich
120867,Rumex thyrsiflorus,ForestWetRich
120868,Rumex thyrsiflorus,ForestWetRich
121435,Rumex thyrsiflorus,ForestWetRich
121436,Rumex thyrsiflorus,ForestWetRich
121437,Rumex thyrsiflorus,ForestWetRich
121438,Rumex thyrsiflorus,ForestWetRich
121439,Rumex thyrsiflorus,ForestWetRich
121440,Rumex thyrsiflorus,ForestWetRich
121441,Rumex thyrsiflorus,ForestWetRich
121442,Rumex thyrsiflorus,ForestWetRich
121443,Rumex thyrsiflorus,ForestWetRich
121444,Rumex thyrsiflorus,ForestWetRich
121445,Rumex thyrsiflorus,ForestWetRich
121446,Rumex thyrsiflorus,ForestWetRich
121447,Rumex thyrsiflorus,ForestWetRich
121448,Rumex thyrsiflorus,ForestWetRich
121449,Rumex thyrsiflorus,ForestWetRich
121450,Rumex thyrsiflorus,ForestWetRich
121451,Rumex thyrsiflorus,ForestWetRich
121452,Rumex thyrsiflorus,ForestWetRich
121453,Rumex thyrsiflorus,ForestWetRich
121454,Rumex thyrsiflorus,ForestWetRich
121455,Rumex thyrsiflorus,ForestWetRich
121456,Rumex thyrsiflorus,ForestWetRich
121457,Rumex thyrsiflorus,ForestWetRich
121458,Rumex thyrsiflorus,ForestWetRich
121459,Rumex thyrsiflorus,ForestWetRich
121460,Rumex thyrsiflorus,ForestWetRich
121461,Rumex thyrsiflorus,ForestWetRich
121462,Rumex thyrsiflorus,ForestWetRich
121463,Rumex thyrsiflorus,ForestWetRich
121464,Rumex thyrsiflorus,ForestWetRich
121465,Rumex thyrsiflorus,ForestWetRich
121466,Rumex thyrsiflorus,ForestWetRich
121467,Rumex thyrsiflorus,ForestWetRich
121468,Rumex thyrsiflorus,ForestWetRich
121469,Rumex thyrsiflorus,ForestWetRich
121470,Rumex thyrsiflorus,ForestWetRich
122034,Rumex thyrsiflorus,ForestWetRich
122035,Rumex thyrsiflorus,ForestWetRich
122036,Rumex thyrsiflorus,ForestWetRich
122037,Rumex thyrsiflorus,ForestWetRich
122038,Rumex thyrsiflorus,ForestWetRich
122039,Rumex thyrsiflorus,ForestWetRich
122040,Rumex thyrsiflorus,ForestWetRich
122041,Rumex thyrsiflorus,ForestWetRich
122042,Rumex thyrsiflorus,ForestWetRich
122043,Rumex thyrsiflorus,ForestWetRich
122044,Rumex thyrsiflorus,ForestWetRich
122045,Rumex thyrsiflorus,ForestWetRich
122046,Rumex thyrsiflorus,ForestWetRich
122047,Rumex thyrsiflorus,ForestWetRich
122048,Rumex thyrsiflorus,ForestWetRich
122049,Rumex thyrsiflorus,ForestWetRich
122050,Rumex thyrsiflorus,ForestWetRich
122051,Rumex thyrsiflorus,ForestWetRich
122052,Rumex thyrsiflorus,ForestWetRich
122053,Rumex thyrsiflorus,ForestWetRich
122054,Rumex thyrsiflorus,ForestWetRich
122055,Rumex thyrsiflorus,ForestWetRich
122056,Rumex thyrsiflorus,ForestWetRich
122057,Rumex thyrsiflorus,ForestWetRich
122058,Rumex thyrsiflorus,ForestWetRich
122059,Rumex thyrsiflorus,ForestWetRich
122060,Rumex thyrsiflorus,ForestWetRich
122061,Rumex thyrsiflorus,ForestWetRich
122062,Rumex thyrsiflorus,ForestWetRich
122063,Rumex thyrsiflorus,ForestWetRich
122064,Rumex thyrsiflorus,ForestWetRich
122065,Rumex thyrsiflorus,ForestWetRich
122066,Rumex thyrsiflorus,ForestWetRich
122067,Rumex thyrsiflorus,ForestWetRich
122068,Rumex thyrsiflorus,ForestWetRich
122069,Rumex thyrsiflorus,ForestWetRich
122070,Rumex thyrsiflorus,ForestWetRich
122071,Rumex thyrsiflorus,ForestWetRich
122633,Rumex thyrsiflorus,ForestWetRich
122634,Rumex thyrsiflorus,ForestWetRich
122635,Rumex thyrsiflorus,ForestWetRich
122636,Rumex thyrsiflorus,ForestWetRich
122637,Rumex thyrsiflorus,ForestWetRich
122638,Rumex thyrsiflorus,ForestWetRich
122639,Rumex thyrsiflorus,ForestWetRich
122640,Rumex thyrsiflorus,ForestWetRich
122641,Rumex thyrsiflorus,ForestWetRich
122642,Rumex thyrsiflorus,ForestWetRich
122643,Rumex thyrsiflorus,ForestWetRich
122644,Rumex thyrsiflorus,ForestWetRich
122645,Rumex thyrsiflorus,ForestWetRich
122646,Rumex thyrsiflorus,ForestWetRich
122647,Rumex thyrsiflorus,ForestWetRich
122648,Rumex thyrsiflorus,ForestWetRich
122649,Rumex thyrsiflorus,ForestWetRich
122650,Rumex thyrsiflorus,ForestWetRich
122651,Rumex thyrsiflorus,ForestWetRich
122652,Rumex thyrsiflorus,ForestWetRich
122653,Rumex thyrsiflorus,ForestWetRich
122654,Rumex thyrsiflorus,ForestWetRich
122655,Rumex thyrsiflorus,ForestWetRich
122656,Rumex thyrsiflorus,ForestWetRich
122657,Rumex thyrsiflorus,ForestWetRich
122658,Rumex thyrsiflorus,ForestWetRich
122659,Rumex thyrsiflorus,ForestWetRich
122660,Rumex thyrsiflorus,ForestWetRich
122661,Rumex thyrsiflorus,ForestWetRich
122662,Rumex thyrsiflorus,ForestWetRich
122663,Rumex thyrsiflorus,ForestWetRich
122664,Rumex thyrsiflorus,ForestWetRich
122665,Rumex thyrsiflorus,ForestWetRich
122666,Rumex thyrsiflorus,ForestWetRich
122667,Rumex thyrsiflorus,ForestWetRich
122668,Rumex thyrsiflorus,ForestWetRich
122669,Rumex thyrsiflorus,ForestWetRich
122670,Rumex thyrsiflorus,ForestWetRich
122671,Rumex thyrsiflorus,ForestWetRich
122672,Rumex thyrsiflorus,ForestWetRich
123232,Rumex thyrsiflorus,ForestWetRich
123233,Rumex thyrsiflorus,ForestWetRich
123234,Rumex thyrsiflorus,ForestWetRich
123235,Rumex thyrsiflorus,ForestWetRich
123236,Rumex thyrsiflorus,ForestWetRich
123237,Rumex thyrsiflorus,ForestWetRich
123238,Rumex thyrsiflorus,ForestWetRich
123239,Rumex thyrsiflorus,ForestWetRich
123240,Rumex thyrsiflorus,ForestWetRich
123241,Rumex thyrsiflorus,ForestWetRich
123242,Rumex thyrsiflorus,ForestWetRich
123243,Rumex thyrsiflorus,ForestWetRich
123244,Rumex thyrsiflorus,ForestWetRich
123245,Rumex thyrsiflorus,ForestWetRich
123246,Rumex thyrsiflorus,ForestWetRich
123247,Rumex thyrsiflorus,ForestWetRich
123248,Rumex thyrsiflorus,ForestWetRich
123249,Rumex thyrsiflorus,ForestWetRich
123250,Rumex thyrsiflorus,ForestWetRich
123251,Rumex thyrsiflorus,ForestWetRich
123252,Rumex thyrsiflorus,ForestWetRich
123253,Rumex thyrsiflorus,ForestWetRich
123254,Rumex thyrsiflorus,ForestWetRich
123255,Rumex thyrsiflorus,ForestWetRich
123256,Rumex thyrsiflorus,ForestWetRich
123257,Rumex thyrsiflorus,ForestWetRich
123258,Rumex thyrsiflorus,ForestWetRich
123259,Rumex thyrsiflorus,ForestWetRich
123260,Rumex thyrsiflorus,ForestWetRich
123261,Rumex thyrsiflorus,ForestWetRich
123262,Rumex thyrsiflorus,ForestWetRich
123263,Rumex thyrsiflorus,ForestWetRich
123264,Rumex thyrsiflorus,ForestWetRich
123265,Rumex thyrsiflorus,ForestWetRich
123266,Rumex thyrsiflorus,ForestWetRich
123267,Rumex thyrsiflorus,ForestWetRich
123268,Rumex thyrsiflorus,ForestWetRich
123269,Rumex thyrsiflorus,ForestWetRich
123270,Rumex thyrsiflorus,ForestWetRich
123271,Rumex thyrsiflorus,ForestWetRich
123272,Rumex thyrsiflorus,ForestWetRich
123273,Rumex thyrsiflorus,ForestWetRich
123831,Rumex thyrsiflorus,ForestWetRich
123832,Rumex thyrsiflorus,ForestWetRich
123833,Rumex thyrsiflorus,ForestWetRich
123834,Rumex thyrsiflorus,ForestWetRich
123835,Rumex thyrsiflorus,ForestWetRich
123836,Rumex thyrsiflorus,ForestWetRich
123837,Rumex thyrsiflorus,ForestWetRich
123838,Rumex thyrsiflorus,ForestWetRich
123839,Rumex thyrsiflorus,ForestWetRich
123840,Rumex thyrsiflorus,ForestWetRich
123841,Rumex thyrsiflorus,ForestWetRich
123842,Rumex thyrsiflorus,ForestWetRich
123843,Rumex thyrsiflorus,ForestWetRich
123844,Rumex thyrsiflorus,ForestWetRich
123845,Rumex thyrsiflorus,ForestWetRich
123846,Rumex thyrsiflorus,ForestWetRich
123847,Rumex thyrsiflorus,ForestWetRich
123848,Rumex thyrsiflorus,ForestWetRich
123849,Rumex thyrsiflorus,ForestWetRich
123850,Rumex thyrsiflorus,ForestWetRich
123851,Rumex thyrsiflorus,ForestWetRich
123852,Rumex thyrsiflorus,ForestWetRich
123853,Rumex thyrsiflorus,ForestWetRich
123854,Rumex thyrsiflorus,ForestWetRich
123855,Rumex thyrsiflorus,ForestWetRich
123856,Rumex thyrsiflorus,ForestWetRich
123857,Rumex thyrsiflorus,ForestWetRich
123858,Rumex thyrsiflorus,ForestWetRich
123859,Rumex thyrsiflorus,ForestWetRich
123860,Rumex thyrsiflorus,ForestWetRich
123861,Rumex thyrsiflorus,ForestWetRich
123862,Rumex thyrsiflorus,ForestWetRich
123863,Rumex thyrsiflorus,ForestWetRich
123864,Rumex thyrsiflorus,ForestWetRich
123865,Rumex thyrsiflorus,ForestWetRich
123866,Rumex thyrsiflorus,ForestWetRich
123867,Rumex thyrsiflorus,ForestWetRich
123868,Rumex thyrsiflorus,ForestWetRich
123869,Rumex thyrsiflorus,ForestWetRich
123870,Rumex thyrsiflorus,ForestWetRich
123871,Rumex thyrsiflorus,ForestWetRich
123872,Rumex thyrsiflorus,ForestWetRich
123873,Rumex thyrsiflorus,ForestWetRich
123874,Rumex thyrsiflorus,ForestWetRich
124430,Rumex thyrsiflorus,ForestWetRich
124431,Rumex thyrsiflorus,ForestWetRich
124432,Rumex thyrsiflorus,ForestWetRich
124433,Rumex thyrsiflorus,ForestWetRich
124434,Rumex thyrsiflorus,ForestWetRich
124435,Rumex thyrsiflorus,ForestWetRich
124436,Rumex thyrsiflorus,ForestWetRich
124437,Rumex thyrsiflorus,ForestWetRich
124438,Rumex thyrsiflorus,ForestWetRich
124439,Rumex thyrsiflorus,ForestWetRich
124440,Rumex thyrsiflorus,ForestWetRich
124441,Rumex thyrsiflorus,ForestWetRich
124442,Rumex thyrsiflorus,ForestWetRich
124443,Rumex thyrsiflorus,ForestWetRich
124444,Rumex thyrsiflorus,ForestWetRich
124445,Rumex thyrsiflorus,ForestWetRich
124446,Rumex thyrsiflorus,ForestWetRich
124447,Rumex thyrsiflorus,ForestWetRich
124448,Rumex thyrsiflorus,ForestWetRich
124449,Rumex thyrsiflorus,ForestWetRich
124450,Rumex thyrsiflorus,ForestWetRich
124451,Rumex thyrsiflorus,ForestWetRich
124452,Rumex thyrsiflorus,ForestWetRich
124453,Rumex thyrsiflorus,ForestWetRich
124454,Rumex thyrsiflorus,ForestWetRich
124455,Rumex thyrsiflorus,ForestWetRich
124456,Rumex thyrsiflorus,ForestWetRich
124457,Rumex thyrsiflorus,ForestWetRich
124458,Rumex thyrsiflorus,ForestWetRich
124459,Rumex thyrsiflorus,ForestWetRich
124460,Rumex thyrsiflorus,ForestWetRich
124461,Rumex thyrsiflorus,ForestWetRich
124462,Rumex thyrsiflorus,ForestWetRich
124463,Rumex thyrsiflorus,ForestWetRich
124464,Rumex thyrsiflorus,ForestWetRich
124465,Rumex thyrsiflorus,ForestWetRich
124466,Rumex thyrsiflorus,ForestWetRich
124467,Rumex thyrsiflorus,ForestWetRich
124468,Rumex thyrsiflorus,ForestWetRich
124469,Rumex thyrsiflorus,ForestWetRich
124470,Rumex thyrsiflorus,ForestWetRich
124471,Rumex thyrsiflorus,ForestWetRich
124472,Rumex thyrsiflorus,ForestWetRich
124473,Rumex thyrsiflorus,ForestWetRich
124474,Rumex thyrsiflorus,ForestWetRich
125029,Rumex thyrsiflorus,ForestWetRich
125030,Rumex thyrsiflorus,ForestWetRich
125031,Rumex thyrsiflorus,ForestWetRich
125032,Rumex thyrsiflorus,ForestWetRich
125033,Rumex thyrsiflorus,ForestWetRich
125034,Rumex thyrsiflorus,ForestWetRich
125035,Rumex thyrsiflorus,ForestWetRich
125036,Rumex thyrsiflorus,ForestWetRich
125037,Rumex thyrsiflorus,ForestWetRich
125038,Rumex thyrsiflorus,ForestWetRich
125039,Rumex thyrsiflorus,ForestWetRich
125040,Rumex thyrsiflorus,ForestWetRich
125041,Rumex thyrsiflorus,ForestWetRich
125042,Rumex thyrsiflorus,ForestWetRich
125043,Rumex thyrsiflorus,ForestWetRich
125044,Rumex thyrsiflorus,ForestWetRich
125045,Rumex thyrsiflorus,ForestWetRich
125046,Rumex thyrsiflorus,ForestWetRich
125047,Rumex thyrsiflorus,ForestWetRich
125048,Rumex thyrsiflorus,ForestWetRich
125049,Rumex thyrsiflorus,ForestWetRich
125050,Rumex thyrsiflorus,ForestWetRich
125051,Rumex thyrsiflorus,ForestWetRich
125052,Rumex thyrsiflorus,ForestWetRich
125053,Rumex thyrsiflorus,ForestWetRich
125054,Rumex thyrsiflorus,ForestWetRich
125055,Rumex thyrsiflorus,ForestWetRich
125056,Rumex thyrsiflorus,ForestWetRich
125057,Rumex thyrsiflorus,ForestWetRich
125058,Rumex thyrsiflorus,ForestWetRich
125059,Rumex thyrsiflorus,ForestWetRich
125060,Rumex thyrsiflorus,ForestWetRich
125061,Rumex thyrsiflorus,ForestWetRich
125062,Rumex thyrsiflorus,ForestWetRich
125063,Rumex thyrsiflorus,ForestWetRich
125064,Rumex thyrsiflorus,ForestWetRich
125065,Rumex thyrsiflorus,ForestWetRich
125066,Rumex thyrsiflorus,ForestWetRich
125067,Rumex thyrsiflorus,ForestWetRich
125068,Rumex thyrsiflorus,ForestWetRich
125069,Rumex thyrsiflorus,ForestWetRich
125070,Rumex thyrsiflorus,ForestWetRich
125071,Rumex thyrsiflorus,ForestWetRich
125072,Rumex thyrsiflorus,ForestWetRich
125073,Rumex thyrsiflorus,ForestWetRich
125074,Rumex thyrsiflorus,ForestWetRich
125075,Rumex thyrsiflorus,ForestWetRich
125628,Rumex thyrsiflorus,ForestWetRich
125629,Rumex thyrsiflorus,ForestWetRich
125630,Rumex thyrsiflorus,ForestWetRich
125631,Rumex thyrsiflorus,ForestWetRich
125632,Rumex thyrsiflorus,ForestWetRich
125633,Rumex thyrsiflorus,ForestWetRich
125634,Rumex thyrsiflorus,ForestWetRich
125635,Rumex thyrsiflorus,ForestWetRich
125636,Rumex thyrsiflorus,ForestWetRich
125637,Rumex thyrsiflorus,ForestWetRich
125638,Rumex thyrsiflorus,ForestWetRich
125639,Rumex thyrsiflorus,ForestWetRich
125640,Rumex thyrsiflorus,ForestWetRich
125641,Rumex thyrsiflorus,ForestWetRich
125642,Rumex thyrsiflorus,ForestWetRich
125643,Rumex thyrsiflorus,ForestWetRich
125644,Rumex thyrsiflorus,ForestWetRich
125645,Rumex thyrsiflorus,ForestWetRich
125646,Rumex thyrsiflorus,ForestWetRich
125647,Rumex thyrsiflorus,ForestWetRich
125648,Rumex thyrsiflorus,ForestWetRich
125649,Rumex thyrsiflorus,ForestWetRich
125650,Rumex thyrsiflorus,ForestWetRich
125651,Rumex thyrsiflorus,ForestWetRich
125652,Rumex thyrsiflorus,ForestWetRich
125653,Rumex thyrsiflorus,ForestWetRich
125654,Rumex thyrsiflorus,ForestWetRich
125655,Rumex thyrsiflorus,ForestWetRich
125656,Rumex thyrsiflorus,ForestWetRich
125657,Rumex thyrsiflorus,ForestWetRich
125658,Rumex thyrsiflorus,ForestWetRich
125659,Rumex thyrsiflorus,ForestWetRich
125660,Rumex thyrsiflorus,ForestWetRich
125661,Rumex thyrsiflorus,ForestWetRich
125662,Rumex thyrsiflorus,ForestWetRich
125663,Rumex thyrsiflorus,ForestWetRich
125664,Rumex thyrsiflorus,ForestWetRich
125665,Rumex thyrsiflorus,ForestWetRich
125666,Rumex thyrsiflorus,ForestWetRich
125667,Rumex thyrsiflorus,ForestWetRich
125668,Rumex thyrsiflorus,ForestWetRich
125669,Rumex thyrsiflorus,ForestWetRich
125670,Rumex thyrsiflorus,ForestWetRich
125671,Rumex thyrsiflorus,ForestWetRich
125672,Rumex thyrsiflorus,ForestWetRich
125673,Rumex thyrsiflorus,ForestWetRich
125674,Rumex thyrsiflorus,ForestWetRich
125675,Rumex thyrsiflorus,ForestWetRich
126227,Rumex thyrsiflorus,ForestWetRich
126228,Rumex thyrsiflorus,ForestWetRich
126229,Rumex thyrsiflorus,ForestWetRich
126230,Rumex thyrsiflorus,ForestWetRich
126231,Rumex thyrsiflorus,ForestWetRich
126232,Rumex thyrsiflorus,ForestWetRich
126233,Rumex thyrsiflorus,ForestWetRich
126234,Rumex thyrsiflorus,ForestWetRich
126235,Rumex thyrsiflorus,ForestWetRich
126236,Rumex thyrsiflorus,ForestWetRich
126237,Rumex thyrsiflorus,ForestWetRich
126238,Rumex thyrsiflorus,ForestWetRich
126239,Rumex thyrsiflorus,ForestWetRich
126240,Rumex thyrsiflorus,ForestWetRich
126241,Rumex thyrsiflorus,ForestWetRich
126242,Rumex thyrsiflorus,ForestWetRich
126243,Rumex thyrsiflorus,ForestWetRich
126244,Rumex thyrsiflorus,ForestWetRich
126245,Rumex thyrsiflorus,ForestWetRich
126246,Rumex thyrsiflorus,ForestWetRich
126247,Rumex thyrsiflorus,ForestWetRich
126248,Rumex thyrsiflorus,ForestWetRich
126249,Rumex thyrsiflorus,ForestWetRich
126250,Rumex thyrsiflorus,ForestWetRich
126251,Rumex thyrsiflorus,ForestWetRich
126252,Rumex thyrsiflorus,ForestWetRich
126253,Rumex thyrsiflorus,ForestWetRich
126254,Rumex thyrsiflorus,ForestWetRich
126255,Rumex thyrsiflorus,ForestWetRich
126256,Rumex thyrsiflorus,ForestWetRich
126257,Rumex thyrsiflorus,ForestWetRich
126258,Rumex thyrsiflorus,ForestWetRich
126259,Rumex thyrsiflorus,ForestWetRich
126260,Rumex thyrsiflorus,ForestWetRich
126261,Rumex thyrsiflorus,ForestWetRich
126262,Rumex thyrsiflorus,ForestWetRich
126263,Rumex thyrsiflorus,ForestWetRich
126264,Rumex thyrsiflorus,ForestWetRich
126265,Rumex thyrsiflorus,ForestWetRich
126266,Rumex thyrsiflorus,ForestWetRich
126267,Rumex thyrsiflorus,ForestWetRich
126268,Rumex thyrsiflorus,ForestWetRich
126269,Rumex thyrsiflorus,ForestWetRich
126270,Rumex thyrsiflorus,ForestWetRich
126271,Rumex thyrsiflorus,ForestWetRich
126272,Rumex thyrsiflorus,ForestWetRich
126273,Rumex thyrsiflorus,ForestWetRich
126274,Rumex thyrsiflorus,ForestWetRich
126275,Rumex thyrsiflorus,ForestWetRich
126826,Rumex thyrsiflorus,ForestWetRich
126827,Rumex thyrsiflorus,ForestWetRich
126828,Rumex thyrsiflorus,ForestWetRich
126829,Rumex thyrsiflorus,ForestWetRich
126830,Rumex thyrsiflorus,ForestWetRich
126831,Rumex thyrsiflorus,ForestWetRich
126832,Rumex thyrsiflorus,ForestWetRich
126833,Rumex thyrsiflorus,ForestWetRich
126834,Rumex thyrsiflorus,ForestWetRich
126835,Rumex thyrsiflorus,ForestWetRich
126836,Rumex thyrsiflorus,ForestWetRich
126837,Rumex thyrsiflorus,ForestWetRich
126838,Rumex thyrsiflorus,ForestWetRich
126839,Rumex thyrsiflorus,ForestWetRich
126840,Rumex thyrsiflorus,ForestWetRich
126841,Rumex thyrsiflorus,ForestWetRich
126842,Rumex thyrsiflorus,ForestWetRich
126843,Rumex thyrsiflorus,ForestWetRich
126844,Rumex thyrsiflorus,ForestWetRich
126845,Rumex thyrsiflorus,ForestWetRich
126846,Rumex thyrsiflorus,ForestWetRich
126847,Rumex thyrsiflorus,ForestWetRich
126848,Rumex thyrsiflorus,ForestWetRich
126849,Rumex thyrsiflorus,ForestWetRich
126850,Rumex thyrsiflorus,ForestWetRich
126851,Rumex thyrsiflorus,ForestWetRich
126852,Rumex thyrsiflorus,ForestWetRich
126853,Rumex thyrsiflorus,ForestWetRich
126854,Rumex thyrsiflorus,ForestWetRich
126855,Rumex thyrsiflorus,ForestWetRich
126856,Rumex thyrsiflorus,ForestWetRich
126857,Rumex thyrsiflorus,ForestWetRich
126858,Rumex thyrsiflorus,ForestWetRich
126859,Rumex thyrsiflorus,ForestWetRich
126860,Rumex thyrsiflorus,ForestWetRich
126861,Rumex thyrsiflorus,ForestWetRich
126862,Rumex thyrsiflorus,ForestWetRich
126863,Rumex thyrsiflorus,ForestWetRich
126864,Rumex thyrsiflorus,ForestWetRich
126865,Rumex thyrsiflorus,ForestWetRich
126866,Rumex thyrsiflorus,ForestWetRich
126867,Rumex thyrsiflorus,ForestWetRich
126868,Rumex thyrsiflorus,ForestWetRich
126869,Rumex thyrsiflorus,ForestWetRich
126870,Rumex thyrsiflorus,ForestWetRich
126871,Rumex thyrsiflorus,ForestWetRich
126872,Rumex thyrsiflorus,ForestWetRich
126873,Rumex thyrsiflorus,ForestWetRich
126874,Rumex thyrsiflorus,ForestWetRich
126875,Rumex thyrsiflorus,ForestWetRich
127425,Rumex thyrsiflorus,ForestWetRich
127426,Rumex thyrsiflorus,ForestWetRich
127427,Rumex thyrsiflorus,ForestWetRich
127428,Rumex thyrsiflorus,ForestWetRich
127429,Rumex thyrsiflorus,ForestWetRich
127430,Rumex thyrsiflorus,ForestWetRich
127431,Rumex thyrsiflorus,ForestWetRich
127432,Rumex thyrsiflorus,ForestWetRich
127433,Rumex thyrsiflorus,ForestWetRich
127434,Rumex thyrsiflorus,ForestWetRich
127435,Rumex thyrsiflorus,ForestWetRich
127436,Rumex thyrsiflorus,ForestWetRich
127437,Rumex thyrsiflorus,ForestWetRich
127438,Rumex thyrsiflorus,ForestWetRich
127439,Rumex thyrsiflorus,ForestWetRich
127440,Rumex thyrsiflorus,ForestWetRich
127441,Rumex thyrsiflorus,ForestWetRich
127442,Rumex thyrsiflorus,ForestWetRich
127443,Rumex thyrsiflorus,ForestWetRich
127444,Rumex thyrsiflorus,ForestWetRich
127445,Rumex thyrsiflorus,ForestWetRich
127446,Rumex thyrsiflorus,ForestWetRich
127447,Rumex thyrsiflorus,ForestWetRich
127448,Rumex thyrsiflorus,ForestWetRich
127449,Rumex thyrsiflorus,ForestWetRich
127450,Rumex thyrsiflorus,ForestWetRich
127451,Rumex thyrsiflorus,ForestWetRich
127452,Rumex thyrsiflorus,ForestWetRich
127453,Rumex thyrsiflorus,ForestWetRich
127454,Rumex thyrsiflorus,ForestWetRich
127455,Rumex thyrsiflorus,ForestWetRich
127456,Rumex thyrsiflorus,ForestWetRich
127457,Rumex thyrsiflorus,ForestWetRich
127458,Rumex thyrsiflorus,ForestWetRich
127459,Rumex thyrsiflorus,ForestWetRich
127460,Rumex thyrsiflorus,ForestWetRich
127461,Rumex thyrsiflorus,ForestWetRich
127462,Rumex thyrsiflorus,ForestWetRich
127463,Rumex thyrsiflorus,ForestWetRich
127464,Rumex thyrsiflorus,ForestWetRich
127465,Rumex thyrsiflorus,ForestWetRich
127466,Rumex thyrsiflorus,ForestWetRich
127467,Rumex thyrsiflorus,ForestWetRich
127468,Rumex thyrsiflorus,ForestWetRich
127469,Rumex thyrsiflorus,ForestWetRich
127470,Rumex thyrsiflorus,ForestWetRich
127471,Rumex thyrsiflorus,ForestWetRich
127472,Rumex thyrsiflorus,ForestWetRich
127473,Rumex thyrsiflorus,ForestWetRich
127474,Rumex thyrsiflorus,ForestWetRich
127475,Rumex thyrsiflorus,ForestWetRich
128024,Rumex thyrsiflorus,ForestWetRich
128025,Rumex thyrsiflorus,ForestWetRich
128026,Rumex thyrsiflorus,ForestWetRich
128027,Rumex thyrsiflorus,ForestWetRich
128028,Rumex thyrsiflorus,ForestWetRich
128029,Rumex thyrsiflorus,ForestWetRich
128030,Rumex thyrsiflorus,ForestWetRich
128031,Rumex thyrsiflorus,ForestWetRich
128032,Rumex thyrsiflorus,ForestWetRich
128033,Rumex thyrsiflorus,ForestWetRich
128034,Rumex thyrsiflorus,ForestWetRich
128035,Rumex thyrsiflorus,ForestWetRich
128036,Rumex thyrsiflorus,ForestWetRich
128037,Rumex thyrsiflorus,ForestWetRich
128038,Rumex thyrsiflorus,ForestWetRich
128039,Rumex thyrsiflorus,ForestWetRich
128040,Rumex thyrsiflorus,ForestWetRich
128041,Rumex thyrsiflorus,ForestWetRich
128042,Rumex thyrsiflorus,ForestWetRich
128043,Rumex thyrsiflorus,ForestWetRich
128044,Rumex thyrsiflorus,ForestWetRich
128045,Rumex thyrsiflorus,ForestWetRich
128046,Rumex thyrsiflorus,ForestWetRich
128047,Rumex thyrsiflorus,ForestWetRich
128048,Rumex thyrsiflorus,ForestWetRich
128049,Rumex thyrsiflorus,ForestWetRich
128050,Rumex thyrsiflorus,ForestWetRich
128051,Rumex thyrsiflorus,ForestWetRich
128052,Rumex thyrsiflorus,ForestWetRich
128053,Rumex thyrsiflorus,ForestWetRich
128054,Rumex thyrsiflorus,ForestWetRich
128055,Rumex thyrsiflorus,ForestWetRich
128056,Rumex thyrsiflorus,ForestWetRich
128057,Rumex thyrsiflorus,ForestWetRich
128058,Rumex thyrsiflorus,ForestWetRich
128059,Rumex thyrsiflorus,ForestWetRich
128060,Rumex thyrsiflorus,ForestWetRich
128061,Rumex thyrsiflorus,ForestWetRich
128062,Rumex thyrsiflorus,ForestWetRich
128063,Rumex thyrsiflorus,ForestWetRich
128064,Rumex thyrsiflorus,ForestWetRich
128065,Rumex thyrsiflorus,ForestWetRich
128066,Rumex thyrsiflorus,ForestWetRich
128067,Rumex thyrsiflorus,ForestWetRich
128068,Rumex thyrsiflorus,ForestWetRich
128069,Rumex thyrsiflorus,ForestWetRich
128070,Rumex thyrsiflorus,ForestWetRich
128071,Rumex thyrsiflorus,ForestWetRich
128072,Rumex thyrsiflorus,ForestWetRich
128073,Rumex thyrsiflorus,ForestWetRich
128074,Rumex thyrsiflorus,ForestWetRich
128075,Rumex thyrsiflorus,ForestWetRich
128623,Rumex thyrsiflorus,ForestWetRich
128624,Rumex thyrsiflorus,ForestWetRich
128625,Rumex thyrsiflorus,ForestWetRich
128626,Rumex thyrsiflorus,ForestWetRich
128627,Rumex thyrsiflorus,ForestWetRich
128628,Rumex thyrsiflorus,ForestWetRich
128629,Rumex thyrsiflorus,ForestWetRich
128630,Rumex thyrsiflorus,ForestWetRich
128631,Rumex thyrsiflorus,ForestWetRich
128632,Rumex thyrsiflorus,ForestWetRich
128633,Rumex thyrsiflorus,ForestWetRich
128634,Rumex thyrsiflorus,ForestWetRich
128635,Rumex thyrsiflorus,ForestWetRich
128636,Rumex thyrsiflorus,ForestWetRich
128637,Rumex thyrsiflorus,ForestWetRich
128638,Rumex thyrsiflorus,ForestWetRich
128639,Rumex thyrsiflorus,ForestWetRich
128640,Rumex thyrsiflorus,ForestWetRich
128641,Rumex thyrsiflorus,ForestWetRich
128642,Rumex thyrsiflorus,ForestWetRich
128643,Rumex thyrsiflorus,ForestWetRich
128644,Rumex thyrsiflorus,ForestWetRich
128645,Rumex thyrsiflorus,ForestWetRich
128646,Rumex thyrsiflorus,ForestWetRich
128647,Rumex thyrsiflorus,ForestWetRich
128648,Rumex thyrsiflorus,ForestWetRich
128649,Rumex thyrsiflorus,ForestWetRich
128650,Rumex thyrsiflorus,ForestWetRich
128651,Rumex thyrsiflorus,ForestWetRich
128652,Rumex thyrsiflorus,ForestWetRich
128653,Rumex thyrsiflorus,ForestWetRich
128654,Rumex thyrsiflorus,ForestWetRich
128655,Rumex thyrsiflorus,ForestWetRich
128656,Rumex thyrsiflorus,ForestWetRich
128657,Rumex thyrsiflorus,ForestWetRich
128658,Rumex thyrsiflorus,ForestWetRich
128659,Rumex thyrsiflorus,ForestWetRich
128660,Rumex thyrsiflorus,ForestWetRich
128661,Rumex thyrsiflorus,ForestWetRich
128662,Rumex thyrsiflorus,ForestWetRich
128663,Rumex thyrsiflorus,ForestWetRich
128664,Rumex thyrsiflorus,ForestWetRich
128665,Rumex thyrsiflorus,ForestWetRich
128666,Rumex thyrsiflorus,ForestWetRich
128667,Rumex thyrsiflorus,ForestWetRich
128668,Rumex thyrsiflorus,ForestWetRich
128669,Rumex thyrsiflorus,ForestWetRich
128670,Rumex thyrsiflorus,ForestWetRich
128671,Rumex thyrsiflorus,ForestWetRich
128672,Rumex thyrsiflorus,ForestWetRich
128673,Rumex thyrsiflorus,ForestWetRich
128674,Rumex thyrsiflorus,ForestWetRich
128675,Rumex thyrsiflorus,ForestWetRich
129222,Rumex thyrsiflorus,ForestWetRich
129223,Rumex thyrsiflorus,ForestWetRich
129224,Rumex thyrsiflorus,ForestWetRich
129225,Rumex thyrsiflorus,ForestWetRich
129226,Rumex thyrsiflorus,ForestWetRich
129227,Rumex thyrsiflorus,ForestWetRich
129228,Rumex thyrsiflorus,ForestWetRich
129229,Rumex thyrsiflorus,ForestWetRich
129230,Rumex thyrsiflorus,ForestWetRich
129231,Rumex thyrsiflorus,ForestWetRich
129232,Rumex thyrsiflorus,ForestWetRich
129233,Rumex thyrsiflorus,ForestWetRich
129234,Rumex thyrsiflorus,ForestWetRich
129235,Rumex thyrsiflorus,ForestWetRich
129236,Rumex thyrsiflorus,ForestWetRich
129237,Rumex thyrsiflorus,ForestWetRich
129238,Rumex thyrsiflorus,ForestWetRich
129239,Rumex thyrsiflorus,ForestWetRich
129240,Rumex thyrsiflorus,ForestWetRich
129241,Rumex thyrsiflorus,ForestWetRich
129242,Rumex thyrsiflorus,ForestWetRich
129243,Rumex thyrsiflorus,ForestWetRich
129244,Rumex thyrsiflorus,ForestWetRich
129245,Rumex thyrsiflorus,ForestWetRich
129246,Rumex thyrsiflorus,ForestWetRich
129247,Rumex thyrsiflorus,ForestWetRich
129248,Rumex thyrsiflorus,ForestWetRich
129249,Rumex thyrsiflorus,ForestWetRich
129250,Rumex thyrsiflorus,ForestWetRich
129251,Rumex thyrsiflorus,ForestWetRich
129252,Rumex thyrsiflorus,ForestWetRich
129253,Rumex thyrsiflorus,ForestWetRich
129254,Rumex thyrsiflorus,ForestWetRich
129255,Rumex thyrsiflorus,ForestWetRich
129256,Rumex thyrsiflorus,ForestWetRich
129257,Rumex thyrsiflorus,ForestWetRich
129258,Rumex thyrsiflorus,ForestWetRich
129259,Rumex thyrsiflorus,ForestWetRich
129260,Rumex thyrsiflorus,ForestWetRich
129261,Rumex thyrsiflorus,ForestWetRich
129262,Rumex thyrsiflorus,ForestWetRich
129263,Rumex thyrsiflorus,ForestWetRich
129264,Rumex thyrsiflorus,ForestWetRich
129265,Rumex thyrsiflorus,ForestWetRich
129266,Rumex thyrsiflorus,ForestWetRich
129267,Rumex thyrsiflorus,ForestWetRich
129268,Rumex thyrsiflorus,ForestWetRich
129269,Rumex thyrsiflorus,ForestWetRich
129270,Rumex thyrsiflorus,ForestWetRich
129271,Rumex thyrsiflorus,ForestWetRich
129272,Rumex thyrsiflorus,ForestWetRich
129273,Rumex thyrsiflorus,ForestWetRich
129274,Rumex thyrsiflorus,ForestWetRich
129275,Rumex thyrsiflorus,ForestWetRich
129821,Rumex thyrsiflorus,ForestWetRich
129822,Rumex thyrsiflorus,ForestWetRich
129823,Rumex thyrsiflorus,ForestWetRich
129824,Rumex thyrsiflorus,ForestWetRich
129825,Rumex thyrsiflorus,ForestWetRich
129826,Rumex thyrsiflorus,ForestWetRich
129827,Rumex thyrsiflorus,ForestWetRich
129828,Rumex thyrsiflorus,ForestWetRich
129829,Rumex thyrsiflorus,ForestWetRich
129830,Rumex thyrsiflorus,ForestWetRich
129831,Rumex thyrsiflorus,ForestWetRich
129832,Rumex thyrsiflorus,ForestWetRich
129833,Rumex thyrsiflorus,ForestWetRich
129834,Rumex thyrsiflorus,ForestWetRich
129835,Rumex thyrsiflorus,ForestWetRich
129836,Rumex thyrsiflorus,ForestWetRich
129837,Rumex thyrsiflorus,ForestWetRich
129838,Rumex thyrsiflorus,ForestWetRich
129839,Rumex thyrsiflorus,ForestWetRich
129840,Rumex thyrsiflorus,ForestWetRich
129841,Rumex thyrsiflorus,ForestWetRich
129842,Rumex thyrsiflorus,ForestWetRich
129843,Rumex thyrsiflorus,ForestWetRich
129844,Rumex thyrsiflorus,ForestWetRich
129845,Rumex thyrsiflorus,ForestWetRich
129846,Rumex thyrsiflorus,ForestWetRich
129847,Rumex thyrsiflorus,ForestWetRich
129848,Rumex thyrsiflorus,ForestWetRich
129849,Rumex thyrsiflorus,ForestWetRich
129850,Rumex thyrsiflorus,ForestWetRich
129851,Rumex thyrsiflorus,ForestWetRich
129852,Rumex thyrsiflorus,ForestWetRich
129853,Rumex thyrsiflorus,ForestWetRich
129854,Rumex thyrsiflorus,ForestWetRich
129855,Rumex thyrsiflorus,ForestWetRich
129856,Rumex thyrsiflorus,ForestWetRich
129857,Rumex thyrsiflorus,ForestWetRich
129858,Rumex thyrsiflorus,ForestWetRich
129859,Rumex thyrsiflorus,ForestWetRich
129860,Rumex thyrsiflorus,ForestWetRich
129861,Rumex thyrsiflorus,ForestWetRich
129862,Rumex thyrsiflorus,ForestWetRich
129863,Rumex thyrsiflorus,ForestWetRich
129864,Rumex thyrsiflorus,ForestWetRich
129865,Rumex thyrsiflorus,ForestWetRich
129866,Rumex thyrsiflorus,ForestWetRich
129867,Rumex thyrsiflorus,ForestWetRich
129868,Rumex thyrsiflorus,ForestWetRich
129869,Rumex thyrsiflorus,ForestWetRich
129870,Rumex thyrsiflorus,ForestWetRich
129871,Rumex thyrsiflorus,ForestWetRich
129872,Rumex thyrsiflorus,ForestWetRich
129873,Rumex thyrsiflorus,ForestWetRich
129874,Rumex thyrsiflorus,ForestWetRich
129875,Rumex thyrsiflorus,ForestWetRich
130420,Rumex thyrsiflorus,ForestWetRich
130421,Rumex thyrsiflorus,ForestWetRich
130422,Rumex thyrsiflorus,ForestWetRich
130423,Rumex thyrsiflorus,ForestWetRich
130424,Rumex thyrsiflorus,ForestWetRich
130425,Rumex thyrsiflorus,ForestWetRich
130426,Rumex thyrsiflorus,ForestWetRich
130427,Rumex thyrsiflorus,ForestWetRich
130428,Rumex thyrsiflorus,ForestWetRich
130429,Rumex thyrsiflorus,ForestWetRich
130430,Rumex thyrsiflorus,ForestWetRich
130431,Rumex thyrsiflorus,ForestWetRich
130432,Rumex thyrsiflorus,ForestWetRich
130433,Rumex thyrsiflorus,ForestWetRich
130434,Rumex thyrsiflorus,ForestWetRich
130435,Rumex thyrsiflorus,ForestWetRich
130436,Rumex thyrsiflorus,ForestWetRich
130437,Rumex thyrsiflorus,ForestWetRich
130438,Rumex thyrsiflorus,ForestWetRich
130439,Rumex thyrsiflorus,ForestWetRich
130440,Rumex thyrsiflorus,ForestWetRich
130441,Rumex thyrsiflorus,ForestWetRich
130442,Rumex thyrsiflorus,ForestWetRich
130443,Rumex thyrsiflorus,ForestWetRich
130444,Rumex thyrsiflorus,ForestWetRich
130445,Rumex thyrsiflorus,ForestWetRich
130446,Rumex thyrsiflorus,ForestWetRich
130447,Rumex thyrsiflorus,ForestWetRich
130448,Rumex thyrsiflorus,ForestWetRich
130449,Rumex thyrsiflorus,ForestWetRich
130450,Rumex thyrsiflorus,ForestWetRich
130451,Rumex thyrsiflorus,ForestWetRich
130452,Rumex thyrsiflorus,ForestWetRich
130453,Rumex thyrsiflorus,ForestWetRich
130454,Rumex thyrsiflorus,ForestWetRich
130455,Rumex thyrsiflorus,ForestWetRich
130456,Rumex thyrsiflorus,ForestWetRich
130457,Rumex thyrsiflorus,ForestWetRich
130458,Rumex thyrsiflorus,ForestWetRich
130459,Rumex thyrsiflorus,ForestWetRich
130460,Rumex thyrsiflorus,ForestWetRich
130461,Rumex thyrsiflorus,ForestWetRich
130462,Rumex thyrsiflorus,ForestWetRich
130463,Rumex thyrsiflorus,ForestWetRich
130464,Rumex thyrsiflorus,ForestWetRich
130465,Rumex thyrsiflorus,ForestWetRich
130466,Rumex thyrsiflorus,ForestWetRich
130467,Rumex thyrsiflorus,ForestWetRich
130468,Rumex thyrsiflorus,ForestWetRich
130469,Rumex thyrsiflorus,ForestWetRich
130470,Rumex thyrsiflorus,ForestWetRich
130471,Rumex thyrsiflorus,ForestWetRich
130472,Rumex thyrsiflorus,ForestWetRich
130473,Rumex thyrsiflorus,ForestWetRich
130474,Rumex thyrsiflorus,ForestWetRich
130475,Rumex thyrsiflorus,ForestWetRich
131019,Rumex thyrsiflorus,ForestWetRich
131020,Rumex thyrsiflorus,ForestWetRich
131021,Rumex thyrsiflorus,ForestWetRich
131022,Rumex thyrsiflorus,ForestWetRich
131023,Rumex thyrsiflorus,ForestWetRich
131024,Rumex thyrsiflorus,ForestWetRich
131025,Rumex thyrsiflorus,ForestWetRich
131026,Rumex thyrsiflorus,ForestWetRich
131027,Rumex thyrsiflorus,ForestWetRich
131028,Rumex thyrsiflorus,ForestWetRich
131029,Rumex thyrsiflorus,ForestWetRich
131030,Rumex thyrsiflorus,ForestWetRich
131031,Rumex thyrsiflorus,ForestWetRich
131032,Rumex thyrsiflorus,ForestWetRich
131033,Rumex thyrsiflorus,ForestWetRich
131034,Rumex thyrsiflorus,ForestWetRich
131035,Rumex thyrsiflorus,ForestWetRich
131036,Rumex thyrsiflorus,ForestWetRich
131037,Rumex thyrsiflorus,ForestWetRich
131038,Rumex thyrsiflorus,ForestWetRich
131039,Rumex thyrsiflorus,ForestWetRich
131040,Rumex thyrsiflorus,ForestWetRich
131041,Rumex thyrsiflorus,ForestWetRich
131042,Rumex thyrsiflorus,ForestWetRich
131043,Rumex thyrsiflorus,ForestWetRich
131044,Rumex thyrsiflorus,ForestWetRich
131045,Rumex thyrsiflorus,ForestWetRich
131046,Rumex thyrsiflorus,ForestWetRich
131047,Rumex thyrsiflorus,ForestWetRich
131048,Rumex thyrsiflorus,ForestWetRich
131049,Rumex thyrsiflorus,ForestWetRich
131050,Rumex thyrsiflorus,ForestWetRich
131051,Rumex thyrsiflorus,ForestWetRich
131052,Rumex thyrsiflorus,ForestWetRich
131053,Rumex thyrsiflorus,ForestWetRich
131054,Rumex thyrsiflorus,ForestWetRich
131055,Rumex thyrsiflorus,ForestWetRich
131056,Rumex thyrsiflorus,ForestWetRich
131057,Rumex thyrsiflorus,ForestWetRich
131058,Rumex thyrsiflorus,ForestWetRich
131059,Rumex thyrsiflorus,ForestWetRich
131060,Rumex thyrsiflorus,ForestWetRich
131061,Rumex thyrsiflorus,ForestWetRich
131062,Rumex thyrsiflorus,ForestWetRich
131063,Rumex thyrsiflorus,ForestWetRich
131064,Rumex thyrsiflorus,ForestWetRich
131065,Rumex thyrsiflorus,ForestWetRich
131066,Rumex thyrsiflorus,ForestWetRich
131067,Rumex thyrsiflorus,ForestWetRich
131068,Rumex thyrsiflorus,ForestWetRich
131069,Rumex thyrsiflorus,ForestWetRich
131070,Rumex thyrsiflorus,ForestWetRich
131071,Rumex thyrsiflorus,ForestWetRich
131072,Rumex thyrsiflorus,ForestWetRich
131073,Rumex thyrsiflorus,ForestWetRich
131074,Rumex thyrsiflorus,ForestWetRich
131075,Rumex thyrsiflorus,ForestWetRich
131618,Rumex thyrsiflorus,ForestWetRich
131619,Rumex thyrsiflorus,ForestWetRich
131620,Rumex thyrsiflorus,ForestWetRich
131621,Rumex thyrsiflorus,ForestWetRich
131622,Rumex thyrsiflorus,ForestWetRich
131623,Rumex thyrsiflorus,ForestWetRich
131624,Rumex thyrsiflorus,ForestWetRich
131625,Rumex thyrsiflorus,ForestWetRich
131626,Rumex thyrsiflorus,ForestWetRich
131627,Rumex thyrsiflorus,ForestWetRich
131628,Rumex thyrsiflorus,ForestWetRich
131629,Rumex thyrsiflorus,ForestWetRich
131630,Rumex thyrsiflorus,ForestWetRich
131631,Rumex thyrsiflorus,ForestWetRich
131632,Rumex thyrsiflorus,ForestWetRich
131633,Rumex thyrsiflorus,ForestWetRich
131634,Rumex thyrsiflorus,ForestWetRich
131635,Rumex thyrsiflorus,ForestWetRich
131636,Rumex thyrsiflorus,ForestWetRich
131637,Rumex thyrsiflorus,ForestWetRich
131638,Rumex thyrsiflorus,ForestWetRich
131639,Rumex thyrsiflorus,ForestWetRich
131640,Rumex thyrsiflorus,ForestWetRich
131641,Rumex thyrsiflorus,ForestWetRich
131642,Rumex thyrsiflorus,ForestWetRich
131643,Rumex thyrsiflorus,ForestWetRich
131644,Rumex thyrsiflorus,ForestWetRich
131645,Rumex thyrsiflorus,ForestWetRich
131646,Rumex thyrsiflorus,ForestWetRich
131647,Rumex thyrsiflorus,ForestWetRich
131648,Rumex thyrsiflorus,ForestWetRich
131649,Rumex thyrsiflorus,ForestWetRich
131650,Rumex thyrsiflorus,ForestWetRich
131651,Rumex thyrsiflorus,ForestWetRich
131652,Rumex thyrsiflorus,ForestWetRich
131653,Rumex thyrsiflorus,ForestWetRich
131654,Rumex thyrsiflorus,ForestWetRich
131655,Rumex thyrsiflorus,ForestWetRich
131656,Rumex thyrsiflorus,ForestWetRich
131657,Rumex thyrsiflorus,ForestWetRich
131658,Rumex thyrsiflorus,ForestWetRich
131659,Rumex thyrsiflorus,ForestWetRich
131660,Rumex thyrsiflorus,ForestWetRich
131661,Rumex thyrsiflorus,ForestWetRich
131662,Rumex thyrsiflorus,ForestWetRich
131663,Rumex thyrsiflorus,ForestWetRich
131664,Rumex thyrsiflorus,ForestWetRich
131665,Rumex thyrsiflorus,ForestWetRich
131666,Rumex thyrsiflorus,ForestWetRich
131667,Rumex thyrsiflorus,ForestWetRich
131668,Rumex thyrsiflorus,ForestWetRich
131669,Rumex thyrsiflorus,ForestWetRich
131670,Rumex thyrsiflorus,ForestWetRich
131671,Rumex thyrsiflorus,ForestWetRich
131672,Rumex thyrsiflorus,ForestWetRich
131673,Rumex thyrsiflorus,ForestWetRich
131674,Rumex thyrsiflorus,ForestWetRich
132217,Rumex thyrsiflorus,ForestWetRich
132218,Rumex thyrsiflorus,ForestWetRich
132219,Rumex thyrsiflorus,ForestWetRich
132220,Rumex thyrsiflorus,ForestWetRich
132221,Rumex thyrsiflorus,ForestWetRich
132222,Rumex thyrsiflorus,ForestWetRich
132223,Rumex thyrsiflorus,ForestWetRich
132224,Rumex thyrsiflorus,ForestWetRich
132225,Rumex thyrsiflorus,ForestWetRich
132226,Rumex thyrsiflorus,ForestWetRich
132227,Rumex thyrsiflorus,ForestWetRich
132228,Rumex thyrsiflorus,ForestWetRich
132229,Rumex thyrsiflorus,ForestWetRich
132230,Rumex thyrsiflorus,ForestWetRich
132231,Rumex thyrsiflorus,ForestWetRich
132232,Rumex thyrsiflorus,ForestWetRich
132233,Rumex thyrsiflorus,ForestWetRich
132234,Rumex thyrsiflorus,ForestWetRich
132235,Rumex thyrsiflorus,ForestWetRich
132236,Rumex thyrsiflorus,ForestWetRich
132237,Rumex thyrsiflorus,ForestWetRich
132238,Rumex thyrsiflorus,ForestWetRich
132239,Rumex thyrsiflorus,ForestWetRich
132240,Rumex thyrsiflorus,ForestWetRich
132241,Rumex thyrsiflorus,ForestWetRich
132242,Rumex thyrsiflorus,ForestWetRich
132243,Rumex thyrsiflorus,ForestWetRich
132244,Rumex thyrsiflorus,ForestWetRich
132245,Rumex thyrsiflorus,ForestWetRich
132246,Rumex thyrsiflorus,ForestWetRich
132247,Rumex thyrsiflorus,ForestWetRich
132248,Rumex thyrsiflorus,ForestWetRich
132249,Rumex thyrsiflorus,ForestWetRich
132250,Rumex thyrsiflorus,ForestWetRich
132251,Rumex thyrsiflorus,ForestWetRich
132252,Rumex thyrsiflorus,ForestWetRich
132253,Rumex thyrsiflorus,ForestWetRich
132254,Rumex thyrsiflorus,ForestWetRich
132255,Rumex thyrsiflorus,ForestWetRich
132256,Rumex thyrsiflorus,ForestWetRich
132257,Rumex thyrsiflorus,ForestWetRich
132258,Rumex thyrsiflorus,ForestWetRich
132259,Rumex thyrsiflorus,ForestWetRich
132260,Rumex thyrsiflorus,ForestWetRich
132261,Rumex thyrsiflorus,ForestWetRich
132262,Rumex thyrsiflorus,ForestWetRich
132263,Rumex thyrsiflorus,ForestWetRich
132264,Rumex thyrsiflorus,ForestWetRich
132265,Rumex thyrsiflorus,ForestWetRich
132266,Rumex thyrsiflorus,ForestWetRich
132267,Rumex thyrsiflorus,ForestWetRich
132268,Rumex thyrsiflorus,ForestWetRich
132269,Rumex thyrsiflorus,ForestWetRich
132270,Rumex thyrsiflorus,ForestWetRich
132271,Rumex thyrsiflorus,ForestWetRich
132272,Rumex thyrsiflorus,ForestWetRich
132273,Rumex thyrsiflorus,ForestWetRich
132274,Rumex thyrsiflorus,ForestWetRich
132816,Rumex thyrsiflorus,ForestWetRich
132817,Rumex thyrsiflorus,ForestWetRich
132818,Rumex thyrsiflorus,ForestWetRich
132819,Rumex thyrsiflorus,ForestWetRich
132820,Rumex thyrsiflorus,ForestWetRich
132821,Rumex thyrsiflorus,ForestWetRich
132822,Rumex thyrsiflorus,ForestWetRich
132823,Rumex thyrsiflorus,ForestWetRich
132824,Rumex thyrsiflorus,ForestWetRich
132825,Rumex thyrsiflorus,ForestWetRich
132826,Rumex thyrsiflorus,ForestWetRich
132827,Rumex thyrsiflorus,ForestWetRich
132828,Rumex thyrsiflorus,ForestWetRich
132829,Rumex thyrsiflorus,ForestWetRich
132830,Rumex thyrsiflorus,ForestWetRich
132831,Rumex thyrsiflorus,ForestWetRich
132832,Rumex thyrsiflorus,ForestWetRich
132833,Rumex thyrsiflorus,ForestWetRich
132834,Rumex thyrsiflorus,ForestWetRich
132835,Rumex thyrsiflorus,ForestWetRich
132836,Rumex thyrsiflorus,ForestWetRich
132837,Rumex thyrsiflorus,ForestWetRich
132838,Rumex thyrsiflorus,ForestWetRich
132839,Rumex thyrsiflorus,ForestWetRich
132840,Rumex thyrsiflorus,ForestWetRich
132841,Rumex thyrsiflorus,ForestWetRich
132842,Rumex thyrsiflorus,ForestWetRich
132843,Rumex thyrsiflorus,ForestWetRich
132844,Rumex thyrsiflorus,ForestWetRich
132845,Rumex thyrsiflorus,ForestWetRich
132846,Rumex thyrsiflorus,ForestWetRich
132847,Rumex thyrsiflorus,ForestWetRich
132848,Rumex thyrsiflorus,ForestWetRich
132849,Rumex thyrsiflorus,ForestWetRich
132850,Rumex thyrsiflorus,ForestWetRich
132851,Rumex thyrsiflorus,ForestWetRich
132852,Rumex thyrsiflorus,ForestWetRich
132853,Rumex thyrsiflorus,ForestWetRich
132854,Rumex thyrsiflorus,ForestWetRich
132855,Rumex thyrsiflorus,ForestWetRich
132856,Rumex thyrsiflorus,ForestWetRich
132857,Rumex thyrsiflorus,ForestWetRich
132858,Rumex thyrsiflorus,ForestWetRich
132859,Rumex thyrsiflorus,ForestWetRich
132860,Rumex thyrsiflorus,ForestWetRich
132861,Rumex thyrsiflorus,ForestWetRich
132862,Rumex thyrsiflorus,ForestWetRich
132863,Rumex thyrsiflorus,ForestWetRich
132864,Rumex thyrsiflorus,ForestWetRich
132865,Rumex thyrsiflorus,ForestWetRich
132866,Rumex thyrsiflorus,ForestWetRich
132867,Rumex thyrsiflorus,ForestWetRich
132868,Rumex thyrsiflorus,ForestWetRich
132869,Rumex thyrsiflorus,ForestWetRich
132870,Rumex thyrsiflorus,ForestWetRich
132871,Rumex thyrsiflorus,ForestWetRich
132872,Rumex thyrsiflorus,ForestWetRich
132873,Rumex thyrsiflorus,ForestWetRich
132874,Rumex thyrsiflorus,ForestWetRich
133415,Rumex thyrsiflorus,ForestWetRich
133416,Rumex thyrsiflorus,ForestWetRich
133417,Rumex thyrsiflorus,ForestWetRich
133418,Rumex thyrsiflorus,ForestWetRich
133419,Rumex thyrsiflorus,ForestWetRich
133420,Rumex thyrsiflorus,ForestWetRich
133421,Rumex thyrsiflorus,ForestWetRich
133422,Rumex thyrsiflorus,ForestWetRich
133423,Rumex thyrsiflorus,ForestWetRich
133424,Rumex thyrsiflorus,ForestWetRich
133425,Rumex thyrsiflorus,ForestWetRich
133426,Rumex thyrsiflorus,ForestWetRich
133427,Rumex thyrsiflorus,ForestWetRich
133428,Rumex thyrsiflorus,ForestWetRich
133429,Rumex thyrsiflorus,ForestWetRich
133430,Rumex thyrsiflorus,ForestWetRich
133431,Rumex thyrsiflorus,ForestWetRich
133432,Rumex thyrsiflorus,ForestWetRich
133433,Rumex thyrsiflorus,ForestWetRich
133434,Rumex thyrsiflorus,ForestWetRich
133435,Rumex thyrsiflorus,ForestWetRich
133436,Rumex thyrsiflorus,ForestWetRich
133437,Rumex thyrsiflorus,ForestWetRich
133438,Rumex thyrsiflorus,ForestWetRich
133439,Rumex thyrsiflorus,ForestWetRich
133440,Rumex thyrsiflorus,ForestWetRich
133441,Rumex thyrsiflorus,ForestWetRich
133442,Rumex thyrsiflorus,ForestWetRich
133443,Rumex thyrsiflorus,ForestWetRich
133444,Rumex thyrsiflorus,ForestWetRich
133445,Rumex thyrsiflorus,ForestWetRich
133446,Rumex thyrsiflorus,ForestWetRich
133447,Rumex thyrsiflorus,ForestWetRich
133448,Rumex thyrsiflorus,ForestWetRich
133449,Rumex thyrsiflorus,ForestWetRich
133450,Rumex thyrsiflorus,ForestWetRich
133451,Rumex thyrsiflorus,ForestWetRich
133452,Rumex thyrsiflorus,ForestWetRich
133453,Rumex thyrsiflorus,ForestWetRich
133454,Rumex thyrsiflorus,ForestWetRich
133455,Rumex thyrsiflorus,ForestWetRich
133456,Rumex thyrsiflorus,ForestWetRich
133457,Rumex thyrsiflorus,ForestWetRich
133458,Rumex thyrsiflorus,ForestWetRich
133459,Rumex thyrsiflorus,ForestWetRich
133460,Rumex thyrsiflorus,ForestWetRich
133461,Rumex thyrsiflorus,ForestWetRich
133462,Rumex thyrsiflorus,ForestWetRich
133463,Rumex thyrsiflorus,ForestWetRich
133464,Rumex thyrsiflorus,ForestWetRich
133465,Rumex thyrsiflorus,ForestWetRich
133466,Rumex thyrsiflorus,ForestWetRich
133467,Rumex thyrsiflorus,ForestWetRich
133468,Rumex thyrsiflorus,ForestWetRich
133469,Rumex thyrsiflorus,ForestWetRich
133470,Rumex thyrsiflorus,ForestWetRich
133471,Rumex thyrsiflorus,ForestWetRich
133472,Rumex thyrsiflorus,ForestWetRich
133473,Rumex thyrsiflorus,ForestWetRich
134014,Rumex thyrsiflorus,ForestWetRich
134015,Rumex thyrsiflorus,ForestWetRich
134016,Rumex thyrsiflorus,ForestWetRich
134017,Rumex thyrsiflorus,ForestWetRich
134018,Rumex thyrsiflorus,ForestWetRich
134019,Rumex thyrsiflorus,ForestWetRich
134020,Rumex thyrsiflorus,ForestWetRich
134021,Rumex thyrsiflorus,ForestWetRich
134022,Rumex thyrsiflorus,ForestWetRich
134023,Rumex thyrsiflorus,ForestWetRich
134024,Rumex thyrsiflorus,ForestWetRich
134025,Rumex thyrsiflorus,ForestWetRich
134026,Rumex thyrsiflorus,ForestWetRich
134027,Rumex thyrsiflorus,ForestWetRich
134028,Rumex thyrsiflorus,ForestWetRich
134029,Rumex thyrsiflorus,ForestWetRich
134030,Rumex thyrsiflorus,ForestWetRich
134031,Rumex thyrsiflorus,ForestWetRich
134032,Rumex thyrsiflorus,ForestWetRich
134033,Rumex thyrsiflorus,ForestWetRich
134034,Rumex thyrsiflorus,ForestWetRich
134035,Rumex thyrsiflorus,ForestWetRich
134036,Rumex thyrsiflorus,ForestWetRich
134037,Rumex thyrsiflorus,ForestWetRich
134038,Rumex thyrsiflorus,ForestWetRich
134039,Rumex thyrsiflorus,ForestWetRich
134040,Rumex thyrsiflorus,ForestWetRich
134041,Rumex thyrsiflorus,ForestWetRich
134042,Rumex thyrsiflorus,ForestWetRich
134043,Rumex thyrsiflorus,ForestWetRich
134044,Rumex thyrsiflorus,ForestWetRich
134045,Rumex thyrsiflorus,ForestWetRich
134046,Rumex thyrsiflorus,ForestWetRich
134047,Rumex thyrsiflorus,ForestWetRich
134048,Rumex thyrsiflorus,ForestWetRich
134049,Rumex thyrsiflorus,ForestWetRich
134050,Rumex thyrsiflorus,ForestWetRich
134051,Rumex thyrsiflorus,ForestWetRich
134052,Rumex thyrsiflorus,ForestWetRich
134053,Rumex thyrsiflorus,ForestWetRich
134054,Rumex thyrsiflorus,ForestWetRich
134055,Rumex thyrsiflorus,ForestWetRich
134056,Rumex thyrsiflorus,ForestWetRich
134057,Rumex thyrsiflorus,ForestWetRich
134058,Rumex thyrsiflorus,ForestWetRich
134059,Rumex thyrsiflorus,ForestWetRich
134060,Rumex thyrsiflorus,ForestWetRich
134061,Rumex thyrsiflorus,ForestWetRich
134062,Rumex thyrsiflorus,ForestWetRich
134063,Rumex thyrsiflorus,ForestWetRich
134064,Rumex thyrsiflorus,ForestWetRich
134065,Rumex thyrsiflorus,ForestWetRich
134066,Rumex thyrsiflorus,ForestWetRich
134067,Rumex thyrsiflorus,ForestWetRich
134068,Rumex thyrsiflorus,ForestWetRich
134069,Rumex thyrsiflorus,ForestWetRich
134070,Rumex thyrsiflorus,ForestWetRich
134071,Rumex thyrsiflorus,ForestWetRich
134072,Rumex thyrsiflorus,ForestWetRich
134073,Rumex thyrsiflorus,ForestWetRich
134586,Rumex thyrsiflorus,ForestWetRich
134587,Rumex thyrsiflorus,ForestWetRich
134588,Rumex thyrsiflorus,ForestWetRich
134589,Rumex thyrsiflorus,ForestWetRich
134590,Rumex thyrsiflorus,ForestWetRich
134591,Rumex thyrsiflorus,ForestWetRich
134592,Rumex thyrsiflorus,ForestWetRich
135184,Rumex thyrsiflorus,ForestWetRich
135185,Rumex thyrsiflorus,ForestWetRich
135186,Rumex thyrsiflorus,ForestWetRich
135187,Rumex thyrsiflorus,ForestWetRich
135188,Rumex thyrsiflorus,ForestWetRich
135189,Rumex thyrsiflorus,ForestWetRich
135190,Rumex thyrsiflorus,ForestWetRich
135191,Rumex thyrsiflorus,ForestWetRich
135783,Rumex thyrsiflorus,ForestWetRich
135784,Rumex thyrsiflorus,ForestWetRich
135785,Rumex thyrsiflorus,ForestWetRich
135786,Rumex thyrsiflorus,ForestWetRich
135787,Rumex thyrsiflorus,ForestWetRich
135788,Rumex thyrsiflorus,ForestWetRich
135789,Rumex thyrsiflorus,ForestWetRich
135790,Rumex thyrsiflorus,ForestWetRich
136381,Rumex thyrsiflorus,ForestWetRich
136382,Rumex thyrsiflorus,ForestWetRich
136383,Rumex thyrsiflorus,ForestWetRich
136384,Rumex thyrsiflorus,ForestWetRich
136385,Rumex thyrsiflorus,ForestWetRich
136386,Rumex thyrsiflorus,ForestWetRich
136387,Rumex thyrsiflorus,ForestWetRich
136388,Rumex thyrsiflorus,ForestWetRich
136389,Rumex thyrsiflorus,ForestWetRich
136980,Rumex thyrsiflorus,ForestWetRich
136981,Rumex thyrsiflorus,ForestWetRich
136982,Rumex thyrsiflorus,ForestWetRich
136983,Rumex thyrsiflorus,ForestWetRich
136984,Rumex thyrsiflorus,ForestWetRich
136985,Rumex thyrsiflorus,ForestWetRich
136986,Rumex thyrsiflorus,ForestWetRich
136987,Rumex thyrsiflorus,ForestWetRich
136988,Rumex thyrsiflorus,ForestWetRich
137579,Rumex thyrsiflorus,ForestWetRich
137580,Rumex thyrsiflorus,ForestWetRich
137581,Rumex thyrsiflorus,ForestWetRich
137582,Rumex thyrsiflorus,ForestWetRich
137583,Rumex thyrsiflorus,ForestWetRich
137584,Rumex thyrsiflorus,ForestWetRich
137585,Rumex thyrsiflorus,ForestWetRich
137586,Rumex thyrsiflorus,ForestWetRich
137587,Rumex thyrsiflorus,ForestWetRich
138177,Rumex thyrsiflorus,ForestWetRich
138178,Rumex thyrsiflorus,ForestWetRich
138179,Rumex thyrsiflorus,ForestWetRich
138180,Rumex thyrsiflorus,ForestWetRich
138181,Rumex thyrsiflorus,ForestWetRich
138182,Rumex thyrsiflorus,ForestWetRich
138183,Rumex thyrsiflorus,ForestWetRich
138184,Rumex thyrsiflorus,ForestWetRich
138185,Rumex thyrsiflorus,ForestWetRich
138186,Rumex thyrsiflorus,ForestWetRich
138776,Rumex thyrsiflorus,ForestWetRich
138777,Rumex thyrsiflorus,ForestWetRich
138778,Rumex thyrsiflorus,ForestWetRich
138779,Rumex thyrsiflorus,ForestWetRich
138780,Rumex thyrsiflorus,ForestWetRich
138781,Rumex thyrsiflorus,ForestWetRich
138782,Rumex thyrsiflorus,ForestWetRich
138783,Rumex thyrsiflorus,ForestWetRich
138784,Rumex thyrsiflorus,ForestWetRich
138785,Rumex thyrsiflorus,ForestWetRich
139374,Rumex thyrsiflorus,ForestWetRich
139375,Rumex thyrsiflorus,ForestWetRich
139376,Rumex thyrsiflorus,ForestWetRich
139377,Rumex thyrsiflorus,ForestWetRich
139378,Rumex thyrsiflorus,ForestWetRich
139379,Rumex thyrsiflorus,ForestWetRich
139380,Rumex thyrsiflorus,ForestWetRich
139381,Rumex thyrsiflorus,ForestWetRich
139382,Rumex thyrsiflorus,ForestWetRich
139383,Rumex thyrsiflorus,ForestWetRich
139384,Rumex thyrsiflorus,ForestWetRich
139973,Rumex thyrsiflorus,ForestWetRich
139974,Rumex thyrsiflorus,ForestWetRich
139975,Rumex thyrsiflorus,ForestWetRich
139976,Rumex thyrsiflorus,ForestWetRich
139977,Rumex thyrsiflorus,ForestWetRich
139978,Rumex thyrsiflorus,ForestWetRich
139979,Rumex thyrsiflorus,ForestWetRich
139980,Rumex thyrsiflorus,ForestWetRich
139981,Rumex thyrsiflorus,ForestWetRich
139982,Rumex thyrsiflorus,ForestWetRich
139983,Rumex thyrsiflorus,ForestWetRich
140572,Rumex thyrsiflorus,ForestWetRich
140573,Rumex thyrsiflorus,ForestWetRich
140574,Rumex thyrsiflorus,ForestWetRich
140575,Rumex thyrsiflorus,ForestWetRich
140576,Rumex thyrsiflorus,ForestWetRich
140577,Rumex thyrsiflorus,ForestWetRich
140578,Rumex thyrsiflorus,ForestWetRich
140579,Rumex thyrsiflorus,ForestWetRich
140580,Rumex thyrsiflorus,ForestWetRich
140581,Rumex thyrsiflorus,ForestWetRich
140582,Rumex thyrsiflorus,ForestWetRich
141170,Rumex thyrsiflorus,ForestWetRich
141171,Rumex thyrsiflorus,ForestWetRich
141172,Rumex thyrsiflorus,ForestWetRich
141173,Rumex thyrsiflorus,ForestWetRich
141174,Rumex thyrsiflorus,ForestWetRich
141175,Rumex thyrsiflorus,ForestWetRich
141176,Rumex thyrsiflorus,ForestWetRich
141177,Rumex thyrsiflorus,ForestWetRich
141178,Rumex thyrsiflorus,ForestWetRich
141179,Rumex thyrsiflorus,ForestWetRich
141180,Rumex thyrsiflorus,ForestWetRich
141181,Rumex thyrsiflorus,ForestWetRich
141769,Rumex thyrsiflorus,ForestWetRich
141770,Rumex thyrsiflorus,ForestWetRich
141771,Rumex thyrsiflorus,ForestWetRich
141772,Rumex thyrsiflorus,ForestWetRich
141773,Rumex thyrsiflorus,ForestWetRich
141774,Rumex thyrsiflorus,ForestWetRich
141775,Rumex thyrsiflorus,ForestWetRich
141776,Rumex thyrsiflorus,ForestWetRich
141777,Rumex thyrsiflorus,ForestWetRich
141778,Rumex thyrsiflorus,ForestWetRich
141779,Rumex thyrsiflorus,ForestWetRich
141780,Rumex thyrsiflorus,ForestWetRich
142368,Rumex thyrsiflorus,ForestWetRich
142369,Rumex thyrsiflorus,ForestWetRich
142370,Rumex thyrsiflorus,ForestWetRich
142371,Rumex thyrsiflorus,ForestWetRich
142372,Rumex thyrsiflorus,ForestWetRich
142373,Rumex thyrsiflorus,ForestWetRich
142374,Rumex thyrsiflorus,ForestWetRich
142375,Rumex thyrsiflorus,ForestWetRich
142376,Rumex thyrsiflorus,ForestWetRich
142377,Rumex thyrsiflorus,ForestWetRich
142378,Rumex thyrsiflorus,ForestWetRich
142379,Rumex thyrsiflorus,ForestWetRich
142967,Rumex thyrsiflorus,ForestWetRich
142968,Rumex thyrsiflorus,ForestWetRich
142969,Rumex thyrsiflorus,ForestWetRich
142970,Rumex thyrsiflorus,ForestWetRich
142971,Rumex thyrsiflorus,ForestWetRich
142972,Rumex thyrsiflorus,ForestWetRich
142973,Rumex thyrsiflorus,ForestWetRich
142974,Rumex thyrsiflorus,ForestWetRich
142975,Rumex thyrsiflorus,ForestWetRich
142976,Rumex thyrsiflorus,ForestWetRich
142977,Rumex thyrsiflorus,ForestWetRich
142978,Rumex thyrsiflorus,ForestWetRich
143566,Rumex thyrsiflorus,ForestWetRich
143567,Rumex thyrsiflorus,ForestWetRich
143568,Rumex thyrsiflorus,ForestWetRich
143569,Rumex thyrsiflorus,ForestWetRich
143570,Rumex thyrsiflorus,ForestWetRich
143571,Rumex thyrsiflorus,ForestWetRich
143572,Rumex thyrsiflorus,ForestWetRich
143573,Rumex thyrsiflorus,ForestWetRich
143574,Rumex thyrsiflorus,ForestWetRich
143575,Rumex thyrsiflorus,ForestWetRich
143576,Rumex thyrsiflorus,ForestWetRich
143577,Rumex thyrsiflorus,ForestWetRich
144164,Rumex thyrsiflorus,ForestWetRich
144165,Rumex thyrsiflorus,ForestWetRich
144166,Rumex thyrsiflorus,ForestWetRich
144167,Rumex thyrsiflorus,ForestWetRich
144168,Rumex thyrsiflorus,ForestWetRich
144169,Rumex thyrsiflorus,ForestWetRich
144170,Rumex thyrsiflorus,ForestWetRich
144171,Rumex thyrsiflorus,ForestWetRich
144172,Rumex thyrsiflorus,ForestWetRich
144173,Rumex thyrsiflorus,ForestWetRich
144174,Rumex thyrsiflorus,ForestWetRich
144175,Rumex thyrsiflorus,ForestWetRich
144176,Rumex thyrsiflorus,ForestWetRich
144763,Rumex thyrsiflorus,ForestWetRich
144764,Rumex thyrsiflorus,ForestWetRich
144765,Rumex thyrsiflorus,ForestWetRich
144766,Rumex thyrsiflorus,ForestWetRich
144767,Rumex thyrsiflorus,ForestWetRich
144768,Rumex thyrsiflorus,ForestWetRich
144769,Rumex thyrsiflorus,ForestWetRich
144770,Rumex thyrsiflorus,ForestWetRich
144771,Rumex thyrsiflorus,ForestWetRich
144772,Rumex thyrsiflorus,ForestWetRich
144773,Rumex thyrsiflorus,ForestWetRich
144774,Rumex thyrsiflorus,ForestWetRich
144775,Rumex thyrsiflorus,ForestWetRich
145362,Rumex thyrsiflorus,ForestWetRich
145363,Rumex thyrsiflorus,ForestWetRich
145364,Rumex thyrsiflorus,ForestWetRich
145365,Rumex thyrsiflorus,ForestWetRich
145366,Rumex thyrsiflorus,ForestWetRich
145367,Rumex thyrsiflorus,ForestWetRich
145368,Rumex thyrsiflorus,ForestWetRich
145369,Rumex thyrsiflorus,ForestWetRich
145370,Rumex thyrsiflorus,ForestWetRich
145371,Rumex thyrsiflorus,ForestWetRich
145372,Rumex thyrsiflorus,ForestWetRich
145373,Rumex thyrsiflorus,ForestWetRich
145374,Rumex thyrsiflorus,ForestWetRich
145961,Rumex thyrsiflorus,ForestWetRich
145962,Rumex thyrsiflorus,ForestWetRich
145963,Rumex thyrsiflorus,ForestWetRich
145964,Rumex thyrsiflorus,ForestWetRich
145965,Rumex thyrsiflorus,ForestWetRich
145966,Rumex thyrsiflorus,ForestWetRich
145967,Rumex thyrsiflorus,ForestWetRich
145968,Rumex thyrsiflorus,ForestWetRich
145969,Rumex thyrsiflorus,ForestWetRich
145970,Rumex thyrsiflorus,ForestWetRich
145971,Rumex thyrsiflorus,ForestWetRich
145972,Rumex thyrsiflorus,ForestWetRich
145973,Rumex thyrsiflorus,ForestWetRich
146613,Rumex thyrsiflorus,ForestWetRich
146614,Rumex thyrsiflorus,ForestWetRich
146615,Rumex thyrsiflorus,ForestWetRich
146616,Rumex thyrsiflorus,ForestWetRich
146617,Rumex thyrsiflorus,ForestWetRich
146618,Rumex thyrsiflorus,ForestWetRich
146619,Rumex thyrsiflorus,ForestWetRich
146620,Rumex thyrsiflorus,ForestWetRich
146621,Rumex thyrsiflorus,ForestWetRich
146622,Rumex thyrsiflorus,ForestWetRich
146623,Rumex thyrsiflorus,ForestWetRich
146624,Rumex thyrsiflorus,ForestWetRich
146625,Rumex thyrsiflorus,ForestWetRich
146626,Rumex thyrsiflorus,ForestWetRich
146627,Rumex thyrsiflorus,ForestWetRich
146628,Rumex thyrsiflorus,ForestWetRich
146629,Rumex thyrsiflorus,ForestWetRich
146630,Rumex thyrsiflorus,ForestWetRich
146631,Rumex thyrsiflorus,ForestWetRich
146632,Rumex thyrsiflorus,ForestWetRich
146653,Rumex thyrsiflorus,ForestWetRich
146654,Rumex thyrsiflorus,ForestWetRich
146655,Rumex thyrsiflorus,ForestWetRich
146656,Rumex thyrsiflorus,ForestWetRich
146657,Rumex thyrsiflorus,ForestWetRich
146658,Rumex thyrsiflorus,ForestWetRich
147212,Rumex thyrsiflorus,ForestWetRich
147213,Rumex thyrsiflorus,ForestWetRich
147214,Rumex thyrsiflorus,ForestWetRich
147215,Rumex thyrsiflorus,ForestWetRich
147216,Rumex thyrsiflorus,ForestWetRich
147217,Rumex thyrsiflorus,ForestWetRich
147218,Rumex thyrsiflorus,ForestWetRich
147219,Rumex thyrsiflorus,ForestWetRich
147220,Rumex thyrsiflorus,ForestWetRich
147221,Rumex thyrsiflorus,ForestWetRich
147222,Rumex thyrsiflorus,ForestWetRich
147223,Rumex thyrsiflorus,ForestWetRich
147224,Rumex thyrsiflorus,ForestWetRich
147225,Rumex thyrsiflorus,ForestWetRich
147226,Rumex thyrsiflorus,ForestWetRich
147227,Rumex thyrsiflorus,ForestWetRich
147228,Rumex thyrsiflorus,ForestWetRich
147229,Rumex thyrsiflorus,ForestWetRich
147230,Rumex thyrsiflorus,ForestWetRich
147231,Rumex thyrsiflorus,ForestWetRich
147252,Rumex thyrsiflorus,ForestWetRich
147253,Rumex thyrsiflorus,ForestWetRich
147254,Rumex thyrsiflorus,ForestWetRich
147255,Rumex thyrsiflorus,ForestWetRich
147256,Rumex thyrsiflorus,ForestWetRich
147257,Rumex thyrsiflorus,ForestWetRich
147811,Rumex thyrsiflorus,ForestWetRich
147812,Rumex thyrsiflorus,ForestWetRich
147813,Rumex thyrsiflorus,ForestWetRich
147814,Rumex thyrsiflorus,ForestWetRich
147815,Rumex thyrsiflorus,ForestWetRich
147816,Rumex thyrsiflorus,ForestWetRich
147817,Rumex thyrsiflorus,ForestWetRich
147818,Rumex thyrsiflorus,ForestWetRich
147819,Rumex thyrsiflorus,ForestWetRich
147820,Rumex thyrsiflorus,ForestWetRich
147821,Rumex thyrsiflorus,ForestWetRich
147822,Rumex thyrsiflorus,ForestWetRich
147823,Rumex thyrsiflorus,ForestWetRich
147824,Rumex thyrsiflorus,ForestWetRich
147825,Rumex thyrsiflorus,ForestWetRich
147826,Rumex thyrsiflorus,ForestWetRich
147827,Rumex thyrsiflorus,ForestWetRich
147828,Rumex thyrsiflorus,ForestWetRich
147829,Rumex thyrsiflorus,ForestWetRich
147830,Rumex thyrsiflorus,ForestWetRich
147851,Rumex thyrsiflorus,ForestWetRich
147852,Rumex thyrsiflorus,ForestWetRich
147853,Rumex thyrsiflorus,ForestWetRich
147854,Rumex thyrsiflorus,ForestWetRich
147855,Rumex thyrsiflorus,ForestWetRich
147856,Rumex thyrsiflorus,ForestWetRich
148410,Rumex thyrsiflorus,ForestWetRich
148411,Rumex thyrsiflorus,ForestWetRich
148412,Rumex thyrsiflorus,ForestWetRich
148413,Rumex thyrsiflorus,ForestWetRich
148414,Rumex thyrsiflorus,ForestWetRich
148415,Rumex thyrsiflorus,ForestWetRich
148416,Rumex thyrsiflorus,ForestWetRich
148417,Rumex thyrsiflorus,ForestWetRich
148418,Rumex thyrsiflorus,ForestWetRich
148419,Rumex thyrsiflorus,ForestWetRich
148420,Rumex thyrsiflorus,ForestWetRich
148421,Rumex thyrsiflorus,ForestWetRich
148422,Rumex thyrsiflorus,ForestWetRich
148423,Rumex thyrsiflorus,ForestWetRich
148424,Rumex thyrsiflorus,ForestWetRich
148425,Rumex thyrsiflorus,ForestWetRich
148426,Rumex thyrsiflorus,ForestWetRich
148427,Rumex thyrsiflorus,ForestWetRich
148428,Rumex thyrsiflorus,ForestWetRich
148429,Rumex thyrsiflorus,ForestWetRich
148450,Rumex thyrsiflorus,ForestWetRich
148451,Rumex thyrsiflorus,ForestWetRich
148452,Rumex thyrsiflorus,ForestWetRich
148453,Rumex thyrsiflorus,ForestWetRich
148454,Rumex thyrsiflorus,ForestWetRich
148455,Rumex thyrsiflorus,ForestWetRich
148456,Rumex thyrsiflorus,ForestWetRich
149009,Rumex thyrsiflorus,ForestWetRich
149010,Rumex thyrsiflorus,ForestWetRich
149011,Rumex thyrsiflorus,ForestWetRich
149012,Rumex thyrsiflorus,ForestWetRich
149013,Rumex thyrsiflorus,ForestWetRich
149014,Rumex thyrsiflorus,ForestWetRich
149015,Rumex thyrsiflorus,ForestWetRich
149016,Rumex thyrsiflorus,ForestWetRich
149017,Rumex thyrsiflorus,ForestWetRich
149018,Rumex thyrsiflorus,ForestWetRich
149019,Rumex thyrsiflorus,ForestWetRich
149020,Rumex thyrsiflorus,ForestWetRich
149021,Rumex thyrsiflorus,ForestWetRich
149022,Rumex thyrsiflorus,ForestWetRich
149023,Rumex thyrsiflorus,ForestWetRich
149024,Rumex thyrsiflorus,ForestWetRich
149025,Rumex thyrsiflorus,ForestWetRich
149026,Rumex thyrsiflorus,ForestWetRich
149027,Rumex thyrsiflorus,ForestWetRich
149028,Rumex thyrsiflorus,ForestWetRich
149049,Rumex thyrsiflorus,ForestWetRich
149050,Rumex thyrsiflorus,ForestWetRich
149051,Rumex thyrsiflorus,ForestWetRich
149052,Rumex thyrsiflorus,ForestWetRich
149053,Rumex thyrsiflorus,ForestWetRich
149054,Rumex thyrsiflorus,ForestWetRich
149055,Rumex thyrsiflorus,ForestWetRich
149608,Rumex thyrsiflorus,ForestWetRich
149609,Rumex thyrsiflorus,ForestWetRich
149610,Rumex thyrsiflorus,ForestWetRich
149611,Rumex thyrsiflorus,ForestWetRich
149612,Rumex thyrsiflorus,ForestWetRich
149613,Rumex thyrsiflorus,ForestWetRich
149614,Rumex thyrsiflorus,ForestWetRich
149615,Rumex thyrsiflorus,ForestWetRich
149616,Rumex thyrsiflorus,ForestWetRich
149617,Rumex thyrsiflorus,ForestWetRich
149618,Rumex thyrsiflorus,ForestWetRich
149619,Rumex thyrsiflorus,ForestWetRich
149620,Rumex thyrsiflorus,ForestWetRich
149621,Rumex thyrsiflorus,ForestWetRich
149622,Rumex thyrsiflorus,ForestWetRich
149623,Rumex thyrsiflorus,ForestWetRich
149624,Rumex thyrsiflorus,ForestWetRich
149625,Rumex thyrsiflorus,ForestWetRich
149626,Rumex thyrsiflorus,ForestWetRich
149627,Rumex thyrsiflorus,ForestWetRich
149648,Rumex thyrsiflorus,ForestWetRich
149649,Rumex thyrsiflorus,ForestWetRich
149650,Rumex thyrsiflorus,ForestWetRich
149651,Rumex thyrsiflorus,ForestWetRich
149652,Rumex thyrsiflorus,ForestWetRich
149653,Rumex thyrsiflorus,ForestWetRich
149654,Rumex thyrsiflorus,ForestWetRich
150207,Rumex thyrsiflorus,ForestWetRich
150208,Rumex thyrsiflorus,ForestWetRich
150209,Rumex thyrsiflorus,ForestWetRich
150210,Rumex thyrsiflorus,ForestWetRich
150211,Rumex thyrsiflorus,ForestWetRich
150212,Rumex thyrsiflorus,ForestWetRich
150213,Rumex thyrsiflorus,ForestWetRich
150214,Rumex thyrsiflorus,ForestWetRich
150215,Rumex thyrsiflorus,ForestWetRich
150216,Rumex thyrsiflorus,ForestWetRich
150217,Rumex thyrsiflorus,ForestWetRich
150218,Rumex thyrsiflorus,ForestWetRich
150219,Rumex thyrsiflorus,ForestWetRich
150220,Rumex thyrsiflorus,ForestWetRich
150221,Rumex thyrsiflorus,ForestWetRich
150222,Rumex thyrsiflorus,ForestWetRich
150223,Rumex thyrsiflorus,ForestWetRich
150224,Rumex thyrsiflorus,ForestWetRich
150225,Rumex thyrsiflorus,ForestWetRich
150226,Rumex thyrsiflorus,ForestWetRich
150247,Rumex thyrsiflorus,ForestWetRich
150248,Rumex thyrsiflorus,ForestWetRich
150249,Rumex thyrsiflorus,ForestWetRich
150250,Rumex thyrsiflorus,ForestWetRich
150251,Rumex thyrsiflorus,ForestWetRich
150252,Rumex thyrsiflorus,ForestWetRich
150806,Rumex thyrsiflorus,ForestWetRich
150807,Rumex thyrsiflorus,ForestWetRich
150808,Rumex thyrsiflorus,ForestWetRich
150809,Rumex thyrsiflorus,ForestWetRich
150810,Rumex thyrsiflorus,ForestWetRich
150811,Rumex thyrsiflorus,ForestWetRich
150812,Rumex thyrsiflorus,ForestWetRich
150813,Rumex thyrsiflorus,ForestWetRich
150814,Rumex thyrsiflorus,ForestWetRich
150815,Rumex thyrsiflorus,ForestWetRich
150816,Rumex thyrsiflorus,ForestWetRich
150817,Rumex thyrsiflorus,ForestWetRich
150818,Rumex thyrsiflorus,ForestWetRich
150819,Rumex thyrsiflorus,ForestWetRich
150820,Rumex thyrsiflorus,ForestWetRich
150821,Rumex thyrsiflorus,ForestWetRich
150822,Rumex thyrsiflorus,ForestWetRich
150823,Rumex thyrsiflorus,ForestWetRich
150824,Rumex thyrsiflorus,ForestWetRich
150825,Rumex thyrsiflorus,ForestWetRich
150846,Rumex thyrsiflorus,ForestWetRich
150847,Rumex thyrsiflorus,ForestWetRich
150848,Rumex thyrsiflorus,ForestWetRich
150849,Rumex thyrsiflorus,ForestWetRich
150850,Rumex thyrsiflorus,ForestWetRich
150851,Rumex thyrsiflorus,ForestWetRich
151405,Rumex thyrsiflorus,ForestWetRich
151406,Rumex thyrsiflorus,ForestWetRich
151407,Rumex thyrsiflorus,ForestWetRich
151408,Rumex thyrsiflorus,ForestWetRich
151409,Rumex thyrsiflorus,ForestWetRich
151410,Rumex thyrsiflorus,ForestWetRich
151411,Rumex thyrsiflorus,ForestWetRich
151412,Rumex thyrsiflorus,ForestWetRich
151413,Rumex thyrsiflorus,ForestWetRich
151414,Rumex thyrsiflorus,ForestWetRich
151415,Rumex thyrsiflorus,ForestWetRich
151416,Rumex thyrsiflorus,ForestWetRich
151417,Rumex thyrsiflorus,ForestWetRich
151418,Rumex thyrsiflorus,ForestWetRich
151419,Rumex thyrsiflorus,ForestWetRich
151420,Rumex thyrsiflorus,ForestWetRich
151421,Rumex thyrsiflorus,ForestWetRich
151422,Rumex thyrsiflorus,ForestWetRich
151423,Rumex thyrsiflorus,ForestWetRich
151424,Rumex thyrsiflorus,ForestWetRich
151445,Rumex thyrsiflorus,ForestWetRich
151446,Rumex thyrsiflorus,ForestWetRich
151447,Rumex thyrsiflorus,ForestWetRich
151448,Rumex thyrsiflorus,ForestWetRich
151449,Rumex thyrsiflorus,ForestWetRich
151450,Rumex thyrsiflorus,ForestWetRich
152004,Rumex thyrsiflorus,ForestWetRich
152005,Rumex thyrsiflorus,ForestWetRich
152006,Rumex thyrsiflorus,ForestWetRich
152007,Rumex thyrsiflorus,ForestWetRich
152008,Rumex thyrsiflorus,ForestWetRich
152009,Rumex thyrsiflorus,ForestWetRich
152010,Rumex thyrsiflorus,ForestWetRich
152011,Rumex thyrsiflorus,ForestWetRich
152012,Rumex thyrsiflorus,ForestWetRich
152013,Rumex thyrsiflorus,ForestWetRich
152014,Rumex thyrsiflorus,ForestWetRich
152015,Rumex thyrsiflorus,ForestWetRich
152016,Rumex thyrsiflorus,ForestWetRich
152017,Rumex thyrsiflorus,ForestWetRich
152018,Rumex thyrsiflorus,ForestWetRich
152019,Rumex thyrsiflorus,ForestWetRich
152020,Rumex thyrsiflorus,ForestWetRich
152021,Rumex thyrsiflorus,ForestWetRich
152022,Rumex thyrsiflorus,ForestWetRich
152023,Rumex thyrsiflorus,ForestWetRich
152044,Rumex thyrsiflorus,ForestWetRich
152045,Rumex thyrsiflorus,ForestWetRich
152046,Rumex thyrsiflorus,ForestWetRich
152047,Rumex thyrsiflorus,ForestWetRich
152048,Rumex thyrsiflorus,ForestWetRich
152049,Rumex thyrsiflorus,ForestWetRich
152603,Rumex thyrsiflorus,ForestWetRich
152604,Rumex thyrsiflorus,ForestWetRich
152605,Rumex thyrsiflorus,ForestWetRich
152606,Rumex thyrsiflorus,ForestWetRich
152607,Rumex thyrsiflorus,ForestWetRich
152608,Rumex thyrsiflorus,ForestWetRich
152609,Rumex thyrsiflorus,ForestWetRich
152610,Rumex thyrsiflorus,ForestWetRich
152611,Rumex thyrsiflorus,ForestWetRich
152612,Rumex thyrsiflorus,ForestWetRich
152613,Rumex thyrsiflorus,ForestWetRich
152614,Rumex thyrsiflorus,ForestWetRich
152615,Rumex thyrsiflorus,ForestWetRich
152616,Rumex thyrsiflorus,ForestWetRich
152617,Rumex thyrsiflorus,ForestWetRich
152618,Rumex thyrsiflorus,ForestWetRich
152619,Rumex thyrsiflorus,ForestWetRich
152620,Rumex thyrsiflorus,ForestWetRich
152621,Rumex thyrsiflorus,ForestWetRich
152622,Rumex thyrsiflorus,ForestWetRich
152643,Rumex thyrsiflorus,ForestWetRich
152644,Rumex thyrsiflorus,ForestWetRich
152645,Rumex thyrsiflorus,ForestWetRich
152646,Rumex thyrsiflorus,ForestWetRich
152647,Rumex thyrsiflorus,ForestWetRich
152648,Rumex thyrsiflorus,ForestWetRich
153202,Rumex thyrsiflorus,ForestWetRich
153203,Rumex thyrsiflorus,ForestWetRich
153204,Rumex thyrsiflorus,ForestWetRich
153205,Rumex thyrsiflorus,ForestWetRich
153206,Rumex thyrsiflorus,ForestWetRich
153207,Rumex thyrsiflorus,ForestWetRich
153208,Rumex thyrsiflorus,ForestWetRich
153209,Rumex thyrsiflorus,ForestWetRich
153210,Rumex thyrsiflorus,ForestWetRich
153211,Rumex thyrsiflorus,ForestWetRich
153212,Rumex thyrsiflorus,ForestWetRich
153213,Rumex thyrsiflorus,ForestWetRich
153214,Rumex thyrsiflorus,ForestWetRich
153215,Rumex thyrsiflorus,ForestWetRich
153216,Rumex thyrsiflorus,ForestWetRich
153217,Rumex thyrsiflorus,ForestWetRich
153218,Rumex thyrsiflorus,ForestWetRich
153219,Rumex thyrsiflorus,ForestWetRich
153220,Rumex thyrsiflorus,ForestWetRich
153221,Rumex thyrsiflorus,ForestWetRich
153242,Rumex thyrsiflorus,ForestWetRich
153243,Rumex thyrsiflorus,ForestWetRich
153244,Rumex thyrsiflorus,ForestWetRich
153245,Rumex thyrsiflorus,ForestWetRich
153246,Rumex thyrsiflorus,ForestWetRich
153247,Rumex thyrsiflorus,ForestWetRich
153801,Rumex thyrsiflorus,ForestWetRich
153802,Rumex thyrsiflorus,ForestWetRich
153803,Rumex thyrsiflorus,ForestWetRich
153804,Rumex thyrsiflorus,ForestWetRich
153805,Rumex thyrsiflorus,ForestWetRich
153806,Rumex thyrsiflorus,ForestWetRich
153807,Rumex thyrsiflorus,ForestWetRich
153808,Rumex thyrsiflorus,ForestWetRich
153809,Rumex thyrsiflorus,ForestWetRich
153810,Rumex thyrsiflorus,ForestWetRich
153811,Rumex thyrsiflorus,ForestWetRich
153812,Rumex thyrsiflorus,ForestWetRich
153813,Rumex thyrsiflorus,ForestWetRich
153814,Rumex thyrsiflorus,ForestWetRich
153815,Rumex thyrsiflorus,ForestWetRich
153816,Rumex thyrsiflorus,ForestWetRich
153817,Rumex thyrsiflorus,ForestWetRich
153818,Rumex thyrsiflorus,ForestWetRich
153819,Rumex thyrsiflorus,ForestWetRich
153820,Rumex thyrsiflorus,ForestWetRich
153841,Rumex thyrsiflorus,ForestWetRich
153842,Rumex thyrsiflorus,ForestWetRich
153843,Rumex thyrsiflorus,ForestWetRich
153844,Rumex thyrsiflorus,ForestWetRich
153845,Rumex thyrsiflorus,ForestWetRich
153846,Rumex thyrsiflorus,ForestWetRich
154400,Rumex thyrsiflorus,ForestWetRich
154401,Rumex thyrsiflorus,ForestWetRich
154402,Rumex thyrsiflorus,ForestWetRich
154403,Rumex thyrsiflorus,ForestWetRich
154404,Rumex thyrsiflorus,ForestWetRich
154405,Rumex thyrsiflorus,ForestWetRich
154406,Rumex thyrsiflorus,ForestWetRich
154407,Rumex thyrsiflorus,ForestWetRich
154408,Rumex thyrsiflorus,ForestWetRich
154409,Rumex thyrsiflorus,ForestWetRich
154410,Rumex thyrsiflorus,ForestWetRich
154411,Rumex thyrsiflorus,ForestWetRich
154412,Rumex thyrsiflorus,ForestWetRich
154413,Rumex thyrsiflorus,ForestWetRich
154414,Rumex thyrsiflorus,ForestWetRich
154415,Rumex thyrsiflorus,ForestWetRich
154416,Rumex thyrsiflorus,ForestWetRich
154417,Rumex thyrsiflorus,ForestWetRich
154418,Rumex thyrsiflorus,ForestWetRich
154419,Rumex thyrsiflorus,ForestWetRich
154440,Rumex thyrsiflorus,ForestWetRich
154441,Rumex thyrsiflorus,ForestWetRich
154442,Rumex thyrsiflorus,ForestWetRich
154443,Rumex thyrsiflorus,ForestWetRich
154444,Rumex thyrsiflorus,ForestWetRich
154445,Rumex thyrsiflorus,ForestWetRich
154999,Rumex thyrsiflorus,ForestWetRich
155000,Rumex thyrsiflorus,ForestWetRich
155001,Rumex thyrsiflorus,ForestWetRich
155002,Rumex thyrsiflorus,ForestWetRich
155003,Rumex thyrsiflorus,ForestWetRich
155004,Rumex thyrsiflorus,ForestWetRich
155005,Rumex thyrsiflorus,ForestWetRich
155006,Rumex thyrsiflorus,ForestWetRich
155007,Rumex thyrsiflorus,ForestWetRich
155008,Rumex thyrsiflorus,ForestWetRich
155009,Rumex thyrsiflorus,ForestWetRich
155010,Rumex thyrsiflorus,ForestWetRich
155011,Rumex thyrsiflorus,ForestWetRich
155012,Rumex thyrsiflorus,ForestWetRich
155013,Rumex thyrsiflorus,ForestWetRich
155014,Rumex thyrsiflorus,ForestWetRich
155015,Rumex thyrsiflorus,ForestWetRich
155016,Rumex thyrsiflorus,ForestWetRich
155017,Rumex thyrsiflorus,ForestWetRich
155018,Rumex thyrsiflorus,ForestWetRich
155039,Rumex thyrsiflorus,ForestWetRich
155040,Rumex thyrsiflorus,ForestWetRich
155041,Rumex thyrsiflorus,ForestWetRich
155042,Rumex thyrsiflorus,ForestWetRich
155043,Rumex thyrsiflorus,ForestWetRich
155598,Rumex thyrsiflorus,ForestWetRich
155599,Rumex thyrsiflorus,ForestWetRich
155600,Rumex thyrsiflorus,ForestWetRich
155601,Rumex thyrsiflorus,ForestWetRich
155602,Rumex thyrsiflorus,ForestWetRich
155603,Rumex thyrsiflorus,ForestWetRich
155604,Rumex thyrsiflorus,ForestWetRich
155605,Rumex thyrsiflorus,ForestWetRich
155606,Rumex thyrsiflorus,ForestWetRich
155607,Rumex thyrsiflorus,ForestWetRich
155608,Rumex thyrsiflorus,ForestWetRich
155609,Rumex thyrsiflorus,ForestWetRich
155610,Rumex thyrsiflorus,ForestWetRich
155611,Rumex thyrsiflorus,ForestWetRich
155612,Rumex thyrsiflorus,ForestWetRich
155613,Rumex thyrsiflorus,ForestWetRich
155614,Rumex thyrsiflorus,ForestWetRich
155615,Rumex thyrsiflorus,ForestWetRich
155616,Rumex thyrsiflorus,ForestWetRich
155617,Rumex thyrsiflorus,ForestWetRich
155638,Rumex thyrsiflorus,ForestWetRich
155639,Rumex thyrsiflorus,ForestWetRich
155640,Rumex thyrsiflorus,ForestWetRich
155641,Rumex thyrsiflorus,ForestWetRich
155642,Rumex thyrsiflorus,ForestWetRich
156197,Rumex thyrsiflorus,ForestWetRich
156198,Rumex thyrsiflorus,ForestWetRich
156199,Rumex thyrsiflorus,ForestWetRich
156200,Rumex thyrsiflorus,ForestWetRich
156201,Rumex thyrsiflorus,ForestWetRich
156202,Rumex thyrsiflorus,ForestWetRich
156203,Rumex thyrsiflorus,ForestWetRich
156204,Rumex thyrsiflorus,ForestWetRich
156205,Rumex thyrsiflorus,ForestWetRich
156206,Rumex thyrsiflorus,ForestWetRich
156207,Rumex thyrsiflorus,ForestWetRich
156208,Rumex thyrsiflorus,ForestWetRich
156209,Rumex thyrsiflorus,ForestWetRich
156210,Rumex thyrsiflorus,ForestWetRich
156211,Rumex thyrsiflorus,ForestWetRich
156212,Rumex thyrsiflorus,ForestWetRich
156213,Rumex thyrsiflorus,ForestWetRich
156214,Rumex thyrsiflorus,ForestWetRich
156215,Rumex thyrsiflorus,ForestWetRich
156216,Rumex thyrsiflorus,ForestWetRich
156237,Rumex thyrsiflorus,ForestWetRich
156238,Rumex thyrsiflorus,ForestWetRich
156239,Rumex thyrsiflorus,ForestWetRich
156240,Rumex thyrsiflorus,ForestWetRich
156241,Rumex thyrsiflorus,ForestWetRich
156796,Rumex thyrsiflorus,ForestWetRich
156797,Rumex thyrsiflorus,ForestWetRich
156798,Rumex thyrsiflorus,ForestWetRich
156799,Rumex thyrsiflorus,ForestWetRich
156800,Rumex thyrsiflorus,ForestWetRich
156801,Rumex thyrsiflorus,ForestWetRich
156802,Rumex thyrsiflorus,ForestWetRich
156803,Rumex thyrsiflorus,ForestWetRich
156804,Rumex thyrsiflorus,ForestWetRich
156805,Rumex thyrsiflorus,ForestWetRich
156806,Rumex thyrsiflorus,ForestWetRich
156807,Rumex thyrsiflorus,ForestWetRich
156808,Rumex thyrsiflorus,ForestWetRich
156809,Rumex thyrsiflorus,ForestWetRich
156810,Rumex thyrsiflorus,ForestWetRich
156811,Rumex thyrsiflorus,ForestWetRich
156812,Rumex thyrsiflorus,ForestWetRich
156813,Rumex thyrsiflorus,ForestWetRich
156814,Rumex thyrsiflorus,ForestWetRich
156815,Rumex thyrsiflorus,ForestWetRich
156836,Rumex thyrsiflorus,ForestWetRich
156837,Rumex thyrsiflorus,ForestWetRich
156838,Rumex thyrsiflorus,ForestWetRich
156839,Rumex thyrsiflorus,ForestWetRich
156840,Rumex thyrsiflorus,ForestWetRich
157395,Rumex thyrsiflorus,ForestWetRich
157396,Rumex thyrsiflorus,ForestWetRich
157397,Rumex thyrsiflorus,ForestWetRich
157398,Rumex thyrsiflorus,ForestWetRich
157399,Rumex thyrsiflorus,ForestWetRich
157400,Rumex thyrsiflorus,ForestWetRich
157401,Rumex thyrsiflorus,ForestWetRich
157402,Rumex thyrsiflorus,ForestWetRich
157403,Rumex thyrsiflorus,ForestWetRich
157404,Rumex thyrsiflorus,ForestWetRich
157405,Rumex thyrsiflorus,ForestWetRich
157406,Rumex thyrsiflorus,ForestWetRich
157407,Rumex thyrsiflorus,ForestWetRich
157408,Rumex thyrsiflorus,ForestWetRich
157409,Rumex thyrsiflorus,ForestWetRich
157410,Rumex thyrsiflorus,ForestWetRich
157411,Rumex thyrsiflorus,ForestWetRich
157412,Rumex thyrsiflorus,ForestWetRich
157413,Rumex thyrsiflorus,ForestWetRich
157414,Rumex thyrsiflorus,ForestWetRich
157435,Rumex thyrsiflorus,ForestWetRich
157436,Rumex thyrsiflorus,ForestWetRich
157437,Rumex thyrsiflorus,ForestWetRich
157438,Rumex thyrsiflorus,ForestWetRich
157439,Rumex thyrsiflorus,ForestWetRich
157994,Rumex thyrsiflorus,ForestWetRich
157995,Rumex thyrsiflorus,ForestWetRich
157996,Rumex thyrsiflorus,ForestWetRich
157997,Rumex thyrsiflorus,ForestWetRich
157998,Rumex thyrsiflorus,ForestWetRich
157999,Rumex thyrsiflorus,ForestWetRich
158000,Rumex thyrsiflorus,ForestWetRich
158001,Rumex thyrsiflorus,ForestWetRich
158002,Rumex thyrsiflorus,ForestWetRich
158003,Rumex thyrsiflorus,ForestWetRich
158004,Rumex thyrsiflorus,ForestWetRich
158005,Rumex thyrsiflorus,ForestWetRich
158006,Rumex thyrsiflorus,ForestWetRich
158007,Rumex thyrsiflorus,ForestWetRich
158008,Rumex thyrsiflorus,ForestWetRich
158009,Rumex thyrsiflorus,ForestWetRich
158010,Rumex thyrsiflorus,ForestWetRich
158011,Rumex thyrsiflorus,ForestWetRich
158012,Rumex thyrsiflorus,ForestWetRich
158013,Rumex thyrsiflorus,ForestWetRich
158034,Rumex thyrsiflorus,ForestWetRich
158035,Rumex thyrsiflorus,ForestWetRich
158036,Rumex thyrsiflorus,ForestWetRich
158037,Rumex thyrsiflorus,ForestWetRich
158573,Rumex thyrsiflorus,ForestWetRich
158574,Rumex thyrsiflorus,ForestWetRich
158575,Rumex thyrsiflorus,ForestWetRich
158576,Rumex thyrsiflorus,ForestWetRich
158577,Rumex thyrsiflorus,ForestWetRich
158578,Rumex thyrsiflorus,ForestWetRich
158579,Rumex thyrsiflorus,ForestWetRich
158580,Rumex thyrsiflorus,ForestWetRich
158581,Rumex thyrsiflorus,ForestWetRich
158582,Rumex thyrsiflorus,ForestWetRich
158583,Rumex thyrsiflorus,ForestWetRich
158584,Rumex thyrsiflorus,ForestWetRich
158585,Rumex thyrsiflorus,ForestWetRich
158586,Rumex thyrsiflorus,ForestWetRich
158587,Rumex thyrsiflorus,ForestWetRich
158588,Rumex thyrsiflorus,ForestWetRich
158589,Rumex thyrsiflorus,ForestWetRich
158590,Rumex thyrsiflorus,ForestWetRich
158591,Rumex thyrsiflorus,ForestWetRich
158592,Rumex thyrsiflorus,ForestWetRich
158593,Rumex thyrsiflorus,ForestWetRich
158594,Rumex thyrsiflorus,ForestWetRich
158595,Rumex thyrsiflorus,ForestWetRich
158596,Rumex thyrsiflorus,ForestWetRich
158597,Rumex thyrsiflorus,ForestWetRich
158598,Rumex thyrsiflorus,ForestWetRich
158599,Rumex thyrsiflorus,ForestWetRich
158600,Rumex thyrsiflorus,ForestWetRich
158601,Rumex thyrsiflorus,ForestWetRich
158602,Rumex thyrsiflorus,ForestWetRich
158603,Rumex thyrsiflorus,ForestWetRich
158604,Rumex thyrsiflorus,ForestWetRich
158605,Rumex thyrsiflorus,ForestWetRich
158606,Rumex thyrsiflorus,ForestWetRich
158607,Rumex thyrsiflorus,ForestWetRich
158608,Rumex thyrsiflorus,ForestWetRich
158609,Rumex thyrsiflorus,ForestWetRich
158610,Rumex thyrsiflorus,ForestWetRich
158611,Rumex thyrsiflorus,ForestWetRich
158612,Rumex thyrsiflorus,ForestWetRich
158613,Rumex thyrsiflorus,ForestWetRich
158614,Rumex thyrsiflorus,ForestWetRich
158615,Rumex thyrsiflorus,ForestWetRich
158616,Rumex thyrsiflorus,ForestWetRich
158617,Rumex thyrsiflorus,ForestWetRich
158618,Rumex thyrsiflorus,ForestWetRich
158619,Rumex thyrsiflorus,ForestWetRich
158620,Rumex thyrsiflorus,ForestWetRich
158621,Rumex thyrsiflorus,ForestWetRich
158622,Rumex thyrsiflorus,ForestWetRich
158623,Rumex thyrsiflorus,ForestWetRich
158624,Rumex thyrsiflorus,ForestWetRich
158625,Rumex thyrsiflorus,ForestWetRich
158626,Rumex thyrsiflorus,ForestWetRich
158627,Rumex thyrsiflorus,ForestWetRich
158628,Rumex thyrsiflorus,ForestWetRich
158629,Rumex thyrsiflorus,ForestWetRich
158630,Rumex thyrsiflorus,ForestWetRich
158631,Rumex thyrsiflorus,ForestWetRich
158632,Rumex thyrsiflorus,ForestWetRich
159172,Rumex thyrsiflorus,ForestWetRich
159173,Rumex thyrsiflorus,ForestWetRich
159174,Rumex thyrsiflorus,ForestWetRich
159175,Rumex thyrsiflorus,ForestWetRich
159176,Rumex thyrsiflorus,ForestWetRich
159177,Rumex thyrsiflorus,ForestWetRich
159178,Rumex thyrsiflorus,ForestWetRich
159179,Rumex thyrsiflorus,ForestWetRich
159180,Rumex thyrsiflorus,ForestWetRich
159181,Rumex thyrsiflorus,ForestWetRich
159182,Rumex thyrsiflorus,ForestWetRich
159183,Rumex thyrsiflorus,ForestWetRich
159184,Rumex thyrsiflorus,ForestWetRich
159185,Rumex thyrsiflorus,ForestWetRich
159186,Rumex thyrsiflorus,ForestWetRich
159187,Rumex thyrsiflorus,ForestWetRich
159188,Rumex thyrsiflorus,ForestWetRich
159189,Rumex thyrsiflorus,ForestWetRich
159190,Rumex thyrsiflorus,ForestWetRich
159191,Rumex thyrsiflorus,ForestWetRich
159192,Rumex thyrsiflorus,ForestWetRich
159193,Rumex thyrsiflorus,ForestWetRich
159194,Rumex thyrsiflorus,ForestWetRich
159195,Rumex thyrsiflorus,ForestWetRich
159196,Rumex thyrsiflorus,ForestWetRich
159197,Rumex thyrsiflorus,ForestWetRich
159198,Rumex thyrsiflorus,ForestWetRich
159199,Rumex thyrsiflorus,ForestWetRich
159200,Rumex thyrsiflorus,ForestWetRich
159201,Rumex thyrsiflorus,ForestWetRich
159202,Rumex thyrsiflorus,ForestWetRich
159203,Rumex thyrsiflorus,ForestWetRich
159204,Rumex thyrsiflorus,ForestWetRich
159205,Rumex thyrsiflorus,ForestWetRich
159206,Rumex thyrsiflorus,ForestWetRich
159207,Rumex thyrsiflorus,ForestWetRich
159208,Rumex thyrsiflorus,ForestWetRich
159209,Rumex thyrsiflorus,ForestWetRich
159210,Rumex thyrsiflorus,ForestWetRich
159211,Rumex thyrsiflorus,ForestWetRich
159212,Rumex thyrsiflorus,ForestWetRich
159213,Rumex thyrsiflorus,ForestWetRich
159214,Rumex thyrsiflorus,ForestWetRich
159215,Rumex thyrsiflorus,ForestWetRich
159216,Rumex thyrsiflorus,ForestWetRich
159217,Rumex thyrsiflorus,ForestWetRich
159218,Rumex thyrsiflorus,ForestWetRich
159219,Rumex thyrsiflorus,ForestWetRich
159220,Rumex thyrsiflorus,ForestWetRich
159221,Rumex thyrsiflorus,ForestWetRich
159222,Rumex thyrsiflorus,ForestWetRich
159223,Rumex thyrsiflorus,ForestWetRich
159224,Rumex thyrsiflorus,ForestWetRich
159225,Rumex thyrsiflorus,ForestWetRich
159226,Rumex thyrsiflorus,ForestWetRich
159227,Rumex thyrsiflorus,ForestWetRich
159228,Rumex thyrsiflorus,ForestWetRich
159229,Rumex thyrsiflorus,ForestWetRich
159230,Rumex thyrsiflorus,ForestWetRich
159231,Rumex thyrsiflorus,ForestWetRich
159771,Rumex thyrsiflorus,ForestWetRich
159772,Rumex thyrsiflorus,ForestWetRich
159773,Rumex thyrsiflorus,ForestWetRich
159774,Rumex thyrsiflorus,ForestWetRich
159775,Rumex thyrsiflorus,ForestWetRich
159776,Rumex thyrsiflorus,ForestWetRich
159777,Rumex thyrsiflorus,ForestWetRich
159778,Rumex thyrsiflorus,ForestWetRich
159779,Rumex thyrsiflorus,ForestWetRich
159780,Rumex thyrsiflorus,ForestWetRich
159781,Rumex thyrsiflorus,ForestWetRich
159782,Rumex thyrsiflorus,ForestWetRich
159783,Rumex thyrsiflorus,ForestWetRich
159784,Rumex thyrsiflorus,ForestWetRich
159785,Rumex thyrsiflorus,ForestWetRich
159786,Rumex thyrsiflorus,ForestWetRich
159787,Rumex thyrsiflorus,ForestWetRich
159788,Rumex thyrsiflorus,ForestWetRich
159789,Rumex thyrsiflorus,ForestWetRich
159790,Rumex thyrsiflorus,ForestWetRich
159791,Rumex thyrsiflorus,ForestWetRich
159792,Rumex thyrsiflorus,ForestWetRich
159793,Rumex thyrsiflorus,ForestWetRich
159794,Rumex thyrsiflorus,ForestWetRich
159795,Rumex thyrsiflorus,ForestWetRich
159796,Rumex thyrsiflorus,ForestWetRich
159797,Rumex thyrsiflorus,ForestWetRich
159798,Rumex thyrsiflorus,ForestWetRich
159799,Rumex thyrsiflorus,ForestWetRich
159800,Rumex thyrsiflorus,ForestWetRich
159801,Rumex thyrsiflorus,ForestWetRich
159802,Rumex thyrsiflorus,ForestWetRich
159803,Rumex thyrsiflorus,ForestWetRich
159804,Rumex thyrsiflorus,ForestWetRich
159805,Rumex thyrsiflorus,ForestWetRich
159806,Rumex thyrsiflorus,ForestWetRich
159807,Rumex thyrsiflorus,ForestWetRich
159808,Rumex thyrsiflorus,ForestWetRich
159809,Rumex thyrsiflorus,ForestWetRich
159810,Rumex thyrsiflorus,ForestWetRich
159811,Rumex thyrsiflorus,ForestWetRich
159812,Rumex thyrsiflorus,ForestWetRich
159813,Rumex thyrsiflorus,ForestWetRich
159814,Rumex thyrsiflorus,ForestWetRich
159815,Rumex thyrsiflorus,ForestWetRich
159816,Rumex thyrsiflorus,ForestWetRich
159817,Rumex thyrsiflorus,ForestWetRich
159818,Rumex thyrsiflorus,ForestWetRich
159819,Rumex thyrsiflorus,ForestWetRich
159820,Rumex thyrsiflorus,ForestWetRich
159821,Rumex thyrsiflorus,ForestWetRich
159822,Rumex thyrsiflorus,ForestWetRich
159823,Rumex thyrsiflorus,ForestWetRich
159824,Rumex thyrsiflorus,ForestWetRich
159825,Rumex thyrsiflorus,ForestWetRich
159826,Rumex thyrsiflorus,ForestWetRich
159827,Rumex thyrsiflorus,ForestWetRich
159828,Rumex thyrsiflorus,ForestWetRich
159829,Rumex thyrsiflorus,ForestWetRich
159830,Rumex thyrsiflorus,ForestWetRich
160370,Rumex thyrsiflorus,ForestWetRich
160371,Rumex thyrsiflorus,ForestWetRich
160372,Rumex thyrsiflorus,ForestWetRich
160373,Rumex thyrsiflorus,ForestWetRich
160374,Rumex thyrsiflorus,ForestWetRich
160375,Rumex thyrsiflorus,ForestWetRich
160376,Rumex thyrsiflorus,ForestWetRich
160377,Rumex thyrsiflorus,ForestWetRich
160378,Rumex thyrsiflorus,ForestWetRich
160379,Rumex thyrsiflorus,ForestWetRich
160380,Rumex thyrsiflorus,ForestWetRich
160381,Rumex thyrsiflorus,ForestWetRich
160382,Rumex thyrsiflorus,ForestWetRich
160383,Rumex thyrsiflorus,ForestWetRich
160384,Rumex thyrsiflorus,ForestWetRich
160385,Rumex thyrsiflorus,ForestWetRich
160386,Rumex thyrsiflorus,ForestWetRich
160387,Rumex thyrsiflorus,ForestWetRich
160388,Rumex thyrsiflorus,ForestWetRich
160389,Rumex thyrsiflorus,ForestWetRich
160390,Rumex thyrsiflorus,ForestWetRich
160391,Rumex thyrsiflorus,ForestWetRich
160392,Rumex thyrsiflorus,ForestWetRich
160393,Rumex thyrsiflorus,ForestWetRich
160394,Rumex thyrsiflorus,ForestWetRich
160395,Rumex thyrsiflorus,ForestWetRich
160396,Rumex thyrsiflorus,ForestWetRich
160397,Rumex thyrsiflorus,ForestWetRich
160398,Rumex thyrsiflorus,ForestWetRich
160399,Rumex thyrsiflorus,ForestWetRich
160400,Rumex thyrsiflorus,ForestWetRich
160401,Rumex thyrsiflorus,ForestWetRich
160402,Rumex thyrsiflorus,ForestWetRich
160403,Rumex thyrsiflorus,ForestWetRich
160404,Rumex thyrsiflorus,ForestWetRich
160405,Rumex thyrsiflorus,ForestWetRich
160406,Rumex thyrsiflorus,ForestWetRich
160407,Rumex thyrsiflorus,ForestWetRich
160408,Rumex thyrsiflorus,ForestWetRich
160409,Rumex thyrsiflorus,ForestWetRich
160410,Rumex thyrsiflorus,ForestWetRich
160411,Rumex thyrsiflorus,ForestWetRich
160412,Rumex thyrsiflorus,ForestWetRich
160413,Rumex thyrsiflorus,ForestWetRich
160414,Rumex thyrsiflorus,ForestWetRich
160415,Rumex thyrsiflorus,ForestWetRich
160416,Rumex thyrsiflorus,ForestWetRich
160417,Rumex thyrsiflorus,ForestWetRich
160418,Rumex thyrsiflorus,ForestWetRich
160419,Rumex thyrsiflorus,ForestWetRich
160420,Rumex thyrsiflorus,ForestWetRich
160421,Rumex thyrsiflorus,ForestWetRich
160422,Rumex thyrsiflorus,ForestWetRich
160423,Rumex thyrsiflorus,ForestWetRich
160424,Rumex thyrsiflorus,ForestWetRich
160425,Rumex thyrsiflorus,ForestWetRich
160426,Rumex thyrsiflorus,ForestWetRich
160427,Rumex thyrsiflorus,ForestWetRich
160428,Rumex thyrsiflorus,ForestWetRich
160429,Rumex thyrsiflorus,ForestWetRich
160969,Rumex thyrsiflorus,ForestWetRich
160970,Rumex thyrsiflorus,ForestWetRich
160971,Rumex thyrsiflorus,ForestWetRich
160972,Rumex thyrsiflorus,ForestWetRich
160973,Rumex thyrsiflorus,ForestWetRich
160974,Rumex thyrsiflorus,ForestWetRich
160975,Rumex thyrsiflorus,ForestWetRich
160976,Rumex thyrsiflorus,ForestWetRich
160977,Rumex thyrsiflorus,ForestWetRich
160978,Rumex thyrsiflorus,ForestWetRich
160979,Rumex thyrsiflorus,ForestWetRich
160980,Rumex thyrsiflorus,ForestWetRich
160981,Rumex thyrsiflorus,ForestWetRich
160982,Rumex thyrsiflorus,ForestWetRich
160983,Rumex thyrsiflorus,ForestWetRich
160984,Rumex thyrsiflorus,ForestWetRich
160985,Rumex thyrsiflorus,ForestWetRich
160986,Rumex thyrsiflorus,ForestWetRich
160987,Rumex thyrsiflorus,ForestWetRich
160988,Rumex thyrsiflorus,ForestWetRich
160989,Rumex thyrsiflorus,ForestWetRich
160990,Rumex thyrsiflorus,ForestWetRich
160991,Rumex thyrsiflorus,ForestWetRich
160992,Rumex thyrsiflorus,ForestWetRich
160993,Rumex thyrsiflorus,ForestWetRich
160994,Rumex thyrsiflorus,ForestWetRich
160995,Rumex thyrsiflorus,ForestWetRich
160996,Rumex thyrsiflorus,ForestWetRich
160997,Rumex thyrsiflorus,ForestWetRich
160998,Rumex thyrsiflorus,ForestWetRich
160999,Rumex thyrsiflorus,ForestWetRich
161000,Rumex thyrsiflorus,ForestWetRich
161001,Rumex thyrsiflorus,ForestWetRich
161002,Rumex thyrsiflorus,ForestWetRich
161003,Rumex thyrsiflorus,ForestWetRich
161004,Rumex thyrsiflorus,ForestWetRich
161005,Rumex thyrsiflorus,ForestWetRich
161006,Rumex thyrsiflorus,ForestWetRich
161007,Rumex thyrsiflorus,ForestWetRich
161008,Rumex thyrsiflorus,ForestWetRich
161009,Rumex thyrsiflorus,ForestWetRich
161010,Rumex thyrsiflorus,ForestWetRich
161011,Rumex thyrsiflorus,ForestWetRich
161012,Rumex thyrsiflorus,ForestWetRich
161013,Rumex thyrsiflorus,ForestWetRich
161014,Rumex thyrsiflorus,ForestWetRich
161015,Rumex thyrsiflorus,ForestWetRich
161016,Rumex thyrsiflorus,ForestWetRich
161017,Rumex thyrsiflorus,ForestWetRich
161018,Rumex thyrsiflorus,ForestWetRich
161019,Rumex thyrsiflorus,ForestWetRich
161020,Rumex thyrsiflorus,ForestWetRich
161021,Rumex thyrsiflorus,ForestWetRich
161022,Rumex thyrsiflorus,ForestWetRich
161023,Rumex thyrsiflorus,ForestWetRich
161024,Rumex thyrsiflorus,ForestWetRich
161025,Rumex thyrsiflorus,ForestWetRich
161026,Rumex thyrsiflorus,ForestWetRich
161027,Rumex thyrsiflorus,ForestWetRich
161028,Rumex thyrsiflorus,ForestWetRich
161568,Rumex thyrsiflorus,ForestWetRich
161569,Rumex thyrsiflorus,ForestWetRich
161570,Rumex thyrsiflorus,ForestWetRich
161571,Rumex thyrsiflorus,ForestWetRich
161572,Rumex thyrsiflorus,ForestWetRich
161573,Rumex thyrsiflorus,ForestWetRich
161574,Rumex thyrsiflorus,ForestWetRich
161575,Rumex thyrsiflorus,ForestWetRich
161576,Rumex thyrsiflorus,ForestWetRich
161577,Rumex thyrsiflorus,ForestWetRich
161578,Rumex thyrsiflorus,ForestWetRich
161579,Rumex thyrsiflorus,ForestWetRich
161580,Rumex thyrsiflorus,ForestWetRich
161581,Rumex thyrsiflorus,ForestWetRich
161582,Rumex thyrsiflorus,ForestWetRich
161583,Rumex thyrsiflorus,ForestWetRich
161584,Rumex thyrsiflorus,ForestWetRich
161585,Rumex thyrsiflorus,ForestWetRich
161586,Rumex thyrsiflorus,ForestWetRich
161587,Rumex thyrsiflorus,ForestWetRich
161588,Rumex thyrsiflorus,ForestWetRich
161589,Rumex thyrsiflorus,ForestWetRich
161590,Rumex thyrsiflorus,ForestWetRich
161591,Rumex thyrsiflorus,ForestWetRich
161592,Rumex thyrsiflorus,ForestWetRich
161593,Rumex thyrsiflorus,ForestWetRich
161594,Rumex thyrsiflorus,ForestWetRich
161595,Rumex thyrsiflorus,ForestWetRich
161596,Rumex thyrsiflorus,ForestWetRich
161597,Rumex thyrsiflorus,ForestWetRich
161598,Rumex thyrsiflorus,ForestWetRich
161599,Rumex thyrsiflorus,ForestWetRich
161600,Rumex thyrsiflorus,ForestWetRich
161601,Rumex thyrsiflorus,ForestWetRich
161602,Rumex thyrsiflorus,ForestWetRich
161603,Rumex thyrsiflorus,ForestWetRich
161604,Rumex thyrsiflorus,ForestWetRich
161605,Rumex thyrsiflorus,ForestWetRich
161606,Rumex thyrsiflorus,ForestWetRich
161607,Rumex thyrsiflorus,ForestWetRich
161608,Rumex thyrsiflorus,ForestWetRich
161609,Rumex thyrsiflorus,ForestWetRich
161610,Rumex thyrsiflorus,ForestWetRich
161611,Rumex thyrsiflorus,ForestWetRich
161612,Rumex thyrsiflorus,ForestWetRich
161613,Rumex thyrsiflorus,ForestWetRich
161614,Rumex thyrsiflorus,ForestWetRich
161615,Rumex thyrsiflorus,ForestWetRich
161616,Rumex thyrsiflorus,ForestWetRich
161617,Rumex thyrsiflorus,ForestWetRich
161618,Rumex thyrsiflorus,ForestWetRich
161619,Rumex thyrsiflorus,ForestWetRich
161620,Rumex thyrsiflorus,ForestWetRich
161621,Rumex thyrsiflorus,ForestWetRich
161622,Rumex thyrsiflorus,ForestWetRich
161623,Rumex thyrsiflorus,ForestWetRich
161624,Rumex thyrsiflorus,ForestWetRich
161625,Rumex thyrsiflorus,ForestWetRich
161626,Rumex thyrsiflorus,ForestWetRich
161627,Rumex thyrsiflorus,ForestWetRich
162167,Rumex thyrsiflorus,ForestWetRich
162168,Rumex thyrsiflorus,ForestWetRich
162169,Rumex thyrsiflorus,ForestWetRich
162170,Rumex thyrsiflorus,ForestWetRich
162171,Rumex thyrsiflorus,ForestWetRich
162172,Rumex thyrsiflorus,ForestWetRich
162173,Rumex thyrsiflorus,ForestWetRich
162174,Rumex thyrsiflorus,ForestWetRich
162175,Rumex thyrsiflorus,ForestWetRich
162176,Rumex thyrsiflorus,ForestWetRich
162177,Rumex thyrsiflorus,ForestWetRich
162178,Rumex thyrsiflorus,ForestWetRich
162179,Rumex thyrsiflorus,ForestWetRich
162180,Rumex thyrsiflorus,ForestWetRich
162181,Rumex thyrsiflorus,ForestWetRich
162182,Rumex thyrsiflorus,ForestWetRich
162183,Rumex thyrsiflorus,ForestWetRich
162184,Rumex thyrsiflorus,ForestWetRich
162185,Rumex thyrsiflorus,ForestWetRich
162186,Rumex thyrsiflorus,ForestWetRich
162187,Rumex thyrsiflorus,ForestWetRich
162188,Rumex thyrsiflorus,ForestWetRich
162189,Rumex thyrsiflorus,ForestWetRich
162190,Rumex thyrsiflorus,ForestWetRich
162191,Rumex thyrsiflorus,ForestWetRich
162192,Rumex thyrsiflorus,ForestWetRich
162193,Rumex thyrsiflorus,ForestWetRich
162194,Rumex thyrsiflorus,ForestWetRich
162195,Rumex thyrsiflorus,ForestWetRich
162196,Rumex thyrsiflorus,ForestWetRich
162197,Rumex thyrsiflorus,ForestWetRich
162198,Rumex thyrsiflorus,ForestWetRich
162199,Rumex thyrsiflorus,ForestWetRich
162200,Rumex thyrsiflorus,ForestWetRich
162201,Rumex thyrsiflorus,ForestWetRich
162202,Rumex thyrsiflorus,ForestWetRich
162203,Rumex thyrsiflorus,ForestWetRich
162204,Rumex thyrsiflorus,ForestWetRich
162205,Rumex thyrsiflorus,ForestWetRich
162206,Rumex thyrsiflorus,ForestWetRich
162207,Rumex thyrsiflorus,ForestWetRich
162208,Rumex thyrsiflorus,ForestWetRich
162209,Rumex thyrsiflorus,ForestWetRich
162210,Rumex thyrsiflorus,ForestWetRich
162211,Rumex thyrsiflorus,ForestWetRich
162212,Rumex thyrsiflorus,ForestWetRich
162213,Rumex thyrsiflorus,ForestWetRich
162214,Rumex thyrsiflorus,ForestWetRich
162215,Rumex thyrsiflorus,ForestWetRich
162216,Rumex thyrsiflorus,ForestWetRich
162217,Rumex thyrsiflorus,ForestWetRich
162218,Rumex thyrsiflorus,ForestWetRich
162219,Rumex thyrsiflorus,ForestWetRich
162220,Rumex thyrsiflorus,ForestWetRich
162221,Rumex thyrsiflorus,ForestWetRich
162222,Rumex thyrsiflorus,ForestWetRich
162223,Rumex thyrsiflorus,ForestWetRich
162224,Rumex thyrsiflorus,ForestWetRich
162225,Rumex thyrsiflorus,ForestWetRich
162226,Rumex thyrsiflorus,ForestWetRich
162766,Rumex thyrsiflorus,ForestWetRich
162767,Rumex thyrsiflorus,ForestWetRich
162768,Rumex thyrsiflorus,ForestWetRich
162769,Rumex thyrsiflorus,ForestWetRich
162770,Rumex thyrsiflorus,ForestWetRich
162771,Rumex thyrsiflorus,ForestWetRich
162772,Rumex thyrsiflorus,ForestWetRich
162773,Rumex thyrsiflorus,ForestWetRich
162774,Rumex thyrsiflorus,ForestWetRich
162775,Rumex thyrsiflorus,ForestWetRich
162776,Rumex thyrsiflorus,ForestWetRich
162777,Rumex thyrsiflorus,ForestWetRich
162778,Rumex thyrsiflorus,ForestWetRich
162779,Rumex thyrsiflorus,ForestWetRich
162780,Rumex thyrsiflorus,ForestWetRich
162781,Rumex thyrsiflorus,ForestWetRich
162782,Rumex thyrsiflorus,ForestWetRich
162783,Rumex thyrsiflorus,ForestWetRich
162784,Rumex thyrsiflorus,ForestWetRich
162785,Rumex thyrsiflorus,ForestWetRich
162786,Rumex thyrsiflorus,ForestWetRich
162787,Rumex thyrsiflorus,ForestWetRich
162788,Rumex thyrsiflorus,ForestWetRich
162789,Rumex thyrsiflorus,ForestWetRich
162790,Rumex thyrsiflorus,ForestWetRich
162791,Rumex thyrsiflorus,ForestWetRich
162792,Rumex thyrsiflorus,ForestWetRich
162793,Rumex thyrsiflorus,ForestWetRich
162794,Rumex thyrsiflorus,ForestWetRich
162795,Rumex thyrsiflorus,ForestWetRich
162796,Rumex thyrsiflorus,ForestWetRich
162797,Rumex thyrsiflorus,ForestWetRich
162798,Rumex thyrsiflorus,ForestWetRich
162799,Rumex thyrsiflorus,ForestWetRich
162800,Rumex thyrsiflorus,ForestWetRich
162801,Rumex thyrsiflorus,ForestWetRich
162802,Rumex thyrsiflorus,ForestWetRich
162803,Rumex thyrsiflorus,ForestWetRich
162804,Rumex thyrsiflorus,ForestWetRich
162805,Rumex thyrsiflorus,ForestWetRich
162806,Rumex thyrsiflorus,ForestWetRich
162807,Rumex thyrsiflorus,ForestWetRich
162808,Rumex thyrsiflorus,ForestWetRich
162809,Rumex thyrsiflorus,ForestWetRich
162810,Rumex thyrsiflorus,ForestWetRich
162811,Rumex thyrsiflorus,ForestWetRich
162812,Rumex thyrsiflorus,ForestWetRich
162813,Rumex thyrsiflorus,ForestWetRich
162814,Rumex thyrsiflorus,ForestWetRich
162815,Rumex thyrsiflorus,ForestWetRich
162816,Rumex thyrsiflorus,ForestWetRich
162817,Rumex thyrsiflorus,ForestWetRich
162818,Rumex thyrsiflorus,ForestWetRich
162819,Rumex thyrsiflorus,ForestWetRich
162820,Rumex thyrsiflorus,ForestWetRich
162821,Rumex thyrsiflorus,ForestWetRich
162822,Rumex thyrsiflorus,ForestWetRich
162823,Rumex thyrsiflorus,ForestWetRich
162824,Rumex thyrsiflorus,ForestWetRich
162825,Rumex thyrsiflorus,ForestWetRich
163365,Rumex thyrsiflorus,ForestWetRich
163366,Rumex thyrsiflorus,ForestWetRich
163367,Rumex thyrsiflorus,ForestWetRich
163368,Rumex thyrsiflorus,ForestWetRich
163369,Rumex thyrsiflorus,ForestWetRich
163370,Rumex thyrsiflorus,ForestWetRich
163371,Rumex thyrsiflorus,ForestWetRich
163372,Rumex thyrsiflorus,ForestWetRich
163373,Rumex thyrsiflorus,ForestWetRich
163374,Rumex thyrsiflorus,ForestWetRich
163375,Rumex thyrsiflorus,ForestWetRich
163376,Rumex thyrsiflorus,ForestWetRich
163377,Rumex thyrsiflorus,ForestWetRich
163378,Rumex thyrsiflorus,ForestWetRich
163379,Rumex thyrsiflorus,ForestWetRich
163380,Rumex thyrsiflorus,ForestWetRich
163381,Rumex thyrsiflorus,ForestWetRich
163382,Rumex thyrsiflorus,ForestWetRich
163383,Rumex thyrsiflorus,ForestWetRich
163384,Rumex thyrsiflorus,ForestWetRich
163385,Rumex thyrsiflorus,ForestWetRich
163386,Rumex thyrsiflorus,ForestWetRich
163387,Rumex thyrsiflorus,ForestWetRich
163388,Rumex thyrsiflorus,ForestWetRich
163389,Rumex thyrsiflorus,ForestWetRich
163390,Rumex thyrsiflorus,ForestWetRich
163391,Rumex thyrsiflorus,ForestWetRich
163392,Rumex thyrsiflorus,ForestWetRich
163393,Rumex thyrsiflorus,ForestWetRich
163394,Rumex thyrsiflorus,ForestWetRich
163395,Rumex thyrsiflorus,ForestWetRich
163396,Rumex thyrsiflorus,ForestWetRich
163397,Rumex thyrsiflorus,ForestWetRich
163398,Rumex thyrsiflorus,ForestWetRich
163399,Rumex thyrsiflorus,ForestWetRich
163400,Rumex thyrsiflorus,ForestWetRich
163401,Rumex thyrsiflorus,ForestWetRich
163402,Rumex thyrsiflorus,ForestWetRich
163403,Rumex thyrsiflorus,ForestWetRich
163404,Rumex thyrsiflorus,ForestWetRich
163405,Rumex thyrsiflorus,ForestWetRich
163406,Rumex thyrsiflorus,ForestWetRich
163407,Rumex thyrsiflorus,ForestWetRich
163408,Rumex thyrsiflorus,ForestWetRich
163409,Rumex thyrsiflorus,ForestWetRich
163410,Rumex thyrsiflorus,ForestWetRich
163411,Rumex thyrsiflorus,ForestWetRich
163412,Rumex thyrsiflorus,ForestWetRich
163413,Rumex thyrsiflorus,ForestWetRich
163414,Rumex thyrsiflorus,ForestWetRich
163415,Rumex thyrsiflorus,ForestWetRich
163416,Rumex thyrsiflorus,ForestWetRich
163417,Rumex thyrsiflorus,ForestWetRich
163418,Rumex thyrsiflorus,ForestWetRich
163419,Rumex thyrsiflorus,ForestWetRich
163420,Rumex thyrsiflorus,ForestWetRich
163421,Rumex thyrsiflorus,ForestWetRich
163422,Rumex thyrsifloru69861,Rumex thyrsiflorus,ForestWetRich
69862,Rumex thyrsiflorus,ForestWetRich
69863,Rumex thyrsiflorus,ForestWetRich
69864,Rumex thyrsiflorus,ForestWetRich
69865,Rumex thyrsiflorus,ForestWetRich
69866,Rumex thyrsiflorus,ForestWetRich
70460,Rumex thyrsiflorus,ForestWetRich
70461,Rumex thyrsiflorus,ForestWetRich
70462,Rumex thyrsiflorus,ForestWetRich
70463,Rumex thyrsiflorus,ForestWetRich
70464,Rumex thyrsiflorus,ForestWetRich
70465,Rumex thyrsiflorus,ForestWetRich
70466,Rumex thyrsiflorus,ForestWetRich
70467,Rumex thyrsiflorus,ForestWetRich
70468,Rumex thyrsiflorus,ForestWetRich
70469,Rumex thyrsiflorus,ForestWetRich
71059,Rumex thyrsiflorus,ForestWetRich
71060,Rumex thyrsiflorus,ForestWetRich
71061,Rumex thyrsiflorus,ForestWetRich
71062,Rumex thyrsiflorus,ForestWetRich
71063,Rumex thyrsiflorus,ForestWetRich
71064,Rumex thyrsiflorus,ForestWetRich
71065,Rumex thyrsiflorus,ForestWetRich
71066,Rumex thyrsiflorus,ForestWetRich
71067,Rumex thyrsiflorus,ForestWetRich
71068,Rumex thyrsiflorus,ForestWetRich
71069,Rumex thyrsiflorus,ForestWetRich
71070,Rumex thyrsiflorus,ForestWetRich
71658,Rumex thyrsiflorus,ForestWetRich
71659,Rumex thyrsiflorus,ForestWetRich
71660,Rumex thyrsiflorus,ForestWetRich
71661,Rumex thyrsiflorus,ForestWetRich
71662,Rumex thyrsiflorus,ForestWetRich
71663,Rumex thyrsiflorus,ForestWetRich
71664,Rumex thyrsiflorus,ForestWetRich
71665,Rumex thyrsiflorus,ForestWetRich
71666,Rumex thyrsiflorus,ForestWetRich
71667,Rumex thyrsiflorus,ForestWetRich
71668,Rumex thyrsiflorus,ForestWetRich
71669,Rumex thyrsiflorus,ForestWetRich
71670,Rumex thyrsiflorus,ForestWetRich
71671,Rumex thyrsiflorus,ForestWetRich
71672,Rumex thyrsiflorus,ForestWetRich
72257,Rumex thyrsiflorus,ForestWetRich
72258,Rumex thyrsiflorus,ForestWetRich
72259,Rumex thyrsiflorus,ForestWetRich
72260,Rumex thyrsiflorus,ForestWetRich
72261,Rumex thyrsiflorus,ForestWetRich
72262,Rumex thyrsiflorus,ForestWetRich
72263,Rumex thyrsiflorus,ForestWetRich
72264,Rumex thyrsiflorus,ForestWetRich
72265,Rumex thyrsiflorus,ForestWetRich
72266,Rumex thyrsiflorus,ForestWetRich
72267,Rumex thyrsiflorus,ForestWetRich
72268,Rumex thyrsiflorus,ForestWetRich
72269,Rumex thyrsiflorus,ForestWetRich
72270,Rumex thyrsiflorus,ForestWetRich
72271,Rumex thyrsiflorus,ForestWetRich
72272,Rumex thyrsiflorus,ForestWetRich
72273,Rumex thyrsiflorus,ForestWetRich
72856,Rumex thyrsiflorus,ForestWetRich
72857,Rumex thyrsiflorus,ForestWetRich
72858,Rumex thyrsiflorus,ForestWetRich
72859,Rumex thyrsiflorus,ForestWetRich
72860,Rumex thyrsiflorus,ForestWetRich
72861,Rumex thyrsiflorus,ForestWetRich
72862,Rumex thyrsiflorus,ForestWetRich
72863,Rumex thyrsiflorus,ForestWetRich
72864,Rumex thyrsiflorus,ForestWetRich
72865,Rumex thyrsiflorus,ForestWetRich
72866,Rumex thyrsiflorus,ForestWetRich
72867,Rumex thyrsiflorus,ForestWetRich
72868,Rumex thyrsiflorus,ForestWetRich
72869,Rumex thyrsiflorus,ForestWetRich
72870,Rumex thyrsiflorus,ForestWetRich
72871,Rumex thyrsiflorus,ForestWetRich
72872,Rumex thyrsiflorus,ForestWetRich
72873,Rumex thyrsiflorus,ForestWetRich
72874,Rumex thyrsiflorus,ForestWetRich
73455,Rumex thyrsiflorus,ForestWetRich
73456,Rumex thyrsiflorus,ForestWetRich
73457,Rumex thyrsiflorus,ForestWetRich
73458,Rumex thyrsiflorus,ForestWetRich
73459,Rumex thyrsiflorus,ForestWetRich
73460,Rumex thyrsiflorus,ForestWetRich
73461,Rumex thyrsiflorus,ForestWetRich
73462,Rumex thyrsiflorus,ForestWetRich
73463,Rumex thyrsiflorus,ForestWetRich
73464,Rumex thyrsiflorus,ForestWetRich
73465,Rumex thyrsiflorus,ForestWetRich
73466,Rumex thyrsiflorus,ForestWetRich
73467,Rumex thyrsiflorus,ForestWetRich
73468,Rumex thyrsiflorus,ForestWetRich
73469,Rumex thyrsiflorus,ForestWetRich
73470,Rumex thyrsiflorus,ForestWetRich
73471,Rumex thyrsiflorus,ForestWetRich
73472,Rumex thyrsiflorus,ForestWetRich
73473,Rumex thyrsiflorus,ForestWetRich
73474,Rumex thyrsiflorus,ForestWetRich
74054,Rumex thyrsiflorus,ForestWetRich
74055,Rumex thyrsiflorus,ForestWetRich
74056,Rumex thyrsiflorus,ForestWetRich
74057,Rumex thyrsiflorus,ForestWetRich
74058,Rumex thyrsiflorus,ForestWetRich
74059,Rumex thyrsiflorus,ForestWetRich
7s,ForestWetRich
163423,Rumex thyrsiflorus,ForestWetRich
163424,Rumex thyrsiflorus,ForestWetRich
163964,Rumex thyrsiflorus,ForestWetRich
163965,Rumex thyrsiflorus,ForestWetRich
163966,Rumex thyrsiflorus,ForestWetRich
163967,Rumex thyrsiflorus,ForestWetRich
163968,Rumex thyrsiflorus,ForestWetRich
163969,Rumex thyrsiflorus,ForestWetRich
163970,Rumex thyrsiflorus,ForestWetRich
163971,Rumex thyrsiflorus,ForestWetRich
163972,Rumex thyrsiflorus,ForestWetRich
163973,Rumex thyrsiflorus,ForestWetRich
163974,Rumex thyrsiflorus,ForestWetRich
163975,Rumex thyrsiflorus,ForestWetRich
163976,Rumex thyrsiflorus,ForestWetRich
163977,Rumex thyrsiflorus,ForestWetRich
163978,Rumex thyrsiflorus,ForestWetRich
163979,Rumex thyrsiflorus,ForestWetRich
163980,Rumex thyrsiflorus,ForestWetRich
163981,Rumex thyrsiflorus,ForestWetRich
163982,Rumex thyrsiflorus,ForestWetRich
163983,Rumex thyrsiflorus,ForestWetRich
163984,Rumex thyrsiflorus,ForestWetRich
163985,Rumex thyrsiflorus,ForestWetRich
163986,Rumex thyrsiflorus,ForestWetRich
163987,Rumex thyrsiflorus,ForestWetRich
163988,Rumex thyrsiflorus,ForestWetRich
163989,Rumex thyrsiflorus,ForestWetRich
163990,Rumex thyrsiflorus,ForestWetRich
163991,Rumex thyrsiflorus,ForestWetRich
163992,Rumex thyrsiflorus,ForestWetRich
163993,Rumex thyrsiflorus,ForestWetRich
163994,Rumex thyrsiflorus,ForestWetRich
163995,Rumex thyrsiflorus,ForestWetRich
163996,Rumex thyrsiflorus,ForestWetRich
163997,Rumex thyrsiflorus,ForestWetRich
163998,Rumex thyrsiflorus,ForestWetRich
163999,Rumex thyrsiflorus,ForestWetRich
164000,Rumex thyrsiflorus,ForestWetRich
164001,Rumex thyrsiflorus,ForestWetRich
164002,Rumex thyrsiflorus,ForestWetRich
164003,Rumex thyrsiflorus,ForestWetRich
164004,Rumex thyrsiflorus,ForestWetRich
164005,Rumex thyrsiflorus,ForestWetRich
164006,Rumex thyrsiflorus,ForestWetRich
164007,Rumex thyrsiflorus,ForestWetRich
164008,Rumex thyrsiflorus,ForestWetRich
164009,Rumex thyrsiflorus,ForestWetRich
164010,Rumex thyrsiflorus,ForestWetRich
164011,Rumex thyrsiflorus,ForestWetRich
164012,Rumex thyrsiflorus,ForestWetRich
164013,Rumex thyrsiflorus,ForestWetRich
164014,Rumex thyrsiflorus,ForestWetRich
164015,Rumex thyrsiflorus,ForestWetRich
164016,Rumex thyrsiflorus,ForestWetRich
164017,Rumex thyrsiflorus,ForestWetRich
164018,Rumex thyrsiflorus,ForestWetRich
164019,Rumex thyrsiflorus,ForestWetRich
164020,Rumex thyrsiflorus,ForestWetRich
164021,Rumex thyrsiflorus,ForestWetRich
164022,Rumex thyrsiflorus,ForestWetRich
164023,Rumex thyrsiflorus,ForestWetRich
164563,Rumex thyrsiflorus,ForestWetRich
164564,Rumex thyrsiflorus,ForestWetRich
164565,Rumex thyrsiflorus,ForestWetRich
164566,Rumex thyrsiflorus,ForestWetRich
164567,Rumex thyrsiflorus,ForestWetRich
164568,Rumex thyrsiflorus,ForestWetRich
164569,Rumex thyrsiflorus,ForestWetRich
164570,Rumex thyrsiflorus,ForestWetRich
164571,Rumex thyrsiflorus,ForestWetRich
164572,Rumex thyrsiflorus,ForestWetRich
164573,Rumex thyrsiflorus,ForestWetRich
164574,Rumex thyrsiflorus,ForestWetRich
164575,Rumex thyrsiflorus,ForestWetRich
164576,Rumex thyrsiflorus,ForestWetRich
164577,Rumex thyrsiflorus,ForestWetRich
164578,Rumex thyrsiflorus,ForestWetRich
164579,Rumex thyrsiflorus,ForestWetRich
164580,Rumex thyrsiflorus,ForestWetRich
164581,Rumex thyrsiflorus,ForestWetRich
164582,Rumex thyrsiflorus,ForestWetRich
164583,Rumex thyrsiflorus,ForestWetRich
164584,Rumex thyrsiflorus,ForestWetRich
164585,Rumex thyrsiflorus,ForestWetRich
164586,Rumex thyrsiflorus,ForestWetRich
164587,Rumex thyrsiflorus,ForestWetRich
164588,Rumex thyrsiflorus,ForestWetRich
164589,Rumex thyrsiflorus,ForestWetRich
164590,Rumex thyrsiflorus,ForestWetRich
164591,Rumex thyrsiflorus,ForestWetRich
164592,Rumex thyrsiflorus,ForestWetRich
164593,Rumex thyrsiflorus,ForestWetRich
164594,Rumex thyrsiflorus,ForestWetRich
164595,Rumex thyrsiflorus,ForestWetRich
164596,Rumex thyrsiflorus,ForestWetRich
164597,Rumex thyrsiflorus,ForestWetRich
164598,Rumex thyrsiflorus,ForestWetRich
164599,Rumex thyrsiflorus,ForestWetRich
164600,Rumex thyrsiflorus,ForestWetRich
164601,Rumex thyrsiflorus,ForestWetRich
164602,Rumex thyrsiflorus,ForestWetRich
4060,Rumex thyrsiflorus,ForestWetRich
74061,Rumex thyrsiflorus,ForestWetRich
74062,Rumex thyrsiflorus,ForestWetRich
74063,Rumex thyrsiflorus,ForestWetRich
74064,Rumex thyrsiflorus,ForestWetRich
74065,Rumex thyrsiflorus,ForestWetRich
74066,Rumex thyrsiflorus,ForestWetRich
74067,Rumex thyrsiflorus,ForestWetRich
74068,Rumex thyrsiflorus,ForestWetRich
74069,Rumex thyrsiflorus,ForestWetRich
74070,Rumex thyrsiflorus,ForestWetRich
74071,Rumex thyrsiflorus,ForestWetRich
74072,Rumex thyrsiflorus,ForestWetRich
74073,Rumex thyrsiflorus,ForestWetRich
74653,Rumex thyrsiflorus,ForestWetRich
74654,Rumex thyrsiflorus,ForestWetRich
74655,Rumex thyrsiflorus,ForestWetRich
74656,Rumex thyrsiflorus,ForestWetRich
74657,Rumex thyrsiflorus,ForestWetRich
74658,Rumex thyrsiflorus,ForestWetRich
74659,Rumex thyrsiflorus,ForestWetRich
74660,Rumex thyrsiflorus,ForestWetRich
74661,Rumex thyrsiflorus,ForestWetRich
74662,Rumex thyrsiflorus,ForestWetRich
74663,Rumex thyrsiflorus,ForestWetRich
74664,Rumex thyrsiflorus,ForestWetRich
74665,Rumex thyrsiflorus,ForestWetRich
74666,Rumex thyrsiflorus,ForestWetRich
74667,Rumex thyrsiflorus,ForestWetRich
74668,Rumex thyrsiflorus,ForestWetRich
74669,Rumex thyrsiflorus,ForestWetRich
74670,Rumex thyrsiflorus,ForestWetRich
74671,Rumex thyrsiflorus,ForestWetRich
74672,Rumex thyrsiflorus,ForestWetRich
75252,Rumex thyrsiflorus,ForestWetRich
75253,Rumex thyrsiflorus,ForestWetRich
75254,Rumex thyrsiflorus,ForestWetRich
75255,Rumex thyrsiflorus,ForestWetRich
75256,Rumex thyrsiflorus,ForestWetRich
75257,Rumex thyrsiflorus,ForestWetRich
75258,Rumex thyrsiflorus,ForestWetRich
75259,Rumex thyrsiflorus,ForestWetRich
75260,Rumex thyrsiflorus,ForestWetRich
75261,Rumex thyrsiflorus,ForestWetRich
75262,Rumex thyrsiflorus,ForestWetRich
75263,Rumex thyrsiflorus,ForestWetRich
75264,Rumex thyrsiflorus,ForestWetRich
75265,Rumex thyrsiflorus,ForestWetRich
75266,Rumex thyrsiflorus,ForestWetRich
75267,Rumex thyrsiflorus,ForestWetRich
75268,Rumex thyrsiflorus,ForestWetRich
75269,Rumex thyrsiflorus,ForestWetRich
75270,Rumex thyrsiflorus,ForestWetRich
75271,Rumex thyrsiflorus,ForestWetRich
75851,Rumex thyrsiflorus,ForestWetRich
75852,Rumex thyrsiflorus,ForestWetRich
75853,Rumex thyrsiflorus,ForestWetRich
75854,Rumex thyrsiflorus,ForestWetRich
75855,Rumex thyrsiflorus,ForestWetRich
75856,Rumex thyrsiflorus,ForestWetRich
75857,Rumex thyrsiflorus,ForestWetRich
75858,Rumex thyrsiflorus,ForestWetRich
75859,Rumex thyrsiflorus,ForestWetRich
75860,Rumex thyrsiflorus,ForestWetRich
75861,Rumex thyrsiflorus,ForestWetRich
75862,Rumex thyrsiflorus,ForestWetRich
75863,Rumex thyrsiflorus,ForestWetRich
75864,Rumex thyrsiflorus,ForestWetRich
75865,Rumex thyrsiflorus,ForestWetRich
75866,Rumex thyrsiflorus,ForestWetRich
75867,Rumex thyrsiflorus,ForestWetRich
75868,Rumex thyrsiflorus,ForestWetRich
75869,Rumex thyrsiflorus,ForestWetRich
75870,Rumex thyrsiflorus,ForestWetRich
76450,Rumex thyrsiflorus,ForestWetRich
76451,Rumex thyrsiflorus,ForestWetRich
76452,Rumex thyrsiflorus,ForestWetRich
76453,Rumex thyrsiflorus,ForestWetRich
76454,Rumex thyrsiflorus,ForestWetRich
76455,Rumex thyrsiflorus,ForestWetRich
76456,Rumex thyrsiflorus,ForestWetRich
76457,Rumex thyrsiflorus,ForestWetRich
76458,Rumex thyrsiflorus,ForestWetRich
76459,Rumex thyrsiflorus,ForestWetRich
76460,Rumex thyrsiflorus,ForestWetRich
76461,Rumex thyrsiflorus,ForestWetRich
76462,Rumex thyrsiflorus,ForestWetRich
76463,Rumex thyrsiflorus,ForestWetRich
76464,Rumex thyrsiflorus,ForestWetRich
76465,Rumex thyrsiflorus,ForestWetRich
76466,Rumex thyrsiflorus,ForestWetRich
76467,Rumex thyrsiflorus,ForestWetRich
76468,Rumex thyrsiflorus,ForestWetRich
76469,Rumex thyrsiflorus,ForestWetRich
77049,Rumex thyrsiflorus,ForestWetRich
77050,Rumex thyrsiflorus,ForestWetRich
77051,Rumex thyrsiflorus,ForestWetRich
77052,Rumex thyrsiflorus,ForestWetRich
77053,Rumex thyrsiflorus,ForestWetRich
77054,Rumex thyrsiflorus,ForestWetRich
77055,Rumex thyrsiflorus,ForestWetRich
77056,Rumex thyrsiflorus,ForestWetRich
77057,Rumex thyrsiflorus,ForestWetRich
77058,Rumex thyrsiflorus,ForestWetRich
77059,Rumex thyrsiflorus,ForestWetRich
77164603,Rumex thyrsiflorus,ForestWetRich
164604,Rumex thyrsiflorus,ForestWetRich
164605,Rumex thyrsiflorus,ForestWetRich
164606,Rumex thyrsiflorus,ForestWetRich
164607,Rumex thyrsiflorus,ForestWetRich
164608,Rumex thyrsiflorus,ForestWetRich
164609,Rumex thyrsiflorus,ForestWetRich
164610,Rumex thyrsiflorus,ForestWetRich
164611,Rumex thyrsiflorus,ForestWetRich
164612,Rumex thyrsiflorus,ForestWetRich
164613,Rumex thyrsiflorus,ForestWetRich
164614,Rumex thyrsiflorus,ForestWetRich
164615,Rumex thyrsiflorus,ForestWetRich
164616,Rumex thyrsiflorus,ForestWetRich
164617,Rumex thyrsiflorus,ForestWetRich
164618,Rumex thyrsiflorus,ForestWetRich
164619,Rumex thyrsiflorus,ForestWetRich
164620,Rumex thyrsiflorus,ForestWetRich
164621,Rumex thyrsiflorus,ForestWetRich
165162,Rumex thyrsiflorus,ForestWetRich
165163,Rumex thyrsiflorus,ForestWetRich
165164,Rumex thyrsiflorus,ForestWetRich
165165,Rumex thyrsiflorus,ForestWetRich
165166,Rumex thyrsiflorus,ForestWetRich
165167,Rumex thyrsiflorus,ForestWetRich
165168,Rumex thyrsiflorus,ForestWetRich
165169,Rumex thyrsiflorus,ForestWetRich
165170,Rumex thyrsiflorus,ForestWetRich
165171,Rumex thyrsiflorus,ForestWetRich
165172,Rumex thyrsiflorus,ForestWetRich
165173,Rumex thyrsiflorus,ForestWetRich
165174,Rumex thyrsiflorus,ForestWetRich
165175,Rumex thyrsiflorus,ForestWetRich
165176,Rumex thyrsiflorus,ForestWetRich
165177,Rumex thyrsiflorus,ForestWetRich
165178,Rumex thyrsiflorus,ForestWetRich
165179,Rumex thyrsiflorus,ForestWetRich
165180,Rumex thyrsiflorus,ForestWetRich
165181,Rumex thyrsiflorus,ForestWetRich
165182,Rumex thyrsiflorus,ForestWetRich
165183,Rumex thyrsiflorus,ForestWetRich
165184,Rumex thyrsiflorus,ForestWetRich
165185,Rumex thyrsiflorus,ForestWetRich
165186,Rumex thyrsiflorus,ForestWetRich
165187,Rumex thyrsiflorus,ForestWetRich
165188,Rumex thyrsiflorus,ForestWetRich
165189,Rumex thyrsiflorus,ForestWetRich
165190,Rumex thyrsiflorus,ForestWetRich
165191,Rumex thyrsiflorus,ForestWetRich
165192,Rumex thyrsiflorus,ForestWetRich
165193,Rumex thyrsiflorus,ForestWetRich
165194,Rumex thyrsiflorus,ForestWetRich
165195,Rumex thyrsiflorus,ForestWetRich
165196,Rumex thyrsiflorus,ForestWetRich
165197,Rumex thyrsiflorus,ForestWetRich
165198,Rumex thyrsiflorus,ForestWetRich
165199,Rumex thyrsiflorus,ForestWetRich
165200,Rumex thyrsiflorus,ForestWetRich
165201,Rumex thyrsiflorus,ForestWetRich
165202,Rumex thyrsiflorus,ForestWetRich
165203,Rumex thyrsiflorus,ForestWetRich
165204,Rumex thyrsiflorus,ForestWetRich
165205,Rumex thyrsiflorus,ForestWetRich
165206,Rumex thyrsiflorus,ForestWetRich
165207,Rumex thyrsiflorus,ForestWetRich
165208,Rumex thyrsiflorus,ForestWetRich
165209,Rumex thyrsiflorus,ForestWetRich
165210,Rumex thyrsiflorus,ForestWetRich
165211,Rumex thyrsiflorus,ForestWetRich
165212,Rumex thyrsiflorus,ForestWetRich
165213,Rumex thyrsiflorus,ForestWetRich
165214,Rumex thyrsiflorus,ForestWetRich
165215,Rumex thyrsiflorus,ForestWetRich
165216,Rumex thyrsiflorus,ForestWetRich
165217,Rumex thyrsiflorus,ForestWetRich
165218,Rumex thyrsiflorus,ForestWetRich
165219,Rumex thyrsiflorus,ForestWetRich
165220,Rumex thyrsiflorus,ForestWetRich
165761,Rumex thyrsiflorus,ForestWetRich
165762,Rumex thyrsiflorus,ForestWetRich
165763,Rumex thyrsiflorus,ForestWetRich
165764,Rumex thyrsiflorus,ForestWetRich
165765,Rumex thyrsiflorus,ForestWetRich
165766,Rumex thyrsiflorus,ForestWetRich
165767,Rumex thyrsiflorus,ForestWetRich
165768,Rumex thyrsiflorus,ForestWetRich
165769,Rumex thyrsiflorus,ForestWetRich
165770,Rumex thyrsiflorus,ForestWetRich
165771,Rumex thyrsiflorus,ForestWetRich
165772,Rumex thyrsiflorus,ForestWetRich
165773,Rumex thyrsiflorus,ForestWetRich
165774,Rumex thyrsiflorus,ForestWetRich
165775,Rumex thyrsiflorus,ForestWetRich
165776,Rumex thyrsiflorus,ForestWetRich
165777,Rumex thyrsiflorus,ForestWetRich
165778,Rumex thyrsiflorus,ForestWetRich
165779,Rumex thyrsiflorus,ForestWetRich
165780,Rumex thyrsiflorus,ForestWetRich
165781,Rumex thyrsiflorus,ForestWetRich
165782,Rumex thyrsiflorus,ForestWetRich
165783,Rumex thyrsiflorus,ForestWetRich
165784,Rumex thyrsiflorus,ForestWetRich
165785,Rumex thy060,Rumex thyrsiflorus,ForestWetRich
77061,Rumex thyrsiflorus,ForestWetRich
77062,Rumex thyrsiflorus,ForestWetRich
77063,Rumex thyrsiflorus,ForestWetRich
77064,Rumex thyrsiflorus,ForestWetRich
77065,Rumex thyrsiflorus,ForestWetRich
77066,Rumex thyrsiflorus,ForestWetRich
77067,Rumex thyrsiflorus,ForestWetRich
77068,Rumex thyrsiflorus,ForestWetRich
77607,Rumex thyrsiflorus,ForestWetRich
77648,Rumex thyrsiflorus,ForestWetRich
77649,Rumex thyrsiflorus,ForestWetRich
77650,Rumex thyrsiflorus,ForestWetRich
77651,Rumex thyrsiflorus,ForestWetRich
77652,Rumex thyrsiflorus,ForestWetRich
77653,Rumex thyrsiflorus,ForestWetRich
77654,Rumex thyrsiflorus,ForestWetRich
77655,Rumex thyrsiflorus,ForestWetRich
77656,Rumex thyrsiflorus,ForestWetRich
77657,Rumex thyrsiflorus,ForestWetRich
77658,Rumex thyrsiflorus,ForestWetRich
77659,Rumex thyrsiflorus,ForestWetRich
77660,Rumex thyrsiflorus,ForestWetRich
77661,Rumex thyrsiflorus,ForestWetRich
77662,Rumex thyrsiflorus,ForestWetRich
77663,Rumex thyrsiflorus,ForestWetRich
77664,Rumex thyrsiflorus,ForestWetRich
77665,Rumex thyrsiflorus,ForestWetRich
77666,Rumex thyrsiflorus,ForestWetRich
77667,Rumex thyrsiflorus,ForestWetRich
78205,Rumex thyrsiflorus,ForestWetRich
78206,Rumex thyrsiflorus,ForestWetRich
78247,Rumex thyrsiflorus,ForestWetRich
78248,Rumex thyrsiflorus,ForestWetRich
78249,Rumex thyrsiflorus,ForestWetRich
78250,Rumex thyrsiflorus,ForestWetRich
78251,Rumex thyrsiflorus,ForestWetRich
78252,Rumex thyrsiflorus,ForestWetRich
78253,Rumex thyrsiflorus,ForestWetRich
78254,Rumex thyrsiflorus,ForestWetRich
78255,Rumex thyrsiflorus,ForestWetRich
78256,Rumex thyrsiflorus,ForestWetRich
78257,Rumex thyrsiflorus,ForestWetRich
78258,Rumex thyrsiflorus,ForestWetRich
78259,Rumex thyrsiflorus,ForestWetRich
78260,Rumex thyrsiflorus,ForestWetRich
78261,Rumex thyrsiflorus,ForestWetRich
78262,Rumex thyrsiflorus,ForestWetRich
78263,Rumex thyrsiflorus,ForestWetRich
78264,Rumex thyrsiflorus,ForestWetRich
78265,Rumex thyrsiflorus,ForestWetRich
78266,Rumex thyrsiflorus,ForestWetRich
78804,Rumex thyrsiflorus,ForestWetRich
78805,Rumex thyrsiflorus,ForestWetRich
78846,Rumex thyrsiflorus,ForestWetRich
78847,Rumex thyrsiflorus,ForestWetRich
78848,Rumex thyrsiflorus,ForestWetRich
78849,Rumex thyrsiflorus,ForestWetRich
78850,Rumex thyrsiflorus,ForestWetRich
78851,Rumex thyrsiflorus,ForestWetRich
78852,Rumex thyrsiflorus,ForestWetRich
78853,Rumex thyrsiflorus,ForestWetRich
78854,Rumex thyrsiflorus,ForestWetRich
78855,Rumex thyrsiflorus,ForestWetRich
78856,Rumex thyrsiflorus,ForestWetRich
78857,Rumex thyrsiflorus,ForestWetRich
78858,Rumex thyrsiflorus,ForestWetRich
78859,Rumex thyrsiflorus,ForestWetRich
78860,Rumex thyrsiflorus,ForestWetRich
78861,Rumex thyrsiflorus,ForestWetRich
78862,Rumex thyrsiflorus,ForestWetRich
78863,Rumex thyrsiflorus,ForestWetRich
78864,Rumex thyrsiflorus,ForestWetRich
78865,Rumex thyrsiflorus,ForestWetRich
79402,Rumex thyrsiflorus,ForestWetRich
79403,Rumex thyrsiflorus,ForestWetRich
79404,Rumex thyrsiflorus,ForestWetRich
79445,Rumex thyrsiflorus,ForestWetRich
79446,Rumex thyrsiflorus,ForestWetRich
79447,Rumex thyrsiflorus,ForestWetRich
79448,Rumex thyrsiflorus,ForestWetRich
79449,Rumex thyrsiflorus,ForestWetRich
79450,Rumex thyrsiflorus,ForestWetRich
79451,Rumex thyrsiflorus,ForestWetRich
79452,Rumex thyrsiflorus,ForestWetRich
79453,Rumex thyrsiflorus,ForestWetRich
79454,Rumex thyrsiflorus,ForestWetRich
79455,Rumex thyrsiflorus,ForestWetRich
79456,Rumex thyrsiflorus,ForestWetRich
79457,Rumex thyrsiflorus,ForestWetRich
79458,Rumex thyrsiflorus,ForestWetRich
79459,Rumex thyrsiflorus,ForestWetRich
79460,Rumex thyrsiflorus,ForestWetRich
79461,Rumex thyrsiflorus,ForestWetRich
79462,Rumex thyrsiflorus,ForestWetRich
79463,Rumex thyrsiflorus,ForestWetRich
79464,Rumex thyrsiflorus,ForestWetRich
80000,Rumex thyrsiflorus,ForestWetRich
80001,Rumex thyrsiflorus,ForestWetRich
80002,Rumex thyrsiflorus,ForestWetRich
80003,Rumex thyrsiflorus,ForestWetRich
80044,Rumex thyrsiflorus,ForestWetRich
80045,Rumex thyrsiflorus,ForestWetRich
80046,Rumex thyrsiflorus,ForestWetRich
80047,Rumex thyrsiflorus,ForestWetRich
800rsiflorus,ForestWetRich
165786,Rumex thyrsiflorus,ForestWetRich
165787,Rumex thyrsiflorus,ForestWetRich
165788,Rumex thyrsiflorus,ForestWetRich
165789,Rumex thyrsiflorus,ForestWetRich
165790,Rumex thyrsiflorus,ForestWetRich
165791,Rumex thyrsiflorus,ForestWetRich
165792,Rumex thyrsiflorus,ForestWetRich
165793,Rumex thyrsiflorus,ForestWetRich
165794,Rumex thyrsiflorus,ForestWetRich
165795,Rumex thyrsiflorus,ForestWetRich
165796,Rumex thyrsiflorus,ForestWetRich
165797,Rumex thyrsiflorus,ForestWetRich
165798,Rumex thyrsiflorus,ForestWetRich
165799,Rumex thyrsiflorus,ForestWetRich
165800,Rumex thyrsiflorus,ForestWetRich
165801,Rumex thyrsiflorus,ForestWetRich
165802,Rumex thyrsiflorus,ForestWetRich
165803,Rumex thyrsiflorus,ForestWetRich
165804,Rumex thyrsiflorus,ForestWetRich
165805,Rumex thyrsiflorus,ForestWetRich
165806,Rumex thyrsiflorus,ForestWetRich
165807,Rumex thyrsiflorus,ForestWetRich
165808,Rumex thyrsiflorus,ForestWetRich
165809,Rumex thyrsiflorus,ForestWetRich
165810,Rumex thyrsiflorus,ForestWetRich
165811,Rumex thyrsiflorus,ForestWetRich
165812,Rumex thyrsiflorus,ForestWetRich
165813,Rumex thyrsiflorus,ForestWetRich
165814,Rumex thyrsiflorus,ForestWetRich
165815,Rumex thyrsiflorus,ForestWetRich
165816,Rumex thyrsiflorus,ForestWetRich
165817,Rumex thyrsiflorus,ForestWetRich
165818,Rumex thyrsiflorus,ForestWetRich
166360,Rumex thyrsiflorus,ForestWetRich
166361,Rumex thyrsiflorus,ForestWetRich
166362,Rumex thyrsiflorus,ForestWetRich
166363,Rumex thyrsiflorus,ForestWetRich
166364,Rumex thyrsiflorus,ForestWetRich
166365,Rumex thyrsiflorus,ForestWetRich
166366,Rumex thyrsiflorus,ForestWetRich
166367,Rumex thyrsiflorus,ForestWetRich
166368,Rumex thyrsiflorus,ForestWetRich
166369,Rumex thyrsiflorus,ForestWetRich
166370,Rumex thyrsiflorus,ForestWetRich
166371,Rumex thyrsiflorus,ForestWetRich
166372,Rumex thyrsiflorus,ForestWetRich
166373,Rumex thyrsiflorus,ForestWetRich
166374,Rumex thyrsiflorus,ForestWetRich
166375,Rumex thyrsiflorus,ForestWetRich
166376,Rumex thyrsiflorus,ForestWetRich
166377,Rumex thyrsiflorus,ForestWetRich
166378,Rumex thyrsiflorus,ForestWetRich
166379,Rumex thyrsiflorus,ForestWetRich
166380,Rumex thyrsiflorus,ForestWetRich
166381,Rumex thyrsiflorus,ForestWetRich
166382,Rumex thyrsiflorus,ForestWetRich
166383,Rumex thyrsiflorus,ForestWetRich
166384,Rumex thyrsiflorus,ForestWetRich
166385,Rumex thyrsiflorus,ForestWetRich
166386,Rumex thyrsiflorus,ForestWetRich
166387,Rumex thyrsiflorus,ForestWetRich
166388,Rumex thyrsiflorus,ForestWetRich
166389,Rumex thyrsiflorus,ForestWetRich
166390,Rumex thyrsiflorus,ForestWetRich
166391,Rumex thyrsiflorus,ForestWetRich
166392,Rumex thyrsiflorus,ForestWetRich
166393,Rumex thyrsiflorus,ForestWetRich
166394,Rumex thyrsiflorus,ForestWetRich
166395,Rumex thyrsiflorus,ForestWetRich
166396,Rumex thyrsiflorus,ForestWetRich
166397,Rumex thyrsiflorus,ForestWetRich
166398,Rumex thyrsiflorus,ForestWetRich
166399,Rumex thyrsiflorus,ForestWetRich
166400,Rumex thyrsiflorus,ForestWetRich
166401,Rumex thyrsiflorus,ForestWetRich
166402,Rumex thyrsiflorus,ForestWetRich
166403,Rumex thyrsiflorus,ForestWetRich
166404,Rumex thyrsiflorus,ForestWetRich
166405,Rumex thyrsiflorus,ForestWetRich
166406,Rumex thyrsiflorus,ForestWetRich
166407,Rumex thyrsiflorus,ForestWetRich
166408,Rumex thyrsiflorus,ForestWetRich
166409,Rumex thyrsiflorus,ForestWetRich
166410,Rumex thyrsiflorus,ForestWetRich
166411,Rumex thyrsiflorus,ForestWetRich
166412,Rumex thyrsiflorus,ForestWetRich
166413,Rumex thyrsiflorus,ForestWetRich
166414,Rumex thyrsiflorus,ForestWetRich
166415,Rumex thyrsiflorus,ForestWetRich
166416,Rumex thyrsiflorus,ForestWetRich
166959,Rumex thyrsiflorus,ForestWetRich
166960,Rumex thyrsiflorus,ForestWetRich
166961,Rumex thyrsiflorus,ForestWetRich
166962,Rumex thyrsiflorus,ForestWetRich
166963,Rumex thyrsiflorus,ForestWetRich
166964,Rumex thyrsiflorus,ForestWetRich
166965,Rumex thyrsiflorus,ForestWetRich
166966,Rumex thyrsiflorus,ForestWetRich
166967,Rumex thyrsiflorus,ForestWetRich
166968,Rumex thyrsiflorus,ForestWetRich
166969,Rumex thyrsiflorus,ForestWetRich
166970,Rumex thyrsiflorus,Forest48,Rumex thyrsiflorus,ForestWetRich
80049,Rumex thyrsiflorus,ForestWetRich
80050,Rumex thyrsiflorus,ForestWetRich
80051,Rumex thyrsiflorus,ForestWetRich
80052,Rumex thyrsiflorus,ForestWetRich
80053,Rumex thyrsiflorus,ForestWetRich
80054,Rumex thyrsiflorus,ForestWetRich
80055,Rumex thyrsiflorus,ForestWetRich
80056,Rumex thyrsiflorus,ForestWetRich
80057,Rumex thyrsiflorus,ForestWetRich
80058,Rumex thyrsiflorus,ForestWetRich
80059,Rumex thyrsiflorus,ForestWetRich
80060,Rumex thyrsiflorus,ForestWetRich
80061,Rumex thyrsiflorus,ForestWetRich
80062,Rumex thyrsiflorus,ForestWetRich
80063,Rumex thyrsiflorus,ForestWetRich
80598,Rumex thyrsiflorus,ForestWetRich
80599,Rumex thyrsiflorus,ForestWetRich
80600,Rumex thyrsiflorus,ForestWetRich
80601,Rumex thyrsiflorus,ForestWetRich
80602,Rumex thyrsiflorus,ForestWetRich
80643,Rumex thyrsiflorus,ForestWetRich
80644,Rumex thyrsiflorus,ForestWetRich
80645,Rumex thyrsiflorus,ForestWetRich
80646,Rumex thyrsiflorus,ForestWetRich
80647,Rumex thyrsiflorus,ForestWetRich
80648,Rumex thyrsiflorus,ForestWetRich
80649,Rumex thyrsiflorus,ForestWetRich
80650,Rumex thyrsiflorus,ForestWetRich
80651,Rumex thyrsiflorus,ForestWetRich
80652,Rumex thyrsiflorus,ForestWetRich
80653,Rumex thyrsiflorus,ForestWetRich
80654,Rumex thyrsiflorus,ForestWetRich
80655,Rumex thyrsiflorus,ForestWetRich
80656,Rumex thyrsiflorus,ForestWetRich
80657,Rumex thyrsiflorus,ForestWetRich
80658,Rumex thyrsiflorus,ForestWetRich
80659,Rumex thyrsiflorus,ForestWetRich
80660,Rumex thyrsiflorus,ForestWetRich
80661,Rumex thyrsiflorus,ForestWetRich
80662,Rumex thyrsiflorus,ForestWetRich
81196,Rumex thyrsiflorus,ForestWetRich
81197,Rumex thyrsiflorus,ForestWetRich
81198,Rumex thyrsiflorus,ForestWetRich
81199,Rumex thyrsiflorus,ForestWetRich
81200,Rumex thyrsiflorus,ForestWetRich
81201,Rumex thyrsiflorus,ForestWetRich
81242,Rumex thyrsiflorus,ForestWetRich
81243,Rumex thyrsiflorus,ForestWetRich
81244,Rumex thyrsiflorus,ForestWetRich
81245,Rumex thyrsiflorus,ForestWetRich
81246,Rumex thyrsiflorus,ForestWetRich
81247,Rumex thyrsiflorus,ForestWetRich
81248,Rumex thyrsiflorus,ForestWetRich
81249,Rumex thyrsiflorus,ForestWetRich
81250,Rumex thyrsiflorus,ForestWetRich
81251,Rumex thyrsiflorus,ForestWetRich
81252,Rumex thyrsiflorus,ForestWetRich
81253,Rumex thyrsiflorus,ForestWetRich
81254,Rumex thyrsiflorus,ForestWetRich
81255,Rumex thyrsiflorus,ForestWetRich
81256,Rumex thyrsiflorus,ForestWetRich
81257,Rumex thyrsiflorus,ForestWetRich
81258,Rumex thyrsiflorus,ForestWetRich
81259,Rumex thyrsiflorus,ForestWetRich
81260,Rumex thyrsiflorus,ForestWetRich
81261,Rumex thyrsiflorus,ForestWetRich
81794,Rumex thyrsiflorus,ForestWetRich
81795,Rumex thyrsiflorus,ForestWetRich
81796,Rumex thyrsiflorus,ForestWetRich
81797,Rumex thyrsiflorus,ForestWetRich
81798,Rumex thyrsiflorus,ForestWetRich
81799,Rumex thyrsiflorus,ForestWetRich
81800,Rumex thyrsiflorus,ForestWetRich
81841,Rumex thyrsiflorus,ForestWetRich
81842,Rumex thyrsiflorus,ForestWetRich
81843,Rumex thyrsiflorus,ForestWetRich
81844,Rumex thyrsiflorus,ForestWetRich
81845,Rumex thyrsiflorus,ForestWetRich
81846,Rumex thyrsiflorus,ForestWetRich
81847,Rumex thyrsiflorus,ForestWetRich
81848,Rumex thyrsiflorus,ForestWetRich
81849,Rumex thyrsiflorus,ForestWetRich
81850,Rumex thyrsiflorus,ForestWetRich
81851,Rumex thyrsiflorus,ForestWetRich
81852,Rumex thyrsiflorus,ForestWetRich
81853,Rumex thyrsiflorus,ForestWetRich
81854,Rumex thyrsiflorus,ForestWetRich
81855,Rumex thyrsiflorus,ForestWetRich
81856,Rumex thyrsiflorus,ForestWetRich
81857,Rumex thyrsiflorus,ForestWetRich
81858,Rumex thyrsiflorus,ForestWetRich
81859,Rumex thyrsiflorus,ForestWetRich
81860,Rumex thyrsiflorus,ForestWetRich
82393,Rumex thyrsiflorus,ForestWetRich
82394,Rumex thyrsiflorus,ForestWetRich
82395,Rumex thyrsiflorus,ForestWetRich
82396,Rumex thyrsiflorus,ForestWetRich
82397,Rumex thyrsiflorus,ForestWetRich
82398,Rumex thyrsiflorus,ForestWetRich
82399,Rumex thyrsiflorus,ForestWetRich
82440,Rumex thyrsiflorus,ForestWetRich
82441,Rumex thyrsiflorus,ForestWetRich
82442,Rumex thyrsiflorus,ForestWetRich
82443,Rumex thyrsiflorus,ForestWetRich
8244WetRich
166971,Rumex thyrsiflorus,ForestWetRich
166972,Rumex thyrsiflorus,ForestWetRich
166973,Rumex thyrsiflorus,ForestWetRich
166974,Rumex thyrsiflorus,ForestWetRich
166975,Rumex thyrsiflorus,ForestWetRich
166976,Rumex thyrsiflorus,ForestWetRich
166977,Rumex thyrsiflorus,ForestWetRich
166978,Rumex thyrsiflorus,ForestWetRich
166979,Rumex thyrsiflorus,ForestWetRich
166980,Rumex thyrsiflorus,ForestWetRich
166981,Rumex thyrsiflorus,ForestWetRich
166982,Rumex thyrsiflorus,ForestWetRich
166983,Rumex thyrsiflorus,ForestWetRich
166984,Rumex thyrsiflorus,ForestWetRich
166985,Rumex thyrsiflorus,ForestWetRich
166986,Rumex thyrsiflorus,ForestWetRich
166987,Rumex thyrsiflorus,ForestWetRich
166988,Rumex thyrsiflorus,ForestWetRich
166989,Rumex thyrsiflorus,ForestWetRich
166990,Rumex thyrsiflorus,ForestWetRich
166991,Rumex thyrsiflorus,ForestWetRich
166992,Rumex thyrsiflorus,ForestWetRich
166993,Rumex thyrsiflorus,ForestWetRich
166994,Rumex thyrsiflorus,ForestWetRich
166995,Rumex thyrsiflorus,ForestWetRich
166996,Rumex thyrsiflorus,ForestWetRich
166997,Rumex thyrsiflorus,ForestWetRich
166998,Rumex thyrsiflorus,ForestWetRich
166999,Rumex thyrsiflorus,ForestWetRich
167000,Rumex thyrsiflorus,ForestWetRich
167001,Rumex thyrsiflorus,ForestWetRich
167002,Rumex thyrsiflorus,ForestWetRich
167003,Rumex thyrsiflorus,ForestWetRich
167004,Rumex thyrsiflorus,ForestWetRich
167005,Rumex thyrsiflorus,ForestWetRich
167006,Rumex thyrsiflorus,ForestWetRich
167007,Rumex thyrsiflorus,ForestWetRich
167008,Rumex thyrsiflorus,ForestWetRich
167009,Rumex thyrsiflorus,ForestWetRich
167010,Rumex thyrsiflorus,ForestWetRich
167011,Rumex thyrsiflorus,ForestWetRich
167012,Rumex thyrsiflorus,ForestWetRich
167013,Rumex thyrsiflorus,ForestWetRich
167014,Rumex thyrsiflorus,ForestWetRich
167015,Rumex thyrsiflorus,ForestWetRich
167558,Rumex thyrsiflorus,ForestWetRich
167559,Rumex thyrsiflorus,ForestWetRich
167560,Rumex thyrsiflorus,ForestWetRich
167561,Rumex thyrsiflorus,ForestWetRich
167562,Rumex thyrsiflorus,ForestWetRich
167563,Rumex thyrsiflorus,ForestWetRich
167564,Rumex thyrsiflorus,ForestWetRich
167565,Rumex thyrsiflorus,ForestWetRich
167566,Rumex thyrsiflorus,ForestWetRich
167567,Rumex thyrsiflorus,ForestWetRich
167568,Rumex thyrsiflorus,ForestWetRich
167569,Rumex thyrsiflorus,ForestWetRich
167570,Rumex thyrsiflorus,ForestWetRich
167571,Rumex thyrsiflorus,ForestWetRich
167572,Rumex thyrsiflorus,ForestWetRich
167573,Rumex thyrsiflorus,ForestWetRich
167574,Rumex thyrsiflorus,ForestWetRich
167575,Rumex thyrsiflorus,ForestWetRich
167576,Rumex thyrsiflorus,ForestWetRich
167577,Rumex thyrsiflorus,ForestWetRich
167578,Rumex thyrsiflorus,ForestWetRich
167579,Rumex thyrsiflorus,ForestWetRich
167580,Rumex thyrsiflorus,ForestWetRich
167581,Rumex thyrsiflorus,ForestWetRich
167582,Rumex thyrsiflorus,ForestWetRich
167583,Rumex thyrsiflorus,ForestWetRich
167584,Rumex thyrsiflorus,ForestWetRich
167585,Rumex thyrsiflorus,ForestWetRich
167586,Rumex thyrsiflorus,ForestWetRich
167587,Rumex thyrsiflorus,ForestWetRich
167588,Rumex thyrsiflorus,ForestWetRich
167589,Rumex thyrsiflorus,ForestWetRich
167590,Rumex thyrsiflorus,ForestWetRich
167591,Rumex thyrsiflorus,ForestWetRich
167592,Rumex thyrsiflorus,ForestWetRich
167593,Rumex thyrsiflorus,ForestWetRich
167594,Rumex thyrsiflorus,ForestWetRich
167595,Rumex thyrsiflorus,ForestWetRich
167596,Rumex thyrsiflorus,ForestWetRich
167597,Rumex thyrsiflorus,ForestWetRich
167598,Rumex thyrsiflorus,ForestWetRich
167599,Rumex thyrsiflorus,ForestWetRich
167600,Rumex thyrsiflorus,ForestWetRich
167601,Rumex thyrsiflorus,ForestWetRich
167602,Rumex thyrsiflorus,ForestWetRich
167603,Rumex thyrsiflorus,ForestWetRich
167604,Rumex thyrsiflorus,ForestWetRich
167605,Rumex thyrsiflorus,ForestWetRich
167606,Rumex thyrsiflorus,ForestWetRich
167607,Rumex thyrsiflorus,ForestWetRich
167608,Rumex thyrsiflorus,ForestWetRich
167609,Rumex thyrsiflorus,ForestWetRich
167610,Rumex thyrsiflorus,ForestWetRich
167611,Rumex thyrsiflorus,ForestWetRich
167612,Rumex thyrsiflorus,ForestWetRich
167613,Rumex thyrsiflorus,ForestWetRich
168157,Rumex thyrsiflorus,ForestWetRich
168158,R4,Rumex thyrsiflorus,ForestWetRich
82445,Rumex thyrsiflorus,ForestWetRich
82446,Rumex thyrsiflorus,ForestWetRich
82447,Rumex thyrsiflorus,ForestWetRich
82448,Rumex thyrsiflorus,ForestWetRich
82449,Rumex thyrsiflorus,ForestWetRich
82450,Rumex thyrsiflorus,ForestWetRich
82451,Rumex thyrsiflorus,ForestWetRich
82452,Rumex thyrsiflorus,ForestWetRich
82453,Rumex thyrsiflorus,ForestWetRich
82454,Rumex thyrsiflorus,ForestWetRich
82455,Rumex thyrsiflorus,ForestWetRich
82456,Rumex thyrsiflorus,ForestWetRich
82457,Rumex thyrsiflorus,ForestWetRich
82458,Rumex thyrsiflorus,ForestWetRich
82459,Rumex thyrsiflorus,ForestWetRich
82991,Rumex thyrsiflorus,ForestWetRich
82992,Rumex thyrsiflorus,ForestWetRich
82993,Rumex thyrsiflorus,ForestWetRich
82994,Rumex thyrsiflorus,ForestWetRich
82995,Rumex thyrsiflorus,ForestWetRich
82996,Rumex thyrsiflorus,ForestWetRich
82997,Rumex thyrsiflorus,ForestWetRich
82998,Rumex thyrsiflorus,ForestWetRich
83039,Rumex thyrsiflorus,ForestWetRich
83040,Rumex thyrsiflorus,ForestWetRich
83041,Rumex thyrsiflorus,ForestWetRich
83042,Rumex thyrsiflorus,ForestWetRich
83043,Rumex thyrsiflorus,ForestWetRich
83044,Rumex thyrsiflorus,ForestWetRich
83045,Rumex thyrsiflorus,ForestWetRich
83046,Rumex thyrsiflorus,ForestWetRich
83047,Rumex thyrsiflorus,ForestWetRich
83048,Rumex thyrsiflorus,ForestWetRich
83049,Rumex thyrsiflorus,ForestWetRich
83050,Rumex thyrsiflorus,ForestWetRich
83051,Rumex thyrsiflorus,ForestWetRich
83052,Rumex thyrsiflorus,ForestWetRich
83053,Rumex thyrsiflorus,ForestWetRich
83054,Rumex thyrsiflorus,ForestWetRich
83055,Rumex thyrsiflorus,ForestWetRich
83056,Rumex thyrsiflorus,ForestWetRich
83057,Rumex thyrsiflorus,ForestWetRich
83058,Rumex thyrsiflorus,ForestWetRich
83590,Rumex thyrsiflorus,ForestWetRich
83591,Rumex thyrsiflorus,ForestWetRich
83592,Rumex thyrsiflorus,ForestWetRich
83593,Rumex thyrsiflorus,ForestWetRich
83594,Rumex thyrsiflorus,ForestWetRich
83595,Rumex thyrsiflorus,ForestWetRich
83596,Rumex thyrsiflorus,ForestWetRich
83597,Rumex thyrsiflorus,ForestWetRich
83638,Rumex thyrsiflorus,ForestWetRich
83639,Rumex thyrsiflorus,ForestWetRich
83640,Rumex thyrsiflorus,ForestWetRich
83641,Rumex thyrsiflorus,ForestWetRich
83642,Rumex thyrsiflorus,ForestWetRich
83643,Rumex thyrsiflorus,ForestWetRich
83644,Rumex thyrsiflorus,ForestWetRich
83645,Rumex thyrsiflorus,ForestWetRich
83646,Rumex thyrsiflorus,ForestWetRich
83647,Rumex thyrsiflorus,ForestWetRich
83648,Rumex thyrsiflorus,ForestWetRich
83649,Rumex thyrsiflorus,ForestWetRich
83650,Rumex thyrsiflorus,ForestWetRich
83651,Rumex thyrsiflorus,ForestWetRich
83652,Rumex thyrsiflorus,ForestWetRich
83653,Rumex thyrsiflorus,ForestWetRich
83654,Rumex thyrsiflorus,ForestWetRich
83655,Rumex thyrsiflorus,ForestWetRich
83656,Rumex thyrsiflorus,ForestWetRich
83657,Rumex thyrsiflorus,ForestWetRich
84188,Rumex thyrsiflorus,ForestWetRich
84189,Rumex thyrsiflorus,ForestWetRich
84190,Rumex thyrsiflorus,ForestWetRich
84191,Rumex thyrsiflorus,ForestWetRich
84192,Rumex thyrsiflorus,ForestWetRich
84193,Rumex thyrsiflorus,ForestWetRich
84194,Rumex thyrsiflorus,ForestWetRich
84195,Rumex thyrsiflorus,ForestWetRich
84196,Rumex thyrsiflorus,ForestWetRich
84237,Rumex thyrsiflorus,ForestWetRich
84238,Rumex thyrsiflorus,ForestWetRich
84239,Rumex thyrsiflorus,ForestWetRich
84240,Rumex thyrsiflorus,ForestWetRich
84241,Rumex thyrsiflorus,ForestWetRich
84242,Rumex thyrsiflorus,ForestWetRich
84243,Rumex thyrsiflorus,ForestWetRich
84244,Rumex thyrsiflorus,ForestWetRich
84245,Rumex thyrsiflorus,ForestWetRich
84246,Rumex thyrsiflorus,ForestWetRich
84247,Rumex thyrsiflorus,ForestWetRich
84248,Rumex thyrsiflorus,ForestWetRich
84249,Rumex thyrsiflorus,ForestWetRich
84250,Rumex thyrsiflorus,ForestWetRich
84251,Rumex thyrsiflorus,ForestWetRich
84252,Rumex thyrsiflorus,ForestWetRich
84253,Rumex thyrsiflorus,ForestWetRich
84254,Rumex thyrsiflorus,ForestWetRich
84255,Rumex thyrsiflorus,ForestWetRich
84256,Rumex thyrsiflorus,ForestWetRich
84786,Rumex thyrsiflorus,ForestWetRich
84787,Rumex thyrsiflorus,ForestWetRich
84788,Rumex thyrsiflorus,ForestWetRich
84789,Rumex thyrsiflorus,ForestWetRich
84790umex thyrsiflorus,ForestWetRich
168159,Rumex thyrsiflorus,ForestWetRich
168160,Rumex thyrsiflorus,ForestWetRich
168161,Rumex thyrsiflorus,ForestWetRich
168162,Rumex thyrsiflorus,ForestWetRich
168163,Rumex thyrsiflorus,ForestWetRich
168164,Rumex thyrsiflorus,ForestWetRich
168165,Rumex thyrsiflorus,ForestWetRich
168166,Rumex thyrsiflorus,ForestWetRich
168167,Rumex thyrsiflorus,ForestWetRich
168168,Rumex thyrsiflorus,ForestWetRich
168169,Rumex thyrsiflorus,ForestWetRich
168170,Rumex thyrsiflorus,ForestWetRich
168171,Rumex thyrsiflorus,ForestWetRich
168172,Rumex thyrsiflorus,ForestWetRich
168173,Rumex thyrsiflorus,ForestWetRich
168174,Rumex thyrsiflorus,ForestWetRich
168175,Rumex thyrsiflorus,ForestWetRich
168176,Rumex thyrsiflorus,ForestWetRich
168177,Rumex thyrsiflorus,ForestWetRich
168178,Rumex thyrsiflorus,ForestWetRich
168179,Rumex thyrsiflorus,ForestWetRich
168180,Rumex thyrsiflorus,ForestWetRich
168181,Rumex thyrsiflorus,ForestWetRich
168182,Rumex thyrsiflorus,ForestWetRich
168183,Rumex thyrsiflorus,ForestWetRich
168184,Rumex thyrsiflorus,ForestWetRich
168185,Rumex thyrsiflorus,ForestWetRich
168186,Rumex thyrsiflorus,ForestWetRich
168187,Rumex thyrsiflorus,ForestWetRich
168188,Rumex thyrsiflorus,ForestWetRich
168189,Rumex thyrsiflorus,ForestWetRich
168190,Rumex thyrsiflorus,ForestWetRich
168191,Rumex thyrsiflorus,ForestWetRich
168192,Rumex thyrsiflorus,ForestWetRich
168193,Rumex thyrsiflorus,ForestWetRich
168194,Rumex thyrsiflorus,ForestWetRich
168195,Rumex thyrsiflorus,ForestWetRich
168196,Rumex thyrsiflorus,ForestWetRich
168197,Rumex thyrsiflorus,ForestWetRich
168198,Rumex thyrsiflorus,ForestWetRich
168199,Rumex thyrsiflorus,ForestWetRich
168200,Rumex thyrsiflorus,ForestWetRich
168201,Rumex thyrsiflorus,ForestWetRich
168202,Rumex thyrsiflorus,ForestWetRich
168203,Rumex thyrsiflorus,ForestWetRich
168204,Rumex thyrsiflorus,ForestWetRich
168205,Rumex thyrsiflorus,ForestWetRich
168206,Rumex thyrsiflorus,ForestWetRich
168207,Rumex thyrsiflorus,ForestWetRich
168208,Rumex thyrsiflorus,ForestWetRich
168209,Rumex thyrsiflorus,ForestWetRich
168210,Rumex thyrsiflorus,ForestWetRich
168211,Rumex thyrsiflorus,ForestWetRich
168756,Rumex thyrsiflorus,ForestWetRich
168757,Rumex thyrsiflorus,ForestWetRich
168758,Rumex thyrsiflorus,ForestWetRich
168759,Rumex thyrsiflorus,ForestWetRich
168760,Rumex thyrsiflorus,ForestWetRich
168761,Rumex thyrsiflorus,ForestWetRich
168762,Rumex thyrsiflorus,ForestWetRich
168763,Rumex thyrsiflorus,ForestWetRich
168764,Rumex thyrsiflorus,ForestWetRich
168765,Rumex thyrsiflorus,ForestWetRich
168766,Rumex thyrsiflorus,ForestWetRich
168767,Rumex thyrsiflorus,ForestWetRich
168768,Rumex thyrsiflorus,ForestWetRich
168769,Rumex thyrsiflorus,ForestWetRich
168770,Rumex thyrsiflorus,ForestWetRich
168771,Rumex thyrsiflorus,ForestWetRich
168772,Rumex thyrsiflorus,ForestWetRich
168773,Rumex thyrsiflorus,ForestWetRich
168774,Rumex thyrsiflorus,ForestWetRich
168775,Rumex thyrsiflorus,ForestWetRich
168776,Rumex thyrsiflorus,ForestWetRich
168777,Rumex thyrsiflorus,ForestWetRich
168778,Rumex thyrsiflorus,ForestWetRich
168779,Rumex thyrsiflorus,ForestWetRich
168780,Rumex thyrsiflorus,ForestWetRich
168781,Rumex thyrsiflorus,ForestWetRich
168782,Rumex thyrsiflorus,ForestWetRich
168783,Rumex thyrsiflorus,ForestWetRich
168784,Rumex thyrsiflorus,ForestWetRich
168785,Rumex thyrsiflorus,ForestWetRich
168786,Rumex thyrsiflorus,ForestWetRich
168787,Rumex thyrsiflorus,ForestWetRich
168788,Rumex thyrsiflorus,ForestWetRich
168789,Rumex thyrsiflorus,ForestWetRich
168790,Rumex thyrsiflorus,ForestWetRich
168791,Rumex thyrsiflorus,ForestWetRich
168792,Rumex thyrsiflorus,ForestWetRich
168793,Rumex thyrsiflorus,ForestWetRich
168794,Rumex thyrsiflorus,ForestWetRich
168795,Rumex thyrsiflorus,ForestWetRich
168796,Rumex thyrsiflorus,ForestWetRich
168797,Rumex thyrsiflorus,ForestWetRich
168798,Rumex thyrsiflorus,ForestWetRich
168799,Rumex thyrsiflorus,ForestWetRich
168800,Rumex thyrsiflorus,ForestWetRich
168801,Rumex thyrsiflorus,ForestWetRich
168802,Rumex thyrsiflorus,ForestWetRich
168803,Rumex thyrsiflorus,ForestWetRich
168804,Rumex thyrsifloru,Rumex thyrsiflorus,ForestWetRich
84791,Rumex thyrsiflorus,ForestWetRich
84792,Rumex thyrsiflorus,ForestWetRich
84793,Rumex thyrsiflorus,ForestWetRich
84794,Rumex thyrsiflorus,ForestWetRich
84795,Rumex thyrsiflorus,ForestWetRich
84836,Rumex thyrsiflorus,ForestWetRich
84837,Rumex thyrsiflorus,ForestWetRich
84838,Rumex thyrsiflorus,ForestWetRich
84839,Rumex thyrsiflorus,ForestWetRich
84840,Rumex thyrsiflorus,ForestWetRich
84841,Rumex thyrsiflorus,ForestWetRich
84842,Rumex thyrsiflorus,ForestWetRich
84843,Rumex thyrsiflorus,ForestWetRich
84844,Rumex thyrsiflorus,ForestWetRich
84845,Rumex thyrsiflorus,ForestWetRich
84846,Rumex thyrsiflorus,ForestWetRich
84847,Rumex thyrsiflorus,ForestWetRich
84848,Rumex thyrsiflorus,ForestWetRich
84849,Rumex thyrsiflorus,ForestWetRich
84850,Rumex thyrsiflorus,ForestWetRich
84851,Rumex thyrsiflorus,ForestWetRich
84852,Rumex thyrsiflorus,ForestWetRich
84853,Rumex thyrsiflorus,ForestWetRich
84854,Rumex thyrsiflorus,ForestWetRich
84855,Rumex thyrsiflorus,ForestWetRich
85385,Rumex thyrsiflorus,ForestWetRich
85386,Rumex thyrsiflorus,ForestWetRich
85387,Rumex thyrsiflorus,ForestWetRich
85388,Rumex thyrsiflorus,ForestWetRich
85389,Rumex thyrsiflorus,ForestWetRich
85390,Rumex thyrsiflorus,ForestWetRich
85391,Rumex thyrsiflorus,ForestWetRich
85392,Rumex thyrsiflorus,ForestWetRich
85393,Rumex thyrsiflorus,ForestWetRich
85394,Rumex thyrsiflorus,ForestWetRich
85435,Rumex thyrsiflorus,ForestWetRich
85436,Rumex thyrsiflorus,ForestWetRich
85437,Rumex thyrsiflorus,ForestWetRich
85438,Rumex thyrsiflorus,ForestWetRich
85439,Rumex thyrsiflorus,ForestWetRich
85440,Rumex thyrsiflorus,ForestWetRich
85441,Rumex thyrsiflorus,ForestWetRich
85442,Rumex thyrsiflorus,ForestWetRich
85443,Rumex thyrsiflorus,ForestWetRich
85444,Rumex thyrsiflorus,ForestWetRich
85445,Rumex thyrsiflorus,ForestWetRich
85446,Rumex thyrsiflorus,ForestWetRich
85447,Rumex thyrsiflorus,ForestWetRich
85448,Rumex thyrsiflorus,ForestWetRich
85449,Rumex thyrsiflorus,ForestWetRich
85450,Rumex thyrsiflorus,ForestWetRich
85451,Rumex thyrsiflorus,ForestWetRich
85452,Rumex thyrsiflorus,ForestWetRich
85453,Rumex thyrsiflorus,ForestWetRich
85454,Rumex thyrsiflorus,ForestWetRich
85983,Rumex thyrsiflorus,ForestWetRich
85984,Rumex thyrsiflorus,ForestWetRich
85985,Rumex thyrsiflorus,ForestWetRich
85986,Rumex thyrsiflorus,ForestWetRich
85987,Rumex thyrsiflorus,ForestWetRich
85988,Rumex thyrsiflorus,ForestWetRich
85989,Rumex thyrsiflorus,ForestWetRich
85990,Rumex thyrsiflorus,ForestWetRich
85991,Rumex thyrsiflorus,ForestWetRich
85992,Rumex thyrsiflorus,ForestWetRich
85993,Rumex thyrsiflorus,ForestWetRich
86034,Rumex thyrsiflorus,ForestWetRich
86035,Rumex thyrsiflorus,ForestWetRich
86036,Rumex thyrsiflorus,ForestWetRich
86037,Rumex thyrsiflorus,ForestWetRich
86038,Rumex thyrsiflorus,ForestWetRich
86039,Rumex thyrsiflorus,ForestWetRich
86040,Rumex thyrsiflorus,ForestWetRich
86041,Rumex thyrsiflorus,ForestWetRich
86042,Rumex thyrsiflorus,ForestWetRich
86043,Rumex thyrsiflorus,ForestWetRich
86044,Rumex thyrsiflorus,ForestWetRich
86045,Rumex thyrsiflorus,ForestWetRich
86046,Rumex thyrsiflorus,ForestWetRich
86047,Rumex thyrsiflorus,ForestWetRich
86048,Rumex thyrsiflorus,ForestWetRich
86049,Rumex thyrsiflorus,ForestWetRich
86050,Rumex thyrsiflorus,ForestWetRich
86051,Rumex thyrsiflorus,ForestWetRich
86052,Rumex thyrsiflorus,ForestWetRich
86053,Rumex thyrsiflorus,ForestWetRich
86582,Rumex thyrsiflorus,ForestWetRich
86583,Rumex thyrsiflorus,ForestWetRich
86584,Rumex thyrsiflorus,ForestWetRich
86585,Rumex thyrsiflorus,ForestWetRich
86586,Rumex thyrsiflorus,ForestWetRich
86587,Rumex thyrsiflorus,ForestWetRich
86588,Rumex thyrsiflorus,ForestWetRich
86589,Rumex thyrsiflorus,ForestWetRich
86590,Rumex thyrsiflorus,ForestWetRich
86591,Rumex thyrsiflorus,ForestWetRich
86592,Rumex thyrsiflorus,ForestWetRich
86593,Rumex thyrsiflorus,ForestWetRich
86594,Rumex thyrsiflorus,ForestWetRich
86595,Rumex thyrsiflorus,ForestWetRich
86596,Rumex thyrsiflorus,ForestWetRich
86597,Rumex thyrsiflorus,ForestWetRich
86598,Rumex thyrsiflorus,ForestWetRich
86599,Rumex thyrsiflorus,ForestWetRich
86600,s,ForestWetRich
168805,Rumex thyrsiflorus,ForestWetRich
168806,Rumex thyrsiflorus,ForestWetRich
168807,Rumex thyrsiflorus,ForestWetRich
168808,Rumex thyrsiflorus,ForestWetRich
168809,Rumex thyrsiflorus,ForestWetRich
169355,Rumex thyrsiflorus,ForestWetRich
169356,Rumex thyrsiflorus,ForestWetRich
169357,Rumex thyrsiflorus,ForestWetRich
169358,Rumex thyrsiflorus,ForestWetRich
169359,Rumex thyrsiflorus,ForestWetRich
169360,Rumex thyrsiflorus,ForestWetRich
169361,Rumex thyrsiflorus,ForestWetRich
169362,Rumex thyrsiflorus,ForestWetRich
169363,Rumex thyrsiflorus,ForestWetRich
169364,Rumex thyrsiflorus,ForestWetRich
169365,Rumex thyrsiflorus,ForestWetRich
169366,Rumex thyrsiflorus,ForestWetRich
169367,Rumex thyrsiflorus,ForestWetRich
169368,Rumex thyrsiflorus,ForestWetRich
169369,Rumex thyrsiflorus,ForestWetRich
169370,Rumex thyrsiflorus,ForestWetRich
169371,Rumex thyrsiflorus,ForestWetRich
169372,Rumex thyrsiflorus,ForestWetRich
169373,Rumex thyrsiflorus,ForestWetRich
169374,Rumex thyrsiflorus,ForestWetRich
169375,Rumex thyrsiflorus,ForestWetRich
169376,Rumex thyrsiflorus,ForestWetRich
169377,Rumex thyrsiflorus,ForestWetRich
169378,Rumex thyrsiflorus,ForestWetRich
169379,Rumex thyrsiflorus,ForestWetRich
169380,Rumex thyrsiflorus,ForestWetRich
169381,Rumex thyrsiflorus,ForestWetRich
169382,Rumex thyrsiflorus,ForestWetRich
169383,Rumex thyrsiflorus,ForestWetRich
169384,Rumex thyrsiflorus,ForestWetRich
169385,Rumex thyrsiflorus,ForestWetRich
169386,Rumex thyrsiflorus,ForestWetRich
169387,Rumex thyrsiflorus,ForestWetRich
169388,Rumex thyrsiflorus,ForestWetRich
169389,Rumex thyrsiflorus,ForestWetRich
169390,Rumex thyrsiflorus,ForestWetRich
169391,Rumex thyrsiflorus,ForestWetRich
169392,Rumex thyrsiflorus,ForestWetRich
169393,Rumex thyrsiflorus,ForestWetRich
169394,Rumex thyrsiflorus,ForestWetRich
169395,Rumex thyrsiflorus,ForestWetRich
169396,Rumex thyrsiflorus,ForestWetRich
169397,Rumex thyrsiflorus,ForestWetRich
169398,Rumex thyrsiflorus,ForestWetRich
169399,Rumex thyrsiflorus,ForestWetRich
169400,Rumex thyrsiflorus,ForestWetRich
169401,Rumex thyrsiflorus,ForestWetRich
169402,Rumex thyrsiflorus,ForestWetRich
169403,Rumex thyrsiflorus,ForestWetRich
169404,Rumex thyrsiflorus,ForestWetRich
169405,Rumex thyrsiflorus,ForestWetRich
169406,Rumex thyrsiflorus,ForestWetRich
169407,Rumex thyrsiflorus,ForestWetRich
169954,Rumex thyrsiflorus,ForestWetRich
169955,Rumex thyrsiflorus,ForestWetRich
169956,Rumex thyrsiflorus,ForestWetRich
169957,Rumex thyrsiflorus,ForestWetRich
169958,Rumex thyrsiflorus,ForestWetRich
169959,Rumex thyrsiflorus,ForestWetRich
169960,Rumex thyrsiflorus,ForestWetRich
169961,Rumex thyrsiflorus,ForestWetRich
169962,Rumex thyrsiflorus,ForestWetRich
169963,Rumex thyrsiflorus,ForestWetRich
169964,Rumex thyrsiflorus,ForestWetRich
169965,Rumex thyrsiflorus,ForestWetRich
169966,Rumex thyrsiflorus,ForestWetRich
169967,Rumex thyrsiflorus,ForestWetRich
169968,Rumex thyrsiflorus,ForestWetRich
169969,Rumex thyrsiflorus,ForestWetRich
169970,Rumex thyrsiflorus,ForestWetRich
169971,Rumex thyrsiflorus,ForestWetRich
169972,Rumex thyrsiflorus,ForestWetRich
169973,Rumex thyrsiflorus,ForestWetRich
169974,Rumex thyrsiflorus,ForestWetRich
169975,Rumex thyrsiflorus,ForestWetRich
169976,Rumex thyrsiflorus,ForestWetRich
169977,Rumex thyrsiflorus,ForestWetRich
169978,Rumex thyrsiflorus,ForestWetRich
169979,Rumex thyrsiflorus,ForestWetRich
169980,Rumex thyrsiflorus,ForestWetRich
169981,Rumex thyrsiflorus,ForestWetRich
169982,Rumex thyrsiflorus,ForestWetRich
169983,Rumex thyrsiflorus,ForestWetRich
169984,Rumex thyrsiflorus,ForestWetRich
169985,Rumex thyrsiflorus,ForestWetRich
169986,Rumex thyrsiflorus,ForestWetRich
169987,Rumex thyrsiflorus,ForestWetRich
169988,Rumex thyrsiflorus,ForestWetRich
169989,Rumex thyrsiflorus,ForestWetRich
169990,Rumex thyrsiflorus,ForestWetRich
169991,Rumex thyrsiflorus,ForestWetRich
169992,Rumex thyrsiflorus,ForestWetRich
169993,Rumex thyrsiflorus,ForestWetRich
169994,Rumex thyrsiflorus,ForestWetRich
169995,Rumex thyrsiflorus,ForestWetRich
169996,Rumex thyrsiflorus,ForestWetRich
169997,Rumex thyrsiflorus,ForestWetRich
169998,Rumex thyrsiflorus,ForestWetRich
169999,Rumex thyrsiflorus,ForestWetRich
170000,Rumex thyrsiflorus,ForestWetRich
170001,Rumex thyrsiflorus,ForestWetRich
170002,Rumex thyrsiflorus,ForestWetRich
170003,Rumex thyrsiflorus,ForestWetRich
170004,Rumex thyrsiflorus,ForestWetRich
170005,Rumex thyrsiflorus,ForestWetRich
170593,Rumex thyrsiflorus,ForestWetRich
170594,Rumex thyrsiflorus,ForestWetRich
170595,Rumex thyrsiflorus,ForestWetRich
170596,Rumex thyrsiflorus,ForestWetRich
170597,Rumex thyrsiflorus,ForestWetRich
170598,Rumex thyrsiflorus,ForestWetRich
170599,Rumex thyrsiflorus,ForestWetRich
170600,Rumex thyrsiflorus,ForestWetRich
170601,Rumex thyrsiflorus,ForestWetRich
170602,Rumex thyrsiflorus,ForestWetRich
170603,Rumex thyrsiflorus,ForestWetRich
171192,Rumex thyrsiflorus,ForestWetRich
171193,Rumex thyrsiflorus,ForestWetRich
171194,Rumex thyrsiflorus,ForestWetRich
171195,Rumex thyrsiflorus,ForestWetRich
171196,Rumex thyrsiflorus,ForestWetRich
171197,Rumex thyrsiflorus,ForestWetRich
171198,Rumex thyrsiflorus,ForestWetRich
171199,Rumex thyrsiflorus,ForestWetRich
171200,Rumex thyrsiflorus,ForestWetRich
171201,Rumex thyrsiflorus,ForestWetRich
171791,Rumex thyrsiflorus,ForestWetRich
171792,Rumex thyrsiflorus,ForestWetRich
171793,Rumex thyrsiflorus,ForestWetRich
171794,Rumex thyrsiflorus,ForestWetRich
171795,Rumex thyrsiflorus,ForestWetRich
171796,Rumex thyrsiflorus,ForestWetRich
171797,Rumex thyrsiflorus,ForestWetRich
171798,Rumex thyrsiflorus,ForestWetRich
171799,Rumex thyrsiflorus,ForestWetRich
172390,Rumex thyrsiflorus,ForestWetRich
172391,Rumex thyrsiflorus,ForestWetRich
172392,Rumex thyrsiflorus,ForestWetRich
172393,Rumex thyrsiflorus,ForestWetRich
172394,Rumex thyrsiflorus,ForestWetRich
172395,Rumex thyrsiflorus,ForestWetRich
172396,Rumex thyrsiflorus,ForestWetRich
172397,Rumex thyrsiflorus,ForestWetRich
172989,Rumex thyrsiflorus,ForestWetRich
172990,Rumex thyrsiflorus,ForestWetRich
172991,Rumex thyrsiflorus,ForestWetRich
172992,Rumex thyrsiflorus,ForestWetRich
172993,Rumex thyrsiflorus,ForestWetRich
172994,Rumex thyrsiflorus,ForestWetRich
172995,Rumex thyrsiflorus,ForestWetRich
173588,Rumex thyrsiflorus,ForestWetRich
173589,Rumex thyrsiflorus,ForestWetRich
173590,Rumex thyrsiflorus,ForestWetRich
173591,Rumex thyrsiflorus,ForestWetRich
173592,Rumex thyrsiflorus,ForestWetRich
174187,Rumex thyrsiflorus,ForestWetRich
174188,Rumex thyrsiflorus,ForestWetRich
174189,Rumex thyrsiflorus,ForestWetRich
174786,Rumex thyrsiflorus,ForestWetRich
174787,Rumex thyrsiflorus,ForestWetRich
Rumex thyrsiflorus,ForestWetRich
86601,Rumex thyrsiflorus,ForestWetRich
86602,Rumex thyrsiflorus,ForestWetRich
86603,Rumex thyrsiflorus,ForestWetRich
86604,Rumex thyrsiflorus,ForestWetRich
86605,Rumex thyrsiflorus,ForestWetRich
86606,Rumex thyrsiflorus,ForestWetRich
86607,Rumex thyrsiflorus,ForestWetRich
86608,Rumex thyrsiflorus,ForestWetRich
86609,Rumex thyrsiflorus,ForestWetRich
86610,Rumex thyrsiflorus,ForestWetRich
86611,Rumex thyrsiflorus,ForestWetRich
86612,Rumex thyrsiflorus,ForestWetRich
86613,Rumex thyrsiflorus,ForestWetRich
86614,Rumex thyrsiflorus,ForestWetRich
86615,Rumex thyrsiflorus,ForestWetRich
86616,Rumex thyrsiflorus,ForestWetRich
86617,Rumex thyrsiflorus,ForestWetRich
86618,Rumex thyrsiflorus,ForestWetRich
86619,Rumex thyrsiflorus,ForestWetRich
86620,Rumex thyrsiflorus,ForestWetRich
86621,Rumex thyrsiflorus,ForestWetRich
86622,Rumex thyrsiflorus,ForestWetRich
86623,Rumex thyrsiflorus,ForestWetRich
86624,Rumex thyrsiflorus,ForestWetRich
86625,Rumex thyrsiflorus,ForestWetRich
86626,Rumex thyrsiflorus,ForestWetRich
86627,Rumex thyrsiflorus,ForestWetRich
86628,Rumex thyrsiflorus,ForestWetRich
86629,Rumex thyrsiflorus,ForestWetRich
86630,Rumex thyrsiflorus,ForestWetRich
86631,Rumex thyrsiflorus,ForestWetRich
86632,Rumex thyrsiflorus,ForestWetRich
87181,Rumex thyrsiflorus,ForestWetRich
87182,Rumex thyrsiflorus,ForestWetRich
87183,Rumex thyrsiflorus,ForestWetRich
87184,Rumex thyrsiflorus,ForestWetRich
87185,Rumex thyrsiflorus,ForestWetRich
87186,Rumex thyrsiflorus,ForestWetRich
87187,Rumex thyrsiflorus,ForestWetRich
87188,Rumex thyrsiflorus,ForestWetRich
87189,Rumex thyrsiflorus,ForestWetRich
87190,Rumex thyrsiflorus,ForestWetRich
87191,Rumex thyrsiflorus,ForestWetRich
87192,Rumex thyrsiflorus,ForestWetRich
87193,Rumex thyrsiflorus,ForestWetRich
87194,Rumex thyrsiflorus,ForestWetRich
87195,Rumex thyrsiflorus,ForestWetRich
87196,Rumex thyrsiflorus,ForestWetRich
87197,Rumex thyrsiflorus,ForestWetRich
87198,Rumex thyrsiflorus,ForestWetRich
87199,Rumex thyrsiflorus,ForestWetRich
87200,Rumex thyrsiflorus,ForestWetRich
87201,Rumex thyrsiflorus,ForestWetRich
87202,Rumex thyrsiflorus,ForestWetRich
87203,Rumex thyrsiflorus,ForestWetRich
87204,Rumex thyrsiflorus,ForestWetRich
87205,Rumex thyrsiflorus,ForestWetRich
87206,Rumex thyrsiflorus,ForestWetRich
87207,Rumex thyrsiflorus,ForestWetRich
87208,Rumex thyrsiflorus,ForestWetRich
87209,Rumex thyrsiflorus,ForestWetRich
87210,Rumex thyrsiflorus,ForestWetRich
87211,Rumex thyrsiflorus,ForestWetRich
87212,Rumex thyrsiflorus,ForestWetRich
87213,Rumex thyrsiflorus,ForestWetRich
87214,Rumex thyrsiflorus,ForestWetRich
87215,Rumex thyrsiflorus,ForestWetRich
87216,Rumex thyrsiflorus,ForestWetRich
87217,Rumex thyrsiflorus,ForestWetRich
87218,Rumex thyrsiflorus,ForestWetRich
87219,Rumex thyrsiflorus,ForestWetRich
87220,Rumex thyrsiflorus,ForestWetRich
87221,Rumex thyrsiflorus,ForestWetRich
87222,Rumex thyrsiflorus,ForestWetRich
87223,Rumex thyrsiflorus,ForestWetRich
87224,Rumex thyrsiflorus,ForestWetRich
87225,Rumex thyrsiflorus,ForestWetRich
87226,Rumex thyrsiflorus,ForestWetRich
87227,Rumex thyrsiflorus,ForestWetRich
87228,Rumex thyrsiflorus,ForestWetRich
87229,Rumex thyrsiflorus,ForestWetRich
87230,Rumex thyrsiflorus,ForestWetRich
87231,Rumex thyrsiflorus,ForestWetRich
87779,Rumex thyrsiflorus,ForestWetRich
87780,Rumex thyrsiflorus,ForestWetRich
87781,Rumex thyrsiflorus,ForestWetRich
87782,Rumex thyrsiflorus,ForestWetRich
87783,Rumex thyrsiflorus,ForestWetRich
87784,Rumex thyrsiflorus,ForestWetRich
87785,Rumex thyrsiflorus,ForestWetRich
87786,Rumex thyrsiflorus,ForestWetRich
87787,Rumex thyrsiflorus,ForestWetRich
87788,Rumex thyrsiflorus,ForestWetRich
87789,Rumex thyrsiflorus,ForestWetRich
87790,Rumex thyrsiflorus,ForestWetRich
87791,Rumex thyrsiflorus,ForestWetRich
87792,Rumex thyrsiflorus,ForestWetRich
87793,Rumex thyrsiflorus,ForestWetRich
87794,Rumex thyrsiflorus,ForestWetRich
87795,Rumex thyrsiflorus,ForestWetRich
87796,Rumex thyrsiflorus,ForestWetRich
87797,Rumex thyrsiflorus,ForestWetRich
87798,Rumex thyrsiflorus,ForestWetRich
87799,Rumex thyrsiflorus,ForestWetRich
87800,Rumex thyrsiflorus,ForestWetRich
87801,Rumex thyrsiflorus,ForestWetRich
87802,Rumex thyrsiflorus,ForestWetRich
87803,Rumex thyrsiflorus,ForestWetRich
87804,Rumex thyrsiflorus,ForestWetRich
87805,Rumex thyrsiflorus,ForestWetRich
87806,Rumex thyrsiflorus,ForestWetRich
87807,Rumex thyrsiflorus,ForestWetRich
87808,Rumex thyrsiflorus,ForestWetRich
87809,Rumex thyrsiflorus,ForestWetRich
87810,Rumex thyrsiflorus,ForestWetRich
87811,Rumex thyrsiflorus,ForestWetRich
87812,Rumex thyrsiflorus,ForestWetRich
87813,Rumex thyrsiflorus,ForestWetRich
87814,Rumex thyrsiflorus,ForestWetRich
87815,Rumex thyrsiflorus,ForestWetRich
87816,Rumex thyrsiflorus,ForestWetRich
87817,Rumex thyrsiflorus,ForestWetRich
87818,Rumex thyrsiflorus,ForestWetRich
87819,Rumex thyrsiflorus,ForestWetRich
87820,Rumex thyrsiflorus,ForestWetRich
87821,Rumex thyrsiflorus,ForestWetRich
87822,Rumex thyrsiflorus,ForestWetRich
87823,Rumex thyrsiflorus,ForestWetRich
87824,Rumex thyrsiflorus,ForestWetRich
87825,Rumex thyrsiflorus,ForestWetRich
87826,Rumex thyrsiflorus,ForestWetRich
87827,Rumex thyrsiflorus,ForestWetRich
87828,Rumex thyrsiflorus,ForestWetRich
87829,Rumex thyrsiflorus,ForestWetRich
87830,Rumex thyrsiflorus,ForestWetRich
87871,Rumex thyrsiflorus,ForestWetRich
88378,Rumex thyrsiflorus,ForestWetRich
88379,Rumex thyrsiflorus,ForestWetRich
88380,Rumex thyrsiflorus,ForestWetRich
88381,Rumex thyrsiflorus,ForestWetRich
88382,Rumex thyrsiflorus,ForestWetRich
88383,Rumex thyrsiflorus,ForestWetRich
88384,Rumex thyrsiflorus,ForestWetRich
88385,Rumex thyrsiflorus,ForestWetRich
88386,Rumex thyrsiflorus,ForestWetRich
88387,Rumex thyrsiflorus,ForestWetRich
88388,Rumex thyrsiflorus,ForestWetRich
88389,Rumex thyrsiflorus,ForestWetRich
88390,Rumex thyrsiflorus,ForestWetRich
88391,Rumex thyrsiflorus,ForestWetRich
88392,Rumex thyrsiflorus,ForestWetRich
88393,Rumex thyrsiflorus,ForestWetRich
88394,Rumex thyrsiflorus,ForestWetRich
88395,Rumex thyrsiflorus,ForestWetRich
88396,Rumex thyrsiflorus,ForestWetRich
88397,Rumex thyrsiflorus,ForestWetRich
88398,Rumex thyrsiflorus,ForestWetRich
88399,Rumex thyrsiflorus,ForestWetRich
88400,Rumex thyrsiflorus,ForestWetRich
88401,Rumex thyrsiflorus,ForestWetRich
88402,Rumex thyrsiflorus,ForestWetRich
88403,Rumex thyrsiflorus,ForestWetRich
88404,Rumex thyrsiflorus,ForestWetRich
88405,Rumex thyrsiflorus,ForestWetRich
88406,Rumex thyrsiflorus,ForestWetRich
88407,Rumex thyrsiflorus,ForestWetRich
88408,Rumex thyrsiflorus,ForestWetRich
88409,Rumex thyrsiflorus,ForestWetRich
88410,Rumex thyrsiflorus,ForestWetRich
88411,Rumex thyrsiflorus,ForestWetRich
88412,Rumex thyrsiflorus,ForestWetRich
88413,Rumex thyrsiflorus,ForestWetRich
88414,Rumex thyrsiflorus,ForestWetRich
88415,Rumex thyrsiflorus,ForestWetRich
88416,Rumex thyrsiflorus,ForestWetRich
88417,Rumex thyrsiflorus,ForestWetRich
88418,Rumex thyrsiflorus,ForestWetRich
88419,Rumex thyrsiflorus,ForestWetRich
88420,Rumex thyrsiflorus,ForestWetRich
88421,Rumex thyrsiflorus,ForestWetRich
88422,Rumex thyrsiflorus,ForestWetRich
88423,Rumex thyrsiflorus,ForestWetRich
88424,Rumex thyrsiflorus,ForestWetRich
88425,Rumex thyrsiflorus,ForestWetRich
88426,Rumex thyrsiflorus,ForestWetRich
88427,Rumex thyrsiflorus,ForestWetRich
88428,Rumex thyrsiflorus,ForestWetRich
88429,Rumex thyrsiflorus,ForestWetRich
88470,Rumex thyrsiflorus,ForestWetRich
88976,Rumex thyrsiflorus,ForestWetRich
88977,Rumex thyrsiflorus,ForestWetRich
88978,Rumex thyrsiflorus,ForestWetRich
88979,Rumex thyrsiflorus,ForestWetRich
88980,Rumex thyrsiflorus,ForestWetRich
88981,Rumex thyrsiflorus,ForestWetRich
88982,Rumex thyrsiflorus,ForestWetRich
88983,Rumex thyrsiflorus,ForestWetRich
88984,Rumex thyrsiflorus,ForestWetRich
88985,Rumex thyrsiflorus,ForestWetRich
88986,Rumex thyrsiflorus,ForestWetRich
88987,Rumex thyrsiflorus,ForestWetRich
88988,Rumex thyrsiflorus,ForestWetRich
88989,Rumex thyrsiflorus,ForestWetRich
88990,Rumex thyrsiflorus,ForestWetRich
88991,Rumex thyrsiflorus,ForestWetRich
88992,Rumex thyrsiflorus,ForestWetRich
88993,Rumex thyrsiflorus,ForestWetRich
88994,Rumex thyrsiflorus,ForestWetRich
88995,Rumex thyrsiflorus,ForestWetRich
88996,Rumex thyrsiflorus,ForestWetRich
88997,Rumex thyrsiflorus,ForestWetRich
88998,Rumex thyrsiflorus,ForestWetRich
88999,Rumex thyrsiflorus,ForestWetRich
89000,Rumex thyrsiflorus,ForestWetRich
89001,Rumex thyrsiflorus,ForestWetRich
89002,Rumex thyrsiflorus,ForestWetRich
89003,Rumex thyrsiflorus,ForestWetRich
89004,Rumex thyrsiflorus,ForestWetRich
89005,Rumex thyrsiflorus,ForestWetRich
89006,Rumex thyrsiflorus,ForestWetRich
89007,Rumex thyrsiflorus,ForestWetRich
89008,Rumex thyrsiflorus,ForestWetRich
89009,Rumex thyrsiflorus,ForestWetRich
89010,Rumex thyrsiflorus,ForestWetRich
89011,Rumex thyrsiflorus,ForestWetRich
89012,Rumex thyrsiflorus,ForestWetRich
89013,Rumex thyrsiflorus,ForestWetRich
89014,Rumex thyrsiflorus,ForestWetRich
89015,Rumex thyrsiflorus,ForestWetRich
89016,Rumex thyrsiflorus,ForestWetRich
89017,Rumex thyrsiflorus,ForestWetRich
89018,Rumex thyrsiflorus,ForestWetRich
89019,Rumex thyrsiflorus,ForestWetRich
89020,Rumex thyrsiflorus,ForestWetRich
89021,Rumex thyrsiflorus,ForestWetRich
89022,Rumex thyrsiflorus,ForestWetRich
89023,Rumex thyrsiflorus,ForestWetRich
89024,Rumex thyrsiflorus,ForestWetRich
89025,Rumex thyrsiflorus,ForestWetRich
89026,Rumex thyrsiflorus,ForestWetRich
89027,Rumex thyrsiflorus,ForestWetRich
89028,Rumex thyrsiflorus,ForestWetRich
89069,Rumex thyrsiflorus,ForestWetRich
89070,Rumex thyrsiflorus,ForestWetRich
89575,Rumex thyrsiflorus,ForestWetRich
89576,Rumex thyrsiflorus,ForestWetRich
89577,Rumex thyrsiflorus,ForestWetRich
89578,Rumex thyrsiflorus,ForestWetRich
89579,Rumex thyrsiflorus,ForestWetRich
89580,Rumex thyrsiflorus,ForestWetRich
89581,Rumex thyrsiflorus,ForestWetRich
89582,Rumex thyrsiflorus,ForestWetRich
89583,Rumex thyrsiflorus,ForestWetRich
89584,Rumex thyrsiflorus,ForestWetRich
89585,Rumex thyrsiflorus,ForestWetRich
89586,Rumex thyrsiflorus,ForestWetRich
89587,Rumex thyrsiflorus,ForestWetRich
89588,Rumex thyrsiflorus,ForestWetRich
89589,Rumex thyrsiflorus,ForestWetRich
89590,Rumex thyrsiflorus,ForestWetRich
89591,Rumex thyrsiflorus,ForestWetRich
89592,Rumex thyrsiflorus,ForestWetRich
89593,Rumex thyrsiflorus,ForestWetRich
89594,Rumex thyrsiflorus,ForestWetRich
89595,Rumex thyrsiflorus,ForestWetRich
89596,Rumex thyrsiflorus,ForestWetRich
89597,Rumex thyrsiflorus,ForestWetRich
89598,Rumex thyrsiflorus,ForestWetRich
89599,Rumex thyrsiflorus,ForestWetRich
89600,Rumex thyrsiflorus,ForestWetRich
89601,Rumex thyrsiflorus,ForestWetRich
89602,Rumex thyrsiflorus,ForestWetRich
89603,Rumex thyrsiflorus,ForestWetRich
89604,Rumex thyrsiflorus,ForestWetRich
89605,Rumex thyrsiflorus,ForestWetRich
89606,Rumex thyrsiflorus,ForestWetRich
89607,Rumex thyrsiflorus,ForestWetRich
89608,Rumex thyrsiflorus,ForestWetRich
89609,Rumex thyrsiflorus,ForestWetRich
89610,Rumex thyrsiflorus,ForestWetRich
89611,Rumex thyrsiflorus,ForestWetRich
89612,Rumex thyrsiflorus,ForestWetRich
89613,Rumex thyrsiflorus,ForestWetRich
89614,Rumex thyrsiflorus,ForestWetRich
89615,Rumex thyrsiflorus,ForestWetRich
89616,Rumex thyrsiflorus,ForestWetRich
89617,Rumex thyrsiflorus,ForestWetRich
89618,Rumex thyrsiflorus,ForestWetRich
89619,Rumex thyrsiflorus,ForestWetRich
89620,Rumex thyrsiflorus,ForestWetRich
89621,Rumex thyrsiflorus,ForestWetRich
89622,Rumex thyrsiflorus,ForestWetRich
89623,Rumex thyrsiflorus,ForestWetRich
89624,Rumex thyrsiflorus,ForestWetRich
89625,Rumex thyrsiflorus,ForestWetRich
89626,Rumex thyrsiflorus,ForestWetRich
89627,Rumex thyrsiflorus,ForestWetRich
89668,Rumex thyrsiflorus,ForestWetRich
89669,Rumex thyrsiflorus,ForestWetRich
90174,Rumex thyrsiflorus,ForestWetRich
90175,Rumex thyrsiflorus,ForestWetRich
90176,Rumex thyrsiflorus,ForestWetRich
90177,Rumex thyrsiflorus,ForestWetRich
90178,Rumex thyrsiflorus,ForestWetRich
90179,Rumex thyrsiflorus,ForestWetRich
90180,Rumex thyrsiflorus,ForestWetRich
90181,Rumex thyrsiflorus,ForestWetRich
90182,Rumex thyrsiflorus,ForestWetRich
90183,Rumex thyrsiflorus,ForestWetRich
90184,Rumex thyrsiflorus,ForestWetRich
90185,Rumex thyrsiflorus,ForestWetRich
90186,Rumex thyrsiflorus,ForestWetRich
90187,Rumex thyrsiflorus,ForestWetRich
90188,Rumex thyrsiflorus,ForestWetRich
90189,Rumex thyrsiflorus,ForestWetRich
90190,Rumex thyrsiflorus,ForestWetRich
90191,Rumex thyrsiflorus,ForestWetRich
90192,Rumex thyrsiflorus,ForestWetRich
90193,Rumex thyrsiflorus,ForestWetRich
90194,Rumex thyrsiflorus,ForestWetRich
90195,Rumex thyrsiflorus,ForestWetRich
90196,Rumex thyrsiflorus,ForestWetRich
90197,Rumex thyrsiflorus,ForestWetRich
90198,Rumex thyrsiflorus,ForestWetRich
90199,Rumex thyrsiflorus,ForestWetRich
90200,Rumex thyrsiflorus,ForestWetRich
90201,Rumex thyrsiflorus,ForestWetRich
90202,Rumex thyrsiflorus,ForestWetRich
90203,Rumex thyrsiflorus,ForestWetRich
90204,Rumex thyrsiflorus,ForestWetRich
90205,Rumex thyrsiflorus,ForestWetRich
90206,Rumex thyrsiflorus,ForestWetRich
90207,Rumex thyrsiflorus,ForestWetRich
90208,Rumex thyrsiflorus,ForestWetRich
90209,Rumex thyrsiflorus,ForestWetRich
90210,Rumex thyrsiflorus,ForestWetRich
90211,Rumex thyrsiflorus,ForestWetRich
90212,Rumex thyrsiflorus,ForestWetRich
90213,Rumex thyrsiflorus,ForestWetRich
90214,Rumex thyrsiflorus,ForestWetRich
90215,Rumex thyrsiflorus,ForestWetRich
90216,Rumex thyrsiflorus,ForestWetRich
90217,Rumex thyrsiflorus,ForestWetRich
90218,Rumex thyrsiflorus,ForestWetRich
90219,Rumex thyrsiflorus,ForestWetRich
90220,Rumex thyrsiflorus,ForestWetRich
90221,Rumex thyrsiflorus,ForestWetRich
90222,Rumex thyrsiflorus,ForestWetRich
90223,Rumex thyrsiflorus,ForestWetRich
90224,Rumex thyrsiflorus,ForestWetRich
90225,Rumex thyrsiflorus,ForestWetRich
90226,Rumex thyrsiflorus,ForestWetRich
90267,Rumex thyrsiflorus,ForestWetRich
90268,Rumex thyrsiflorus,ForestWetRich
90772,Rumex thyrsiflorus,ForestWetRich
90773,Rumex thyrsiflorus,ForestWetRich
90774,Rumex thyrsiflorus,ForestWetRich
90775,Rumex thyrsiflorus,ForestWetRich
90776,Rumex thyrsiflorus,ForestWetRich
90777,Rumex thyrsiflorus,ForestWetRich
90778,Rumex thyrsiflorus,ForestWetRich
90779,Rumex thyrsiflorus,ForestWetRich
90780,Rumex thyrsiflorus,ForestWetRich
90781,Rumex thyrsiflorus,ForestWetRich
90782,Rumex thyrsiflorus,ForestWetRich
90783,Rumex thyrsiflorus,ForestWetRich
90784,Rumex thyrsiflorus,ForestWetRich
90785,Rumex thyrsiflorus,ForestWetRich
90786,Rumex thyrsiflorus,ForestWetRich
90787,Rumex thyrsiflorus,ForestWetRich
90788,Rumex thyrsiflorus,ForestWetRich
90789,Rumex thyrsiflorus,ForestWetRich
90790,Rumex thyrsiflorus,ForestWetRich
90791,Rumex thyrsiflorus,ForestWetRich
90792,Rumex thyrsiflorus,ForestWetRich
90793,Rumex thyrsiflorus,ForestWetRich
90794,Rumex thyrsiflorus,ForestWetRich
90795,Rumex thyrsiflorus,ForestWetRich
90796,Rumex thyrsiflorus,ForestWetRich
90797,Rumex thyrsiflorus,ForestWetRich
90798,Rumex thyrsiflorus,ForestWetRich
90799,Rumex thyrsiflorus,ForestWetRich
90800,Rumex thyrsiflorus,ForestWetRich
90801,Rumex thyrsiflorus,ForestWetRich
90802,Rumex thyrsiflorus,ForestWetRich
90803,Rumex thyrsiflorus,ForestWetRich
90804,Rumex thyrsiflorus,ForestWetRich
90805,Rumex thyrsiflorus,ForestWetRich
90806,Rumex thyrsiflorus,ForestWetRich
90807,Rumex thyrsiflorus,ForestWetRich
90808,Rumex thyrsiflorus,ForestWetRich
90809,Rumex thyrsiflorus,ForestWetRich
90810,Rumex thyrsiflorus,ForestWetRich
90811,Rumex thyrsiflorus,ForestWetRich
90812,Rumex thyrsiflorus,ForestWetRich
90813,Rumex thyrsiflorus,ForestWetRich
90814,Rumex thyrsiflorus,ForestWetRich
90815,Rumex thyrsiflorus,ForestWetRich
90816,Rumex thyrsiflorus,ForestWetRich
90817,Rumex thyrsiflorus,ForestWetRich
90818,Rumex thyrsiflorus,ForestWetRich
90819,Rumex thyrsiflorus,ForestWetRich
90820,Rumex thyrsiflorus,ForestWetRich
90821,Rumex thyrsiflorus,ForestWetRich
90822,Rumex thyrsiflorus,ForestWetRich
90823,Rumex thyrsiflorus,ForestWetRich
90824,Rumex thyrsiflorus,ForestWetRich
90825,Rumex thyrsiflorus,ForestWetRich
90866,Rumex thyrsiflorus,ForestWetRich
90867,Rumex thyrsiflorus,ForestWetRich
91371,Rumex thyrsiflorus,ForestWetRich
91372,Rumex thyrsiflorus,ForestWetRich
91373,Rumex thyrsiflorus,ForestWetRich
91374,Rumex thyrsiflorus,ForestWetRich
91375,Rumex thyrsiflorus,ForestWetRich
91376,Rumex thyrsiflorus,ForestWetRich
91377,Rumex thyrsiflorus,ForestWetRich
91378,Rumex thyrsiflorus,ForestWetRich
91379,Rumex thyrsiflorus,ForestWetRich
91380,Rumex thyrsiflorus,ForestWetRich
91381,Rumex thyrsiflorus,ForestWetRich
91382,Rumex thyrsiflorus,ForestWetRich
91383,Rumex thyrsiflorus,ForestWetRich
91384,Rumex thyrsiflorus,ForestWetRich
91385,Rumex thyrsiflorus,ForestWetRich
91386,Rumex thyrsiflorus,ForestWetRich
91387,Rumex thyrsiflorus,ForestWetRich
91388,Rumex thyrsiflorus,ForestWetRich
91389,Rumex thyrsiflorus,ForestWetRich
91390,Rumex thyrsiflorus,ForestWetRich
91391,Rumex thyrsiflorus,ForestWetRich
91392,Rumex thyrsiflorus,ForestWetRich
91393,Rumex thyrsiflorus,ForestWetRich
91394,Rumex thyrsiflorus,ForestWetRich
91395,Rumex thyrsiflorus,ForestWetRich
91396,Rumex thyrsiflorus,ForestWetRich
91397,Rumex thyrsiflorus,ForestWetRich
91398,Rumex thyrsiflorus,ForestWetRich
91399,Rumex thyrsiflorus,ForestWetRich
91400,Rumex thyrsiflorus,ForestWetRich
91401,Rumex thyrsiflorus,ForestWetRich
91402,Rumex thyrsiflorus,ForestWetRich
91403,Rumex thyrsiflorus,ForestWetRich
91404,Rumex thyrsiflorus,ForestWetRich
91405,Rumex thyrsiflorus,ForestWetRich
91406,Rumex thyrsiflorus,ForestWetRich
91407,Rumex thyrsiflorus,ForestWetRich
91408,Rumex thyrsiflorus,ForestWetRich
91409,Rumex thyrsiflorus,ForestWetRich
91410,Rumex thyrsiflorus,ForestWetRich
91411,Rumex thyrsiflorus,ForestWetRich
91412,Rumex thyrsiflorus,ForestWetRich
91413,Rumex thyrsiflorus,ForestWetRich
91414,Rumex thyrsiflorus,ForestWetRich
91415,Rumex thyrsiflorus,ForestWetRich
91416,Rumex thyrsiflorus,ForestWetRich
91417,Rumex thyrsiflorus,ForestWetRich
91418,Rumex thyrsiflorus,ForestWetRich
91419,Rumex thyrsiflorus,ForestWetRich
91420,Rumex thyrsiflorus,ForestWetRich
91421,Rumex thyrsiflorus,ForestWetRich
91422,Rumex thyrsiflorus,ForestWetRich
91423,Rumex thyrsiflorus,ForestWetRich
91424,Rumex thyrsiflorus,ForestWetRich
91465,Rumex thyrsiflorus,ForestWetRich
91466,Rumex thyrsiflorus,ForestWetRich
91467,Rumex thyrsiflorus,ForestWetRich
91970,Rumex thyrsiflorus,ForestWetRich
91971,Rumex thyrsiflorus,ForestWetRich
91972,Rumex thyrsiflorus,ForestWetRich
91973,Rumex thyrsiflorus,ForestWetRich
91974,Rumex thyrsiflorus,ForestWetRich
91975,Rumex thyrsiflorus,ForestWetRich
91976,Rumex thyrsiflorus,ForestWetRich
91977,Rumex thyrsiflorus,ForestWetRich
91978,Rumex thyrsiflorus,ForestWetRich
91979,Rumex thyrsiflorus,ForestWetRich
91980,Rumex thyrsiflorus,ForestWetRich
91981,Rumex thyrsiflorus,ForestWetRich
91982,Rumex thyrsiflorus,ForestWetRich
91983,Rumex thyrsiflorus,ForestWetRich
91984,Rumex thyrsiflorus,ForestWetRich
91985,Rumex thyrsiflorus,ForestWetRich
91986,Rumex thyrsiflorus,ForestWetRich
91987,Rumex thyrsiflorus,ForestWetRich
91988,Rumex thyrsiflorus,ForestWetRich
91989,Rumex thyrsiflorus,ForestWetRich
91990,Rumex thyrsiflorus,ForestWetRich
91991,Rumex thyrsiflorus,ForestWetRich
91992,Rumex thyrsiflorus,ForestWetRich
91993,Rumex thyrsiflorus,ForestWetRich
91994,Rumex thyrsiflorus,ForestWetRich
91995,Rumex thyrsiflorus,ForestWetRich
91996,Rumex thyrsiflorus,ForestWetRich
91997,Rumex thyrsiflorus,ForestWetRich
91998,Rumex thyrsiflorus,ForestWetRich
91999,Rumex thyrsiflorus,ForestWetRich
92000,Rumex thyrsiflorus,ForestWetRich
92001,Rumex thyrsiflorus,ForestWetRich
92002,Rumex thyrsiflorus,ForestWetRich
92003,Rumex thyrsiflorus,ForestWetRich
92004,Rumex thyrsiflorus,ForestWetRich
92005,Rumex thyrsiflorus,ForestWetRich
92006,Rumex thyrsiflorus,ForestWetRich
92007,Rumex thyrsiflorus,ForestWetRich
92008,Rumex thyrsiflorus,ForestWetRich
92009,Rumex thyrsiflorus,ForestWetRich
92010,Rumex thyrsiflorus,ForestWetRich
92011,Rumex thyrsiflorus,ForestWetRich
92012,Rumex thyrsiflorus,ForestWetRich
92013,Rumex thyrsiflorus,ForestWetRich
92014,Rumex thyrsiflorus,ForestWetRich
92015,Rumex thyrsiflorus,ForestWetRich
92016,Rumex thyrsiflorus,ForestWetRich
92017,Rumex thyrsiflorus,ForestWetRich
92018,Rumex thyrsiflorus,ForestWetRich
92019,Rumex thyrsiflorus,ForestWetRich
92020,Rumex thyrsiflorus,ForestWetRich
92021,Rumex thyrsiflorus,ForestWetRich
92022,Rumex thyrsiflorus,ForestWetRich
92023,Rumex thyrsiflorus,ForestWetRich
92064,Rumex thyrsiflorus,ForestWetRich
92065,Rumex thyrsiflorus,ForestWetRich
92066,Rumex thyrsiflorus,ForestWetRich
92569,Rumex thyrsiflorus,ForestWetRich
92570,Rumex thyrsiflorus,ForestWetRich
92571,Rumex thyrsiflorus,ForestWetRich
92572,Rumex thyrsiflorus,ForestWetRich
92573,Rumex thyrsiflorus,ForestWetRich
92574,Rumex thyrsiflorus,ForestWetRich
92575,Rumex thyrsiflorus,ForestWetRich
92576,Rumex thyrsiflorus,ForestWetRich
92577,Rumex thyrsiflorus,ForestWetRich
92578,Rumex thyrsiflorus,ForestWetRich
92579,Rumex thyrsiflorus,ForestWetRich
92580,Rumex thyrsiflorus,ForestWetRich
92581,Rumex thyrsiflorus,ForestWetRich
92582,Rumex thyrsiflorus,ForestWetRich
92583,Rumex thyrsiflorus,ForestWetRich
92584,Rumex thyrsiflorus,ForestWetRich
92585,Rumex thyrsiflorus,ForestWetRich
92586,Rumex thyrsiflorus,ForestWetRich
92587,Rumex thyrsiflorus,ForestWetRich
92588,Rumex thyrsiflorus,ForestWetRich
92589,Rumex thyrsiflorus,ForestWetRich
92590,Rumex thyrsiflorus,ForestWetRich
92591,Rumex thyrsiflorus,ForestWetRich
92592,Rumex thyrsiflorus,ForestWetRich
92593,Rumex thyrsiflorus,ForestWetRich
92594,Rumex thyrsiflorus,ForestWetRich
92595,Rumex thyrsiflorus,ForestWetRich
92596,Rumex thyrsiflorus,ForestWetRich
92597,Rumex thyrsiflorus,ForestWetRich
92598,Rumex thyrsiflorus,ForestWetRich
92599,Rumex thyrsiflorus,ForestWetRich
92600,Rumex thyrsiflorus,ForestWetRich
92601,Rumex thyrsiflorus,ForestWetRich
92602,Rumex thyrsiflorus,ForestWetRich
92603,Rumex thyrsiflorus,ForestWetRich
92604,Rumex thyrsiflorus,ForestWetRich
92605,Rumex thyrsiflorus,ForestWetRich
92606,Rumex thyrsiflorus,ForestWetRich
92607,Rumex thyrsiflorus,ForestWetRich
92608,Rumex thyrsiflorus,ForestWetRich
92609,Rumex thyrsiflorus,ForestWetRich
92610,Rumex thyrsiflorus,ForestWetRich
92611,Rumex thyrsiflorus,ForestWetRich
92612,Rumex thyrsiflorus,ForestWetRich
92613,Rumex thyrsiflorus,ForestWetRich
92614,Rumex thyrsiflorus,ForestWetRich
92615,Rumex thyrsiflorus,ForestWetRich
92616,Rumex thyrsiflorus,ForestWetRich
92617,Rumex thyrsiflorus,ForestWetRich
92618,Rumex thyrsiflorus,ForestWetRich
92619,Rumex thyrsiflorus,ForestWetRich
92620,Rumex thyrsiflorus,ForestWetRich
92621,Rumex thyrsiflorus,ForestWetRich
92622,Rumex thyrsiflorus,ForestWetRich
92663,Rumex thyrsiflorus,ForestWetRich
92664,Rumex thyrsiflorus,ForestWetRich
92665,Rumex thyrsiflorus,ForestWetRich
93167,Rumex thyrsiflorus,ForestWetRich
93168,Rumex thyrsiflorus,ForestWetRich
93169,Rumex thyrsiflorus,ForestWetRich
93170,Rumex thyrsiflorus,ForestWetRich
93171,Rumex thyrsiflorus,ForestWetRich
93172,Rumex thyrsiflorus,ForestWetRich
93173,Rumex thyrsiflorus,ForestWetRich
93174,Rumex thyrsiflorus,ForestWetRich
93175,Rumex thyrsiflorus,ForestWetRich
93176,Rumex thyrsiflorus,ForestWetRich
93177,Rumex thyrsiflorus,ForestWetRich
93178,Rumex thyrsiflorus,ForestWetRich
93179,Rumex thyrsiflorus,ForestWetRich
93180,Rumex thyrsiflorus,ForestWetRich
93181,Rumex thyrsiflorus,ForestWetRich
93182,Rumex thyrsiflorus,ForestWetRich
93183,Rumex thyrsiflorus,ForestWetRich
93184,Rumex thyrsiflorus,ForestWetRich
93185,Rumex thyrsiflorus,ForestWetRich
93186,Rumex thyrsiflorus,ForestWetRich
93187,Rumex thyrsiflorus,ForestWetRich
93188,Rumex thyrsiflorus,ForestWetRich
93189,Rumex thyrsiflorus,ForestWetRich
93190,Rumex thyrsiflorus,ForestWetRich
93191,Rumex thyrsiflorus,ForestWetRich
93192,Rumex thyrsiflorus,ForestWetRich
93193,Rumex thyrsiflorus,ForestWetRich
93194,Rumex thyrsiflorus,ForestWetRich
93195,Rumex thyrsiflorus,ForestWetRich
93196,Rumex thyrsiflorus,ForestWetRich
93197,Rumex thyrsiflorus,ForestWetRich
93198,Rumex thyrsiflorus,ForestWetRich
93199,Rumex thyrsiflorus,ForestWetRich
93200,Rumex thyrsiflorus,ForestWetRich
93201,Rumex thyrsiflorus,ForestWetRich
93202,Rumex thyrsiflorus,ForestWetRich
93203,Rumex thyrsiflorus,ForestWetRich
93204,Rumex thyrsiflorus,ForestWetRich
93205,Rumex thyrsiflorus,ForestWetRich
93206,Rumex thyrsiflorus,ForestWetRich
93207,Rumex thyrsiflorus,ForestWetRich
93208,Rumex thyrsiflorus,ForestWetRich
93209,Rumex thyrsiflorus,ForestWetRich
93210,Rumex thyrsiflorus,ForestWetRich
93211,Rumex thyrsiflorus,ForestWetRich
93212,Rumex thyrsiflorus,ForestWetRich
93213,Rumex thyrsiflorus,ForestWetRich
93214,Rumex thyrsiflorus,ForestWetRich
93215,Rumex thyrsiflorus,ForestWetRich
93216,Rumex thyrsiflorus,ForestWetRich
93217,Rumex thyrsiflorus,ForestWetRich
93218,Rumex thyrsiflorus,ForestWetRich
93219,Rumex thyrsiflorus,ForestWetRich
93220,Rumex thyrsiflorus,ForestWetRich
93221,Rumex thyrsiflorus,ForestWetRich
93262,Rumex thyrsiflorus,ForestWetRich
93263,Rumex thyrsiflorus,ForestWetRich
93264,Rumex thyrsiflorus,ForestWetRich
93766,Rumex thyrsiflorus,ForestWetRich
93767,Rumex thyrsiflorus,ForestWetRich
93768,Rumex thyrsiflorus,ForestWetRich
93769,Rumex thyrsiflorus,ForestWetRich
93770,Rumex thyrsiflorus,ForestWetRich
93771,Rumex thyrsiflorus,ForestWetRich
93772,Rumex thyrsiflorus,ForestWetRich
93773,Rumex thyrsiflorus,ForestWetRich
93774,Rumex thyrsiflorus,ForestWetRich
93775,Rumex thyrsiflorus,ForestWetRich
93776,Rumex thyrsiflorus,ForestWetRich
93777,Rumex thyrsiflorus,ForestWetRich
93778,Rumex thyrsiflorus,ForestWetRich
93779,Rumex thyrsiflorus,ForestWetRich
93780,Rumex thyrsiflorus,ForestWetRich
93781,Rumex thyrsiflorus,ForestWetRich
93782,Rumex thyrsiflorus,ForestWetRich
93783,Rumex thyrsiflorus,ForestWetRich
93784,Rumex thyrsiflorus,ForestWetRich
93785,Rumex thyrsiflorus,ForestWetRich
93786,Rumex thyrsiflorus,ForestWetRich
93787,Rumex thyrsiflorus,ForestWetRich
93788,Rumex thyrsiflorus,ForestWetRich
93789,Rumex thyrsiflorus,ForestWetRich
93790,Rumex thyrsiflorus,ForestWetRich
93791,Rumex thyrsiflorus,ForestWetRich
93792,Rumex thyrsiflorus,ForestWetRich
93793,Rumex thyrsiflorus,ForestWetRich
93794,Rumex thyrsiflorus,ForestWetRich
93795,Rumex thyrsiflorus,ForestWetRich
93796,Rumex thyrsiflorus,ForestWetRich
93797,Rumex thyrsiflorus,ForestWetRich
93798,Rumex thyrsiflorus,ForestWetRich
93799,Rumex thyrsiflorus,ForestWetRich
93800,Rumex thyrsiflorus,ForestWetRich
93801,Rumex thyrsiflorus,ForestWetRich
93802,Rumex thyrsiflorus,ForestWetRich
93803,Rumex thyrsiflorus,ForestWetRich
93804,Rumex thyrsiflorus,ForestWetRich
93805,Rumex thyrsiflorus,ForestWetRich
93806,Rumex thyrsiflorus,ForestWetRich
93807,Rumex thyrsiflorus,ForestWetRich
93808,Rumex thyrsiflorus,ForestWetRich
93809,Rumex thyrsiflorus,ForestWetRich
93810,Rumex thyrsiflorus,ForestWetRich
93811,Rumex thyrsiflorus,ForestWetRich
93812,Rumex thyrsiflorus,ForestWetRich
93813,Rumex thyrsiflorus,ForestWetRich
93814,Rumex thyrsiflorus,ForestWetRich
93815,Rumex thyrsiflorus,ForestWetRich
93816,Rumex thyrsiflorus,ForestWetRich
93817,Rumex thyrsiflorus,ForestWetRich
93818,Rumex thyrsiflorus,ForestWetRich
93819,Rumex thyrsiflorus,ForestWetRich
93820,Rumex thyrsiflorus,ForestWetRich
93861,Rumex thyrsiflorus,ForestWetRich
93862,Rumex thyrsiflorus,ForestWetRich
93863,Rumex thyrsiflorus,ForestWetRich
93864,Rumex thyrsiflorus,ForestWetRich
94365,Rumex thyrsiflorus,ForestWetRich
94366,Rumex thyrsiflorus,ForestWetRich
94367,Rumex thyrsiflorus,ForestWetRich
94368,Rumex thyrsiflorus,ForestWetRich
94369,Rumex thyrsiflorus,ForestWetRich
94370,Rumex thyrsiflorus,ForestWetRich
94371,Rumex thyrsiflorus,ForestWetRich
94372,Rumex thyrsiflorus,ForestWetRich
94373,Rumex thyrsiflorus,ForestWetRich
94374,Rumex thyrsiflorus,ForestWetRich
94375,Rumex thyrsiflorus,ForestWetRich
94376,Rumex thyrsiflorus,ForestWetRich
94377,Rumex thyrsiflorus,ForestWetRich
94378,Rumex thyrsiflorus,ForestWetRich
94379,Rumex thyrsiflorus,ForestWetRich
94380,Rumex thyrsiflorus,ForestWetRich
94381,Rumex thyrsiflorus,ForestWetRich
94382,Rumex thyrsiflorus,ForestWetRich
94383,Rumex thyrsiflorus,ForestWetRich
94384,Rumex thyrsiflorus,ForestWetRich
94385,Rumex thyrsiflorus,ForestWetRich
94386,Rumex thyrsiflorus,ForestWetRich
94387,Rumex thyrsiflorus,ForestWetRich
94388,Rumex thyrsiflorus,ForestWetRich
94389,Rumex thyrsiflorus,ForestWetRich
94390,Rumex thyrsiflorus,ForestWetRich
94391,Rumex thyrsiflorus,ForestWetRich
94392,Rumex thyrsiflorus,ForestWetRich
94393,Rumex thyrsiflorus,ForestWetRich
94394,Rumex thyrsiflorus,ForestWetRich
94395,Rumex thyrsiflorus,ForestWetRich
94396,Rumex thyrsiflorus,ForestWetRich
94397,Rumex thyrsiflorus,ForestWetRich
94398,Rumex thyrsiflorus,ForestWetRich
94399,Rumex thyrsiflorus,ForestWetRich
94400,Rumex thyrsiflorus,ForestWetRich
94401,Rumex thyrsiflorus,ForestWetRich
94402,Rumex thyrsiflorus,ForestWetRich
94403,Rumex thyrsiflorus,ForestWetRich
94404,Rumex thyrsiflorus,ForestWetRich
94405,Rumex thyrsiflorus,ForestWetRich
94406,Rumex thyrsiflorus,ForestWetRich
94407,Rumex thyrsiflorus,ForestWetRich
94408,Rumex thyrsiflorus,ForestWetRich
94409,Rumex thyrsiflorus,ForestWetRich
94410,Rumex thyrsiflorus,ForestWetRich
94411,Rumex thyrsiflorus,ForestWetRich
94412,Rumex thyrsiflorus,ForestWetRich
94413,Rumex thyrsiflorus,ForestWetRich
94414,Rumex thyrsiflorus,ForestWetRich
94415,Rumex thyrsiflorus,ForestWetRich
94416,Rumex thyrsiflorus,ForestWetRich
94417,Rumex thyrsiflorus,ForestWetRich
94418,Rumex thyrsiflorus,ForestWetRich
94419,Rumex thyrsiflorus,ForestWetRich
94460,Rumex thyrsiflorus,ForestWetRich
94461,Rumex thyrsiflorus,ForestWetRich
94462,Rumex thyrsiflorus,ForestWetRich
94463,Rumex thyrsiflorus,ForestWetRich
94964,Rumex thyrsiflorus,ForestWetRich
94965,Rumex thyrsiflorus,ForestWetRich
94966,Rumex thyrsiflorus,ForestWetRich
94967,Rumex thyrsiflorus,ForestWetRich
94968,Rumex thyrsiflorus,ForestWetRich
94969,Rumex thyrsiflorus,ForestWetRich
94970,Rumex thyrsiflorus,ForestWetRich
94971,Rumex thyrsiflorus,ForestWetRich
94972,Rumex thyrsiflorus,ForestWetRich
94973,Rumex thyrsiflorus,ForestWetRich
94974,Rumex thyrsiflorus,ForestWetRich
94975,Rumex thyrsiflorus,ForestWetRich
94976,Rumex thyrsiflorus,ForestWetRich
94977,Rumex thyrsiflorus,ForestWetRich
94978,Rumex thyrsiflorus,ForestWetRich
94979,Rumex thyrsiflorus,ForestWetRich
94980,Rumex thyrsiflorus,ForestWetRich
94981,Rumex thyrsiflorus,ForestWetRich
94982,Rumex thyrsiflorus,ForestWetRich
94983,Rumex thyrsiflorus,ForestWetRich
94984,Rumex thyrsiflorus,ForestWetRich
94985,Rumex thyrsiflorus,ForestWetRich
94986,Rumex thyrsiflorus,ForestWetRich
94987,Rumex thyrsiflorus,ForestWetRich
94988,Rumex thyrsiflorus,ForestWetRich
94989,Rumex thyrsiflorus,ForestWetRich
94990,Rumex thyrsiflorus,ForestWetRich
94991,Rumex thyrsiflorus,ForestWetRich
94992,Rumex thyrsiflorus,ForestWetRich
94993,Rumex thyrsiflorus,ForestWetRich
94994,Rumex thyrsiflorus,ForestWetRich
94995,Rumex thyrsiflorus,ForestWetRich
94996,Rumex thyrsiflorus,ForestWetRich
94997,Rumex thyrsiflorus,ForestWetRich
94998,Rumex thyrsiflorus,ForestWetRich
94999,Rumex thyrsiflorus,ForestWetRich
95000,Rumex thyrsiflorus,ForestWetRich
95001,Rumex thyrsiflorus,ForestWetRich
95002,Rumex thyrsiflorus,ForestWetRich
95003,Rumex thyrsiflorus,ForestWetRich
95004,Rumex thyrsiflorus,ForestWetRich
95005,Rumex thyrsiflorus,ForestWetRich
95006,Rumex thyrsiflorus,ForestWetRich
95007,Rumex thyrsiflorus,ForestWetRich
95008,Rumex thyrsiflorus,ForestWetRich
95009,Rumex thyrsiflorus,ForestWetRich
95010,Rumex thyrsiflorus,ForestWetRich
95011,Rumex thyrsiflorus,ForestWetRich
95012,Rumex thyrsiflorus,ForestWetRich
95013,Rumex thyrsiflorus,ForestWetRich
95014,Rumex thyrsiflorus,ForestWetRich
95015,Rumex thyrsiflorus,ForestWetRich
95016,Rumex thyrsiflorus,ForestWetRich
95017,Rumex thyrsiflorus,ForestWetRich
95018,Rumex thyrsiflorus,ForestWetRich
95059,Rumex thyrsiflorus,ForestWetRich
95060,Rumex thyrsiflorus,ForestWetRich
95061,Rumex thyrsiflorus,ForestWetRich
95062,Rumex thyrsiflorus,ForestWetRich
95563,Rumex thyrsiflorus,ForestWetRich
95564,Rumex thyrsiflorus,ForestWetRich
95565,Rumex thyrsiflorus,ForestWetRich
95566,Rumex thyrsiflorus,ForestWetRich
95567,Rumex thyrsiflorus,ForestWetRich
95568,Rumex thyrsiflorus,ForestWetRich
95569,Rumex thyrsiflorus,ForestWetRich
95570,Rumex thyrsiflorus,ForestWetRich
95571,Rumex thyrsiflorus,ForestWetRich
95572,Rumex thyrsiflorus,ForestWetRich
95573,Rumex thyrsiflorus,ForestWetRich
95574,Rumex thyrsiflorus,ForestWetRich
95575,Rumex thyrsiflorus,ForestWetRich
95576,Rumex thyrsiflorus,ForestWetRich
95577,Rumex thyrsiflorus,ForestWetRich
95578,Rumex thyrsiflorus,ForestWetRich
95579,Rumex thyrsiflorus,ForestWetRich
95580,Rumex thyrsiflorus,ForestWetRich
95581,Rumex thyrsiflorus,ForestWetRich
95582,Rumex thyrsiflorus,ForestWetRich
95583,Rumex thyrsiflorus,ForestWetRich
95584,Rumex thyrsiflorus,ForestWetRich
95585,Rumex thyrsiflorus,ForestWetRich
95586,Rumex thyrsiflorus,ForestWetRich
95587,Rumex thyrsiflorus,ForestWetRich
95588,Rumex thyrsiflorus,ForestWetRich
95589,Rumex thyrsiflorus,ForestWetRich
95590,Rumex thyrsiflorus,ForestWetRich
95591,Rumex thyrsiflorus,ForestWetRich
95592,Rumex thyrsiflorus,ForestWetRich
95593,Rumex thyrsiflorus,ForestWetRich
95594,Rumex thyrsiflorus,ForestWetRich
95595,Rumex thyrsiflorus,ForestWetRich
95596,Rumex thyrsiflorus,ForestWetRich
95597,Rumex thyrsiflorus,ForestWetRich
95598,Rumex thyrsiflorus,ForestWetRich
95599,Rumex thyrsiflorus,ForestWetRich
95600,Rumex thyrsiflorus,ForestWetRich
95601,Rumex thyrsiflorus,ForestWetRich
95602,Rumex thyrsiflorus,ForestWetRich
95603,Rumex thyrsiflorus,ForestWetRich
95604,Rumex thyrsiflorus,ForestWetRich
95605,Rumex thyrsiflorus,ForestWetRich
95606,Rumex thyrsiflorus,ForestWetRich
95607,Rumex thyrsiflorus,ForestWetRich
95608,Rumex thyrsiflorus,ForestWetRich
95609,Rumex thyrsiflorus,ForestWetRich
95610,Rumex thyrsiflorus,ForestWetRich
95611,Rumex thyrsiflorus,ForestWetRich
95612,Rumex thyrsiflorus,ForestWetRich
95613,Rumex thyrsiflorus,ForestWetRich
95614,Rumex thyrsiflorus,ForestWetRich
95615,Rumex thyrsiflorus,ForestWetRich
95616,Rumex thyrsiflorus,ForestWetRich
95617,Rumex thyrsiflorus,ForestWetRich
95658,Rumex thyrsiflorus,ForestWetRich
95659,Rumex thyrsiflorus,ForestWetRich
95660,Rumex thyrsiflorus,ForestWetRich
95661,Rumex thyrsiflorus,ForestWetRich
96162,Rumex thyrsiflorus,ForestWetRich
96163,Rumex thyrsiflorus,ForestWetRich
96164,Rumex thyrsiflorus,ForestWetRich
96165,Rumex thyrsiflorus,ForestWetRich
96166,Rumex thyrsiflorus,ForestWetRich
96167,Rumex thyrsiflorus,ForestWetRich
96168,Rumex thyrsiflorus,ForestWetRich
96169,Rumex thyrsiflorus,ForestWetRich
96170,Rumex thyrsiflorus,ForestWetRich
96171,Rumex thyrsiflorus,ForestWetRich
96172,Rumex thyrsiflorus,ForestWetRich
96173,Rumex thyrsiflorus,ForestWetRich
96174,Rumex thyrsiflorus,ForestWetRich
96175,Rumex thyrsiflorus,ForestWetRich
96176,Rumex thyrsiflorus,ForestWetRich
96177,Rumex thyrsiflorus,ForestWetRich
96178,Rumex thyrsiflorus,ForestWetRich
96179,Rumex thyrsiflorus,ForestWetRich
96180,Rumex thyrsiflorus,ForestWetRich
96181,Rumex thyrsiflorus,ForestWetRich
96182,Rumex thyrsiflorus,ForestWetRich
96183,Rumex thyrsiflorus,ForestWetRich
96184,Rumex thyrsiflorus,ForestWetRich
96185,Rumex thyrsiflorus,ForestWetRich
96186,Rumex thyrsiflorus,ForestWetRich
96187,Rumex thyrsiflorus,ForestWetRich
96188,Rumex thyrsiflorus,ForestWetRich
96189,Rumex thyrsiflorus,ForestWetRich
96190,Rumex thyrsiflorus,ForestWetRich
96191,Rumex thyrsiflorus,ForestWetRich
96192,Rumex thyrsiflorus,ForestWetRich
96193,Rumex thyrsiflorus,ForestWetRich
96194,Rumex thyrsiflorus,ForestWetRich
96195,Rumex thyrsiflorus,ForestWetRich
96196,Rumex thyrsiflorus,ForestWetRich
96197,Rumex thyrsiflorus,ForestWetRich
96198,Rumex thyrsiflorus,ForestWetRich
96199,Rumex thyrsiflorus,ForestWetRich
96200,Rumex thyrsiflorus,ForestWetRich
96201,Rumex thyrsiflorus,ForestWetRich
96202,Rumex thyrsiflorus,ForestWetRich
96203,Rumex thyrsiflorus,ForestWetRich
96204,Rumex thyrsiflorus,ForestWetRich
96205,Rumex thyrsiflorus,ForestWetRich
96206,Rumex thyrsiflorus,ForestWetRich
96207,Rumex thyrsiflorus,ForestWetRich
96208,Rumex thyrsiflorus,ForestWetRich
96209,Rumex thyrsiflorus,ForestWetRich
96210,Rumex thyrsiflorus,ForestWetRich
96211,Rumex thyrsiflorus,ForestWetRich
96212,Rumex thyrsiflorus,ForestWetRich
96213,Rumex thyrsiflorus,ForestWetRich
96214,Rumex thyrsiflorus,ForestWetRich
96215,Rumex thyrsiflorus,ForestWetRich
96216,Rumex thyrsiflorus,ForestWetRich
96257,Rumex thyrsiflorus,ForestWetRich
96258,Rumex thyrsiflorus,ForestWetRich
96259,Rumex thyrsiflorus,ForestWetRich
96260,Rumex thyrsiflorus,ForestWetRich
96761,Rumex thyrsiflorus,ForestWetRich
96762,Rumex thyrsiflorus,ForestWetRich
96763,Rumex thyrsiflorus,ForestWetRich
96764,Rumex thyrsiflorus,ForestWetRich
96765,Rumex thyrsiflorus,ForestWetRich
96766,Rumex thyrsiflorus,ForestWetRich
96767,Rumex thyrsiflorus,ForestWetRich
96768,Rumex thyrsiflorus,ForestWetRich
96769,Rumex thyrsiflorus,ForestWetRich
96770,Rumex thyrsiflorus,ForestWetRich
96771,Rumex thyrsiflorus,ForestWetRich
96772,Rumex thyrsiflorus,ForestWetRich
96773,Rumex thyrsiflorus,ForestWetRich
96774,Rumex thyrsiflorus,ForestWetRich
96775,Rumex thyrsiflorus,ForestWetRich
96776,Rumex thyrsiflorus,ForestWetRich
96777,Rumex thyrsiflorus,ForestWetRich
96778,Rumex thyrsiflorus,ForestWetRich
96779,Rumex thyrsiflorus,ForestWetRich
96780,Rumex thyrsiflorus,ForestWetRich
96781,Rumex thyrsiflorus,ForestWetRich
96782,Rumex thyrsiflorus,ForestWetRich
96783,Rumex thyrsiflorus,ForestWetRich
96784,Rumex thyrsiflorus,ForestWetRich
96785,Rumex thyrsiflorus,ForestWetRich
96786,Rumex thyrsiflorus,ForestWetRich
96787,Rumex thyrsiflorus,ForestWetRich
96788,Rumex thyrsiflorus,ForestWetRich
96789,Rumex thyrsiflorus,ForestWetRich
96790,Rumex thyrsiflorus,ForestWetRich
96791,Rumex thyrsiflorus,ForestWetRich
96792,Rumex thyrsiflorus,ForestWetRich
96793,Rumex thyrsiflorus,ForestWetRich
96794,Rumex thyrsiflorus,ForestWetRich
96795,Rumex thyrsiflorus,ForestWetRich
96796,Rumex thyrsiflorus,ForestWetRich
96797,Rumex thyrsiflorus,ForestWetRich
96798,Rumex thyrsiflorus,ForestWetRich
96799,Rumex thyrsiflorus,ForestWetRich
96800,Rumex thyrsiflorus,ForestWetRich
96801,Rumex thyrsiflorus,ForestWetRich
96802,Rumex thyrsiflorus,ForestWetRich
96803,Rumex thyrsiflorus,ForestWetRich
96804,Rumex thyrsiflorus,ForestWetRich
96805,Rumex thyrsiflorus,ForestWetRich
96806,Rumex thyrsiflorus,ForestWetRich
96807,Rumex thyrsiflorus,ForestWetRich
96808,Rumex thyrsiflorus,ForestWetRich
96809,Rumex thyrsiflorus,ForestWetRich
96810,Rumex thyrsiflorus,ForestWetRich
96811,Rumex thyrsiflorus,ForestWetRich
96812,Rumex thyrsiflorus,ForestWetRich
96813,Rumex thyrsiflorus,ForestWetRich
96814,Rumex thyrsiflorus,ForestWetRich
96815,Rumex thyrsiflorus,ForestWetRich
96856,Rumex thyrsiflorus,ForestWetRich
96857,Rumex thyrsiflorus,ForestWetRich
96858,Rumex thyrsiflorus,ForestWetRich
96859,Rumex thyrsiflorus,ForestWetRich
97360,Rumex thyrsiflorus,ForestWetRich
97361,Rumex thyrsiflorus,ForestWetRich
97362,Rumex thyrsiflorus,ForestWetRich
97363,Rumex thyrsiflorus,ForestWetRich
97364,Rumex thyrsiflorus,ForestWetRich
97365,Rumex thyrsiflorus,ForestWetRich
97366,Rumex thyrsiflorus,ForestWetRich
97367,Rumex thyrsiflorus,ForestWetRich
97368,Rumex thyrsiflorus,ForestWetRich
97369,Rumex thyrsiflorus,ForestWetRich
97370,Rumex thyrsiflorus,ForestWetRich
97371,Rumex thyrsiflorus,ForestWetRich
97372,Rumex thyrsiflorus,ForestWetRich
97373,Rumex thyrsiflorus,ForestWetRich
97374,Rumex thyrsiflorus,ForestWetRich
97375,Rumex thyrsiflorus,ForestWetRich
97376,Rumex thyrsiflorus,ForestWetRich
97377,Rumex thyrsiflorus,ForestWetRich
97378,Rumex thyrsiflorus,ForestWetRich
97379,Rumex thyrsiflorus,ForestWetRich
97380,Rumex thyrsiflorus,ForestWetRich
97381,Rumex thyrsiflorus,ForestWetRich
97382,Rumex thyrsiflorus,ForestWetRich
97383,Rumex thyrsiflorus,ForestWetRich
97384,Rumex thyrsiflorus,ForestWetRich
97385,Rumex thyrsiflorus,ForestWetRich
97386,Rumex thyrsiflorus,ForestWetRich
97387,Rumex thyrsiflorus,ForestWetRich
97388,Rumex thyrsiflorus,ForestWetRich
97389,Rumex thyrsiflorus,ForestWetRich
97390,Rumex thyrsiflorus,ForestWetRich
97391,Rumex thyrsiflorus,ForestWetRich
97392,Rumex thyrsiflorus,ForestWetRich
97393,Rumex thyrsiflorus,ForestWetRich
97394,Rumex thyrsiflorus,ForestWetRich
97395,Rumex thyrsiflorus,ForestWetRich
97396,Rumex thyrsiflorus,ForestWetRich
97397,Rumex thyrsiflorus,ForestWetRich
97398,Rumex thyrsiflorus,ForestWetRich
97399,Rumex thyrsiflorus,ForestWetRich
97400,Rumex thyrsiflorus,ForestWetRich
97401,Rumex thyrsiflorus,ForestWetRich
97402,Rumex thyrsiflorus,ForestWetRich
97403,Rumex thyrsiflorus,ForestWetRich
97404,Rumex thyrsiflorus,ForestWetRich
97405,Rumex thyrsiflorus,ForestWetRich
97406,Rumex thyrsiflorus,ForestWetRich
97407,Rumex thyrsiflorus,ForestWetRich
97408,Rumex thyrsiflorus,ForestWetRich
97409,Rumex thyrsiflorus,ForestWetRich
97410,Rumex thyrsiflorus,ForestWetRich
97411,Rumex thyrsiflorus,ForestWetRich
97412,Rumex thyrsiflorus,ForestWetRich
97413,Rumex thyrsiflorus,ForestWetRich
97414,Rumex thyrsiflorus,ForestWetRich
97455,Rumex thyrsiflorus,ForestWetRich
97456,Rumex thyrsiflorus,ForestWetRich
97457,Rumex thyrsiflorus,ForestWetRich
97458,Rumex thyrsiflorus,ForestWetRich
97959,Rumex thyrsiflorus,ForestWetRich
97960,Rumex thyrsiflorus,ForestWetRich
97961,Rumex thyrsiflorus,ForestWetRich
97962,Rumex thyrsiflorus,ForestWetRich
97963,Rumex thyrsiflorus,ForestWetRich
97964,Rumex thyrsiflorus,ForestWetRich
97965,Rumex thyrsiflorus,ForestWetRich
97966,Rumex thyrsiflorus,ForestWetRich
97967,Rumex thyrsiflorus,ForestWetRich
97968,Rumex thyrsiflorus,ForestWetRich
97969,Rumex thyrsiflorus,ForestWetRich
97970,Rumex thyrsiflorus,ForestWetRich
97971,Rumex thyrsiflorus,ForestWetRich
97972,Rumex thyrsiflorus,ForestWetRich
97973,Rumex thyrsiflorus,ForestWetRich
97974,Rumex thyrsiflorus,ForestWetRich
97975,Rumex thyrsiflorus,ForestWetRich
97976,Rumex thyrsiflorus,ForestWetRich
97977,Rumex thyrsiflorus,ForestWetRich
97978,Rumex thyrsiflorus,ForestWetRich
97979,Rumex thyrsiflorus,ForestWetRich
97980,Rumex thyrsiflorus,ForestWetRich
97981,Rumex thyrsiflorus,ForestWetRich
97982,Rumex thyrsiflorus,ForestWetRich
97983,Rumex thyrsiflorus,ForestWetRich
97984,Rumex thyrsiflorus,ForestWetRich
97985,Rumex thyrsiflorus,ForestWetRich
97986,Rumex thyrsiflorus,ForestWetRich
97987,Rumex thyrsiflorus,ForestWetRich
97988,Rumex thyrsiflorus,ForestWetRich
97989,Rumex thyrsiflorus,ForestWetRich
97990,Rumex thyrsiflorus,ForestWetRich
97991,Rumex thyrsiflorus,ForestWetRich
97992,Rumex thyrsiflorus,ForestWetRich
97993,Rumex thyrsiflorus,ForestWetRich
97994,Rumex thyrsiflorus,ForestWetRich
97995,Rumex thyrsiflorus,ForestWetRich
97996,Rumex thyrsiflorus,ForestWetRich
97997,Rumex thyrsiflorus,ForestWetRich
97998,Rumex thyrsiflorus,ForestWetRich
97999,Rumex thyrsiflorus,ForestWetRich
98000,Rumex thyrsiflorus,ForestWetRich
98001,Rumex thyrsiflorus,ForestWetRich
98002,Rumex thyrsiflorus,ForestWetRich
98003,Rumex thyrsiflorus,ForestWetRich
98004,Rumex thyrsiflorus,ForestWetRich
98005,Rumex thyrsiflorus,ForestWetRich
98006,Rumex thyrsiflorus,ForestWetRich
98007,Rumex thyrsiflorus,ForestWetRich
98008,Rumex thyrsiflorus,ForestWetRich
98009,Rumex thyrsiflorus,ForestWetRich
98010,Rumex thyrsiflorus,ForestWetRich
98011,Rumex thyrsiflorus,ForestWetRich
98012,Rumex thyrsiflorus,ForestWetRich
98013,Rumex thyrsiflorus,ForestWetRich
98054,Rumex thyrsiflorus,ForestWetRich
98055,Rumex thyrsiflorus,ForestWetRich
98056,Rumex thyrsiflorus,ForestWetRich
98057,Rumex thyrsiflorus,ForestWetRich
98633,Rumex thyrsiflorus,ForestWetRich
98634,Rumex thyrsiflorus,ForestWetRich
98635,Rumex thyrsiflorus,ForestWetRich
98636,Rumex thyrsiflorus,ForestWetRich
98637,Rumex thyrsiflorus,ForestWetRich
98638,Rumex thyrsiflorus,ForestWetRich
98639,Rumex thyrsiflorus,ForestWetRich
98640,Rumex thyrsiflorus,ForestWetRich
98641,Rumex thyrsiflorus,ForestWetRich
98642,Rumex thyrsiflorus,ForestWetRich
98643,Rumex thyrsiflorus,ForestWetRich
98644,Rumex thyrsiflorus,ForestWetRich
98645,Rumex thyrsiflorus,ForestWetRich
98646,Rumex thyrsiflorus,ForestWetRich
98647,Rumex thyrsiflorus,ForestWetRich
98648,Rumex thyrsiflorus,ForestWetRich
98649,Rumex thyrsiflorus,ForestWetRich
98650,Rumex thyrsiflorus,ForestWetRich
98651,Rumex thyrsiflorus,ForestWetRich
98652,Rumex thyrsiflorus,ForestWetRich
99232,Rumex thyrsiflorus,ForestWetRich
99233,Rumex thyrsiflorus,ForestWetRich
99234,Rumex thyrsiflorus,ForestWetRich
99235,Rumex thyrsiflorus,ForestWetRich
99236,Rumex thyrsiflorus,ForestWetRich
99237,Rumex thyrsiflorus,ForestWetRich
99238,Rumex thyrsiflorus,ForestWetRich
99239,Rumex thyrsiflorus,ForestWetRich
99240,Rumex thyrsiflorus,ForestWetRich
99241,Rumex thyrsiflorus,ForestWetRich
99242,Rumex thyrsiflorus,ForestWetRich
99243,Rumex thyrsiflorus,ForestWetRich
99244,Rumex thyrsiflorus,ForestWetRich
99245,Rumex thyrsiflorus,ForestWetRich
99246,Rumex thyrsiflorus,ForestWetRich
99247,Rumex thyrsiflorus,ForestWetRich
99248,Rumex thyrsiflorus,ForestWetRich
99249,Rumex thyrsiflorus,ForestWetRich
99250,Rumex thyrsiflorus,ForestWetRich
99251,Rumex thyrsiflorus,ForestWetRich
99831,Rumex thyrsiflorus,ForestWetRich
99832,Rumex thyrsiflorus,ForestWetRich
99833,Rumex thyrsiflorus,ForestWetRich
99834,Rumex thyrsiflorus,ForestWetRich
99835,Rumex thyrsiflorus,ForestWetRich
99836,Rumex thyrsiflorus,ForestWetRich
99837,Rumex thyrsiflorus,ForestWetRich
99838,Rumex thyrsiflorus,ForestWetRich
99839,Rumex thyrsiflorus,ForestWetRich
99840,Rumex thyrsiflorus,ForestWetRich
99841,Rumex thyrsiflorus,ForestWetRich
99842,Rumex thyrsiflorus,ForestWetRich
99843,Rumex thyrsiflorus,ForestWetRich
99844,Rumex thyrsiflorus,ForestWetRich
99845,Rumex thyrsiflorus,ForestWetRich
99846,Rumex thyrsiflorus,ForestWetRich
99847,Rumex thyrsiflorus,ForestWetRich
99848,Rumex thyrsiflorus,ForestWetRich
99849,Rumex thyrsiflorus,ForestWetRich
99850,Rumex thyrsiflorus,ForestWetRich
100430,Rumex thyrsiflorus,ForestWetRich
100431,Rumex thyrsiflorus,ForestWetRich
100432,Rumex thyrsiflorus,ForestWetRich
100433,Rumex thyrsiflorus,ForestWetRich
100434,Rumex thyrsiflorus,ForestWetRich
100435,Rumex thyrsiflorus,ForestWetRich
100436,Rumex thyrsiflorus,ForestWetRich
100437,Rumex thyrsiflorus,ForestWetRich
100438,Rumex thyrsiflorus,ForestWetRich
100439,Rumex thyrsiflorus,ForestWetRich
100440,Rumex thyrsiflorus,ForestWetRich
100441,Rumex thyrsiflorus,ForestWetRich
100442,Rumex thyrsiflorus,ForestWetRich
100443,Rumex thyrsiflorus,ForestWetRich
100444,Rumex thyrsiflorus,ForestWetRich
100445,Rumex thyrsiflorus,ForestWetRich
100446,Rumex thyrsiflorus,ForestWetRich
100447,Rumex thyrsiflorus,ForestWetRich
100448,Rumex thyrsiflorus,ForestWetRich
100449,Rumex thyrsiflorus,ForestWetRich
101029,Rumex thyrsiflorus,ForestWetRich
101030,Rumex thyrsiflorus,ForestWetRich
101031,Rumex thyrsiflorus,ForestWetRich
101032,Rumex thyrsiflorus,ForestWetRich
101033,Rumex thyrsiflorus,ForestWetRich
101034,Rumex thyrsiflorus,ForestWetRich
101035,Rumex thyrsiflorus,ForestWetRich
101036,Rumex thyrsiflorus,ForestWetRich
101037,Rumex thyrsiflorus,ForestWetRich
101038,Rumex thyrsiflorus,ForestWetRich
101039,Rumex thyrsiflorus,ForestWetRich
101040,Rumex thyrsiflorus,ForestWetRich
101041,Rumex thyrsiflorus,ForestWetRich
101042,Rumex thyrsiflorus,ForestWetRich
101043,Rumex thyrsiflorus,ForestWetRich
101044,Rumex thyrsiflorus,ForestWetRich
101045,Rumex thyrsiflorus,ForestWetRich
101046,Rumex thyrsiflorus,ForestWetRich
101047,Rumex thyrsiflorus,ForestWetRich
101048,Rumex thyrsiflorus,ForestWetRich
101628,Rumex thyrsiflorus,ForestWetRich
101629,Rumex thyrsiflorus,ForestWetRich
101630,Rumex thyrsiflorus,ForestWetRich
101631,Rumex thyrsiflorus,ForestWetRich
101632,Rumex thyrsiflorus,ForestWetRich
101633,Rumex thyrsiflorus,ForestWetRich
101634,Rumex thyrsiflorus,ForestWetRich
101635,Rumex thyrsiflorus,ForestWetRich
101636,Rumex thyrsiflorus,ForestWetRich
101637,Rumex thyrsiflorus,ForestWetRich
101638,Rumex thyrsiflorus,ForestWetRich
101639,Rumex thyrsiflorus,ForestWetRich
101640,Rumex thyrsiflorus,ForestWetRich
101641,Rumex thyrsiflorus,ForestWetRich
101642,Rumex thyrsiflorus,ForestWetRich
101643,Rumex thyrsiflorus,ForestWetRich
101644,Rumex thyrsiflorus,ForestWetRich
101645,Rumex thyrsiflorus,ForestWetRich
101646,Rumex thyrsiflorus,ForestWetRich
101647,Rumex thyrsiflorus,ForestWetRich
102227,Rumex thyrsiflorus,ForestWetRich
102228,Rumex thyrsiflorus,ForestWetRich
102229,Rumex thyrsiflorus,ForestWetRich
102230,Rumex thyrsiflorus,ForestWetRich
102231,Rumex thyrsiflorus,ForestWetRich
102232,Rumex thyrsiflorus,ForestWetRich
102233,Rumex thyrsiflorus,ForestWetRich
102234,Rumex thyrsiflorus,ForestWetRich
102235,Rumex thyrsiflorus,ForestWetRich
102236,Rumex thyrsiflorus,ForestWetRich
102237,Rumex thyrsiflorus,ForestWetRich
102238,Rumex thyrsiflorus,ForestWetRich
102239,Rumex thyrsiflorus,ForestWetRich
102240,Rumex thyrsiflorus,ForestWetRich
102241,Rumex thyrsiflorus,ForestWetRich
102242,Rumex thyrsiflorus,ForestWetRich
102243,Rumex thyrsiflorus,ForestWetRich
102244,Rumex thyrsiflorus,ForestWetRich
102245,Rumex thyrsiflorus,ForestWetRich
102246,Rumex thyrsiflorus,ForestWetRich
102826,Rumex thyrsiflorus,ForestWetRich
102827,Rumex thyrsiflorus,ForestWetRich
102828,Rumex thyrsiflorus,ForestWetRich
102829,Rumex thyrsiflorus,ForestWetRich
102830,Rumex thyrsiflorus,ForestWetRich
102831,Rumex thyrsiflorus,ForestWetRich
102832,Rumex thyrsiflorus,ForestWetRich
102833,Rumex thyrsiflorus,ForestWetRich
102834,Rumex thyrsiflorus,ForestWetRich
102835,Rumex thyrsiflorus,ForestWetRich
102836,Rumex thyrsiflorus,ForestWetRich
102837,Rumex thyrsiflorus,ForestWetRich
102838,Rumex thyrsiflorus,ForestWetRich
102839,Rumex thyrsiflorus,ForestWetRich
102840,Rumex thyrsiflorus,ForestWetRich
102841,Rumex thyrsiflorus,ForestWetRich
102842,Rumex thyrsiflorus,ForestWetRich
102843,Rumex thyrsiflorus,ForestWetRich
102844,Rumex thyrsiflorus,ForestWetRich
102845,Rumex thyrsiflorus,ForestWetRich
103425,Rumex thyrsiflorus,ForestWetRich
103426,Rumex thyrsiflorus,ForestWetRich
103427,Rumex thyrsiflorus,ForestWetRich
103428,Rumex thyrsiflorus,ForestWetRich
103429,Rumex thyrsiflorus,ForestWetRich
103430,Rumex thyrsiflorus,ForestWetRich
103431,Rumex thyrsiflorus,ForestWetRich
103432,Rumex thyrsiflorus,ForestWetRich
103433,Rumex thyrsiflorus,ForestWetRich
103434,Rumex thyrsiflorus,ForestWetRich
103435,Rumex thyrsiflorus,ForestWetRich
103436,Rumex thyrsiflorus,ForestWetRich
103437,Rumex thyrsiflorus,ForestWetRich
103438,Rumex thyrsiflorus,ForestWetRich
103439,Rumex thyrsiflorus,ForestWetRich
103440,Rumex thyrsiflorus,ForestWetRich
103441,Rumex thyrsiflorus,ForestWetRich
103442,Rumex thyrsiflorus,ForestWetRich
103443,Rumex thyrsiflorus,ForestWetRich
103444,Rumex thyrsiflorus,ForestWetRich
104024,Rumex thyrsiflorus,ForestWetRich
104025,Rumex thyrsiflorus,ForestWetRich
104026,Rumex thyrsiflorus,ForestWetRich
104027,Rumex thyrsiflorus,ForestWetRich
104028,Rumex thyrsiflorus,ForestWetRich
104029,Rumex thyrsiflorus,ForestWetRich
104030,Rumex thyrsiflorus,ForestWetRich
104031,Rumex thyrsiflorus,ForestWetRich
104032,Rumex thyrsiflorus,ForestWetRich
104033,Rumex thyrsiflorus,ForestWetRich
104034,Rumex thyrsiflorus,ForestWetRich
104035,Rumex thyrsiflorus,ForestWetRich
104036,Rumex thyrsiflorus,ForestWetRich
104037,Rumex thyrsiflorus,ForestWetRich
104038,Rumex thyrsiflorus,ForestWetRich
104039,Rumex thyrsiflorus,ForestWetRich
104040,Rumex thyrsiflorus,ForestWetRich
104041,Rumex thyrsiflorus,ForestWetRich
104042,Rumex thyrsiflorus,ForestWetRich
104043,Rumex thyrsiflorus,ForestWetRich
104623,Rumex thyrsiflorus,ForestWetRich
104624,Rumex thyrsiflorus,ForestWetRich
104625,Rumex thyrsiflorus,ForestWetRich
104626,Rumex thyrsiflorus,ForestWetRich
104627,Rumex thyrsiflorus,ForestWetRich
104628,Rumex thyrsiflorus,ForestWetRich
104629,Rumex thyrsiflorus,ForestWetRich
104630,Rumex thyrsiflorus,ForestWetRich
104631,Rumex thyrsiflorus,ForestWetRich
104632,Rumex thyrsiflorus,ForestWetRich
104633,Rumex thyrsiflorus,ForestWetRich
104634,Rumex thyrsiflorus,ForestWetRich
104635,Rumex thyrsiflorus,ForestWetRich
104636,Rumex thyrsiflorus,ForestWetRich
104637,Rumex thyrsiflorus,ForestWetRich
104638,Rumex thyrsiflorus,ForestWetRich
104639,Rumex thyrsiflorus,ForestWetRich
104640,Rumex thyrsiflorus,ForestWetRich
104641,Rumex thyrsiflorus,ForestWetRich
104642,Rumex thyrsiflorus,ForestWetRich
105222,Rumex thyrsiflorus,ForestWetRich
105223,Rumex thyrsiflorus,ForestWetRich
105224,Rumex thyrsiflorus,ForestWetRich
105225,Rumex thyrsiflorus,ForestWetRich
105226,Rumex thyrsiflorus,ForestWetRich
105227,Rumex thyrsiflorus,ForestWetRich
105228,Rumex thyrsiflorus,ForestWetRich
105229,Rumex thyrsiflorus,ForestWetRich
105230,Rumex thyrsiflorus,ForestWetRich
105231,Rumex thyrsiflorus,ForestWetRich
105232,Rumex thyrsiflorus,ForestWetRich
105233,Rumex thyrsiflorus,ForestWetRich
105234,Rumex thyrsiflorus,ForestWetRich
105235,Rumex thyrsiflorus,ForestWetRich
105236,Rumex thyrsiflorus,ForestWetRich
105237,Rumex thyrsiflorus,ForestWetRich
105238,Rumex thyrsiflorus,ForestWetRich
105239,Rumex thyrsiflorus,ForestWetRich
105240,Rumex thyrsiflorus,ForestWetRich
105241,Rumex thyrsiflorus,ForestWetRich
105821,Rumex thyrsiflorus,ForestWetRich
105822,Rumex thyrsiflorus,ForestWetRich
105823,Rumex thyrsiflorus,ForestWetRich
105824,Rumex thyrsiflorus,ForestWetRich
105825,Rumex thyrsiflorus,ForestWetRich
105826,Rumex thyrsiflorus,ForestWetRich
105827,Rumex thyrsiflorus,ForestWetRich
105828,Rumex thyrsiflorus,ForestWetRich
105829,Rumex thyrsiflorus,ForestWetRich
105830,Rumex thyrsiflorus,ForestWetRich
105831,Rumex thyrsiflorus,ForestWetRich
105832,Rumex thyrsiflorus,ForestWetRich
105833,Rumex thyrsiflorus,ForestWetRich
105834,Rumex thyrsiflorus,ForestWetRich
105835,Rumex thyrsiflorus,ForestWetRich
105836,Rumex thyrsiflorus,ForestWetRich
105837,Rumex thyrsiflorus,ForestWetRich
105838,Rumex thyrsiflorus,ForestWetRich
105839,Rumex thyrsiflorus,ForestWetRich
105840,Rumex thyrsiflorus,ForestWetRich
106420,Rumex thyrsiflorus,ForestWetRich
106421,Rumex thyrsiflorus,ForestWetRich
106422,Rumex thyrsiflorus,ForestWetRich
106423,Rumex thyrsiflorus,ForestWetRich
106424,Rumex thyrsiflorus,ForestWetRich
106425,Rumex thyrsiflorus,ForestWetRich
106426,Rumex thyrsiflorus,ForestWetRich
106427,Rumex thyrsiflorus,ForestWetRich
106428,Rumex thyrsiflorus,ForestWetRich
106429,Rumex thyrsiflorus,ForestWetRich
106430,Rumex thyrsiflorus,ForestWetRich
106431,Rumex thyrsiflorus,ForestWetRich
106432,Rumex thyrsiflorus,ForestWetRich
106433,Rumex thyrsiflorus,ForestWetRich
106434,Rumex thyrsiflorus,ForestWetRich
106435,Rumex thyrsiflorus,ForestWetRich
106436,Rumex thyrsiflorus,ForestWetRich
106437,Rumex thyrsiflorus,ForestWetRich
106438,Rumex thyrsiflorus,ForestWetRich
106439,Rumex thyrsiflorus,ForestWetRich
107019,Rumex thyrsiflorus,ForestWetRich
107020,Rumex thyrsiflorus,ForestWetRich
107021,Rumex thyrsiflorus,ForestWetRich
107022,Rumex thyrsiflorus,ForestWetRich
107023,Rumex thyrsiflorus,ForestWetRich
107024,Rumex thyrsiflorus,ForestWetRich
107025,Rumex thyrsiflorus,ForestWetRich
107026,Rumex thyrsiflorus,ForestWetRich
107027,Rumex thyrsiflorus,ForestWetRich
107028,Rumex thyrsiflorus,ForestWetRich
107029,Rumex thyrsiflorus,ForestWetRich
107030,Rumex thyrsiflorus,ForestWetRich
107031,Rumex thyrsiflorus,ForestWetRich
107032,Rumex thyrsiflorus,ForestWetRich
107033,Rumex thyrsiflorus,ForestWetRich
107034,Rumex thyrsiflorus,ForestWetRich
107035,Rumex thyrsiflorus,ForestWetRich
107036,Rumex thyrsiflorus,ForestWetRich
107037,Rumex thyrsiflorus,ForestWetRich
107038,Rumex thyrsiflorus,ForestWetRich
107618,Rumex thyrsiflorus,ForestWetRich
107619,Rumex thyrsiflorus,ForestWetRich
107620,Rumex thyrsiflorus,ForestWetRich
107621,Rumex thyrsiflorus,ForestWetRich
107622,Rumex thyrsiflorus,ForestWetRich
107623,Rumex thyrsiflorus,ForestWetRich
107624,Rumex thyrsiflorus,ForestWetRich
107625,Rumex thyrsiflorus,ForestWetRich
107626,Rumex thyrsiflorus,ForestWetRich
107627,Rumex thyrsiflorus,ForestWetRich
107628,Rumex thyrsiflorus,ForestWetRich
107629,Rumex thyrsiflorus,ForestWetRich
107630,Rumex thyrsiflorus,ForestWetRich
107631,Rumex thyrsiflorus,ForestWetRich
107632,Rumex thyrsiflorus,ForestWetRich
107633,Rumex thyrsiflorus,ForestWetRich
107634,Rumex thyrsiflorus,ForestWetRich
107635,Rumex thyrsiflorus,ForestWetRich
107636,Rumex thyrsiflorus,ForestWetRich
107637,Rumex thyrsiflorus,ForestWetRich
108217,Rumex thyrsiflorus,ForestWetRich
108218,Rumex thyrsiflorus,ForestWetRich
108219,Rumex thyrsiflorus,ForestWetRich
108220,Rumex thyrsiflorus,ForestWetRich
108221,Rumex thyrsiflorus,ForestWetRich
108222,Rumex thyrsiflorus,ForestWetRich
108223,Rumex thyrsiflorus,ForestWetRich
108224,Rumex thyrsiflorus,ForestWetRich
108225,Rumex thyrsiflorus,ForestWetRich
108226,Rumex thyrsiflorus,ForestWetRich
108227,Rumex thyrsiflorus,ForestWetRich
108228,Rumex thyrsiflorus,ForestWetRich
108229,Rumex thyrsiflorus,ForestWetRich
108230,Rumex thyrsiflorus,ForestWetRich
108231,Rumex thyrsiflorus,ForestWetRich
108232,Rumex thyrsiflorus,ForestWetRich
108233,Rumex thyrsiflorus,ForestWetRich
108234,Rumex thyrsiflorus,ForestWetRich
108235,Rumex thyrsiflorus,ForestWetRich
108236,Rumex thyrsiflorus,ForestWetRich
108816,Rumex thyrsiflorus,ForestWetRich
108817,Rumex thyrsiflorus,ForestWetRich
108818,Rumex thyrsiflorus,ForestWetRich
108819,Rumex thyrsiflorus,ForestWetRich
108820,Rumex thyrsiflorus,ForestWetRich
108821,Rumex thyrsiflorus,ForestWetRich
108822,Rumex thyrsiflorus,ForestWetRich
108823,Rumex thyrsiflorus,ForestWetRich
108824,Rumex thyrsiflorus,ForestWetRich
108825,Rumex thyrsiflorus,ForestWetRich
108826,Rumex thyrsiflorus,ForestWetRich
108827,Rumex thyrsiflorus,ForestWetRich
108828,Rumex thyrsiflorus,ForestWetRich
108829,Rumex thyrsiflorus,ForestWetRich
108830,Rumex thyrsiflorus,ForestWetRich
108831,Rumex thyrsiflorus,ForestWetRich
108832,Rumex thyrsiflorus,ForestWetRich
108833,Rumex thyrsiflorus,ForestWetRich
108834,Rumex thyrsiflorus,ForestWetRich
108835,Rumex thyrsiflorus,ForestWetRich
109415,Rumex thyrsiflorus,ForestWetRich
109416,Rumex thyrsiflorus,ForestWetRich
109417,Rumex thyrsiflorus,ForestWetRich
109418,Rumex thyrsiflorus,ForestWetRich
109419,Rumex thyrsiflorus,ForestWetRich
109420,Rumex thyrsiflorus,ForestWetRich
109421,Rumex thyrsiflorus,ForestWetRich
109422,Rumex thyrsiflorus,ForestWetRich
109423,Rumex thyrsiflorus,ForestWetRich
109424,Rumex thyrsiflorus,ForestWetRich
109425,Rumex thyrsiflorus,ForestWetRich
109426,Rumex thyrsiflorus,ForestWetRich
109427,Rumex thyrsiflorus,ForestWetRich
109428,Rumex thyrsiflorus,ForestWetRich
109429,Rumex thyrsiflorus,ForestWetRich
109430,Rumex thyrsiflorus,ForestWetRich
109431,Rumex thyrsiflorus,ForestWetRich
109432,Rumex thyrsiflorus,ForestWetRich
109433,Rumex thyrsiflorus,ForestWetRich
109434,Rumex thyrsiflorus,ForestWetRich
110014,Rumex thyrsiflorus,ForestWetRich
110015,Rumex thyrsiflorus,ForestWetRich
110016,Rumex thyrsiflorus,ForestWetRich
110017,Rumex thyrsiflorus,ForestWetRich
110018,Rumex thyrsiflorus,ForestWetRich
110019,Rumex thyrsiflorus,ForestWetRich
110020,Rumex thyrsiflorus,ForestWetRich
110021,Rumex thyrsiflorus,ForestWetRich
110022,Rumex thyrsiflorus,ForestWetRich
110023,Rumex thyrsiflorus,ForestWetRich
110024,Rumex thyrsiflorus,ForestWetRich
110025,Rumex thyrsiflorus,ForestWetRich
110026,Rumex thyrsiflorus,ForestWetRich
110027,Rumex thyrsiflorus,ForestWetRich
110028,Rumex thyrsiflorus,ForestWetRich
110029,Rumex thyrsiflorus,ForestWetRich
110030,Rumex thyrsiflorus,ForestWetRich
110031,Rumex thyrsiflorus,ForestWetRich
110032,Rumex thyrsiflorus,ForestWetRich
110033,Rumex thyrsiflorus,ForestWetRich
110542,Rumex thyrsiflorus,ForestWetRich
110543,Rumex thyrsiflorus,ForestWetRich
110544,Rumex thyrsiflorus,ForestWetRich
110545,Rumex thyrsiflorus,ForestWetRich
110546,Rumex thyrsiflorus,ForestWetRich
110547,Rumex thyrsiflorus,ForestWetRich
110548,Rumex thyrsiflorus,ForestWetRich
110549,Rumex thyrsiflorus,ForestWetRich
110550,Rumex thyrsiflorus,ForestWetRich
110551,Rumex thyrsiflorus,ForestWetRich
110552,Rumex thyrsiflorus,ForestWetRich
110553,Rumex thyrsiflorus,ForestWetRich
110554,Rumex thyrsiflorus,ForestWetRich
110555,Rumex thyrsiflorus,ForestWetRich
110556,Rumex thyrsiflorus,ForestWetRich
110557,Rumex thyrsiflorus,ForestWetRich
110558,Rumex thyrsiflorus,ForestWetRich
110559,Rumex thyrsiflorus,ForestWetRich
110560,Rumex thyrsiflorus,ForestWetRich
110561,Rumex thyrsiflorus,ForestWetRich
110562,Rumex thyrsiflorus,ForestWetRich
110563,Rumex thyrsiflorus,ForestWetRich
110564,Rumex thyrsiflorus,ForestWetRich
110565,Rumex thyrsiflorus,ForestWetRich
110566,Rumex thyrsiflorus,ForestWetRich
110567,Rumex thyrsiflorus,ForestWetRich
110568,Rumex thyrsiflorus,ForestWetRich
110569,Rumex thyrsiflorus,ForestWetRich
110570,Rumex thyrsiflorus,ForestWetRich
110571,Rumex thyrsiflorus,ForestWetRich
110572,Rumex thyrsiflorus,ForestWetRich
110573,Rumex thyrsiflorus,ForestWetRich
110574,Rumex thyrsiflorus,ForestWetRich
110575,Rumex thyrsiflorus,ForestWetRich
110576,Rumex thyrsiflorus,ForestWetRich
110577,Rumex thyrsiflorus,ForestWetRich
110578,Rumex thyrsiflorus,ForestWetRich
110579,Rumex thyrsiflorus,ForestWetRich
110580,Rumex thyrsiflorus,ForestWetRich
110581,Rumex thyrsiflorus,ForestWetRich
110582,Rumex thyrsiflorus,ForestWetRich
110583,Rumex thyrsiflorus,ForestWetRich
110584,Rumex thyrsiflorus,ForestWetRich
110585,Rumex thyrsiflorus,ForestWetRich
110586,Rumex thyrsiflorus,ForestWetRich
110587,Rumex thyrsiflorus,ForestWetRich
110588,Rumex thyrsiflorus,ForestWetRich
110589,Rumex thyrsiflorus,ForestWetRich
110590,Rumex thyrsiflorus,ForestWetRich
110591,Rumex thyrsiflorus,ForestWetRich
110592,Rumex thyrsiflorus,ForestWetRich
111141,Rumex thyrsiflorus,ForestWetRich
111142,Rumex thyrsiflorus,ForestWetRich
111143,Rumex thyrsiflorus,ForestWetRich
111144,Rumex thyrsiflorus,ForestWetRich
111145,Rumex thyrsiflorus,ForestWetRich
111146,Rumex thyrsiflorus,ForestWetRich
111147,Rumex thyrsiflorus,ForestWetRich
111148,Rumex thyrsiflorus,ForestWetRich
111149,Rumex thyrsiflorus,ForestWetRich
111150,Rumex thyrsiflorus,ForestWetRich
111151,Rumex thyrsiflorus,ForestWetRich
111152,Rumex thyrsiflorus,ForestWetRich
111153,Rumex thyrsiflorus,ForestWetRich
111154,Rumex thyrsiflorus,ForestWetRich
111155,Rumex thyrsiflorus,ForestWetRich
111156,Rumex thyrsiflorus,ForestWetRich
111157,Rumex thyrsiflorus,ForestWetRich
111158,Rumex thyrsiflorus,ForestWetRich
111159,Rumex thyrsiflorus,ForestWetRich
111160,Rumex thyrsiflorus,ForestWetRich
111161,Rumex thyrsiflorus,ForestWetRich
111162,Rumex thyrsiflorus,ForestWetRich
111163,Rumex thyrsiflorus,ForestWetRich
111164,Rumex thyrsiflorus,ForestWetRich
111165,Rumex thyrsiflorus,ForestWetRich
111166,Rumex thyrsiflorus,ForestWetRich
111167,Rumex thyrsiflorus,ForestWetRich
111168,Rumex thyrsiflorus,ForestWetRich
111169,Rumex thyrsiflorus,ForestWetRich
111170,Rumex thyrsiflorus,ForestWetRich
111171,Rumex thyrsiflorus,ForestWetRich
111172,Rumex thyrsiflorus,ForestWetRich
111173,Rumex thyrsiflorus,ForestWetRich
111174,Rumex thyrsiflorus,ForestWetRich
111175,Rumex thyrsiflorus,ForestWetRich
111176,Rumex thyrsiflorus,ForestWetRich
111177,Rumex thyrsiflorus,ForestWetRich
111178,Rumex thyrsiflorus,ForestWetRich
111179,Rumex thyrsiflorus,ForestWetRich
111180,Rumex thyrsiflorus,ForestWetRich
111181,Rumex thyrsiflorus,ForestWetRich
111182,Rumex thyrsiflorus,ForestWetRich
111183,Rumex thyrsiflorus,ForestWetRich
111184,Rumex thyrsiflorus,ForestWetRich
111185,Rumex thyrsiflorus,ForestWetRich
111186,Rumex thyrsiflorus,ForestWetRich
111187,Rumex thyrsiflorus,ForestWetRich
111188,Rumex thyrsiflorus,ForestWetRich
111189,Rumex thyrsiflorus,ForestWetRich
111190,Rumex thyrsiflorus,ForestWetRich
111191,Rumex thyrsiflorus,ForestWetRich
111740,Rumex thyrsiflorus,ForestWetRich
111741,Rumex thyrsiflorus,ForestWetRich
111742,Rumex thyrsiflorus,ForestWetRich
111743,Rumex thyrsiflorus,ForestWetRich
111744,Rumex thyrsiflorus,ForestWetRich
111745,Rumex thyrsiflorus,ForestWetRich
111746,Rumex thyrsiflorus,ForestWetRich
111747,Rumex thyrsiflorus,ForestWetRich
111748,Rumex thyrsiflorus,ForestWetRich
111749,Rumex thyrsiflorus,ForestWetRich
111750,Rumex thyrsiflorus,ForestWetRich
111751,Rumex thyrsiflorus,ForestWetRich
111752,Rumex thyrsiflorus,ForestWetRich
111753,Rumex thyrsiflorus,ForestWetRich
111754,Rumex thyrsiflorus,ForestWetRich
111755,Rumex thyrsiflorus,ForestWetRich
111756,Rumex thyrsiflorus,ForestWetRich
111757,Rumex thyrsiflorus,ForestWetRich
111758,Rumex thyrsiflorus,ForestWetRich
111759,Rumex thyrsiflorus,ForestWetRich
111760,Rumex thyrsiflorus,ForestWetRich
111761,Rumex thyrsiflorus,ForestWetRich
111762,Rumex thyrsiflorus,ForestWetRich
111763,Rumex thyrsiflorus,ForestWetRich
111764,Rumex thyrsiflorus,ForestWetRich
111765,Rumex thyrsiflorus,ForestWetRich
111766,Rumex thyrsiflorus,ForestWetRich
111767,Rumex thyrsiflorus,ForestWetRich
111768,Rumex thyrsiflorus,ForestWetRich
111769,Rumex thyrsiflorus,ForestWetRich
111770,Rumex thyrsiflorus,ForestWetRich
111771,Rumex thyrsiflorus,ForestWetRich
111772,Rumex thyrsiflorus,ForestWetRich
111773,Rumex thyrsiflorus,ForestWetRich
111774,Rumex thyrsiflorus,ForestWetRich
111775,Rumex thyrsiflorus,ForestWetRich
111776,Rumex thyrsiflorus,ForestWetRich
111777,Rumex thyrsiflorus,ForestWetRich
111778,Rumex thyrsiflorus,ForestWetRich
111779,Rumex thyrsiflorus,ForestWetRich
111780,Rumex thyrsiflorus,ForestWetRich
111781,Rumex thyrsiflorus,ForestWetRich
111782,Rumex thyrsiflorus,ForestWetRich
111783,Rumex thyrsiflorus,ForestWetRich
111784,Rumex thyrsiflorus,ForestWetRich
111785,Rumex thyrsiflorus,ForestWetRich
111786,Rumex thyrsiflorus,ForestWetRich
111787,Rumex thyrsiflorus,ForestWetRich
111788,Rumex thyrsiflorus,ForestWetRich
111789,Rumex thyrsiflorus,ForestWetRich
111790,Rumex thyrsiflorus,ForestWetRich
112340,Rumex thyrsiflorus,ForestWetRich
112341,Rumex thyrsiflorus,ForestWetRich
112342,Rumex thyrsiflorus,ForestWetRich
112343,Rumex thyrsiflorus,ForestWetRich
112344,Rumex thyrsiflorus,ForestWetRich
112345,Rumex thyrsiflorus,ForestWetRich
112346,Rumex thyrsiflorus,ForestWetRich
112347,Rumex thyrsiflorus,ForestWetRich
112348,Rumex thyrsiflorus,ForestWetRich
112349,Rumex thyrsiflorus,ForestWetRich
112350,Rumex thyrsiflorus,ForestWetRich
112351,Rumex thyrsiflorus,ForestWetRich
112352,Rumex thyrsiflorus,ForestWetRich
112353,Rumex thyrsiflorus,ForestWetRich
112354,Rumex thyrsiflorus,ForestWetRich
112355,Rumex thyrsiflorus,ForestWetRich
112356,Rumex thyrsiflorus,ForestWetRich
112357,Rumex thyrsiflorus,ForestWetRich
112358,Rumex thyrsiflorus,ForestWetRich
112359,Rumex thyrsiflorus,ForestWetRich
112360,Rumex thyrsiflorus,ForestWetRich
112361,Rumex thyrsiflorus,ForestWetRich
112362,Rumex thyrsiflorus,ForestWetRich
112363,Rumex thyrsiflorus,ForestWetRich
112364,Rumex thyrsiflorus,ForestWetRich
112365,Rumex thyrsiflorus,ForestWetRich
112366,Rumex thyrsiflorus,ForestWetRich
112367,Rumex thyrsiflorus,ForestWetRich
112368,Rumex thyrsiflorus,ForestWetRich
112369,Rumex thyrsiflorus,ForestWetRich
112370,Rumex thyrsiflorus,ForestWetRich
112371,Rumex thyrsiflorus,ForestWetRich
112372,Rumex thyrsiflorus,ForestWetRich
112373,Rumex thyrsiflorus,ForestWetRich
112374,Rumex thyrsiflorus,ForestWetRich
112375,Rumex thyrsiflorus,ForestWetRich
112376,Rumex thyrsiflorus,ForestWetRich
112377,Rumex thyrsiflorus,ForestWetRich
112378,Rumex thyrsiflorus,ForestWetRich
112379,Rumex thyrsiflorus,ForestWetRich
112380,Rumex thyrsiflorus,ForestWetRich
112381,Rumex thyrsiflorus,ForestWetRich
112382,Rumex thyrsiflorus,ForestWetRich
112383,Rumex thyrsiflorus,ForestWetRich
112384,Rumex thyrsiflorus,ForestWetRich
112385,Rumex thyrsiflorus,ForestWetRich
112386,Rumex thyrsiflorus,ForestWetRich
112387,Rumex thyrsiflorus,ForestWetRich
112388,Rumex thyrsiflorus,ForestWetRich
112389,Rumex thyrsiflorus,ForestWetRich
112939,Rumex thyrsiflorus,ForestWetRich
112940,Rumex thyrsiflorus,ForestWetRich
112941,Rumex thyrsiflorus,ForestWetRich
112942,Rumex thyrsiflorus,ForestWetRich
112943,Rumex thyrsiflorus,ForestWetRich
112944,Rumex thyrsiflorus,ForestWetRich
112945,Rumex thyrsiflorus,ForestWetRich
112946,Rumex thyrsiflorus,ForestWetRich
112947,Rumex thyrsiflorus,ForestWetRich
112948,Rumex thyrsiflorus,ForestWetRich
112949,Rumex thyrsiflorus,ForestWetRich
112950,Rumex thyrsiflorus,ForestWetRich
112951,Rumex thyrsiflorus,ForestWetRich
112952,Rumex thyrsiflorus,ForestWetRich
112953,Rumex thyrsiflorus,ForestWetRich
112954,Rumex thyrsiflorus,ForestWetRich
112955,Rumex thyrsiflorus,ForestWetRich
112956,Rumex thyrsiflorus,ForestWetRich
112957,Rumex thyrsiflorus,ForestWetRich
112958,Rumex thyrsiflorus,ForestWetRich
112959,Rumex thyrsiflorus,ForestWetRich
112960,Rumex thyrsiflorus,ForestWetRich
112961,Rumex thyrsiflorus,ForestWetRich
112962,Rumex thyrsiflorus,ForestWetRich
112963,Rumex thyrsiflorus,ForestWetRich
112964,Rumex thyrsiflorus,ForestWetRich
112965,Rumex thyrsiflorus,ForestWetRich
112966,Rumex thyrsiflorus,ForestWetRich
112967,Rumex thyrsiflorus,ForestWetRich
112968,Rumex thyrsiflorus,ForestWetRich
112969,Rumex thyrsiflorus,ForestWetRich
112970,Rumex thyrsiflorus,ForestWetRich
112971,Rumex thyrsiflorus,ForestWetRich
112972,Rumex thyrsiflorus,ForestWetRich
112973,Rumex thyrsiflorus,ForestWetRich
112974,Rumex thyrsiflorus,ForestWetRich
112975,Rumex thyrsiflorus,ForestWetRich
112976,Rumex thyrsiflorus,ForestWetRich
112977,Rumex thyrsiflorus,ForestWetRich
112978,Rumex thyrsiflorus,ForestWetRich
112979,Rumex thyrsiflorus,ForestWetRich
112980,Rumex thyrsiflorus,ForestWetRich
112981,Rumex thyrsiflorus,ForestWetRich
112982,Rumex thyrsiflorus,ForestWetRich
112983,Rumex thyrsiflorus,ForestWetRich
112984,Rumex thyrsiflorus,ForestWetRich
112985,Rumex thyrsiflorus,ForestWetRich
112986,Rumex thyrsiflorus,ForestWetRich
112987,Rumex thyrsiflorus,ForestWetRich
112988,Rumex thyrsiflorus,ForestWetRich
113539,Rumex thyrsiflorus,ForestWetRich
113540,Rumex thyrsiflorus,ForestWetRich
113541,Rumex thyrsiflorus,ForestWetRich
113542,Rumex thyrsiflorus,ForestWetRich
113543,Rumex thyrsiflorus,ForestWetRich
113544,Rumex thyrsiflorus,ForestWetRich
113545,Rumex thyrsiflorus,ForestWetRich
113546,Rumex thyrsiflorus,ForestWetRich
113547,Rumex thyrsiflorus,ForestWetRich
113548,Rumex thyrsiflorus,ForestWetRich
113549,Rumex thyrsiflorus,ForestWetRich
113550,Rumex thyrsiflorus,ForestWetRich
113551,Rumex thyrsiflorus,ForestWetRich
113552,Rumex thyrsiflorus,ForestWetRich
113553,Rumex thyrsiflorus,ForestWetRich
113554,Rumex thyrsiflorus,ForestWetRich
113555,Rumex thyrsiflorus,ForestWetRich
113556,Rumex thyrsiflorus,ForestWetRich
113557,Rumex thyrsiflorus,ForestWetRich
113558,Rumex thyrsiflorus,ForestWetRich
113559,Rumex thyrsiflorus,ForestWetRich
113560,Rumex thyrsiflorus,ForestWetRich
113561,Rumex thyrsiflorus,ForestWetRich
113562,Rumex thyrsiflorus,ForestWetRich
113563,Rumex thyrsiflorus,ForestWetRich
113564,Rumex thyrsiflorus,ForestWetRich
113565,Rumex thyrsiflorus,ForestWetRich
113566,Rumex thyrsiflorus,ForestWetRich
113567,Rumex thyrsiflorus,ForestWetRich
113568,Rumex thyrsiflorus,ForestWetRich
113569,Rumex thyrsiflorus,ForestWetRich
113570,Rumex thyrsiflorus,ForestWetRich
113571,Rumex thyrsiflorus,ForestWetRich
113572,Rumex thyrsiflorus,ForestWetRich
113573,Rumex thyrsiflorus,ForestWetRich
113574,Rumex thyrsiflorus,ForestWetRich
113575,Rumex thyrsiflorus,ForestWetRich
113576,Rumex thyrsiflorus,ForestWetRich
113577,Rumex thyrsiflorus,ForestWetRich
113578,Rumex thyrsiflorus,ForestWetRich
113579,Rumex thyrsiflorus,ForestWetRich
113580,Rumex thyrsiflorus,ForestWetRich
113581,Rumex thyrsiflorus,ForestWetRich
113582,Rumex thyrsiflorus,ForestWetRich
113583,Rumex thyrsiflorus,ForestWetRich
113584,Rumex thyrsiflorus,ForestWetRich
113585,Rumex thyrsiflorus,ForestWetRich
113586,Rumex thyrsiflorus,ForestWetRich
113587,Rumex thyrsiflorus,ForestWetRich
114139,Rumex thyrsiflorus,ForestWetRich
114140,Rumex thyrsiflorus,ForestWetRich
114141,Rumex thyrsiflorus,ForestWetRich
114142,Rumex thyrsiflorus,ForestWetRich
114143,Rumex thyrsiflorus,ForestWetRich
114144,Rumex thyrsiflorus,ForestWetRich
114145,Rumex thyrsiflorus,ForestWetRich
114146,Rumex thyrsiflorus,ForestWetRich
114147,Rumex thyrsiflorus,ForestWetRich
114148,Rumex thyrsiflorus,ForestWetRich
114149,Rumex thyrsiflorus,ForestWetRich
114150,Rumex thyrsiflorus,ForestWetRich
114151,Rumex thyrsiflorus,ForestWetRich
114152,Rumex thyrsiflorus,ForestWetRich
114153,Rumex thyrsiflorus,ForestWetRich
114154,Rumex thyrsiflorus,ForestWetRich
114155,Rumex thyrsiflorus,ForestWetRich
114156,Rumex thyrsiflorus,ForestWetRich
114157,Rumex thyrsiflorus,ForestWetRich
114158,Rumex thyrsiflorus,ForestWetRich
114159,Rumex thyrsiflorus,ForestWetRich
114160,Rumex thyrsiflorus,ForestWetRich
114161,Rumex thyrsiflorus,ForestWetRich
114162,Rumex thyrsiflorus,ForestWetRich
114163,Rumex thyrsiflorus,ForestWetRich
114164,Rumex thyrsiflorus,ForestWetRich
114165,Rumex thyrsiflorus,ForestWetRich
114166,Rumex thyrsiflorus,ForestWetRich
114167,Rumex thyrsiflorus,ForestWetRich
114168,Rumex thyrsiflorus,ForestWetRich
114169,Rumex thyrsiflorus,ForestWetRich
114170,Rumex thyrsiflorus,ForestWetRich
114171,Rumex thyrsiflorus,ForestWetRich
114172,Rumex thyrsiflorus,ForestWetRich
114173,Rumex thyrsiflorus,ForestWetRich
114174,Rumex thyrsiflorus,ForestWetRich
114175,Rumex thyrsiflorus,ForestWetRich
114176,Rumex thyrsiflorus,ForestWetRich
114177,Rumex thyrsiflorus,ForestWetRich
114178,Rumex thyrsiflorus,ForestWetRich
114179,Rumex thyrsiflorus,ForestWetRich
114180,Rumex thyrsiflorus,ForestWetRich
114181,Rumex thyrsiflorus,ForestWetRich
114182,Rumex thyrsiflorus,ForestWetRich
114183,Rumex thyrsiflorus,ForestWetRich
114184,Rumex thyrsiflorus,ForestWetRich
114185,Rumex thyrsiflorus,ForestWetRich
114186,Rumex thyrsiflorus,ForestWetRich
114738,Rumex thyrsiflorus,ForestWetRich
114739,Rumex thyrsiflorus,ForestWetRich
114740,Rumex thyrsiflorus,ForestWetRich
114741,Rumex thyrsiflorus,ForestWetRich
114742,Rumex thyrsiflorus,ForestWetRich
114743,Rumex thyrsiflorus,ForestWetRich
114744,Rumex thyrsiflorus,ForestWetRich
114745,Rumex thyrsiflorus,ForestWetRich
114746,Rumex thyrsiflorus,ForestWetRich
114747,Rumex thyrsiflorus,ForestWetRich
114748,Rumex thyrsiflorus,ForestWetRich
114749,Rumex thyrsiflorus,ForestWetRich
114750,Rumex thyrsiflorus,ForestWetRich
114751,Rumex thyrsiflorus,ForestWetRich
114752,Rumex thyrsiflorus,ForestWetRich
114753,Rumex thyrsiflorus,ForestWetRich
114754,Rumex thyrsiflorus,ForestWetRich
114755,Rumex thyrsiflorus,ForestWetRich
114756,Rumex thyrsiflorus,ForestWetRich
114757,Rumex thyrsiflorus,ForestWetRich
114758,Rumex thyrsiflorus,ForestWetRich
114759,Rumex thyrsiflorus,ForestWetRich
114760,Rumex thyrsiflorus,ForestWetRich
114761,Rumex thyrsiflorus,ForestWetRich
114762,Rumex thyrsiflorus,ForestWetRich
114763,Rumex thyrsiflorus,ForestWetRich
114764,Rumex thyrsiflorus,ForestWetRich
114765,Rumex thyrsiflorus,ForestWetRich
114766,Rumex thyrsiflorus,ForestWetRich
114767,Rumex thyrsiflorus,ForestWetRich
114768,Rumex thyrsiflorus,ForestWetRich
114769,Rumex thyrsiflorus,ForestWetRich
114770,Rumex thyrsiflorus,ForestWetRich
114771,Rumex thyrsiflorus,ForestWetRich
114772,Rumex thyrsiflorus,ForestWetRich
114773,Rumex thyrsiflorus,ForestWetRich
114774,Rumex thyrsiflorus,ForestWetRich
114775,Rumex thyrsiflorus,ForestWetRich
114776,Rumex thyrsiflorus,ForestWetRich
114777,Rumex thyrsiflorus,ForestWetRich
114778,Rumex thyrsiflorus,ForestWetRich
114779,Rumex thyrsiflorus,ForestWetRich
114780,Rumex thyrsiflorus,ForestWetRich
114781,Rumex thyrsiflorus,ForestWetRich
114782,Rumex thyrsiflorus,ForestWetRich
114783,Rumex thyrsiflorus,ForestWetRich
114784,Rumex thyrsiflorus,ForestWetRich
114785,Rumex thyrsiflorus,ForestWetRich
115338,Rumex thyrsiflorus,ForestWetRich
115339,Rumex thyrsiflorus,ForestWetRich
115340,Rumex thyrsiflorus,ForestWetRich
115341,Rumex thyrsiflorus,ForestWetRich
115342,Rumex thyrsiflorus,ForestWetRich
115343,Rumex thyrsiflorus,ForestWetRich
115344,Rumex thyrsiflorus,ForestWetRich
115345,Rumex thyrsiflorus,ForestWetRich
115346,Rumex thyrsiflorus,ForestWetRich
115347,Rumex thyrsiflorus,ForestWetRich
115348,Rumex thyrsiflorus,ForestWetRich
115349,Rumex thyrsiflorus,ForestWetRich
115350,Rumex thyrsiflorus,ForestWetRich
115351,Rumex thyrsiflorus,ForestWetRich
115352,Rumex thyrsiflorus,ForestWetRich
115353,Rumex thyrsiflorus,ForestWetRich
115354,Rumex thyrsiflorus,ForestWetRich
115355,Rumex thyrsiflorus,ForestWetRich
115356,Rumex thyrsiflorus,ForestWetRich
115357,Rumex thyrsiflorus,ForestWetRich
115358,Rumex thyrsiflorus,ForestWetRich
115359,Rumex thyrsiflorus,ForestWetRich
115360,Rumex thyrsiflorus,ForestWetRich
115361,Rumex thyrsiflorus,ForestWetRich
115362,Rumex thyrsiflorus,ForestWetRich
115363,Rumex thyrsiflorus,ForestWetRich
115364,Rumex thyrsiflorus,ForestWetRich
115365,Rumex thyrsiflorus,ForestWetRich
115366,Rumex thyrsiflorus,ForestWetRich
115367,Rumex thyrsiflorus,ForestWetRich
115368,Rumex thyrsiflorus,ForestWetRich
115369,Rumex thyrsiflorus,ForestWetRich
115370,Rumex thyrsiflorus,ForestWetRich
115371,Rumex thyrsiflorus,ForestWetRich
115372,Rumex thyrsiflorus,ForestWetRich
115373,Rumex thyrsiflorus,ForestWetRich
115374,Rumex thyrsiflorus,ForestWetRich
115375,Rumex thyrsiflorus,ForestWetRich
115376,Rumex thyrsiflorus,ForestWetRich
115377,Rumex thyrsiflorus,ForestWetRich
115378,Rumex thyrsiflorus,ForestWetRich
115379,Rumex thyrsiflorus,ForestWetRich
115380,Rumex thyrsiflorus,ForestWetRich
115381,Rumex thyrsiflorus,ForestWetRich
115382,Rumex thyrsiflorus,ForestWetRich
115383,Rumex thyrsiflorus,ForestWetRich
115384,Rumex thyrsiflorus,ForestWetRich
115937,Rumex thyrsiflorus,ForestWetRich
115938,Rumex thyrsiflorus,ForestWetRich
115939,Rumex thyrsiflorus,ForestWetRich
115940,Rumex thyrsiflorus,ForestWetRich
115941,Rumex thyrsiflorus,ForestWetRich
115942,Rumex thyrsiflorus,ForestWetRich
115943,Rumex thyrsiflorus,ForestWetRich
115944,Rumex thyrsiflorus,ForestWetRich
115945,Rumex thyrsiflorus,ForestWetRich
115946,Rumex thyrsiflorus,ForestWetRich
115947,Rumex thyrsiflorus,ForestWetRich
115948,Rumex thyrsiflorus,ForestWetRich
115949,Rumex thyrsiflorus,ForestWetRich
115950,Rumex thyrsiflorus,ForestWetRich
115951,Rumex thyrsiflorus,ForestWetRich
115952,Rumex thyrsiflorus,ForestWetRich
115953,Rumex thyrsiflorus,ForestWetRich
115954,Rumex thyrsiflorus,ForestWetRich
115955,Rumex thyrsiflorus,ForestWetRich
115956,Rumex thyrsiflorus,ForestWetRich
115957,Rumex thyrsiflorus,ForestWetRich
115958,Rumex thyrsiflorus,ForestWetRich
115959,Rumex thyrsiflorus,ForestWetRich
115960,Rumex thyrsiflorus,ForestWetRich
115961,Rumex thyrsiflorus,ForestWetRich
115962,Rumex thyrsiflorus,ForestWetRich
115963,Rumex thyrsiflorus,ForestWetRich
115964,Rumex thyrsiflorus,ForestWetRich
115965,Rumex thyrsiflorus,ForestWetRich
115966,Rumex thyrsiflorus,ForestWetRich
115967,Rumex thyrsiflorus,ForestWetRich
115968,Rumex thyrsiflorus,ForestWetRich
115969,Rumex thyrsiflorus,ForestWetRich
115970,Rumex thyrsiflorus,ForestWetRich
115971,Rumex thyrsiflorus,ForestWetRich
115972,Rumex thyrsiflorus,ForestWetRich
115973,Rumex thyrsiflorus,ForestWetRich
115974,Rumex thyrsiflorus,ForestWetRich
115975,Rumex thyrsiflorus,ForestWetRich
115976,Rumex thyrsiflorus,ForestWetRich
115977,Rumex thyrsiflorus,ForestWetRich
115978,Rumex thyrsiflorus,ForestWetRich
115979,Rumex thyrsiflorus,ForestWetRich
115980,Rumex thyrsiflorus,ForestWetRich
115981,Rumex thyrsiflorus,ForestWetRich
115982,Rumex thyrsiflorus,ForestWetRich
115983,Rumex thyrsiflorus,ForestWetRich
116537,Rumex thyrsiflorus,ForestWetRich
116538,Rumex thyrsiflorus,ForestWetRich
116539,Rumex thyrsiflorus,ForestWetRich
116540,Rumex thyrsiflorus,ForestWetRich
116541,Rumex thyrsiflorus,ForestWetRich
116542,Rumex thyrsiflorus,ForestWetRich
116543,Rumex thyrsiflorus,ForestWetRich
116544,Rumex thyrsiflorus,ForestWetRich
116545,Rumex thyrsiflorus,ForestWetRich
116546,Rumex thyrsiflorus,ForestWetRich
116547,Rumex thyrsiflorus,ForestWetRich
116548,Rumex thyrsiflorus,ForestWetRich
116549,Rumex thyrsiflorus,ForestWetRich
116550,Rumex thyrsiflorus,ForestWetRich
116551,Rumex thyrsiflorus,ForestWetRich
116552,Rumex thyrsiflorus,ForestWetRich
116553,Rumex thyrsiflorus,ForestWetRich
116554,Rumex thyrsiflorus,ForestWetRich
116555,Rumex thyrsiflorus,ForestWetRich
116556,Rumex thyrsiflorus,ForestWetRich
116557,Rumex thyrsiflorus,ForestWetRich
116558,Rumex thyrsiflorus,ForestWetRich
116559,Rumex thyrsiflorus,ForestWetRich
116560,Rumex thyrsiflorus,ForestWetRich
116561,Rumex thyrsiflorus,ForestWetRich
116562,Rumex thyrsiflorus,ForestWetRich
116563,Rumex thyrsiflorus,ForestWetRich
116564,Rumex thyrsiflorus,ForestWetRich
116565,Rumex thyrsiflorus,ForestWetRich
116566,Rumex thyrsiflorus,ForestWetRich
116567,Rumex thyrsiflorus,ForestWetRich
116568,Rumex thyrsiflorus,ForestWetRich
116569,Rumex thyrsiflorus,ForestWetRich
116570,Rumex thyrsiflorus,ForestWetRich
116571,Rumex thyrsiflorus,ForestWetRich
116572,Rumex thyrsiflorus,ForestWetRich
116573,Rumex thyrsiflorus,ForestWetRich
116574,Rumex thyrsiflorus,ForestWetRich
116575,Rumex thyrsiflorus,ForestWetRich
116576,Rumex thyrsiflorus,ForestWetRich
116577,Rumex thyrsiflorus,ForestWetRich
116578,Rumex thyrsiflorus,ForestWetRich
116579,Rumex thyrsiflorus,ForestWetRich
116580,Rumex thyrsiflorus,ForestWetRich
116581,Rumex thyrsiflorus,ForestWetRich
116582,Rumex thyrsiflorus,ForestWetRich
117137,Rumex thyrsiflorus,ForestWetRich
117138,Rumex thyrsiflorus,ForestWetRich
117139,Rumex thyrsiflorus,ForestWetRich
117140,Rumex thyrsiflorus,ForestWetRich
117141,Rumex thyrsiflorus,ForestWetRich
117142,Rumex thyrsiflorus,ForestWetRich
117143,Rumex thyrsiflorus,ForestWetRich
117144,Rumex thyrsiflorus,ForestWetRich
117145,Rumex thyrsiflorus,ForestWetRich
117146,Rumex thyrsiflorus,ForestWetRich
117147,Rumex thyrsiflorus,ForestWetRich
117148,Rumex thyrsiflorus,ForestWetRich
117149,Rumex thyrsiflorus,ForestWetRich
117150,Rumex thyrsiflorus,ForestWetRich
117151,Rumex thyrsiflorus,ForestWetRich
117152,Rumex thyrsiflorus,ForestWetRich
117153,Rumex thyrsiflorus,ForestWetRich
117154,Rumex thyrsiflorus,ForestWetRich
117155,Rumex thyrsiflorus,ForestWetRich
117156,Rumex thyrsiflorus,ForestWetRich
117157,Rumex thyrsiflorus,ForestWetRich
117158,Rumex thyrsiflorus,ForestWetRich
117159,Rumex thyrsiflorus,ForestWetRich
117160,Rumex thyrsiflorus,ForestWetRich
117161,Rumex thyrsiflorus,ForestWetRich
117162,Rumex thyrsiflorus,ForestWetRich
117163,Rumex thyrsiflorus,ForestWetRich
117164,Rumex thyrsiflorus,ForestWetRich
117165,Rumex thyrsiflorus,ForestWetRich
117166,Rumex thyrsiflorus,ForestWetRich
117167,Rumex thyrsiflorus,ForestWetRich
117168,Rumex thyrsiflorus,ForestWetRich
117169,Rumex thyrsiflorus,ForestWetRich
117170,Rumex thyrsiflorus,ForestWetRich
117171,Rumex thyrsiflorus,ForestWetRich
117172,Rumex thyrsiflorus,ForestWetRich
117173,Rumex thyrsiflorus,ForestWetRich
117174,Rumex thyrsiflorus,ForestWetRich
117175,Rumex thyrsiflorus,ForestWetRich
117176,Rumex thyrsiflorus,ForestWetRich
117177,Rumex thyrsiflorus,ForestWetRich
117178,Rumex thyrsiflorus,ForestWetRich
117179,Rumex thyrsiflorus,ForestWetRich
117180,Rumex thyrsiflorus,ForestWetRich
117181,Rumex thyrsiflorus,ForestWetRich
117737,Rumex thyrsiflorus,ForestWetRich
117738,Rumex thyrsiflorus,ForestWetRich
117739,Rumex thyrsiflorus,ForestWetRich
117740,Rumex thyrsiflorus,ForestWetRich
117741,Rumex thyrsiflorus,ForestWetRich
117742,Rumex thyrsiflorus,ForestWetRich
117743,Rumex thyrsiflorus,ForestWetRich
117744,Rumex thyrsiflorus,ForestWetRich
117745,Rumex thyrsiflorus,ForestWetRich
117746,Rumex thyrsiflorus,ForestWetRich
117747,Rumex thyrsiflorus,ForestWetRich
117748,Rumex thyrsiflorus,ForestWetRich
117749,Rumex thyrsiflorus,ForestWetRich
117750,Rumex thyrsiflorus,ForestWetRich
117751,Rumex thyrsiflorus,ForestWetRich
117752,Rumex thyrsiflorus,ForestWetRich
117753,Rumex thyrsiflorus,ForestWetRich
117754,Rumex thyrsiflorus,ForestWetRich
117755,Rumex thyrsiflorus,ForestWetRich
117756,Rumex thyrsiflorus,ForestWetRich
117757,Rumex thyrsiflorus,ForestWetRich
117758,Rumex thyrsiflorus,ForestWetRich
117759,Rumex thyrsiflorus,ForestWetRich
117760,Rumex thyrsiflorus,ForestWetRich
117761,Rumex thyrsiflorus,ForestWetRich
117762,Rumex thyrsiflorus,ForestWetRich
117763,Rumex thyrsiflorus,ForestWetRich
117764,Rumex thyrsiflorus,ForestWetRich
117765,Rumex thyrsiflorus,ForestWetRich
117766,Rumex thyrsiflorus,ForestWetRich
117767,Rumex thyrsiflorus,ForestWetRich
117768,Rumex thyrsiflorus,ForestWetRich
117769,Rumex thyrsiflorus,ForestWetRich
117770,Rumex thyrsiflorus,ForestWetRich
117771,Rumex thyrsiflorus,ForestWetRich
117772,Rumex thyrsiflorus,ForestWetRich
117773,Rumex thyrsiflorus,ForestWetRich
117774,Rumex thyrsiflorus,ForestWetRich
117775,Rumex thyrsiflorus,ForestWetRich
117776,Rumex thyrsiflorus,ForestWetRich
117777,Rumex thyrsiflorus,ForestWetRich
117778,Rumex thyrsiflorus,ForestWetRich
117779,Rumex thyrsiflorus,ForestWetRich
117780,Rumex thyrsiflorus,ForestWetRich
118337,Rumex thyrsiflorus,ForestWetRich
118338,Rumex thyrsiflorus,ForestWetRich
118339,Rumex thyrsiflorus,ForestWetRich
118340,Rumex thyrsiflorus,ForestWetRich
118341,Rumex thyrsiflorus,ForestWetRich
118342,Rumex thyrsiflorus,ForestWetRich
118343,Rumex thyrsiflorus,ForestWetRich
118344,Rumex thyrsiflorus,ForestWetRich
118345,Rumex thyrsiflorus,ForestWetRich
118346,Rumex thyrsiflorus,ForestWetRich
118347,Rumex thyrsiflorus,ForestWetRich
118348,Rumex thyrsiflorus,ForestWetRich
118349,Rumex thyrsiflorus,ForestWetRich
118350,Rumex thyrsiflorus,ForestWetRich
118351,Rumex thyrsiflorus,ForestWetRich
118352,Rumex thyrsiflorus,ForestWetRich
118353,Rumex thyrsiflorus,ForestWetRich
118354,Rumex thyrsiflorus,ForestWetRich
118355,Rumex thyrsiflorus,ForestWetRich
118356,Rumex thyrsiflorus,ForestWetRich
118357,Rumex thyrsiflorus,ForestWetRich
118358,Rumex thyrsiflorus,ForestWetRich
118359,Rumex thyrsiflorus,ForestWetRich
118360,Rumex thyrsiflorus,ForestWetRich
118361,Rumex thyrsiflorus,ForestWetRich
118362,Rumex thyrsiflorus,ForestWetRich
118363,Rumex thyrsiflorus,ForestWetRich
118364,Rumex thyrsiflorus,ForestWetRich
118365,Rumex thyrsiflorus,ForestWetRich
118366,Rumex thyrsiflorus,ForestWetRich
118367,Rumex thyrsiflorus,ForestWetRich
118368,Rumex thyrsiflorus,ForestWetRich
118369,Rumex thyrsiflorus,ForestWetRich
118370,Rumex thyrsiflorus,ForestWetRich
118371,Rumex thyrsiflorus,ForestWetRich
118372,Rumex thyrsiflorus,ForestWetRich
118373,Rumex thyrsiflorus,ForestWetRich
118374,Rumex thyrsiflorus,ForestWetRich
118375,Rumex thyrsiflorus,ForestWetRich
118376,Rumex thyrsiflorus,ForestWetRich
118377,Rumex thyrsiflorus,ForestWetRich
118378,Rumex thyrsiflorus,ForestWetRich
118379,Rumex thyrsiflorus,ForestWetRich
118936,Rumex thyrsiflorus,ForestWetRich
118937,Rumex thyrsiflorus,ForestWetRich
118938,Rumex thyrsiflorus,ForestWetRich
118939,Rumex thyrsiflorus,ForestWetRich
118940,Rumex thyrsiflorus,ForestWetRich
118941,Rumex thyrsiflorus,ForestWetRich
118942,Rumex thyrsiflorus,ForestWetRich
118943,Rumex thyrsiflorus,ForestWetRich
118944,Rumex thyrsiflorus,ForestWetRich
118945,Rumex thyrsiflorus,ForestWetRich
118946,Rumex thyrsiflorus,ForestWetRich
118947,Rumex thyrsiflorus,ForestWetRich
118948,Rumex thyrsiflorus,ForestWetRich
118949,Rumex thyrsiflorus,ForestWetRich
118950,Rumex thyrsiflorus,ForestWetRich
118951,Rumex thyrsiflorus,ForestWetRich
118952,Rumex thyrsiflorus,ForestWetRich
118953,Rumex thyrsiflorus,ForestWetRich
118954,Rumex thyrsiflorus,ForestWetRich
118955,Rumex thyrsiflorus,ForestWetRich
118956,Rumex thyrsiflorus,ForestWetRich
118957,Rumex thyrsiflorus,ForestWetRich
118958,Rumex thyrsiflorus,ForestWetRich
118959,Rumex thyrsiflorus,ForestWetRich
118960,Rumex thyrsiflorus,ForestWetRich
118961,Rumex thyrsiflorus,ForestWetRich
118962,Rumex thyrsiflorus,ForestWetRich
118963,Rumex thyrsiflorus,ForestWetRich
118964,Rumex thyrsiflorus,ForestWetRich
118965,Rumex thyrsiflorus,ForestWetRich
118966,Rumex thyrsiflorus,ForestWetRich
118967,Rumex thyrsiflorus,ForestWetRich
118968,Rumex thyrsiflorus,ForestWetRich
118969,Rumex thyrsiflorus,ForestWetRich
118970,Rumex thyrsiflorus,ForestWetRich
118971,Rumex thyrsiflorus,ForestWetRich
118972,Rumex thyrsiflorus,ForestWetRich
118973,Rumex thyrsiflorus,ForestWetRich
118974,Rumex thyrsiflorus,ForestWetRich
118975,Rumex thyrsiflorus,ForestWetRich
118976,Rumex thyrsiflorus,ForestWetRich
118977,Rumex thyrsiflorus,ForestWetRich
118978,Rumex thyrsiflorus,ForestWetRich
119536,Rumex thyrsiflorus,ForestWetRich
119537,Rumex thyrsiflorus,ForestWetRich
119538,Rumex thyrsiflorus,ForestWetRich
119539,Rumex thyrsiflorus,ForestWetRich
119540,Rumex thyrsiflorus,ForestWetRich
119541,Rumex thyrsiflorus,ForestWetRich
119542,Rumex thyrsiflorus,ForestWetRich
119543,Rumex thyrsiflorus,ForestWetRich
119544,Rumex thyrsiflorus,ForestWetRich
119545,Rumex thyrsiflorus,ForestWetRich
119546,Rumex thyrsiflorus,ForestWetRich
119547,Rumex thyrsiflorus,ForestWetRich
119548,Rumex thyrsiflorus,ForestWetRich
119549,Rumex thyrsiflorus,ForestWetRich
119550,Rumex thyrsiflorus,ForestWetRich
119551,Rumex thyrsiflorus,ForestWetRich
119552,Rumex thyrsiflorus,ForestWetRich
119553,Rumex thyrsiflorus,ForestWetRich
119554,Rumex thyrsiflorus,ForestWetRich
119555,Rumex thyrsiflorus,ForestWetRich
119556,Rumex thyrsiflorus,ForestWetRich
119557,Rumex thyrsiflorus,ForestWetRich
119558,Rumex thyrsiflorus,ForestWetRich
119559,Rumex thyrsiflorus,ForestWetRich
119560,Rumex thyrsiflorus,ForestWetRich
119561,Rumex thyrsiflorus,ForestWetRich
119562,Rumex thyrsiflorus,ForestWetRich
119563,Rumex thyrsiflorus,ForestWetRich
119564,Rumex thyrsiflorus,ForestWetRich
119565,Rumex thyrsiflorus,ForestWetRich
119566,Rumex thyrsiflorus,ForestWetRich
119567,Rumex thyrsiflorus,ForestWetRich
119568,Rumex thyrsiflorus,ForestWetRich
119569,Rumex thyrsiflorus,ForestWetRich
119570,Rumex thyrsiflorus,ForestWetRich
119571,Rumex thyrsiflorus,ForestWetRich
119572,Rumex thyrsiflorus,ForestWetRich
119573,Rumex thyrsiflorus,ForestWetRich
119574,Rumex thyrsiflorus,ForestWetRich
119575,Rumex thyrsiflorus,ForestWetRich
119576,Rumex thyrsiflorus,ForestWetRich
119577,Rumex thyrsiflorus,ForestWetRich
120136,Rumex thyrsiflorus,ForestWetRich
120137,Rumex thyrsiflorus,ForestWetRich
120138,Rumex thyrsiflorus,ForestWetRich
120139,Rumex thyrsiflorus,ForestWetRich
120140,Rumex thyrsiflorus,ForestWetRich
120141,Rumex thyrsiflorus,ForestWetRich
120142,Rumex thyrsiflorus,ForestWetRich
120143,Rumex thyrsiflorus,ForestWetRich
120144,Rumex thyrsiflorus,ForestWetRich
120145,Rumex thyrsiflorus,ForestWetRich
120146,Rumex thyrsiflorus,ForestWetRich
120147,Rumex thyrsiflorus,ForestWetRich
120148,Rumex thyrsiflorus,ForestWetRich
120149,Rumex thyrsiflorus,ForestWetRich
120150,Rumex thyrsiflorus,ForestWetRich
120151,Rumex thyrsiflorus,ForestWetRich
120152,Rumex thyrsiflorus,ForestWetRich
120153,Rumex thyrsiflorus,ForestWetRich
120154,Rumex thyrsiflorus,ForestWetRich
120155,Rumex thyrsiflorus,ForestWetRich
120156,Rumex thyrsiflorus,ForestWetRich
120157,Rumex thyrsiflorus,ForestWetRich
120158,Rumex thyrsiflorus,ForestWetRich
120159,Rumex thyrsiflorus,ForestWetRich
120160,Rumex thyrsiflorus,ForestWetRich
120161,Rumex thyrsiflorus,ForestWetRich
120162,Rumex thyrsiflorus,ForestWetRich
120163,Rumex thyrsiflorus,ForestWetRich
120164,Rumex thyrsiflorus,ForestWetRich
120165,Rumex thyrsiflorus,ForestWetRich
120166,Rumex thyrsiflorus,ForestWetRich
120167,Rumex thyrsiflorus,ForestWetRich
120168,Rumex thyrsiflorus,ForestWetRich
120169,Rumex thyrsiflorus,ForestWetRich
120170,Rumex thyrsiflorus,ForestWetRich
120171,Rumex thyrsiflorus,ForestWetRich
120172,Rumex thyrsiflorus,ForestWetRich
120173,Rumex thyrsiflorus,ForestWetRich
120174,Rumex thyrsiflorus,ForestWetRich
120175,Rumex thyrsiflorus,ForestWetRich
120176,Rumex thyrsiflorus,ForestWetRich
120736,Rumex thyrsiflorus,ForestWetRich
120737,Rumex thyrsiflorus,ForestWetRich
120738,Rumex thyrsiflorus,ForestWetRich
120739,Rumex thyrsiflorus,ForestWetRich
120740,Rumex thyrsiflorus,ForestWetRich
120741,Rumex thyrsiflorus,ForestWetRich
120742,Rumex thyrsiflorus,ForestWetRich
120743,Rumex thyrsiflorus,ForestWetRich
120744,Rumex thyrsiflorus,ForestWetRich
120745,Rumex thyrsiflorus,ForestWetRich
120746,Rumex thyrsiflorus,ForestWetRich
120747,Rumex thyrsiflorus,ForestWetRich
120748,Rumex thyrsiflorus,ForestWetRich
120749,Rumex thyrsiflorus,ForestWetRich
120750,Rumex thyrsiflorus,ForestWetRich
120751,Rumex thyrsiflorus,ForestWetRich
120752,Rumex thyrsiflorus,ForestWetRich
120753,Rumex thyrsiflorus,ForestWetRich
120754,Rumex thyrsiflorus,ForestWetRich
120755,Rumex thyrsiflorus,ForestWetRich
120756,Rumex thyrsiflorus,ForestWetRich
120757,Rumex thyrsiflorus,ForestWetRich
120758,Rumex thyrsiflorus,ForestWetRich
120759,Rumex thyrsiflorus,ForestWetRich
120760,Rumex thyrsiflorus,ForestWetRich
120761,Rumex thyrsiflorus,ForestWetRich
120762,Rumex thyrsiflorus,ForestWetRich
120763,Rumex thyrsiflorus,ForestWetRich
120764,Rumex thyrsiflorus,ForestWetRich
120765,Rumex thyrsiflorus,ForestWetRich
120766,Rumex thyrsiflorus,ForestWetRich
120767,Rumex thyrsiflorus,ForestWetRich
120768,Rumex thyrsiflorus,ForestWetRich
120769,Rumex thyrsiflorus,ForestWetRich
120770,Rumex thyrsiflorus,ForestWetRich
120771,Rumex thyrsiflorus,ForestWetRich
120772,Rumex thyrsiflorus,ForestWetRich
120773,Rumex thyrsiflorus,ForestWetRich
120774,Rumex thyrsiflorus,ForestWetRich
120775,Rumex thyrsiflorus,ForestWetRich
121337,Rumex thyrsiflorus,ForestWetRich
121338,Rumex thyrsiflorus,ForestWetRich
121339,Rumex thyrsiflorus,ForestWetRich
121340,Rumex thyrsiflorus,ForestWetRich
121341,Rumex thyrsiflorus,ForestWetRich
121342,Rumex thyrsiflorus,ForestWetRich
121343,Rumex thyrsiflorus,ForestWetRich
121344,Rumex thyrsiflorus,ForestWetRich
121345,Rumex thyrsiflorus,ForestWetRich
121346,Rumex thyrsiflorus,ForestWetRich
121347,Rumex thyrsiflorus,ForestWetRich
121348,Rumex thyrsiflorus,ForestWetRich
121349,Rumex thyrsiflorus,ForestWetRich
121350,Rumex thyrsiflorus,ForestWetRich
121351,Rumex thyrsiflorus,ForestWetRich
121352,Rumex thyrsiflorus,ForestWetRich
121353,Rumex thyrsiflorus,ForestWetRich
121354,Rumex thyrsiflorus,ForestWetRich
121355,Rumex thyrsiflorus,ForestWetRich
121356,Rumex thyrsiflorus,ForestWetRich
121357,Rumex thyrsiflorus,ForestWetRich
121358,Rumex thyrsiflorus,ForestWetRich
121359,Rumex thyrsiflorus,ForestWetRich
121360,Rumex thyrsiflorus,ForestWetRich
121361,Rumex thyrsiflorus,ForestWetRich
121362,Rumex thyrsiflorus,ForestWetRich
121363,Rumex thyrsiflorus,ForestWetRich
121364,Rumex thyrsiflorus,ForestWetRich
121365,Rumex thyrsiflorus,ForestWetRich
121366,Rumex thyrsiflorus,ForestWetRich
121367,Rumex thyrsiflorus,ForestWetRich
121368,Rumex thyrsiflorus,ForestWetRich
121369,Rumex thyrsiflorus,ForestWetRich
121370,Rumex thyrsiflorus,ForestWetRich
121371,Rumex thyrsiflorus,ForestWetRich
121372,Rumex thyrsiflorus,ForestWetRich
121373,Rumex thyrsiflorus,ForestWetRich
121374,Rumex thyrsiflorus,ForestWetRich
121937,Rumex thyrsiflorus,ForestWetRich
121938,Rumex thyrsiflorus,ForestWetRich
121939,Rumex thyrsiflorus,ForestWetRich
121940,Rumex thyrsiflorus,ForestWetRich
121941,Rumex thyrsiflorus,ForestWetRich
121942,Rumex thyrsiflorus,ForestWetRich
121943,Rumex thyrsiflorus,ForestWetRich
121944,Rumex thyrsiflorus,ForestWetRich
121945,Rumex thyrsiflorus,ForestWetRich
121946,Rumex thyrsiflorus,ForestWetRich
121947,Rumex thyrsiflorus,ForestWetRich
121948,Rumex thyrsiflorus,ForestWetRich
121949,Rumex thyrsiflorus,ForestWetRich
121950,Rumex thyrsiflorus,ForestWetRich
121951,Rumex thyrsiflorus,ForestWetRich
121952,Rumex thyrsiflorus,ForestWetRich
121953,Rumex thyrsiflorus,ForestWetRich
121954,Rumex thyrsiflorus,ForestWetRich
121955,Rumex thyrsiflorus,ForestWetRich
121956,Rumex thyrsiflorus,ForestWetRich
121957,Rumex thyrsiflorus,ForestWetRich
121958,Rumex thyrsiflorus,ForestWetRich
121959,Rumex thyrsiflorus,ForestWetRich
121960,Rumex thyrsiflorus,ForestWetRich
121961,Rumex thyrsiflorus,ForestWetRich
121962,Rumex thyrsiflorus,ForestWetRich
121963,Rumex thyrsiflorus,ForestWetRich
121964,Rumex thyrsiflorus,ForestWetRich
121965,Rumex thyrsiflorus,ForestWetRich
121966,Rumex thyrsiflorus,ForestWetRich
121967,Rumex thyrsiflorus,ForestWetRich
121968,Rumex thyrsiflorus,ForestWetRich
121969,Rumex thyrsiflorus,ForestWetRich
121970,Rumex thyrsiflorus,ForestWetRich
121971,Rumex thyrsiflorus,ForestWetRich
121972,Rumex thyrsiflorus,ForestWetRich
121973,Rumex thyrsiflorus,ForestWetRich
122537,Rumex thyrsiflorus,ForestWetRich
122538,Rumex thyrsiflorus,ForestWetRich
122539,Rumex thyrsiflorus,ForestWetRich
122540,Rumex thyrsiflorus,ForestWetRich
122541,Rumex thyrsiflorus,ForestWetRich
122542,Rumex thyrsiflorus,ForestWetRich
122543,Rumex thyrsiflorus,ForestWetRich
122544,Rumex thyrsiflorus,ForestWetRich
122545,Rumex thyrsiflorus,ForestWetRich
122546,Rumex thyrsiflorus,ForestWetRich
122547,Rumex thyrsiflorus,ForestWetRich
122548,Rumex thyrsiflorus,ForestWetRich
122549,Rumex thyrsiflorus,ForestWetRich
122550,Rumex thyrsiflorus,ForestWetRich
122551,Rumex thyrsiflorus,ForestWetRich
122552,Rumex thyrsiflorus,ForestWetRich
122553,Rumex thyrsiflorus,ForestWetRich
122554,Rumex thyrsiflorus,ForestWetRich
122555,Rumex thyrsiflorus,ForestWetRich
122556,Rumex thyrsiflorus,ForestWetRich
122557,Rumex thyrsiflorus,ForestWetRich
122558,Rumex thyrsiflorus,ForestWetRich
122559,Rumex thyrsiflorus,ForestWetRich
122560,Rumex thyrsiflorus,ForestWetRich
122561,Rumex thyrsiflorus,ForestWetRich
122562,Rumex thyrsiflorus,ForestWetRich
122563,Rumex thyrsiflorus,ForestWetRich
122564,Rumex thyrsiflorus,ForestWetRich
122565,Rumex thyrsiflorus,ForestWetRich
122566,Rumex thyrsiflorus,ForestWetRich
122567,Rumex thyrsiflorus,ForestWetRich
122568,Rumex thyrsiflorus,ForestWetRich
122569,Rumex thyrsiflorus,ForestWetRich
122570,Rumex thyrsiflorus,ForestWetRich
122571,Rumex thyrsiflorus,ForestWetRich
122572,Rumex thyrsiflorus,ForestWetRich
122573,Rumex thyrsiflorus,ForestWetRich
122574,Rumex thyrsiflorus,ForestWetRich
122575,Rumex thyrsiflorus,ForestWetRich
122576,Rumex thyrsiflorus,ForestWetRich
122577,Rumex thyrsiflorus,ForestWetRich
122578,Rumex thyrsiflorus,ForestWetRich
122579,Rumex thyrsiflorus,ForestWetRich
122580,Rumex thyrsiflorus,ForestWetRich
122581,Rumex thyrsiflorus,ForestWetRich
122582,Rumex thyrsiflorus,ForestWetRich
122583,Rumex thyrsiflorus,ForestWetRich
122584,Rumex thyrsiflorus,ForestWetRich
122585,Rumex thyrsiflorus,ForestWetRich
122586,Rumex thyrsiflorus,ForestWetRich
122587,Rumex thyrsiflorus,ForestWetRich
122588,Rumex thyrsiflorus,ForestWetRich
122589,Rumex thyrsiflorus,ForestWetRich
122590,Rumex thyrsiflorus,ForestWetRich
122591,Rumex thyrsiflorus,ForestWetRich
122592,Rumex thyrsiflorus,ForestWetRich
123137,Rumex thyrsiflorus,ForestWetRich
123138,Rumex thyrsiflorus,ForestWetRich
123139,Rumex thyrsiflorus,ForestWetRich
123140,Rumex thyrsiflorus,ForestWetRich
123141,Rumex thyrsiflorus,ForestWetRich
123142,Rumex thyrsiflorus,ForestWetRich
123143,Rumex thyrsiflorus,ForestWetRich
123144,Rumex thyrsiflorus,ForestWetRich
123145,Rumex thyrsiflorus,ForestWetRich
123146,Rumex thyrsiflorus,ForestWetRich
123147,Rumex thyrsiflorus,ForestWetRich
123148,Rumex thyrsiflorus,ForestWetRich
123149,Rumex thyrsiflorus,ForestWetRich
123150,Rumex thyrsiflorus,ForestWetRich
123151,Rumex thyrsiflorus,ForestWetRich
123152,Rumex thyrsiflorus,ForestWetRich
123153,Rumex thyrsiflorus,ForestWetRich
123154,Rumex thyrsiflorus,ForestWetRich
123155,Rumex thyrsiflorus,ForestWetRich
123156,Rumex thyrsiflorus,ForestWetRich
123157,Rumex thyrsiflorus,ForestWetRich
123158,Rumex thyrsiflorus,ForestWetRich
123159,Rumex thyrsiflorus,ForestWetRich
123160,Rumex thyrsiflorus,ForestWetRich
123161,Rumex thyrsiflorus,ForestWetRich
123162,Rumex thyrsiflorus,ForestWetRich
123163,Rumex thyrsiflorus,ForestWetRich
123164,Rumex thyrsiflorus,ForestWetRich
123165,Rumex thyrsiflorus,ForestWetRich
123166,Rumex thyrsiflorus,ForestWetRich
123167,Rumex thyrsiflorus,ForestWetRich
123168,Rumex thyrsiflorus,ForestWetRich
123169,Rumex thyrsiflorus,ForestWetRich
123170,Rumex thyrsiflorus,ForestWetRich
123171,Rumex thyrsiflorus,ForestWetRich
123172,Rumex thyrsiflorus,ForestWetRich
123173,Rumex thyrsiflorus,ForestWetRich
123174,Rumex thyrsiflorus,ForestWetRich
123175,Rumex thyrsiflorus,ForestWetRich
123176,Rumex thyrsiflorus,ForestWetRich
123177,Rumex thyrsiflorus,ForestWetRich
123178,Rumex thyrsiflorus,ForestWetRich
123179,Rumex thyrsiflorus,ForestWetRich
123180,Rumex thyrsiflorus,ForestWetRich
123181,Rumex thyrsiflorus,ForestWetRich
123182,Rumex thyrsiflorus,ForestWetRich
123183,Rumex thyrsiflorus,ForestWetRich
123184,Rumex thyrsiflorus,ForestWetRich
123185,Rumex thyrsiflorus,ForestWetRich
123186,Rumex thyrsiflorus,ForestWetRich
123187,Rumex thyrsiflorus,ForestWetRich
123188,Rumex thyrsiflorus,ForestWetRich
123189,Rumex thyrsiflorus,ForestWetRich
123190,Rumex thyrsiflorus,ForestWetRich
123191,Rumex thyrsiflorus,ForestWetRich
123738,Rumex thyrsiflorus,ForestWetRich
123739,Rumex thyrsiflorus,ForestWetRich
123740,Rumex thyrsiflorus,ForestWetRich
123741,Rumex thyrsiflorus,ForestWetRich
123742,Rumex thyrsiflorus,ForestWetRich
123743,Rumex thyrsiflorus,ForestWetRich
123744,Rumex thyrsiflorus,ForestWetRich
123745,Rumex thyrsiflorus,ForestWetRich
123746,Rumex thyrsiflorus,ForestWetRich
123747,Rumex thyrsiflorus,ForestWetRich
123748,Rumex thyrsiflorus,ForestWetRich
123749,Rumex thyrsiflorus,ForestWetRich
123750,Rumex thyrsiflorus,ForestWetRich
123751,Rumex thyrsiflorus,ForestWetRich
123752,Rumex thyrsiflorus,ForestWetRich
123753,Rumex thyrsiflorus,ForestWetRich
123754,Rumex thyrsiflorus,ForestWetRich
123755,Rumex thyrsiflorus,ForestWetRich
123756,Rumex thyrsiflorus,ForestWetRich
123757,Rumex thyrsiflorus,ForestWetRich
123758,Rumex thyrsiflorus,ForestWetRich
123759,Rumex thyrsiflorus,ForestWetRich
123760,Rumex thyrsiflorus,ForestWetRich
123761,Rumex thyrsiflorus,ForestWetRich
123762,Rumex thyrsiflorus,ForestWetRich
123763,Rumex thyrsiflorus,ForestWetRich
123764,Rumex thyrsiflorus,ForestWetRich
123765,Rumex thyrsiflorus,ForestWetRich
123766,Rumex thyrsiflorus,ForestWetRich
123767,Rumex thyrsiflorus,ForestWetRich
123768,Rumex thyrsiflorus,ForestWetRich
123769,Rumex thyrsiflorus,ForestWetRich
123770,Rumex thyrsiflorus,ForestWetRich
123771,Rumex thyrsiflorus,ForestWetRich
123772,Rumex thyrsiflorus,ForestWetRich
123773,Rumex thyrsiflorus,ForestWetRich
123774,Rumex thyrsiflorus,ForestWetRich
123775,Rumex thyrsiflorus,ForestWetRich
123776,Rumex thyrsiflorus,ForestWetRich
123777,Rumex thyrsiflorus,ForestWetRich
123778,Rumex thyrsiflorus,ForestWetRich
123779,Rumex thyrsiflorus,ForestWetRich
123780,Rumex thyrsiflorus,ForestWetRich
123781,Rumex thyrsiflorus,ForestWetRich
123782,Rumex thyrsiflorus,ForestWetRich
123783,Rumex thyrsiflorus,ForestWetRich
123784,Rumex thyrsiflorus,ForestWetRich
123785,Rumex thyrsiflorus,ForestWetRich
123786,Rumex thyrsiflorus,ForestWetRich
123787,Rumex thyrsiflorus,ForestWetRich
123788,Rumex thyrsiflorus,ForestWetRich
123789,Rumex thyrsiflorus,ForestWetRich
123790,Rumex thyrsiflorus,ForestWetRich
124338,Rumex thyrsiflorus,ForestWetRich
124339,Rumex thyrsiflorus,ForestWetRich
124340,Rumex thyrsiflorus,ForestWetRich
124341,Rumex thyrsiflorus,ForestWetRich
124342,Rumex thyrsiflorus,ForestWetRich
124343,Rumex thyrsiflorus,ForestWetRich
124344,Rumex thyrsiflorus,ForestWetRich
124345,Rumex thyrsiflorus,ForestWetRich
124346,Rumex thyrsiflorus,ForestWetRich
124347,Rumex thyrsiflorus,ForestWetRich
124348,Rumex thyrsiflorus,ForestWetRich
124349,Rumex thyrsiflorus,ForestWetRich
124350,Rumex thyrsiflorus,ForestWetRich
124351,Rumex thyrsiflorus,ForestWetRich
124352,Rumex thyrsiflorus,ForestWetRich
124353,Rumex thyrsiflorus,ForestWetRich
124354,Rumex thyrsiflorus,ForestWetRich
124355,Rumex thyrsiflorus,ForestWetRich
124356,Rumex thyrsiflorus,ForestWetRich
124357,Rumex thyrsiflorus,ForestWetRich
124358,Rumex thyrsiflorus,ForestWetRich
124359,Rumex thyrsiflorus,ForestWetRich
124360,Rumex thyrsiflorus,ForestWetRich
124361,Rumex thyrsiflorus,ForestWetRich
124362,Rumex thyrsiflorus,ForestWetRich
124363,Rumex thyrsiflorus,ForestWetRich
124364,Rumex thyrsiflorus,ForestWetRich
124365,Rumex thyrsiflorus,ForestWetRich
124366,Rumex thyrsiflorus,ForestWetRich
124367,Rumex thyrsiflorus,ForestWetRich
124368,Rumex thyrsiflorus,ForestWetRich
124369,Rumex thyrsiflorus,ForestWetRich
124370,Rumex thyrsiflorus,ForestWetRich
124371,Rumex thyrsiflorus,ForestWetRich
124372,Rumex thyrsiflorus,ForestWetRich
124373,Rumex thyrsiflorus,ForestWetRich
124374,Rumex thyrsiflorus,ForestWetRich
124375,Rumex thyrsiflorus,ForestWetRich
124376,Rumex thyrsiflorus,ForestWetRich
124377,Rumex thyrsiflorus,ForestWetRich
124378,Rumex thyrsiflorus,ForestWetRich
124379,Rumex thyrsiflorus,ForestWetRich
124380,Rumex thyrsiflorus,ForestWetRich
124381,Rumex thyrsiflorus,ForestWetRich
124382,Rumex thyrsiflorus,ForestWetRich
124383,Rumex thyrsiflorus,ForestWetRich
124384,Rumex thyrsiflorus,ForestWetRich
124385,Rumex thyrsiflorus,ForestWetRich
124386,Rumex thyrsiflorus,ForestWetRich
124387,Rumex thyrsiflorus,ForestWetRich
124388,Rumex thyrsiflorus,ForestWetRich
124389,Rumex thyrsiflorus,ForestWetRich
124939,Rumex thyrsiflorus,ForestWetRich
124940,Rumex thyrsiflorus,ForestWetRich
124941,Rumex thyrsiflorus,ForestWetRich
124942,Rumex thyrsiflorus,ForestWetRich
124943,Rumex thyrsiflorus,ForestWetRich
124944,Rumex thyrsiflorus,ForestWetRich
124945,Rumex thyrsiflorus,ForestWetRich
124946,Rumex thyrsiflorus,ForestWetRich
124947,Rumex thyrsiflorus,ForestWetRich
124948,Rumex thyrsiflorus,ForestWetRich
124949,Rumex thyrsiflorus,ForestWetRich
124950,Rumex thyrsiflorus,ForestWetRich
124951,Rumex thyrsiflorus,ForestWetRich
124952,Rumex thyrsiflorus,ForestWetRich
124953,Rumex thyrsiflorus,ForestWetRich
124954,Rumex thyrsiflorus,ForestWetRich
124955,Rumex thyrsiflorus,ForestWetRich
124956,Rumex thyrsiflorus,ForestWetRich
124957,Rumex thyrsiflorus,ForestWetRich
124958,Rumex thyrsiflorus,ForestWetRich
124959,Rumex thyrsiflorus,ForestWetRich
124960,Rumex thyrsiflorus,ForestWetRich
124961,Rumex thyrsiflorus,ForestWetRich
124962,Rumex thyrsiflorus,ForestWetRich
124963,Rumex thyrsiflorus,ForestWetRich
124964,Rumex thyrsiflorus,ForestWetRich
124965,Rumex thyrsiflorus,ForestWetRich
124966,Rumex thyrsiflorus,ForestWetRich
124967,Rumex thyrsiflorus,ForestWetRich
124968,Rumex thyrsiflorus,ForestWetRich
124969,Rumex thyrsiflorus,ForestWetRich
124970,Rumex thyrsiflorus,ForestWetRich
124971,Rumex thyrsiflorus,ForestWetRich
124972,Rumex thyrsiflorus,ForestWetRich
124973,Rumex thyrsiflorus,ForestWetRich
124974,Rumex thyrsiflorus,ForestWetRich
124975,Rumex thyrsiflorus,ForestWetRich
124976,Rumex thyrsiflorus,ForestWetRich
124977,Rumex thyrsiflorus,ForestWetRich
124978,Rumex thyrsiflorus,ForestWetRich
124979,Rumex thyrsiflorus,ForestWetRich
124980,Rumex thyrsiflorus,ForestWetRich
124981,Rumex thyrsiflorus,ForestWetRich
124982,Rumex thyrsiflorus,ForestWetRich
124983,Rumex thyrsiflorus,ForestWetRich
124984,Rumex thyrsiflorus,ForestWetRich
124985,Rumex thyrsiflorus,ForestWetRich
124986,Rumex thyrsiflorus,ForestWetRich
124987,Rumex thyrsiflorus,ForestWetRich
125540,Rumex thyrsiflorus,ForestWetRich
125541,Rumex thyrsiflorus,ForestWetRich
125542,Rumex thyrsiflorus,ForestWetRich
125543,Rumex thyrsiflorus,ForestWetRich
125544,Rumex thyrsiflorus,ForestWetRich
125545,Rumex thyrsiflorus,ForestWetRich
125546,Rumex thyrsiflorus,ForestWetRich
125547,Rumex thyrsiflorus,ForestWetRich
125548,Rumex thyrsiflorus,ForestWetRich
125549,Rumex thyrsiflorus,ForestWetRich
125550,Rumex thyrsiflorus,ForestWetRich
125551,Rumex thyrsiflorus,ForestWetRich
125552,Rumex thyrsiflorus,ForestWetRich
125553,Rumex thyrsiflorus,ForestWetRich
125554,Rumex thyrsiflorus,ForestWetRich
125555,Rumex thyrsiflorus,ForestWetRich
125556,Rumex thyrsiflorus,ForestWetRich
125557,Rumex thyrsiflorus,ForestWetRich
125558,Rumex thyrsiflorus,ForestWetRich
125559,Rumex thyrsiflorus,ForestWetRich
125560,Rumex thyrsiflorus,ForestWetRich
125561,Rumex thyrsiflorus,ForestWetRich
125562,Rumex thyrsiflorus,ForestWetRich
125563,Rumex thyrsiflorus,ForestWetRich
125564,Rumex thyrsiflorus,ForestWetRich
125565,Rumex thyrsiflorus,ForestWetRich
125566,Rumex thyrsiflorus,ForestWetRich
125567,Rumex thyrsiflorus,ForestWetRich
125568,Rumex thyrsiflorus,ForestWetRich
125569,Rumex thyrsiflorus,ForestWetRich
125570,Rumex thyrsiflorus,ForestWetRich
125571,Rumex thyrsiflorus,ForestWetRich
125572,Rumex thyrsiflorus,ForestWetRich
125573,Rumex thyrsiflorus,ForestWetRich
125574,Rumex thyrsiflorus,ForestWetRich
125575,Rumex thyrsiflorus,ForestWetRich
125576,Rumex thyrsiflorus,ForestWetRich
125577,Rumex thyrsiflorus,ForestWetRich
125578,Rumex thyrsiflorus,ForestWetRich
125579,Rumex thyrsiflorus,ForestWetRich
125580,Rumex thyrsiflorus,ForestWetRich
125581,Rumex thyrsiflorus,ForestWetRich
125582,Rumex thyrsiflorus,ForestWetRich
125583,Rumex thyrsiflorus,ForestWetRich
125584,Rumex thyrsiflorus,ForestWetRich
126141,Rumex thyrsiflorus,ForestWetRich
126142,Rumex thyrsiflorus,ForestWetRich
126143,Rumex thyrsiflorus,ForestWetRich
126144,Rumex thyrsiflorus,ForestWetRich
126145,Rumex thyrsiflorus,ForestWetRich
126146,Rumex thyrsiflorus,ForestWetRich
126147,Rumex thyrsiflorus,ForestWetRich
126148,Rumex thyrsiflorus,ForestWetRich
126149,Rumex thyrsiflorus,ForestWetRich
126150,Rumex thyrsiflorus,ForestWetRich
126151,Rumex thyrsiflorus,ForestWetRich
126152,Rumex thyrsiflorus,ForestWetRich
126153,Rumex thyrsiflorus,ForestWetRich
126154,Rumex thyrsiflorus,ForestWetRich
126155,Rumex thyrsiflorus,ForestWetRich
126156,Rumex thyrsiflorus,ForestWetRich
126157,Rumex thyrsiflorus,ForestWetRich
126158,Rumex thyrsiflorus,ForestWetRich
126159,Rumex thyrsiflorus,ForestWetRich
126160,Rumex thyrsiflorus,ForestWetRich
126161,Rumex thyrsiflorus,ForestWetRich
126162,Rumex thyrsiflorus,ForestWetRich
126163,Rumex thyrsiflorus,ForestWetRich
126164,Rumex thyrsiflorus,ForestWetRich
126165,Rumex thyrsiflorus,ForestWetRich
126166,Rumex thyrsiflorus,ForestWetRich
126167,Rumex thyrsiflorus,ForestWetRich
126168,Rumex thyrsiflorus,ForestWetRich
126169,Rumex thyrsiflorus,ForestWetRich
126170,Rumex thyrsiflorus,ForestWetRich
126171,Rumex thyrsiflorus,ForestWetRich
126172,Rumex thyrsiflorus,ForestWetRich
126173,Rumex thyrsiflorus,ForestWetRich
126174,Rumex thyrsiflorus,ForestWetRich
126175,Rumex thyrsiflorus,ForestWetRich
126176,Rumex thyrsiflorus,ForestWetRich
126177,Rumex thyrsiflorus,ForestWetRich
126178,Rumex thyrsiflorus,ForestWetRich
126179,Rumex thyrsiflorus,ForestWetRich
126180,Rumex thyrsiflorus,ForestWetRich
126181,Rumex thyrsiflorus,ForestWetRich
126742,Rumex thyrsiflorus,ForestWetRich
126743,Rumex thyrsiflorus,ForestWetRich
126744,Rumex thyrsiflorus,ForestWetRich
126745,Rumex thyrsiflorus,ForestWetRich
126746,Rumex thyrsiflorus,ForestWetRich
126747,Rumex thyrsiflorus,ForestWetRich
126748,Rumex thyrsiflorus,ForestWetRich
126749,Rumex thyrsiflorus,ForestWetRich
126750,Rumex thyrsiflorus,ForestWetRich
126751,Rumex thyrsiflorus,ForestWetRich
126752,Rumex thyrsiflorus,ForestWetRich
126753,Rumex thyrsiflorus,ForestWetRich
126754,Rumex thyrsiflorus,ForestWetRich
126755,Rumex thyrsiflorus,ForestWetRich
126756,Rumex thyrsiflorus,ForestWetRich
126757,Rumex thyrsiflorus,ForestWetRich
126758,Rumex thyrsiflorus,ForestWetRich
126759,Rumex thyrsiflorus,ForestWetRich
126760,Rumex thyrsiflorus,ForestWetRich
126761,Rumex thyrsiflorus,ForestWetRich
126762,Rumex thyrsiflorus,ForestWetRich
126763,Rumex thyrsiflorus,ForestWetRich
126764,Rumex thyrsiflorus,ForestWetRich
126765,Rumex thyrsiflorus,ForestWetRich
126766,Rumex thyrsiflorus,ForestWetRich
126767,Rumex thyrsiflorus,ForestWetRich
126768,Rumex thyrsiflorus,ForestWetRich
126769,Rumex thyrsiflorus,ForestWetRich
126770,Rumex thyrsiflorus,ForestWetRich
126771,Rumex thyrsiflorus,ForestWetRich
126772,Rumex thyrsiflorus,ForestWetRich
126773,Rumex thyrsiflorus,ForestWetRich
126774,Rumex thyrsiflorus,ForestWetRich
126775,Rumex thyrsiflorus,ForestWetRich
126776,Rumex thyrsiflorus,ForestWetRich
126777,Rumex thyrsiflorus,ForestWetRich
126778,Rumex thyrsiflorus,ForestWetRich
127344,Rumex thyrsiflorus,ForestWetRich
127345,Rumex thyrsiflorus,ForestWetRich
127346,Rumex thyrsiflorus,ForestWetRich
127347,Rumex thyrsiflorus,ForestWetRich
127348,Rumex thyrsiflorus,ForestWetRich
127349,Rumex thyrsiflorus,ForestWetRich
127350,Rumex thyrsiflorus,ForestWetRich
127351,Rumex thyrsiflorus,ForestWetRich
127352,Rumex thyrsiflorus,ForestWetRich
127353,Rumex thyrsiflorus,ForestWetRich
127354,Rumex thyrsiflorus,ForestWetRich
127355,Rumex thyrsiflorus,ForestWetRich
127356,Rumex thyrsiflorus,ForestWetRich
127357,Rumex thyrsiflorus,ForestWetRich
127358,Rumex thyrsiflorus,ForestWetRich
127359,Rumex thyrsiflorus,ForestWetRich
127360,Rumex thyrsiflorus,ForestWetRich
127361,Rumex thyrsiflorus,ForestWetRich
127362,Rumex thyrsiflorus,ForestWetRich
127363,Rumex thyrsiflorus,ForestWetRich
127364,Rumex thyrsiflorus,ForestWetRich
127365,Rumex thyrsiflorus,ForestWetRich
127366,Rumex thyrsiflorus,ForestWetRich
127367,Rumex thyrsiflorus,ForestWetRich
127368,Rumex thyrsiflorus,ForestWetRich
127369,Rumex thyrsiflorus,ForestWetRich
127370,Rumex thyrsiflorus,ForestWetRich
127371,Rumex thyrsiflorus,ForestWetRich
127372,Rumex thyrsiflorus,ForestWetRich
127373,Rumex thyrsiflorus,ForestWetRich
127374,Rumex thyrsiflorus,ForestWetRich
127947,Rumex thyrsiflorus,ForestWetRich
127948,Rumex thyrsiflorus,ForestWetRich
127949,Rumex thyrsiflorus,ForestWetRich
127950,Rumex thyrsiflorus,ForestWetRich
127951,Rumex thyrsiflorus,ForestWetRich
127952,Rumex thyrsiflorus,ForestWetRich
127953,Rumex thyrsiflorus,ForestWetRich
127954,Rumex thyrsiflorus,ForestWetRich
127955,Rumex thyrsiflorus,ForestWetRich
127956,Rumex thyrsiflorus,ForestWetRich
127957,Rumex thyrsiflorus,ForestWetRich
127958,Rumex thyrsiflorus,ForestWetRich
127959,Rumex thyrsiflorus,ForestWetRich
127960,Rumex thyrsiflorus,ForestWetRich
127961,Rumex thyrsiflorus,ForestWetRich
127962,Rumex thyrsiflorus,ForestWetRich
127963,Rumex thyrsiflorus,ForestWetRich
127964,Rumex thyrsiflorus,ForestWetRich
127965,Rumex thyrsiflorus,ForestWetRich
127966,Rumex thyrsiflorus,ForestWetRich
127967,Rumex thyrsiflorus,ForestWetRich
127968,Rumex thyrsiflorus,ForestWetRich
127969,Rumex thyrsiflorus,ForestWetRich
128551,Rumex thyrsiflorus,ForestWetRich
128552,Rumex thyrsiflorus,ForestWetRich
128553,Rumex thyrsiflorus,ForestWetRich
128554,Rumex thyrsiflorus,ForestWetRich
128555,Rumex thyrsiflorus,ForestWetRich
128556,Rumex thyrsiflorus,ForestWetRich
128557,Rumex thyrsiflorus,ForestWetRich
128558,Rumex thyrsiflorus,ForestWetRich
128559,Rumex thyrsiflorus,ForestWetRich
128560,Rumex thyrsiflorus,ForestWetRich
128561,Rumex thyrsiflorus,ForestWetRich
128562,Rumex thyrsiflorus,ForestWetRich
128563,Rumex thyrsiflorus,ForestWetRich
